8.699999999999999956e-01 2.740000000000000213e+00 1.850000000000000089e+00 2.629999999999999893e+00 1.350000000000000089e+00
9.012674855473306046e-01 2.749528929723930926e+00 1.878454696588842676e+00 2.610689655602062675e+00 1.327874378207428929e+00
9.332316075164113212e-01 2.751636846173635575e+00 1.907384553102627445e+00 2.592955849574460014e+00 1.305532089975141252e+00
9.634183850557985762e-01 2.716745261666555500e+00 1.922613384540500236e+00 2.569957827006230211e+00 1.277692571866055893e+00
9.728927195488080715e-01 2.719744711174999274e+00 1.944808909562191213e+00 2.524927791716922165e+00 1.259637344588360408e+00
1.000687941391190883e+00 2.685218224847753632e+00 1.939926287556152262e+00 2.485478939591828418e+00 1.237483279504662415e+00
1.030208037138358845e+00 2.648341899532539401e+00 1.949367100792875007e+00 2.447406145097883901e+00 1.219998956610361729e+00
1.066161823148992438e+00 2.656760950387214493e+00 1.960797385113811853e+00 2.420981448659611068e+00 1.187197052377533701e+00
1.117042491596173637e+00 2.628818784698252031e+00 1.968476416104213200e+00 2.399501980796723721e+00 1.183112349024558085e+00
1.163213839163712127e+00 2.590744306810459641e+00 1.968743488649606688e+00 2.375253767850358244e+00 1.196640356659446791e+00
1.206044045824261390e+00 2.567674412368832648e+00 1.993008454931872508e+00 2.369037730092046878e+00 1.204534425460976665e+00
1.229188500774013981e+00 2.525840435408092777e+00 2.021211049634894952e+00 2.359269021781631892e+00 1.216991549920253268e+00
1.249206492448915684e+00 2.487285685525473689e+00 2.050398586945571644e+00 2.340645634813679266e+00 1.228449320906205289e+00
1.269556077236783320e+00 2.440575160730551474e+00 2.069997444803977960e+00 2.316810536110170293e+00 1.247978043478922050e+00
1.271251128128141783e+00 2.414433257439423830e+00 2.042598227279030176e+00 2.304749994261541701e+00 1.271815504677966668e+00
1.288819853265064541e+00 2.389270437851755968e+00 2.061278018723072147e+00 2.280791853258161250e+00 1.287423022425947750e+00
1.308259669437939809e+00 2.347648914254411245e+00 2.081293320632835453e+00 2.278984938336706456e+00 1.319693561635433277e+00
1.326376748690990759e+00 2.305265935682222711e+00 2.093618778151210780e+00 2.284919397330416491e+00 1.359023403669701313e+00
1.347791665658307991e+00 2.294735028171143831e+00 2.112431771334376762e+00 2.289379618841256736e+00 1.401569104564009072e+00
1.345407226616418761e+00 2.335038518281660203e+00 2.133635981793707614e+00 2.272595337459231590e+00 1.429301412108041625e+00
1.314962928220889005e+00 2.326879888887657177e+00 2.145497782757983085e+00 2.235800618906568005e+00 1.459165088693208823e+00
1.280204806437235554e+00 2.309071912656516012e+00 2.146622810785924873e+00 2.196866800025030653e+00 1.482837414399829079e+00
1.274398154592369936e+00 2.267013875991367833e+00 2.142136604892065144e+00 2.186560420126802295e+00 1.526605640424023802e+00
1.286640106258004401e+00 2.209369433077493117e+00 2.147757164919119166e+00 2.187408210550136456e+00 1.560210322407624028e+00
1.300000000000000044e+00 2.169999999999999929e+00 2.154999999999999805e+00 2.209999999999999964e+00 1.600000000000000089e+00
