8.699999999999999956e-01 2.740000000000000213e+00 1.850000000000000089e+00 2.629999999999999893e+00 1.350000000000000089e+00
9.200000000000000400e-01 2.709999999999999964e+00 1.866249999999999964e+00 2.594999999999999751e+00 1.312500000000000000e+00
9.699999999999999734e-01 2.680000000000000160e+00 1.882500000000000062e+00 2.560000000000000053e+00 1.275000000000000133e+00
1.020000000000000018e+00 2.650000000000000355e+00 1.898750000000000160e+00 2.524999999999999911e+00 1.237500000000000044e+00
1.070000000000000062e+00 2.620000000000000107e+00 1.915000000000000036e+00 2.490000000000000213e+00 1.200000000000000178e+00
1.120000000000000107e+00 2.589999999999999858e+00 1.931249999999999911e+00 2.455000000000000071e+00 1.162500000000000089e+00
1.169999999999999929e+00 2.560000000000000053e+00 1.947500000000000009e+00 2.419999999999999929e+00 1.125000000000000000e+00
1.219999999999999973e+00 2.530000000000000249e+00 1.963750000000000107e+00 2.385000000000000231e+00 1.087499999999999911e+00
1.270000000000000018e+00 2.500000000000000000e+00 1.979999999999999982e+00 2.350000000000000089e+00 1.050000000000000044e+00
1.270000000000000018e+00 2.475714285714285534e+00 1.992857142857142883e+00 2.330000000000000071e+00 1.077142857142857180e+00
1.270000000000000018e+00 2.451428571428571512e+00 2.005714285714285783e+00 2.310000000000000053e+00 1.104285714285714315e+00
1.270000000000000018e+00 2.427142857142857046e+00 2.018571428571428683e+00 2.290000000000000036e+00 1.131428571428571450e+00
1.270000000000000018e+00 2.402857142857143025e+00 2.031428571428571139e+00 2.270000000000000018e+00 1.158571428571428585e+00
1.270000000000000018e+00 2.378571428571428559e+00 2.044285714285714040e+00 2.250000000000000000e+00 1.185714285714285721e+00
1.270000000000000018e+00 2.354285714285714537e+00 2.057142857142856940e+00 2.229999999999999982e+00 1.212857142857142856e+00
1.270000000000000018e+00 2.330000000000000071e+00 2.069999999999999840e+00 2.209999999999999964e+00 1.239999999999999991e+00
1.274999999999999911e+00 2.303333333333333233e+00 2.084166666666666501e+00 2.209999999999999964e+00 1.300000000000000044e+00
1.280000000000000027e+00 2.276666666666666838e+00 2.098333333333333162e+00 2.209999999999999964e+00 1.360000000000000098e+00
1.285000000000000142e+00 2.250000000000000000e+00 2.112499999999999822e+00 2.209999999999999964e+00 1.419999999999999929e+00
1.290000000000000036e+00 2.223333333333333162e+00 2.126666666666666483e+00 2.209999999999999964e+00 1.479999999999999982e+00
1.294999999999999929e+00 2.196666666666666767e+00 2.140833333333333144e+00 2.209999999999999964e+00 1.540000000000000036e+00
1.300000000000000044e+00 2.169999999999999929e+00 2.154999999999999805e+00 2.209999999999999964e+00 1.600000000000000089e+00
