8.699999999999999956e-01 2.740000000000000213e+00 1.850000000000000089e+00 2.629999999999999893e+00 1.350000000000000089e+00
8.909052334219828007e-01 2.760674976635144606e+00 1.864517986750367395e+00 2.626437946256571454e+00 1.360396343171415001e+00
9.097082640360701911e-01 2.783576447060357673e+00 1.875840329278553265e+00 2.619965588480209995e+00 1.376586433332971593e+00
9.269998424416893146e-01 2.789881508015209288e+00 1.888668340592939865e+00 2.605927943750633524e+00 1.393174222436206700e+00
9.444208520564700837e-01 2.785509276612080587e+00 1.887312119292705592e+00 2.576782965837985717e+00 1.400144003085617372e+00
9.613828604803785760e-01 2.801965206371489714e+00 1.891415356001650672e+00 2.547824388042026822e+00 1.397287257267812777e+00
9.778640611179533204e-01 2.824916731860501962e+00 1.899998642340898769e+00 2.523892457164157221e+00 1.390241639308128274e+00
1.001758540472033054e+00 2.841265506145757236e+00 1.907725152833524396e+00 2.504341482168331190e+00 1.384866667498255932e+00
1.026481314327410743e+00 2.846685577368250009e+00 1.914303054996641773e+00 2.483590681365417385e+00 1.377056864009261972e+00
1.044830214479832708e+00 2.843207761619068297e+00 1.921264250016391006e+00 2.458938747586272289e+00 1.364636724174518312e+00
1.056429389145705944e+00 2.833170154593775525e+00 1.929309911133645361e+00 2.432684824377530752e+00 1.349881376949640277e+00
1.064170027889212111e+00 2.806285445941723911e+00 1.938791835634168681e+00 2.407533405657837022e+00 1.341176467231212754e+00
1.067013622041205423e+00 2.762620270914325271e+00 1.944341544929378829e+00 2.397271480390104514e+00 1.352675846659145975e+00
1.063637355621947833e+00 2.731646875208950220e+00 1.952830341451571528e+00 2.402214403542875409e+00 1.334910346896039268e+00
1.060944790901478640e+00 2.715242238884568504e+00 1.953966721124707817e+00 2.402824163045385486e+00 1.305660113320151083e+00
1.059991030455791350e+00 2.687530620679824622e+00 1.955387982834285499e+00 2.403538094068599307e+00 1.278919625885141853e+00
1.065239792576215594e+00 2.656339317975599190e+00 1.960507144085265496e+00 2.407016665829919244e+00 1.255070415098133996e+00
1.084395730563123106e+00 2.628186114323075362e+00 1.971610295377444810e+00 2.406619199471339066e+00 1.241431762855031984e+00
1.109758271871098989e+00 2.611899800851233078e+00 1.983941122487523412e+00 2.395227500587800318e+00 1.240801602211304200e+00
1.135286298657929072e+00 2.593755578125270134e+00 1.995340141159035907e+00 2.383176170005154582e+00 1.241385195591735213e+00
1.161678560305746677e+00 2.571450548512630885e+00 2.003429141301977801e+00 2.369967316312831862e+00 1.242040680140098496e+00
1.186339179606602068e+00 2.541701035968704225e+00 1.999870953049141420e+00 2.354692362742694556e+00 1.240497372644812746e+00
1.209784396522041838e+00 2.515061715300149547e+00 2.000131541726414497e+00 2.338042701505244736e+00 1.230930131868307242e+00
1.215385689770307476e+00 2.481778291283680549e+00 2.009922149663740054e+00 2.317873588226382786e+00 1.239064754909166677e+00
1.219266961493061130e+00 2.458132027998108704e+00 2.010228490792046241e+00 2.301646734778010739e+00 1.261650345454850886e+00
1.229008927910584470e+00 2.446480070350048663e+00 2.026402089719769872e+00 2.287505544361931875e+00 1.277545932708152643e+00
1.237510873413071533e+00 2.439271840195550212e+00 2.046593192814008866e+00 2.276234693197925374e+00 1.288316449079326853e+00
1.246108267594129515e+00 2.428575746839150451e+00 2.065570302192230923e+00 2.264297507152920108e+00 1.300132455631821227e+00
1.253091228959344328e+00 2.403291602666518312e+00 2.071658826350855076e+00 2.252829897629016642e+00 1.321446507793700986e+00
1.252215673627045112e+00 2.381002850200394594e+00 2.063403919187448921e+00 2.254176664362750326e+00 1.347126885960698850e+00
1.249258169056351564e+00 2.371540306331694214e+00 2.060215070519831215e+00 2.264244598397382457e+00 1.375732627614282277e+00
1.247921944130944150e+00 2.365653897209417877e+00 2.062219660670543409e+00 2.271638557598298913e+00 1.405299972185545698e+00
1.248080349249974574e+00 2.353290813784575608e+00 2.066801026581437384e+00 2.264568825782312000e+00 1.433203265252803060e+00
1.249761039232131887e+00 2.337825235535042179e+00 2.074889406271576586e+00 2.238870211409618172e+00 1.450156943991736114e+00
1.253062665849909330e+00 2.329428956921365312e+00 2.087816594124854763e+00 2.209901218338462758e+00 1.457000602099897568e+00
1.261249048885930035e+00 2.317476382861793471e+00 2.106155480936185764e+00 2.192334831820217822e+00 1.463962087766750075e+00
1.274168644731903610e+00 2.285173779749498202e+00 2.120409499368294259e+00 2.188193002283508104e+00 1.475648621395533544e+00
1.283654917881128288e+00 2.245356104353310123e+00 2.126084887001049140e+00 2.187076229084443213e+00 1.493855097807784915e+00
1.286972407225148496e+00 2.220972678707935355e+00 2.132284332752549805e+00 2.195582759294675057e+00 1.519350620821557918e+00
1.288425739767273814e+00 2.204296861713296529e+00 2.138913650286874191e+00 2.203688249241165131e+00 1.546665737075799907e+00
1.291597885579381044e+00 2.184317746637464808e+00 2.146277724066933068e+00 2.207794207620317639e+00 1.573520025388708055e+00
1.300000000000000044e+00 2.169999999999999929e+00 2.154999999999999805e+00 2.209999999999999964e+00 1.600000000000000089e+00
