8.699999999999999956e-01 2.740000000000000213e+00 1.850000000000000089e+00 2.629999999999999893e+00 1.350000000000000089e+00
8.914781828372262407e-01 2.751481659910530286e+00 1.843168253793493916e+00 2.621975783603265331e+00 1.329866874817032363e+00
9.127632465338992862e-01 2.763562555886144523e+00 1.837916803484885619e+00 2.613090682555473165e+00 1.309116836234502923e+00
9.342063240559107529e-01 2.772952402046932274e+00 1.841634464722535336e+00 2.602563034543756704e+00 1.288313342731319588e+00
9.498453410120731855e-01 2.784345614946693193e+00 1.858720933550678245e+00 2.595970079774358563e+00 1.275155144218362624e+00
9.549546030143125641e-01 2.806616038251874556e+00 1.878749358835070327e+00 2.593091122869925158e+00 1.264546396499941716e+00
9.586978164086209508e-01 2.812317796175198392e+00 1.895890622796787328e+00 2.576673388641733897e+00 1.248974873466876412e+00
9.698848280597337501e-01 2.796471237157874157e+00 1.904723853407440881e+00 2.553270822305498289e+00 1.236683586606347252e+00
9.853537639980743945e-01 2.781202859036612018e+00 1.911665627661856659e+00 2.530227441424287793e+00 1.225651550290623559e+00
1.002258623540378757e+00 2.769240454188629741e+00 1.918901909737213973e+00 2.507780498123042268e+00 1.214359191295471874e+00
1.019705389825732444e+00 2.760338394105789739e+00 1.929943749490281357e+00 2.488621653457661509e+00 1.202584331111971716e+00
1.037000024846090662e+00 2.750565031257821591e+00 1.943885576571189988e+00 2.471292034134639604e+00 1.194324931877767559e+00
1.050198861950149443e+00 2.738143173957988896e+00 1.959346778419612356e+00 2.451642777482986979e+00 1.192253764882288625e+00
1.058389968096104639e+00 2.720717352780755327e+00 1.973666845584008733e+00 2.429054999055504815e+00 1.193460032696510131e+00
1.065490472266576560e+00 2.696310595581135949e+00 1.984368446763751015e+00 2.405231508878760582e+00 1.196833906199707753e+00
1.073236471681341175e+00 2.663589340501123726e+00 1.988144418286864612e+00 2.382008320874308804e+00 1.199962672842911804e+00
1.079265571876014462e+00 2.626072216548315463e+00 1.981896636421979219e+00 2.364164536191897259e+00 1.193373159508147374e+00
1.086050977134270124e+00 2.601166915062143925e+00 1.967391403958301366e+00 2.357497910755328885e+00 1.175275697418077137e+00
1.109482299693777652e+00 2.601126177938841710e+00 1.955035853633307452e+00 2.356807118388939415e+00 1.163349134472710489e+00
1.137678072307378052e+00 2.593790343882257154e+00 1.962306946283675080e+00 2.349122774213357800e+00 1.169238376618606523e+00
1.159381747430859866e+00 2.576181079101145688e+00 1.975190302114794738e+00 2.339322578183896439e+00 1.176401970355441362e+00
1.179532973899827253e+00 2.556964510614408326e+00 1.989125186683286417e+00 2.329594275931007097e+00 1.183347441506475750e+00
1.198919747900892618e+00 2.538346014309663445e+00 2.003879048241575145e+00 2.320370330964703243e+00 1.190925855812995593e+00
1.216401596866905965e+00 2.521664902794673147e+00 2.020191172116906131e+00 2.312426130590420570e+00 1.200781826592183243e+00
1.229208957595181673e+00 2.507176081245680255e+00 2.036652979927641383e+00 2.306848844246912389e+00 1.218468857595963684e+00
1.230969847311237153e+00 2.492499404991387557e+00 2.038220422429259937e+00 2.310714720159258384e+00 1.247978258041299915e+00
1.219751027161844359e+00 2.461254071242197305e+00 2.024197267404263201e+00 2.309015158081513253e+00 1.253622087150512154e+00
1.224753332710090348e+00 2.429190327940736971e+00 2.034685860152405379e+00 2.297417699192568552e+00 1.271561437634288527e+00
1.233859644003961087e+00 2.409774407910543648e+00 2.048278483408393580e+00 2.288348320048457563e+00 1.292792979349994154e+00
1.243457681286733729e+00 2.396830466092324308e+00 2.061722883613553492e+00 2.281027994653762381e+00 1.316646410305388981e+00
1.251692679295129951e+00 2.385452428530808966e+00 2.074061952566450096e+00 2.275252734110860153e+00 1.342929568038838228e+00
1.256316981686886880e+00 2.368849829417837949e+00 2.084894385640553072e+00 2.270825250965176068e+00 1.370587787804746993e+00
1.253528208091265528e+00 2.347310610261474029e+00 2.093549732327556256e+00 2.256231116806375780e+00 1.394551502420261713e+00
1.245092213285645677e+00 2.328920568018006509e+00 2.100930576394817617e+00 2.234912012165611639e+00 1.412959366534861871e+00
1.238067515880843850e+00 2.315239813267218061e+00 2.109768372349011933e+00 2.215344485980757394e+00 1.434420116761963904e+00
1.246736680721164614e+00 2.292643385667184841e+00 2.121409830753661296e+00 2.212328689391348746e+00 1.457525249277967783e+00
1.249511744441309968e+00 2.255449549665699216e+00 2.119917377092600752e+00 2.195071924409005781e+00 1.469064628742192014e+00
1.260307845289450723e+00 2.240244197180834895e+00 2.135198871732355563e+00 2.187482494478378836e+00 1.488639444106039100e+00
1.272599220669683895e+00 2.211912812864980538e+00 2.144224824648977012e+00 2.190297694384338634e+00 1.510090676616717031e+00
1.282799888495552931e+00 2.195641966804592560e+00 2.149949508729343428e+00 2.196680118094831879e+00 1.538628795524714432e+00
1.291399944247776599e+00 2.182820983402296466e+00 2.152474754364671838e+00 2.203340059047415700e+00 1.569314397762357149e+00
1.300000000000000044e+00 2.169999999999999929e+00 2.154999999999999805e+00 2.209999999999999964e+00 1.600000000000000089e+00
