8.699999999999999956e-01 2.740000000000000213e+00 1.850000000000000089e+00 2.629999999999999893e+00 1.350000000000000089e+00
9.011090938004172601e-01 2.770081291324435480e+00 1.858421455498942665e+00 2.632651753720665955e+00 1.343583734299950816e+00
9.257689607681052202e-01 2.800344444154462487e+00 1.874383330503359035e+00 2.625021698037930840e+00 1.340748436581464809e+00
9.424697419845050606e-01 2.814870776353114223e+00 1.894441166689281530e+00 2.603449264374924077e+00 1.339386188719273507e+00
9.578627734728283327e-01 2.813871046911549101e+00 1.906455726876988610e+00 2.568586977069463817e+00 1.346047444833269324e+00
9.780247527900545190e-01 2.808521895585330608e+00 1.912369491982145675e+00 2.532654731192993669e+00 1.352983513872309196e+00
1.004909017943788285e+00 2.797193029662986774e+00 1.918973190575637533e+00 2.503777792136093083e+00 1.354227467706324628e+00
1.033532916313116612e+00 2.767238426237863536e+00 1.920547558514034137e+00 2.483851938133350590e+00 1.355300779136191958e+00
1.041514733983423202e+00 2.720235152576692350e+00 1.925302576976602120e+00 2.458543804329729632e+00 1.358192971484566858e+00
1.055173908675351102e+00 2.701673991706737610e+00 1.937868536687362697e+00 2.444354250928952865e+00 1.333743338530937850e+00
1.062697969819781152e+00 2.702079057816616725e+00 1.944682518735846966e+00 2.431241453751258774e+00 1.301125777392099003e+00
1.064599624672716294e+00 2.700161699889264799e+00 1.948479292701422949e+00 2.415432861747428550e+00 1.267670618001255134e+00
1.063089917639037152e+00 2.677461821279540466e+00 1.952800849095889912e+00 2.394415230113419391e+00 1.239768432161511003e+00
1.062592648792265670e+00 2.625536347646732160e+00 1.962660262076699302e+00 2.380122919243892632e+00 1.251883563543701783e+00
1.072966020526500142e+00 2.579142387644892676e+00 1.971007538293227501e+00 2.365433896481060394e+00 1.235165443385491502e+00
1.084880539184749804e+00 2.523856733860744495e+00 1.967787293449978270e+00 2.348456438511976163e+00 1.236318368339801799e+00
1.118443205355819092e+00 2.502143771695922947e+00 1.973446500869292741e+00 2.339607793378182254e+00 1.228880195960356581e+00
1.153537580643102078e+00 2.488213791660371932e+00 1.980878093246635219e+00 2.336260783904021476e+00 1.221698745328547053e+00
1.190613343040173522e+00 2.479252516531360584e+00 1.985915440347338023e+00 2.332367385124946235e+00 1.223302127518227866e+00
1.222520262385508705e+00 2.480917474124101574e+00 1.982378619180171553e+00 2.318028183919865537e+00 1.237786993593206875e+00
1.218254643533886128e+00 2.441870963204940459e+00 1.971789219656215231e+00 2.306039788889492126e+00 1.255060197488865326e+00
1.218149851610024204e+00 2.422469764868323772e+00 1.984400345375035180e+00 2.304423513890989206e+00 1.281585306601266794e+00
1.224017636909213946e+00 2.427285872112556753e+00 2.006224526877350200e+00 2.309481325950168973e+00 1.302149777538464948e+00
1.231105600151559676e+00 2.438160487724825742e+00 2.029018342031052136e+00 2.316285811898112890e+00 1.320173155680781640e+00
1.236394893210229329e+00 2.439101299063823891e+00 2.049183427803165980e+00 2.321082727147423697e+00 1.344001225638205455e+00
1.242727610069942479e+00 2.432431181614685300e+00 2.070115299054713365e+00 2.312859053991331404e+00 1.365166826206031692e+00
1.241907643115671922e+00 2.446296093774784186e+00 2.088863735206771377e+00 2.305145709097029982e+00 1.350708948838617030e+00
1.236068121056273839e+00 2.453648211011545843e+00 2.070540445125947926e+00 2.300105440024376335e+00 1.326425272989300908e+00
1.242799793857636725e+00 2.455712746148988490e+00 2.057249805135891396e+00 2.279551958087971286e+00 1.345662602261619822e+00
1.246307807807598644e+00 2.456641193275641566e+00 2.063062537928344931e+00 2.281857405961455143e+00 1.380804294014207123e+00
1.249082212243951329e+00 2.451477000111405680e+00 2.071645426867078754e+00 2.283948986408670390e+00 1.414392592030224716e+00
1.252915251791280937e+00 2.423235872390472334e+00 2.079067827520051370e+00 2.268120093334854204e+00 1.437803375017169261e+00
1.255997300747681900e+00 2.376397026583962457e+00 2.080096051100421839e+00 2.237345577156736542e+00 1.439094265721445165e+00
1.258825641488039437e+00 2.325650204809216692e+00 2.080682500072728924e+00 2.211312258378585138e+00 1.445093130212544708e+00
1.263220459874655921e+00 2.273564768745990783e+00 2.089965086346357470e+00 2.193828810705158450e+00 1.454623670845024197e+00
1.267522646638773676e+00 2.226051744660514142e+00 2.104028329980939471e+00 2.185224904002508239e+00 1.468174788177455614e+00
1.265292061409431401e+00 2.187407456739002498e+00 2.112261304259082539e+00 2.182264457189815765e+00 1.494408017909612862e+00
1.256804327736018578e+00 2.166429445376289120e+00 2.107890481424451234e+00 2.160772368024038936e+00 1.520921785335215271e+00
1.274420962768010757e+00 2.188416547614311369e+00 2.128608973085204692e+00 2.171997054351013645e+00 1.529495884037065601e+00
1.289498022339102601e+00 2.201913805274813285e+00 2.148492416523194670e+00 2.192837445549410180e+00 1.536253151774673142e+00
1.299027497707662349e+00 2.192389909903038170e+00 2.157851182134327139e+00 2.207165994153715172e+00 1.566324650413360775e+00
1.300000000000000044e+00 2.169999999999999929e+00 2.154999999999999805e+00 2.209999999999999964e+00 1.600000000000000089e+00
