8.699999999999999956e-01 2.740000000000000213e+00 1.850000000000000089e+00 2.629999999999999893e+00 1.350000000000000089e+00
8.870792433732888060e-01 2.772026213262966721e+00 1.858990158548794902e+00 2.627951601762941181e+00 1.331456114934424839e+00
9.056540458715375275e-01 2.801266141703194990e+00 1.866568417780033906e+00 2.623381667882815460e+00 1.311784922020900801e+00
9.260811886588801167e-01 2.822905154428956287e+00 1.876599208321953371e+00 2.614483581862169448e+00 1.294189910872890259e+00
9.469807615263801104e-01 2.836773824373078678e+00 1.891426337992737183e+00 2.602173202544392883e+00 1.286353116731166812e+00
9.644338894053879896e-01 2.840671285407937674e+00 1.906954809822103858e+00 2.585801531450855784e+00 1.295514407977755189e+00
9.785437057170844888e-01 2.830143495216466576e+00 1.917263063700206605e+00 2.562746655526776163e+00 1.308259756397957441e+00
9.927480650353042169e-01 2.810942607659903558e+00 1.922803076024592883e+00 2.536021331774461540e+00 1.306840563344132233e+00
1.006737549648589969e+00 2.792175062802320085e+00 1.925660094691087787e+00 2.512252968184326640e+00 1.291480321802902065e+00
1.020903753604245789e+00 2.774084614371068902e+00 1.927309532230148559e+00 2.492952812302006382e+00 1.269643423404307914e+00
1.036214276051604211e+00 2.754997492753765709e+00 1.931602370302805349e+00 2.479235806595815106e+00 1.245275990169804503e+00
1.048922526465294158e+00 2.735722912321004063e+00 1.943067168026702651e+00 2.465574425285372406e+00 1.224824981751893249e+00
1.056803475515138313e+00 2.710476957718219282e+00 1.953152107384493963e+00 2.443208071065209097e+00 1.213975589617340312e+00
1.064619908965688033e+00 2.683084691071590200e+00 1.960912451067506446e+00 2.417513378854564188e+00 1.209982422594262363e+00
1.072393982423930359e+00 2.656623677554529106e+00 1.967102361490683959e+00 2.391020370334523193e+00 1.203576694600931862e+00
1.070720808654544776e+00 2.638684902070548510e+00 1.975506968231427019e+00 2.370432757940700075e+00 1.183235665874998066e+00
1.071466810281510584e+00 2.612624767518470392e+00 1.985965865988654988e+00 2.346350608909348878e+00 1.178670786162614670e+00
1.084575279839615325e+00 2.610892064093367271e+00 2.005531079411300599e+00 2.336736318739361717e+00 1.185260598869276150e+00
1.099778299126773495e+00 2.614504001480809858e+00 2.026293507654378878e+00 2.338872231241035049e+00 1.193395173574684609e+00
1.113438114754783381e+00 2.619290326148989045e+00 2.046997614863802717e+00 2.346104399797245499e+00 1.201961900388541782e+00
1.124758343212234113e+00 2.625040262728971285e+00 2.068972201726738458e+00 2.352992293752745212e+00 1.206503065337081182e+00
1.142855502085505570e+00 2.620454550485832979e+00 2.089101548946333597e+00 2.354826002755200154e+00 1.207184351260875088e+00
1.169964334118524185e+00 2.599694505902626407e+00 2.098208850044158247e+00 2.350064872034628216e+00 1.208085326935350423e+00
1.198029979413936630e+00 2.572509961215946106e+00 2.096725901229592459e+00 2.342355674639079233e+00 1.211369213602880190e+00
1.224115704618263800e+00 2.543049107069029979e+00 2.091409461816092996e+00 2.333315439716562967e+00 1.215657095916257813e+00
1.246117090613906520e+00 2.510937738923416873e+00 2.082981917427131791e+00 2.321740405607031654e+00 1.218299876300498630e+00
1.254420410146545040e+00 2.496190441391670678e+00 2.071171408239181666e+00 2.307968441953309302e+00 1.211032474751805976e+00
1.267591948686111802e+00 2.481729621384390683e+00 2.090131881577353301e+00 2.301907972683455039e+00 1.219257675738343760e+00
1.270227889043627378e+00 2.464326627660937241e+00 2.099588856748650478e+00 2.303361399184078895e+00 1.248844573747564857e+00
1.265758565897171728e+00 2.447136326379490523e+00 2.102648319402470989e+00 2.302391929473126542e+00 1.281016091109976829e+00
1.266587347142249964e+00 2.425997920215406278e+00 2.112431934332937633e+00 2.293821416927130041e+00 1.308827931312136261e+00
1.267142973490025692e+00 2.401232197984631611e+00 2.120190816851042825e+00 2.280842584600906608e+00 1.334359370931597510e+00
1.264080415958874992e+00 2.371176761038555014e+00 2.119308880822979191e+00 2.265742195977976881e+00 1.358891702704941862e+00
1.261437208148330935e+00 2.339557433921597429e+00 2.113822168681282587e+00 2.254515227931882748e+00 1.383668699979546446e+00
1.262853744189589955e+00 2.311098401796951585e+00 2.112927675170296560e+00 2.247329330537456649e+00 1.412820906641365948e+00
1.265394049056520309e+00 2.285823363150810028e+00 2.114572709344649581e+00 2.240445323491667917e+00 1.443029374750920191e+00
1.266094429479052152e+00 2.256787123650127569e+00 2.111391588356557047e+00 2.232360560374079039e+00 1.471382705606398833e+00
1.267292256972758713e+00 2.223889380207820121e+00 2.105796507245655480e+00 2.223758624114645421e+00 1.496655994414948454e+00
1.274638436956363030e+00 2.194412482459412228e+00 2.110239205615579205e+00 2.215665529758689356e+00 1.523019787987581530e+00
1.283534886217740700e+00 2.181886994045581840e+00 2.124775001554433107e+00 2.212773974285721756e+00 1.548302391243685516e+00
1.290355955732819693e+00 2.177007582982560141e+00 2.140005233654025840e+00 2.212785779708696055e+00 1.574658851863827591e+00
1.300000000000000044e+00 2.169999999999999929e+00 2.154999999999999805e+00 2.209999999999999964e+00 1.600000000000000089e+00
