8.699999999999999956e-01 2.740000000000000213e+00 1.850000000000000089e+00 2.629999999999999893e+00 1.350000000000000089e+00
8.847666273699968942e-01 2.764628492479340949e+00 1.852559181101440799e+00 2.623023298670565495e+00 1.323257885345145102e+00
9.034036205106844575e-01 2.782926075590551829e+00 1.861152831026705590e+00 2.611313893515232465e+00 1.302939600438807410e+00
9.247911105620769678e-01 2.803850458645422261e+00 1.870122093598259427e+00 2.600827567566287080e+00 1.286897879509349973e+00
9.437533775590893903e-01 2.831860219757705188e+00 1.883654549615574769e+00 2.596033175614812283e+00 1.278183610832888117e+00
9.617505320342296660e-01 2.845088767743576330e+00 1.899706828896368993e+00 2.584144400868637170e+00 1.270590999343029104e+00
9.768258317327334073e-01 2.832354390331774496e+00 1.912334156261735751e+00 2.563908535379128661e+00 1.260757614332785881e+00
9.905115371789889878e-01 2.812486340986517508e+00 1.923494923584866623e+00 2.542567584458494512e+00 1.250034993052305810e+00
1.005721387257565658e+00 2.795316887975930698e+00 1.934041106452957459e+00 2.521394653776130035e+00 1.238087661617458535e+00
1.024119905243524142e+00 2.783514280776487215e+00 1.943582020081293660e+00 2.501585307348050513e+00 1.224514251731537939e+00
1.044543892853762035e+00 2.774189118999922599e+00 1.953147485418162743e+00 2.484242238362726063e+00 1.209917566892959595e+00
1.059652266634719675e+00 2.756838363056375307e+00 1.962946990742444831e+00 2.464751665700886551e+00 1.194416591929641669e+00
1.067440666966217311e+00 2.734831686659422889e+00 1.967189588299209646e+00 2.439995804004505331e+00 1.177710234677165513e+00
1.071706656039413508e+00 2.713185282584251290e+00 1.966447950393901412e+00 2.411657961274369377e+00 1.163965688871212434e+00
1.075606749398709372e+00 2.685945281545228269e+00 1.964429341187153844e+00 2.382541574593478817e+00 1.160649057084101932e+00
1.080104954891739855e+00 2.647867063660295006e+00 1.965728678660027873e+00 2.359492685871904527e+00 1.167960340421562604e+00
1.083892906974564418e+00 2.606505536579178273e+00 1.976447183075148883e+00 2.347232915305661916e+00 1.176988189686554609e+00
1.085261635508843137e+00 2.572480759117498739e+00 1.991985728383141474e+00 2.349612793339692196e+00 1.190893494919121887e+00
1.095213864719894570e+00 2.562594177043352683e+00 2.009678194367789938e+00 2.363042445093992860e+00 1.201932372863722565e+00
1.105420117626953580e+00 2.578945221132905807e+00 2.029885195592246117e+00 2.368789294476148832e+00 1.202808622926228033e+00
1.108645427629283198e+00 2.607442499980041628e+00 2.049034270396652424e+00 2.365052094117419124e+00 1.196626910110946129e+00
1.122208466062975418e+00 2.602452931897623056e+00 2.062374775034089947e+00 2.346289829081264600e+00 1.188303680806360507e+00
1.150488541009070387e+00 2.579182536855407548e+00 2.065894274985180967e+00 2.341210344692463252e+00 1.195554587677372993e+00
1.177187350571175406e+00 2.566282748907315447e+00 2.077756303592440901e+00 2.336047178414587755e+00 1.199332341314698347e+00
1.203111033442334499e+00 2.555438139306293266e+00 2.090872572725769096e+00 2.330962593013537809e+00 1.202431980062563355e+00
1.228904953259559729e+00 2.545306751105626653e+00 2.104206222294585427e+00 2.325850677244005293e+00 1.205558675675422631e+00
1.256384209334864943e+00 2.530753792716994077e+00 2.112362149349888529e+00 2.319627783178816127e+00 1.214311514937586933e+00
1.272770189060749235e+00 2.506756261573098499e+00 2.107207623926097284e+00 2.311473535469100504e+00 1.238156057901356855e+00
1.276513336314001101e+00 2.479139322640260712e+00 2.112769264162320582e+00 2.302038212095631309e+00 1.266283930281300041e+00
1.276030816629199593e+00 2.451795785772926894e+00 2.117540929417748519e+00 2.294899182356082701e+00 1.295458899138593356e+00
1.271678945544941097e+00 2.423135867950855449e+00 2.109275263192624816e+00 2.287327480571564209e+00 1.322061920610072772e+00
1.263611089624616435e+00 2.395805010613369923e+00 2.103741219359331005e+00 2.277657867307507189e+00 1.346675637880972998e+00
1.256491104683852278e+00 2.375175923568520364e+00 2.113732383883624166e+00 2.265920562189457144e+00 1.372437962050752525e+00
1.248870172299963999e+00 2.354625518072344104e+00 2.119863050496209045e+00 2.250434483682367315e+00 1.398673238745454350e+00
1.242415801083223137e+00 2.330898784966671133e+00 2.120551246812089730e+00 2.233416103406419939e+00 1.424852774663968313e+00
1.241522264354669502e+00 2.304198025309299958e+00 2.117118011019679891e+00 2.218166379861414850e+00 1.451377436910541441e+00
1.248313984151037115e+00 2.277163713082612340e+00 2.110782992968924354e+00 2.208588160375660969e+00 1.478555820628352446e+00
1.258687223081277562e+00 2.250123587290446814e+00 2.105888735074007645e+00 2.203836766251048296e+00 1.506283046197126163e+00
1.269312764873754551e+00 2.221304353751340166e+00 2.110390229524174543e+00 2.200010954372692673e+00 1.533388455956936847e+00
1.280060352461636075e+00 2.198995150000973897e+00 2.124695738709489135e+00 2.198779122912395856e+00 1.554885919661534555e+00
1.289903528336758587e+00 2.183693780972627341e+00 2.139716618913741986e+00 2.203864821196002133e+00 1.577649166883443588e+00
1.300000000000000044e+00 2.169999999999999929e+00 2.154999999999999805e+00 2.209999999999999964e+00 1.600000000000000089e+00
