8.699999999999999956e-01 2.740000000000000213e+00 1.850000000000000089e+00 2.629999999999999893e+00 1.350000000000000089e+00
9.159233396186737819e-01 2.763641264262742148e+00 1.881575265046666834e+00 2.610551242369821612e+00 1.365068791379126623e+00
9.621863383331011876e-01 2.797059974748030697e+00 1.899899354247644112e+00 2.586920597176335601e+00 1.337008160646559585e+00
9.659989220000335663e-01 2.777992573610630345e+00 1.910103360323152977e+00 2.577527670871372578e+00 1.316920250303249551e+00
9.697042541022991013e-01 2.770591715625996265e+00 1.920263181464045621e+00 2.570512219850682012e+00 1.295046064709533873e+00
9.746239490218635559e-01 2.809678126846154367e+00 1.923946637492909284e+00 2.563419737200297366e+00 1.252512503364629604e+00
9.976915859931300146e-01 2.793309630065766491e+00 1.939907317994609137e+00 2.542509880674433287e+00 1.248924457948870748e+00
1.000567956171550810e+00 2.773836185109303631e+00 1.950650120864538151e+00 2.529397338222735492e+00 1.246190321391430267e+00
1.006437251568855107e+00 2.737827140633879885e+00 1.967124030615691410e+00 2.502262297297365379e+00 1.235749911333184903e+00
1.022236841945662666e+00 2.690647827459746289e+00 1.986615504617329053e+00 2.465376081385090679e+00 1.215931230852103972e+00
1.039302311808182555e+00 2.663645744651554015e+00 1.997568660888267011e+00 2.448732763511640709e+00 1.207169306626442618e+00
1.093128273497386171e+00 2.613987339895563977e+00 2.021684149231515182e+00 2.391730738606315132e+00 1.192326106967121824e+00
1.103543936373582168e+00 2.610666053392488362e+00 2.025455308061029580e+00 2.384007931236899136e+00 1.193661836746156668e+00
1.137889221985813659e+00 2.595856607302132080e+00 2.037717528987956328e+00 2.362453874601143866e+00 1.199295043722127918e+00
1.177989101628190705e+00 2.574304023826737620e+00 2.051602741769124716e+00 2.341749530801369161e+00 1.207856761198804030e+00
1.213206466256052440e+00 2.548842075543954699e+00 2.065409613018975854e+00 2.323378577333635508e+00 1.218553181974329824e+00
1.259671087671632828e+00 2.470239788813816340e+00 2.092060203553817388e+00 2.283450965426936374e+00 1.242674681996998931e+00
1.264660466036181763e+00 2.436986312068301963e+00 2.089551845175285472e+00 2.268248253171539108e+00 1.254524713485108522e+00
1.277351677800758534e+00 2.421182068967461465e+00 2.086321668245661787e+00 2.258945294166878615e+00 1.271845878793660845e+00
1.291034205763480713e+00 2.409763516450947662e+00 2.090964030442346466e+00 2.261457983287973761e+00 1.291336582592123028e+00
1.311185828737216674e+00 2.390749215241339876e+00 2.100241630112217539e+00 2.268279465731867006e+00 1.319954526903404535e+00
1.324454161497480742e+00 2.375409208177901466e+00 2.107947851139055029e+00 2.273038437542412193e+00 1.339764972733602288e+00
1.360331344733395120e+00 2.330053747707355516e+00 2.136165201427079996e+00 2.284676754648513608e+00 1.404494807844308246e+00
1.353485165062846995e+00 2.327000863065844527e+00 2.150256227496235795e+00 2.277258767525351946e+00 1.429529142550149734e+00
1.336493118008323489e+00 2.332391088239377019e+00 2.156649633293138635e+00 2.263364231370152968e+00 1.446517885386382263e+00
1.286523521521357516e+00 2.341446125847976401e+00 2.159947400437612686e+00 2.218149101854554051e+00 1.482793557526668415e+00
1.290495539365210886e+00 2.335696539187692267e+00 2.140387403375946462e+00 2.208939309841192689e+00 1.479880672125230223e+00
1.298048752525775118e+00 2.330446787219694116e+00 2.157310558096531938e+00 2.212800325211743413e+00 1.512819946134625226e+00
1.299590703524975632e+00 2.287270210948013638e+00 2.160303792056417649e+00 2.212022681799138191e+00 1.544641480082121987e+00
1.299663074048751366e+00 2.266534858685108844e+00 2.159365992117882715e+00 2.211665037523734778e+00 1.554429800593961630e+00
1.300000000000000044e+00 2.169999999999999929e+00 2.154999999999999805e+00 2.209999999999999964e+00 1.600000000000000089e+00
