8.699999999999999956e-01 2.740000000000000213e+00 1.850000000000000089e+00 2.629999999999999893e+00 1.350000000000000089e+00
8.944685487582013650e-01 2.759710190034274202e+00 1.868134206476382397e+00 2.613937964231119349e+00 1.322893356153666433e+00
9.189370975164028454e-01 2.779420380068548191e+00 1.886268412952764928e+00 2.597875928462238804e+00 1.295786712307333000e+00
9.465926305764741366e-01 2.808095193197535533e+00 1.911154413158380194e+00 2.581118924634376199e+00 1.284776903591144492e+00
9.570949120941077970e-01 2.829447180636353920e+00 1.922524218639335203e+00 2.578781709054197346e+00 1.317349980368986984e+00
9.685944544148830104e-01 2.829446415249742941e+00 1.905866961770918300e+00 2.579613801967806097e+00 1.281544779352046470e+00
9.813821880393518438e-01 2.786189258169776917e+00 1.916475364023246364e+00 2.560092052505651417e+00 1.258037899371310386e+00
9.957294534782303863e-01 2.730291162796389060e+00 1.929083115622737932e+00 2.535229830893371172e+00 1.254705625808631542e+00
1.013098219151501889e+00 2.686152815014354989e+00 1.943929523268283166e+00 2.507068207347097566e+00 1.243392520256268119e+00
1.030590454017759283e+00 2.652956492181009818e+00 1.963966248783051372e+00 2.477893597048375085e+00 1.230419653610106412e+00
1.049074393336379751e+00 2.623171237072012829e+00 1.983997924297509874e+00 2.447438706956956977e+00 1.218325391261057877e+00
1.075680647375185428e+00 2.593694758507212761e+00 1.997772747403037341e+00 2.417565169791374924e+00 1.209357883969208736e+00
1.114028445053812932e+00 2.563381665026098766e+00 2.000182519776137369e+00 2.393058641855241753e+00 1.207784465702816501e+00
1.153416258194028599e+00 2.542390711286262928e+00 2.011073788225868242e+00 2.369670350020812055e+00 1.211512259650905365e+00
1.189553300111452439e+00 2.529248478724882343e+00 2.031096875308249672e+00 2.347599207769025753e+00 1.217054750715026001e+00
1.224758865382690409e+00 2.516066792432809507e+00 2.053474983153798838e+00 2.329323899283704424e+00 1.226120701568576221e+00
1.258657670898776004e+00 2.497519687612707706e+00 2.075250520363383089e+00 2.316928186705698334e+00 1.241989675404916449e+00
1.288423087102809284e+00 2.472115150505011183e+00 2.092347993160998953e+00 2.311750570183594977e+00 1.267338079134196382e+00
1.311239771440300794e+00 2.444862656374803933e+00 2.101428506448676625e+00 2.312052116020594017e+00 1.301139101958843636e+00
1.325990787128077164e+00 2.422389977581937526e+00 2.107505609503061539e+00 2.313043141137366643e+00 1.339568165144370271e+00
1.330969193687647989e+00 2.408800727513829898e+00 2.124831278618489083e+00 2.308266057221072476e+00 1.377024317522904218e+00
1.326122876067653555e+00 2.406688097558209449e+00 2.151804658736282683e+00 2.294462372380931203e+00 1.406628326466364598e+00
1.314286114757038382e+00 2.411170343882817590e+00 2.174644297300510232e+00 2.271902851548271762e+00 1.434388660623111766e+00
1.300707584850952614e+00 2.409191605190893704e+00 2.193912333509096424e+00 2.241486280338168768e+00 1.458494204142555928e+00
1.286273941223641470e+00 2.391014435746025235e+00 2.200669876975007710e+00 2.206654385295607756e+00 1.481793569951323164e+00
1.270207926737021653e+00 2.347462952119938606e+00 2.178095188689940898e+00 2.189708558534118943e+00 1.497709159797177669e+00
1.260258465007442874e+00 2.315873560525109287e+00 2.145558988782587218e+00 2.191332412881250136e+00 1.512790739351563607e+00
1.270297776791495137e+00 2.267804351525656514e+00 2.137457205589276210e+00 2.199579337665519052e+00 1.542784702052487633e+00
1.285093893150267785e+00 2.218840387917484946e+00 2.145969103424909985e+00 2.204846818512325335e+00 1.571458810592711197e+00
1.300000000000000044e+00 2.169999999999999929e+00 2.154999999999999805e+00 2.209999999999999964e+00 1.600000000000000089e+00
