8.699999999999999956e-01 2.740000000000000213e+00 1.850000000000000089e+00 2.629999999999999893e+00 1.350000000000000089e+00
8.903677650823551559e-01 2.746823670202764855e+00 1.868643791422839762e+00 2.612494502358852611e+00 1.348691622521875466e+00
9.096727721725668125e-01 2.752126296707318787e+00 1.887778526523703260e+00 2.594482929845219221e+00 1.349125098389027055e+00
9.295046966235610553e-01 2.747056915793600229e+00 1.905527309460175900e+00 2.576037848969452426e+00 1.341725710034480823e+00
9.518908213638015425e-01 2.747462438098017934e+00 1.916600076768927519e+00 2.556894684845178123e+00 1.324985890654953202e+00
9.552455827399954913e-01 2.771752269832060467e+00 1.914924345154798591e+00 2.547580146561114312e+00 1.296566153687001899e+00
9.563634794427129382e-01 2.766828195579688288e+00 1.910334964895178400e+00 2.516486138276548878e+00 1.281626383300220162e+00
9.711292504164450445e-01 2.751638427753609228e+00 1.927940940889026455e+00 2.493775870762804381e+00 1.280594915794176059e+00
9.885161256475409886e-01 2.738222537684568803e+00 1.945483304162006100e+00 2.475334422129718881e+00 1.271118609015424061e+00
1.006834736874785641e+00 2.725594616690615979e+00 1.961761313548097352e+00 2.459369763798546327e+00 1.256614005294773406e+00
1.025490023916348026e+00 2.713564804728069824e+00 1.977470193909240281e+00 2.444625515009246186e+00 1.240313051681666057e+00
1.045059320835005412e+00 2.703709525356804200e+00 1.993322602590560599e+00 2.431827009349785573e+00 1.223387973799615835e+00
1.070726008808309704e+00 2.696649616942790040e+00 2.004616386807038797e+00 2.423102554327659863e+00 1.204837225037863835e+00
1.083546129107918254e+00 2.678168233847310287e+00 1.986987266776101047e+00 2.411875843590540747e+00 1.209302302442372357e+00
1.094489436136679483e+00 2.658691625437233252e+00 2.003854847636903358e+00 2.389043342121818903e+00 1.213290514440608092e+00
1.108378622693819038e+00 2.625427001823240847e+00 2.004418681078746545e+00 2.361152666686096691e+00 1.215950706165198625e+00
1.134218094589332981e+00 2.599792659167958320e+00 2.005613311770114926e+00 2.339409787979783939e+00 1.214260326763376474e+00
1.165593136085382397e+00 2.586736840734919607e+00 2.011431533545265715e+00 2.322267989033680369e+00 1.212313677236137144e+00
1.195773949115333856e+00 2.574667100472471493e+00 2.023206554884648067e+00 2.309903167184653938e+00 1.210966917774155549e+00
1.220761334028668710e+00 2.555764981524237367e+00 2.039572090520800796e+00 2.301133934476175202e+00 1.209601533936243811e+00
1.239698742508276830e+00 2.527686621480216278e+00 2.057142780561646234e+00 2.293041526955344800e+00 1.210625882540164788e+00
1.251760913519610163e+00 2.489511875037093702e+00 2.070537542912816331e+00 2.284246968117876087e+00 1.222372994364212984e+00
1.252671675434343879e+00 2.451092401902469131e+00 2.070234813408587282e+00 2.285223220941927647e+00 1.242104675671132252e+00
1.256551297790282407e+00 2.427879308187937291e+00 2.085704421765252725e+00 2.295862404883214136e+00 1.262138998451438843e+00
1.265064141966927735e+00 2.399287598375754449e+00 2.092681113784440328e+00 2.293808098176250088e+00 1.289228680617306111e+00
1.272447846749496847e+00 2.373117376995886207e+00 2.095916953174120856e+00 2.287900295392950145e+00 1.318509015209947677e+00
1.277052974538597230e+00 2.350632692295011594e+00 2.100925592423977584e+00 2.278582839944742755e+00 1.348303231470692864e+00
1.277338993087814067e+00 2.334144031332222369e+00 2.108176677679721056e+00 2.263836720213948883e+00 1.377539083425260102e+00
1.272218407363065795e+00 2.324620703764284979e+00 2.112977118631977902e+00 2.244384387589638319e+00 1.406062050823097653e+00
1.261947102830724088e+00 2.321166330152890200e+00 2.108710572320805277e+00 2.225550676037136633e+00 1.434926053251099898e+00
1.252684200113690860e+00 2.316668204787237784e+00 2.103077107052289563e+00 2.205980503535223125e+00 1.463067557757508963e+00
1.248361503375621684e+00 2.298273320804754771e+00 2.099963414175668230e+00 2.185884733687177839e+00 1.489631536089187636e+00
1.255270046716951526e+00 2.276933001631525233e+00 2.111650081786183186e+00 2.181319560352946052e+00 1.516138161768391779e+00
1.266267690538393165e+00 2.269847317583087776e+00 2.130335263933415657e+00 2.192464823081767822e+00 1.535650467618985715e+00
1.277630137662556731e+00 2.245924635841269446e+00 2.142790836379357078e+00 2.205409249933794946e+00 1.557490517505272232e+00
1.288673330215179380e+00 2.210096441039536952e+00 2.149283216290207132e+00 2.211608895786179474e+00 1.579820606678528527e+00
1.300000000000000044e+00 2.169999999999999929e+00 2.154999999999999805e+00 2.209999999999999964e+00 1.600000000000000089e+00
