8.699999999999999956e-01 2.740000000000000213e+00 1.850000000000000089e+00 2.629999999999999893e+00 1.350000000000000089e+00
8.974458075822197012e-01 2.769965404017763255e+00 1.865552296726648684e+00 2.614286367622180585e+00 1.353189666524188262e+00
9.227009111902065852e-01 2.804723841176651078e+00 1.884413485004582611e+00 2.607668563400711736e+00 1.349070103676462740e+00
9.420310941716670827e-01 2.851712883392948594e+00 1.896343806640342855e+00 2.611247357379811618e+00 1.332974993106474493e+00
9.608945885336037662e-01 2.884397208537726520e+00 1.890414397175740113e+00 2.589116434838961922e+00 1.315463093507378778e+00
9.846989899214740882e-01 2.892198446484396612e+00 1.897849208717690805e+00 2.558504423228181945e+00 1.325246837193518434e+00
1.011310168491185379e+00 2.908480087709573780e+00 1.907843718369716335e+00 2.532008453810819404e+00 1.333672006281443778e+00
1.032051529299526038e+00 2.883021606969600192e+00 1.915359166476413355e+00 2.503765254637211335e+00 1.345426608003055025e+00
1.036225602130700141e+00 2.819834400807133878e+00 1.917234689342812937e+00 2.489650754802202215e+00 1.355812061202478880e+00
1.045070448135648089e+00 2.758912132888408753e+00 1.926052886484205695e+00 2.488726671945717950e+00 1.370801733807055500e+00
1.056427947304860115e+00 2.710480905040045574e+00 1.944015011306979623e+00 2.473393482481596628e+00 1.368577397227279668e+00
1.058850585987308968e+00 2.690675006368879796e+00 1.951008279629003361e+00 2.457038230385370614e+00 1.337211892407683678e+00
1.060292784275466804e+00 2.669482714562171122e+00 1.953679638977086741e+00 2.438029258976098568e+00 1.306191656487068142e+00
1.062266358847247627e+00 2.658793542685315092e+00 1.959344102248117059e+00 2.419906381873197176e+00 1.274043279978268828e+00
1.065257164947633228e+00 2.648624541124441123e+00 1.972749656233155680e+00 2.399058004065059091e+00 1.246344292746338178e+00
1.067136528545921559e+00 2.593948489473890895e+00 1.968105404389095758e+00 2.374833326739279382e+00 1.248095627487713966e+00
1.082217938072709273e+00 2.541360184526083810e+00 1.958616579827819670e+00 2.353401394368997757e+00 1.250865844075130573e+00
1.115911805127812073e+00 2.536816882146047725e+00 1.968982833225176865e+00 2.347412401932291726e+00 1.241335836476150201e+00
1.154102591262975874e+00 2.525367881144721771e+00 1.974591477499023862e+00 2.341904582743284724e+00 1.237396143947680160e+00
1.190287436132946297e+00 2.511338711130599588e+00 1.980286296672025159e+00 2.328464585944606036e+00 1.232225391927782798e+00
1.212942771727161917e+00 2.487938465928209109e+00 1.996733133715201003e+00 2.312326576695741931e+00 1.243037212933844726e+00
1.220163603602633984e+00 2.468732431925535487e+00 2.012880579902373235e+00 2.312536871426025264e+00 1.270448893744791308e+00
1.223840380065769562e+00 2.460156086653989771e+00 2.028696314575387127e+00 2.317056432788314968e+00 1.301508711857209288e+00
1.226022353830062750e+00 2.458507094922258052e+00 2.034150761276618535e+00 2.310165381959951691e+00 1.335991208045104850e+00
1.233205329242526682e+00 2.444415353433307736e+00 2.049034568429262126e+00 2.313732824912262842e+00 1.365185013468049435e+00
1.239652290154941161e+00 2.434799631639815054e+00 2.077862323197459560e+00 2.330046476595991400e+00 1.363862135296548317e+00
1.242534712015220810e+00 2.438408266222329868e+00 2.108582264082857982e+00 2.331088528741938948e+00 1.374173504633492859e+00
1.241540444124357823e+00 2.450016802129685978e+00 2.116329743890643655e+00 2.313882056898301176e+00 1.405392939573992361e+00
1.240493859766824247e+00 2.435787652425280836e+00 2.087478406360554484e+00 2.303765694625914406e+00 1.416521045452747485e+00
1.241351973646408924e+00 2.401881372729096853e+00 2.059905402436857713e+00 2.296453122524102941e+00 1.409994786442922976e+00
1.243780907100575206e+00 2.355911612319745885e+00 2.051011631265240887e+00 2.264668931992862344e+00 1.409933810552745692e+00
1.245274939229274125e+00 2.318848628102499809e+00 2.058478881008066974e+00 2.228795362690899839e+00 1.415724621316418075e+00
1.247997124171321470e+00 2.270466133808596521e+00 2.066543930050359190e+00 2.197986938423519110e+00 1.419039273026029946e+00
1.260323950549994132e+00 2.228061820706820129e+00 2.088369020229904116e+00 2.187583300407844433e+00 1.415216441987335427e+00
1.271743831410116155e+00 2.244037827694136844e+00 2.116880198100631105e+00 2.193537864206292376e+00 1.418147326019056464e+00
1.264797012444579094e+00 2.238009489221047144e+00 2.122091456596845394e+00 2.189561400338526198e+00 1.452191530020908949e+00
1.255660839299858278e+00 2.209071508486001978e+00 2.114712246286196251e+00 2.178575942723643966e+00 1.481555150354321393e+00
1.263760992830522900e+00 2.179841061068876318e+00 2.136907526460798845e+00 2.171086656995842912e+00 1.501121058791528462e+00
1.275269954376134773e+00 2.175184978158153815e+00 2.166136875447065346e+00 2.175094174226986254e+00 1.507614915386644272e+00
1.275153872806839228e+00 2.176960719830436375e+00 2.174907993017768160e+00 2.183722306705600413e+00 1.541265696838072907e+00
1.278778368013586242e+00 2.169472677381109271e+00 2.161485590557824299e+00 2.199224167006293751e+00 1.571258941457148284e+00
1.300000000000000044e+00 2.169999999999999929e+00 2.154999999999999805e+00 2.209999999999999964e+00 1.600000000000000089e+00
