8.699999999999999956e-01 2.740000000000000213e+00 1.850000000000000089e+00 2.629999999999999893e+00 1.350000000000000089e+00
8.931466614355380029e-01 2.742988769455358522e+00 1.853125562209093635e+00 2.626047213431617067e+00 1.322366775791464333e+00
9.163326821895934060e-01 2.751975634476828692e+00 1.860730432076607821e+00 2.619482459670820607e+00 1.297839985301861399e+00
9.333508798286141994e-01 2.777741853709195574e+00 1.867596529611798895e+00 2.604081178841242128e+00 1.276719517319580000e+00
9.441080981033771469e-01 2.808558488906750306e+00 1.881156043675539014e+00 2.588362443923717393e+00 1.262014990385558866e+00
9.547820982003183410e-01 2.827416652438274447e+00 1.901897802261099502e+00 2.578011485711652728e+00 1.253506274798136477e+00
9.710825564341061256e-01 2.827043923495799582e+00 1.921892179252937316e+00 2.564310920629889967e+00 1.247041687467351334e+00
9.792597805328883132e-01 2.824670670962322383e+00 1.944060140289969985e+00 2.553554860020314177e+00 1.235486365812337173e+00
9.976443429245487327e-01 2.817236265862279154e+00 1.955601905806341412e+00 2.533822287930282080e+00 1.218931503034235364e+00
1.021290537394631270e+00 2.807052374092437574e+00 1.957663046018653263e+00 2.511231179447530160e+00 1.203996446094624861e+00
1.044574665129035740e+00 2.794295530885863688e+00 1.961381269191880605e+00 2.486635767630411387e+00 1.193862994908957198e+00
1.060002921289745714e+00 2.762233278369544909e+00 1.966402285013320483e+00 2.461366523651403071e+00 1.193029576137300207e+00
1.060713135432480581e+00 2.719058544373929021e+00 1.967822397401783219e+00 2.436725598675670845e+00 1.190588077799932032e+00
1.063893313715363664e+00 2.678151091332058087e+00 1.968040501834184663e+00 2.410983042280571365e+00 1.185783402352385663e+00
1.075832455499313278e+00 2.638076344071650148e+00 1.967667669028557054e+00 2.387885450282919653e+00 1.179826671212607092e+00
1.093620681418446594e+00 2.610596117112098824e+00 1.971035550483829946e+00 2.365737435211590967e+00 1.191413531388244351e+00
1.097993438644569997e+00 2.608558284737871436e+00 1.991556696860693920e+00 2.352430621173679626e+00 1.205914520470651619e+00
1.098514082112912682e+00 2.607970595941376146e+00 2.015434283602266952e+00 2.347071879817410167e+00 1.195474946218858525e+00
1.096189595918761306e+00 2.593852588546107452e+00 2.031944756231160554e+00 2.350109795921989431e+00 1.175130437882308199e+00
1.097999194387502708e+00 2.567304096071966413e+00 2.010162422776183622e+00 2.355964773243724775e+00 1.172394336640425028e+00
1.104590796615804393e+00 2.550428453141020402e+00 1.986999448269964219e+00 2.358246714482807871e+00 1.178716973340396157e+00
1.124285624831405705e+00 2.535179863959200919e+00 1.975008472161773554e+00 2.356870519287396437e+00 1.188537998897387427e+00
1.152056485397832120e+00 2.532349252472495316e+00 1.988472291185781948e+00 2.350580299882773172e+00 1.197571604869374973e+00
1.174566162876904851e+00 2.534924818202462848e+00 2.007400261475689618e+00 2.344295549597943396e+00 1.203549966752748723e+00
1.196852878581940116e+00 2.537191381062091189e+00 2.026511661653022767e+00 2.337738707647404546e+00 1.208855565203300175e+00
1.218941978462974252e+00 2.537363700237424080e+00 2.045777982853850929e+00 2.330312009896880809e+00 1.212270406297536907e+00
1.240793884830857063e+00 2.530812953975011048e+00 2.064690812184546420e+00 2.321480025985785733e+00 1.213404951867063541e+00
1.261237227589083520e+00 2.510462318562150408e+00 2.078999312011277301e+00 2.311649503907726722e+00 1.220707967514109482e+00
1.273722251274014727e+00 2.483161847764002950e+00 2.080651941746930689e+00 2.302457295889329458e+00 1.247926983916011645e+00
1.275505886754817686e+00 2.465717903789335974e+00 2.076500539529844591e+00 2.294362001978960564e+00 1.281622461032159821e+00
1.272454254680557284e+00 2.446419284190612942e+00 2.076144027077630572e+00 2.286356633217383028e+00 1.315125703376661459e+00
1.268958659762522867e+00 2.419610035122071068e+00 2.083061517000202034e+00 2.279211118717594076e+00 1.345220908857486020e+00
1.269115167537410382e+00 2.391211885266847137e+00 2.093399694525158061e+00 2.270595895905774597e+00 1.372254645755945468e+00
1.265453140032878787e+00 2.376359270116989553e+00 2.105125659462816490e+00 2.257530627856465077e+00 1.400673567405490871e+00
1.260925487245795340e+00 2.366360360703033461e+00 2.117541760791899819e+00 2.242174390154874963e+00 1.428071897082498598e+00
1.256162299928218484e+00 2.357334607208700472e+00 2.131785489125965771e+00 2.226371895853478389e+00 1.453219123883207065e+00
1.254008724611396897e+00 2.328479652446602710e+00 2.146605121968574004e+00 2.217550762245681373e+00 1.474214299214387847e+00
1.258115717434309833e+00 2.284859955046095514e+00 2.140374298876300152e+00 2.206952635296506759e+00 1.493748002179771772e+00
1.269889399413434816e+00 2.239994961825342745e+00 2.135303087643916964e+00 2.199184320594782971e+00 1.508240965390260202e+00
1.281762536260469876e+00 2.218207832893339670e+00 2.142378873276761020e+00 2.201606387818216160e+00 1.538512453608047004e+00
1.290954808118902175e+00 2.194272309855355818e+00 2.148657404430581064e+00 2.205870609687350381e+00 1.569291805026816533e+00
1.300000000000000044e+00 2.169999999999999929e+00 2.154999999999999805e+00 2.209999999999999964e+00 1.600000000000000089e+00
