8.699999999999999956e-01 2.740000000000000213e+00 1.850000000000000089e+00 2.629999999999999893e+00 1.350000000000000089e+00
8.904459455779427657e-01 2.784417168341331461e+00 1.863322504356221598e+00 2.632623791965921889e+00 1.343437310594919776e+00
9.130633349767557361e-01 2.817995439222169995e+00 1.879634158158143054e+00 2.626371654096012254e+00 1.340066827003284944e+00
9.405220705739000264e-01 2.825730075858186474e+00 1.892936659671177191e+00 2.609977302099728558e+00 1.344747680822191649e+00
9.492770029681553146e-01 2.857046705183392099e+00 1.891293929806389329e+00 2.581918722750577988e+00 1.348135509806198229e+00
9.685322133732301442e-01 2.856449712342381986e+00 1.901646910807252233e+00 2.552104781546372436e+00 1.355096079177588342e+00
9.898111729268507242e-01 2.830549563514869860e+00 1.904865426909130965e+00 2.523388071952735512e+00 1.362093990021222778e+00
1.008216542167384766e+00 2.793181678154450065e+00 1.905446210407599317e+00 2.497781775312144070e+00 1.371192820308094751e+00
1.020478685038739286e+00 2.741906688679629944e+00 1.906883928947182838e+00 2.479085205930239066e+00 1.383239258393524906e+00
1.032046369554307397e+00 2.689932459601144021e+00 1.916737047188855403e+00 2.465860663163212063e+00 1.390441665700980822e+00
1.046182814578727971e+00 2.675175624524606111e+00 1.936715786007040307e+00 2.455370468353113012e+00 1.375266508193156767e+00
1.054902510895714629e+00 2.681731872683853712e+00 1.950803376771325759e+00 2.445410813580706666e+00 1.348502294232318599e+00
1.059488293823119598e+00 2.688088838907617184e+00 1.958818199115864189e+00 2.433513542035413479e+00 1.317774022208509921e+00
1.062267738050230115e+00 2.686179671877172215e+00 1.963848876007962874e+00 2.420350898521167693e+00 1.286141826223805129e+00
1.066096821259796323e+00 2.662924981911497291e+00 1.967808692881122479e+00 2.405511869864281671e+00 1.257081520044694312e+00
1.071987563362086782e+00 2.614678235776079607e+00 1.970517588576953028e+00 2.386814107899791093e+00 1.239059495782400822e+00
1.081939994095171720e+00 2.560983492088395597e+00 1.972248820554352688e+00 2.366451554290887049e+00 1.229057865040641628e+00
1.105672059327953871e+00 2.523565835488939868e+00 1.976730563704914623e+00 2.351042087692333027e+00 1.217889887111697877e+00
1.139550491308508606e+00 2.514536551404132236e+00 1.984307342430744470e+00 2.345043251571769627e+00 1.213379607653464864e+00
1.173582366334797067e+00 2.507447082314188780e+00 1.990554514736181835e+00 2.337897022242672929e+00 1.219568524452833813e+00
1.201872548937568341e+00 2.487331206987988708e+00 1.992067591690930950e+00 2.324748458606598511e+00 1.235119416395272340e+00
1.216350909466432872e+00 2.457968661645355990e+00 1.989549392611973611e+00 2.309200406792101035e+00 1.259594989485971483e+00
1.221589086961820447e+00 2.436991930244378768e+00 1.991604242190587293e+00 2.298859244938164181e+00 1.290402726884923634e+00
1.225537876983802121e+00 2.430619364605920651e+00 2.002257321635765308e+00 2.295764271259868039e+00 1.321298667281039840e+00
1.229741291424437000e+00 2.434802869211628362e+00 2.017483824017655802e+00 2.297550734703011521e+00 1.349400818694995952e+00
1.228953736015456544e+00 2.452169033695009936e+00 2.038989636576594044e+00 2.316262815511655138e+00 1.346386865280183365e+00
1.230635989224662108e+00 2.447776226484473128e+00 2.066347724217343362e+00 2.321966190438384814e+00 1.341865465430782223e+00
1.235191627381231783e+00 2.459290487883403209e+00 2.093596208838081729e+00 2.320693137278641238e+00 1.341942874510271055e+00
1.240515480653376690e+00 2.466736856823785295e+00 2.097484786326575534e+00 2.307786270459702749e+00 1.370549968254911155e+00
1.242143448136473260e+00 2.446313813751875621e+00 2.084731562358660639e+00 2.294242144688382279e+00 1.395502863536580929e+00
1.246892050169711386e+00 2.409290871344265561e+00 2.086492363172918196e+00 2.270426168526116228e+00 1.413903159143365951e+00
1.250093892708127097e+00 2.368235119746405548e+00 2.093965164269418811e+00 2.239410636528663012e+00 1.415618191963430306e+00
1.250481782039766454e+00 2.321397143924138984e+00 2.090620690058675457e+00 2.208973200481671562e+00 1.414367473219615423e+00
1.250183716332218031e+00 2.268977370527745396e+00 2.083978815371986038e+00 2.185332254609401392e+00 1.420249597924557072e+00
1.252577015754504863e+00 2.216525186583106599e+00 2.085259289911443936e+00 2.169829069443347525e+00 1.437500043812117489e+00
1.256272314614514940e+00 2.177751995761177728e+00 2.096525018797040563e+00 2.164292426249991408e+00 1.461262797644745426e+00
1.259165794912226799e+00 2.155673512533535785e+00 2.114355610671574848e+00 2.164778024663760014e+00 1.484969888182216646e+00
1.261004371048276118e+00 2.152593163277443988e+00 2.136199522902047399e+00 2.167137150598910544e+00 1.506088863118635990e+00
1.266570868014254003e+00 2.190758199305391063e+00 2.155599587160022423e+00 2.170363494692817419e+00 1.516659722895604467e+00
1.284195246290270820e+00 2.201458212113712953e+00 2.160311815922487000e+00 2.194180951727170203e+00 1.537145395591453800e+00
1.293324181633005665e+00 2.188010484778630804e+00 2.158524156530206461e+00 2.204050825674695346e+00 1.568366583859809538e+00
1.300000000000000044e+00 2.169999999999999929e+00 2.154999999999999805e+00 2.209999999999999964e+00 1.600000000000000089e+00
