8.699999999999999956e-01 2.740000000000000213e+00 1.850000000000000089e+00 2.629999999999999893e+00 1.350000000000000089e+00
8.989384625635712389e-01 2.776004407072572011e+00 1.874606594642150847e+00 2.609128269515676557e+00 1.361758461289549915e+00
9.298705061336928201e-01 2.786408547156902227e+00 1.900788663898469233e+00 2.586767769011240059e+00 1.381144024255100300e+00
9.530751584569669976e-01 2.802592170990689802e+00 1.916130533900214594e+00 2.581662849979526886e+00 1.345863733014384112e+00
9.559906960511748153e-01 2.804696541889434069e+00 1.922801884917404003e+00 2.585623829177853938e+00 1.300914671419458157e+00
9.707100384545664928e-01 2.783748022933665744e+00 1.920763007927495325e+00 2.553908277786427483e+00 1.269156045758200291e+00
9.914775793141401561e-01 2.754988141229778975e+00 1.919954257705540845e+00 2.513559407613067620e+00 1.253436851105035554e+00
1.014453170488677669e+00 2.720963109386808743e+00 1.928877435477954982e+00 2.478260657384292465e+00 1.237115382545850739e+00
1.036497087373882131e+00 2.680919933811400480e+00 1.945639490300973051e+00 2.449514798990311437e+00 1.220801789791387426e+00
1.059757615435571010e+00 2.640219291243340205e+00 1.970000653756249775e+00 2.427800078122594130e+00 1.206682443756652123e+00
1.094303641721797282e+00 2.608345044089805942e+00 1.992992731700482523e+00 2.408865748040456278e+00 1.196906215121201322e+00
1.140567821833871509e+00 2.594144543005379777e+00 2.007828917369109067e+00 2.391787980696934657e+00 1.194163455288379305e+00
1.187807338464364371e+00 2.581753006635714165e+00 2.019595662140622139e+00 2.374031430296107192e+00 1.199590711872654092e+00
1.224138536027470803e+00 2.550077210915150161e+00 2.034952401037448677e+00 2.352230179953631595e+00 1.211962485987033933e+00
1.244134819919213264e+00 2.507031309857326029e+00 2.054779514911312166e+00 2.327652403668872161e+00 1.228830361401886506e+00
1.258085832089115508e+00 2.468299288961923743e+00 2.077381054622995826e+00 2.303931303930009111e+00 1.251489470321461184e+00
1.274150701922311280e+00 2.434545382753280141e+00 2.094929273384519952e+00 2.288820720939471531e+00 1.283265969690792652e+00
1.293528419792722595e+00 2.405609755527379878e+00 2.098801645427372353e+00 2.289250863650208245e+00 1.321134174457311294e+00
1.311504321234163717e+00 2.385725922336164206e+00 2.100253657053417378e+00 2.296683193075074403e+00 1.361683427963403803e+00
1.315591083003829320e+00 2.373749669706553433e+00 2.115263646038012979e+00 2.292304883110400482e+00 1.403493948051452334e+00
1.303646127313485170e+00 2.358549423532094291e+00 2.133565055750145767e+00 2.268988132648297906e+00 1.437497817077242113e+00
1.287146469119033743e+00 2.334693101667509207e+00 2.148221312999970323e+00 2.236409912444712322e+00 1.463674294242808482e+00
1.271161155521429276e+00 2.307666389215205616e+00 2.170251663215833737e+00 2.201886319312590601e+00 1.481254980621699247e+00
1.268962766781087215e+00 2.289478787047983577e+00 2.200056448684009958e+00 2.179340808760286130e+00 1.505997161737248735e+00
1.269839702572360007e+00 2.247706286953531141e+00 2.171010045789222964e+00 2.184389790010349941e+00 1.531718067081124568e+00
1.284076004056817100e+00 2.208202412984044294e+00 2.161409671041509384e+00 2.196786077685680016e+00 1.565645482324438120e+00
1.300000000000000044e+00 2.169999999999999929e+00 2.154999999999999805e+00 2.209999999999999964e+00 1.600000000000000089e+00
