8.699999999999999956e-01 2.740000000000000213e+00 1.850000000000000089e+00 2.629999999999999893e+00 1.350000000000000089e+00
9.058629202228707378e-01 2.775134594801982324e+00 1.863781249589057776e+00 2.611214530835159309e+00 1.349272404698085737e+00
9.372924409504123089e-01 2.790808364761377725e+00 1.887154307566732969e+00 2.596415011211281598e+00 1.355588492655576127e+00
9.608649236749453593e-01 2.802225704819890417e+00 1.902067118069260099e+00 2.562203370076579834e+00 1.344382867888992417e+00
9.647662327514611169e-01 2.839488599116275047e+00 1.914637806862296898e+00 2.563564607718213484e+00 1.310643425398182016e+00
9.607568720142380947e-01 2.858499147579206756e+00 1.912876561038789003e+00 2.569122284239505394e+00 1.268591879431471003e+00
9.691556921147660431e-01 2.863700626718827191e+00 1.929767615045496543e+00 2.568601899394069576e+00 1.233356002183518152e+00
9.890831994675561845e-01 2.837230070707584595e+00 1.957840932827669578e+00 2.561411272350620827e+00 1.235395531521337631e+00
1.001120966562834003e+00 2.772381497839884634e+00 1.969823337291264798e+00 2.550354692586378036e+00 1.236580501913389529e+00
1.010527400021342892e+00 2.724023267210852417e+00 1.981396701496024537e+00 2.521687532321443825e+00 1.222752282222185904e+00
1.026084009605889191e+00 2.687580332229330793e+00 1.991791219063249629e+00 2.487042068746332379e+00 1.209766493628545048e+00
1.045463710961935799e+00 2.659242781867913852e+00 2.002174487816591242e+00 2.450114350542571984e+00 1.200671629684575858e+00
1.069753471329172978e+00 2.645647256554996662e+00 2.020287730978128415e+00 2.417316220191866982e+00 1.196807372375547907e+00
1.099325185599254517e+00 2.634138479176713510e+00 2.040937139789788635e+00 2.392052691265674991e+00 1.196196976277989377e+00
1.137268122110876245e+00 2.608227499021553264e+00 2.052663540305883050e+00 2.369451092940524806e+00 1.197782497107344968e+00
1.178244720040190874e+00 2.575987483924951693e+00 2.054808663044371819e+00 2.348297163504016183e+00 1.201741688778323436e+00
1.218122950266417259e+00 2.544912823160045967e+00 2.056860037359585558e+00 2.325581204105873656e+00 1.208084517103289013e+00
1.251034413720342409e+00 2.511670141154561886e+00 2.064034858420253027e+00 2.298203962840060566e+00 1.217505514768457253e+00
1.272632297370835497e+00 2.471359495427745578e+00 2.073254624662047796e+00 2.271244838652712428e+00 1.235022456145383529e+00
1.284476363349968064e+00 2.430711930625180539e+00 2.081416581492732565e+00 2.259860153603585164e+00 1.267166042535598391e+00
1.291354281199839527e+00 2.405186025570631436e+00 2.089357139928960105e+00 2.268401045948092776e+00 1.306293045287026278e+00
1.302487238515129597e+00 2.386869067382749954e+00 2.095730248734632539e+00 2.282592615136702641e+00 1.345229411883630100e+00
1.320892495337643968e+00 2.367505136890961648e+00 2.100733847802358056e+00 2.290706912823145203e+00 1.383539623036030175e+00
1.329355725538342359e+00 2.351312747587452456e+00 2.107687724903211546e+00 2.271294175538772997e+00 1.419375239738847050e+00
1.312113876853233219e+00 2.346501579085630951e+00 2.126048011802970539e+00 2.242196331688191879e+00 1.440979083809036609e+00
1.292984380136359857e+00 2.334509547437517707e+00 2.139164764427319287e+00 2.216763958258927136e+00 1.468196560616782165e+00
1.275707810276926590e+00 2.305741740763628034e+00 2.136308344870816445e+00 2.202030145505723180e+00 1.503309553622324435e+00
1.277476887086306911e+00 2.264499216291745665e+00 2.140931765828511413e+00 2.190710228820170524e+00 1.538145192196335609e+00
1.288119833960903460e+00 2.217505155200134137e+00 2.148159920675263734e+00 2.199324273392099460e+00 1.569550872678390885e+00
1.300000000000000044e+00 2.169999999999999929e+00 2.154999999999999805e+00 2.209999999999999964e+00 1.600000000000000089e+00
