8.699999999999999956e-01 2.740000000000000213e+00 1.850000000000000089e+00 2.629999999999999893e+00 1.350000000000000089e+00
9.049052034203098893e-01 2.759221077900715358e+00 1.870313222570398892e+00 2.611946625764483887e+00 1.343814978044358899e+00
9.332583994710530462e-01 2.781263040636293482e+00 1.895861113683277699e+00 2.599015366287309003e+00 1.341307605197879615e+00
9.479736547899449972e-01 2.798120513504431806e+00 1.918277697810141458e+00 2.593550439987274636e+00 1.312787578685176149e+00
9.542594304058027443e-01 2.781088160818929289e+00 1.922501738408594951e+00 2.562622827456966679e+00 1.280592380197907998e+00
9.618201564203308074e-01 2.798511611300119828e+00 1.925689974102963831e+00 2.554628984500015410e+00 1.238999569040492243e+00
9.925574880073155803e-01 2.799321174112155308e+00 1.942839983051412478e+00 2.526915536044826105e+00 1.230742951116116313e+00
1.013587605058311025e+00 2.791784371346337057e+00 1.967304073889065696e+00 2.500730254909409478e+00 1.218687960557278016e+00
1.031059391641696799e+00 2.781449678425115479e+00 1.992057473290836711e+00 2.474973464559528935e+00 1.203198730554104978e+00
1.045663978767097380e+00 2.744477199894247210e+00 2.003270006221300470e+00 2.441348034368036490e+00 1.192156685488359846e+00
1.064223523271778493e+00 2.691649112356088835e+00 2.002236765563564447e+00 2.415730172709730894e+00 1.195324264603932374e+00
1.083687533560268257e+00 2.644001024751407414e+00 2.016305890802461587e+00 2.400983144564818872e+00 1.208343287861230797e+00
1.089494259254448094e+00 2.629537457110886045e+00 2.048330898679105339e+00 2.397011535012385952e+00 1.203828958440846586e+00
1.134721334865811837e+00 2.630102643352594693e+00 2.058676942251550290e+00 2.389558349595760856e+00 1.200575128737608965e+00
1.171725658459042752e+00 2.605798477140187863e+00 2.067135509618279521e+00 2.360194827282513508e+00 1.202975493395830320e+00
1.207167147824258491e+00 2.578513924346198749e+00 2.075990338842418570e+00 2.330722738072944278e+00 1.205414944857717607e+00
1.241860117698401211e+00 2.545171666478323047e+00 2.082870317854842224e+00 2.303746364254882106e+00 1.209939183319323597e+00
1.266710068337002504e+00 2.497644277557513171e+00 2.090724260331333628e+00 2.287754156208454681e+00 1.227171553201658938e+00
1.284050985765306407e+00 2.448445254258854842e+00 2.101734420645365642e+00 2.284175589632253978e+00 1.250507275080056768e+00
1.305273914803745772e+00 2.418007029324992452e+00 2.117062767301364445e+00 2.290512148449709517e+00 1.279864651883379834e+00
1.327682785932309484e+00 2.405347074467581336e+00 2.128991322349055526e+00 2.301769577961543689e+00 1.315118197862204852e+00
1.344478485335615314e+00 2.382165395028923882e+00 2.128478028730216742e+00 2.310455323896571933e+00 1.353888688149385899e+00
1.352322810492106342e+00 2.341428876609398024e+00 2.118113870863342907e+00 2.308279862477786715e+00 1.386702851628732081e+00
1.350972216173522922e+00 2.300089771834266550e+00 2.117090467421616662e+00 2.289287924684623832e+00 1.416737337056851453e+00
1.336441695936531504e+00 2.292579551725637543e+00 2.134883824393846830e+00 2.257134917605689850e+00 1.440096135538809552e+00
1.316750567037892727e+00 2.300777502830791743e+00 2.151204969256281796e+00 2.222473726318161535e+00 1.459022555090546458e+00
1.287187453938038351e+00 2.293371211956062528e+00 2.155283388349922280e+00 2.181248757996403498e+00 1.467285471384572881e+00
1.268127602436941670e+00 2.263435529307294747e+00 2.159764233729649874e+00 2.157653873108906328e+00 1.494568990501271344e+00
1.280058928817685127e+00 2.219788138551557211e+00 2.159203888475351718e+00 2.168427279500483085e+00 1.526197759087001504e+00
1.289874969155895723e+00 2.194575504384885800e+00 2.156833228345842013e+00 2.189029616422561997e+00 1.563088590544019052e+00
1.300000000000000044e+00 2.169999999999999929e+00 2.154999999999999805e+00 2.209999999999999964e+00 1.600000000000000089e+00
