8.699999999999999956e-01 2.740000000000000213e+00 1.850000000000000089e+00 2.629999999999999893e+00 1.350000000000000089e+00
9.120608709649272727e-01 2.770803859533271574e+00 1.822589042056298014e+00 2.610866359541981208e+00 1.344790716333516434e+00
9.367402318843014442e-01 2.787269243553022413e+00 1.849600285649422915e+00 2.588494773669414162e+00 1.312097515126861236e+00
9.561976045478608466e-01 2.784179222947587018e+00 1.882936018647672238e+00 2.574145281811950792e+00 1.274666657986682106e+00
9.831317561737054067e-01 2.728127715286000843e+00 1.897733317891337368e+00 2.556952120152102825e+00 1.246611320493342445e+00
1.011603299339401740e+00 2.699164875820434961e+00 1.923015759340926056e+00 2.515478754254974803e+00 1.237477200232004027e+00
1.038421237718697876e+00 2.677067184787627951e+00 1.951443147248416166e+00 2.473815535353051764e+00 1.229367171937981507e+00
1.058032568414539520e+00 2.639489310260077382e+00 1.975962039691489647e+00 2.431754384531556568e+00 1.214427812119928562e+00
1.071619734318123740e+00 2.622533053934797742e+00 2.003630601330157912e+00 2.408865331557013434e+00 1.175900807728542441e+00
1.126596256057790679e+00 2.629241909990903014e+00 2.019029939768071102e+00 2.389895987264321509e+00 1.175323648218849826e+00
1.183325710769152384e+00 2.610561825730580487e+00 2.019623390689944120e+00 2.372284760220050082e+00 1.188360145990656092e+00
1.230721605605785696e+00 2.579713007801262670e+00 2.037896247930401916e+00 2.356075617130417132e+00 1.202856387376177727e+00
1.252906736837981372e+00 2.532075458985411309e+00 2.069281401824203392e+00 2.336910054075323373e+00 1.214479695962716876e+00
1.266006333707032638e+00 2.464230971841213425e+00 2.082602545799943528e+00 2.309196117440963647e+00 1.234023332697546493e+00
1.274717564953854243e+00 2.403925201816707879e+00 2.086247257797207766e+00 2.287552227902238666e+00 1.271777536236366801e+00
1.272538370388093698e+00 2.381403031273331639e+00 2.100143827353664339e+00 2.288403825397960833e+00 1.328535625439753565e+00
1.297290950520877173e+00 2.341878868892942389e+00 2.116550674178542035e+00 2.283435244889484128e+00 1.372795996033714827e+00
1.292239625903591094e+00 2.289860708032251058e+00 2.121770908801994260e+00 2.311753042787578760e+00 1.392364693543590715e+00
1.276898553816658177e+00 2.274405622857915699e+00 2.122281164815820187e+00 2.261039293337185896e+00 1.428454360545351243e+00
1.273660832543871635e+00 2.270394867636194913e+00 2.130296497379112974e+00 2.209159240863284523e+00 1.465710889879390688e+00
1.282756066510074344e+00 2.260445535892582569e+00 2.151782689000300230e+00 2.176864089835970795e+00 1.507439753103211100e+00
1.295854961228096958e+00 2.200822142025660177e+00 2.151339414179374465e+00 2.179237958505984007e+00 1.549790294503073929e+00
1.300000000000000044e+00 2.169999999999999929e+00 2.154999999999999805e+00 2.209999999999999964e+00 1.600000000000000089e+00
