8.699999999999999956e-01 2.740000000000000213e+00 1.850000000000000089e+00 2.629999999999999893e+00 1.350000000000000089e+00
8.895892814555445005e-01 2.752573282635172092e+00 1.869302851002039301e+00 2.622467459444412619e+00 1.335663533031405281e+00
9.191129072216216445e-01 2.756609839178161270e+00 1.884778173289796577e+00 2.618617161822036188e+00 1.330608334411622184e+00
9.487121899804751290e-01 2.776122887412164175e+00 1.893670415295281240e+00 2.609908641078964919e+00 1.319826804365007211e+00
9.692234044583973862e-01 2.813372708640108577e+00 1.898756721518569446e+00 2.597955049722318055e+00 1.303542929953335205e+00
9.742449472570838820e-01 2.863552604184159023e+00 1.896941229439559562e+00 2.590151734167014830e+00 1.284156858186128680e+00
9.684602182919191948e-01 2.907062929203352741e+00 1.888571964718180896e+00 2.595742584024609112e+00 1.291823458502801669e+00
9.789679375648892012e-01 2.857615537974496078e+00 1.897225767093910553e+00 2.578545667919318607e+00 1.291685317133188127e+00
9.840263554346406760e-01 2.818152220310273570e+00 1.902321967744154074e+00 2.559700117395356855e+00 1.270877801388649919e+00
9.952867534938385496e-01 2.787120074703360206e+00 1.907887306104599778e+00 2.540546093307906261e+00 1.248423688444279867e+00
1.013418272982625545e+00 2.766083002714603722e+00 1.913732990016795643e+00 2.520854010694116187e+00 1.227358679625145887e+00
1.034756582813874726e+00 2.749865547376673991e+00 1.919046677887496166e+00 2.500992942557789700e+00 1.207837716562215613e+00
1.056775052405092730e+00 2.733094414009844542e+00 1.925142651611434719e+00 2.480532262394012033e+00 1.190251594518956457e+00
1.068266582802074538e+00 2.714694783981014492e+00 1.939099863459907480e+00 2.460286003421339629e+00 1.201747811024398649e+00
1.067119127799227130e+00 2.698268088455480829e+00 1.956136208039341406e+00 2.433304219661236445e+00 1.203087649058135478e+00
1.069814160360866628e+00 2.675451684664127416e+00 1.977006656470308599e+00 2.412779875620432168e+00 1.203538652902091055e+00
1.077850086288679288e+00 2.650625361332019203e+00 1.998984587720977757e+00 2.399244680291749532e+00 1.210839317462005127e+00
1.079896203410625866e+00 2.621798578163892834e+00 2.014228098527519606e+00 2.376525055116316842e+00 1.222551743378926581e+00
1.085369271869388363e+00 2.633966406832382923e+00 2.030091309414330247e+00 2.352183582512798576e+00 1.226800466609407669e+00
1.097992971440692633e+00 2.627385190803901871e+00 2.055648229397878612e+00 2.353422645362121646e+00 1.223512445418745154e+00
1.119304324064659850e+00 2.604248832068805974e+00 2.071381211923170707e+00 2.350868961737086593e+00 1.225353203162386606e+00
1.144352614748345820e+00 2.569315592896626921e+00 2.061195343440818561e+00 2.342234593329585834e+00 1.233752695482006168e+00
1.172013274218922874e+00 2.539373893287926620e+00 2.052313148261620590e+00 2.331383600076331053e+00 1.236719107056650557e+00
1.204748028944824023e+00 2.521538028637269946e+00 2.057243543936323693e+00 2.320370646609771104e+00 1.234251922123502654e+00
1.230716401438028740e+00 2.509130104568397357e+00 2.073488405881787955e+00 2.309023011633786204e+00 1.240723461552018625e+00
1.243460405700781868e+00 2.489362991215698262e+00 2.087427953800390146e+00 2.296387027587631469e+00 1.264335448380412119e+00
1.253239188394007275e+00 2.474802772226900149e+00 2.101091991435753314e+00 2.290852506308658665e+00 1.292810500248296801e+00
1.265301108152643517e+00 2.463760173935147346e+00 2.120308878186976997e+00 2.284960631147991972e+00 1.314311678108401882e+00
1.274397165884325611e+00 2.448691415581336184e+00 2.140725409970071880e+00 2.282740865212122383e+00 1.335412526461541516e+00
1.276515290244466971e+00 2.425649152056233326e+00 2.132640766979061464e+00 2.278350809642621488e+00 1.360328771627384858e+00
1.271446701019482539e+00 2.425149910878714454e+00 2.124746886201036578e+00 2.280468710851710767e+00 1.394390130110512827e+00
1.269269416314960264e+00 2.416717934903494402e+00 2.118006784114081054e+00 2.275843943637225752e+00 1.429050071079918993e+00
1.267837200125814023e+00 2.391662490035302291e+00 2.101450666111043031e+00 2.261682896583111280e+00 1.450425009931566089e+00
1.264369948941995503e+00 2.366157161211146942e+00 2.105704886403404696e+00 2.234203281200088043e+00 1.449724976554385814e+00
1.261131060162418160e+00 2.360773112342644975e+00 2.130856997626611182e+00 2.222892726424231302e+00 1.444176301002208840e+00
1.251447226573114913e+00 2.337685562110305426e+00 2.151338263751878088e+00 2.214162627968179642e+00 1.455933946073710405e+00
1.239524898950827625e+00 2.298146834854057907e+00 2.155220582624143510e+00 2.208749651430602867e+00 1.479881243297378912e+00
1.232991924661226646e+00 2.251051168644977007e+00 2.146288658517011783e+00 2.199721397302467629e+00 1.498685678737556426e+00
1.237675132645698062e+00 2.213228953604705396e+00 2.140153033883098299e+00 2.191326109331583005e+00 1.523586716827247223e+00
1.257293522940240660e+00 2.194153029111771236e+00 2.147840651280143565e+00 2.195330571737619252e+00 1.549698860471107498e+00
1.284026393886187556e+00 2.187571676832054113e+00 2.145136167468332911e+00 2.204176003143897500e+00 1.572070164254213864e+00
1.300000000000000044e+00 2.169999999999999929e+00 2.154999999999999805e+00 2.209999999999999964e+00 1.600000000000000089e+00
