8.699999999999999956e-01 2.740000000000000213e+00 1.850000000000000089e+00 2.629999999999999893e+00 1.350000000000000089e+00
8.945995474421839511e-01 2.763076401403838478e+00 1.862237656758354509e+00 2.619770179284623524e+00 1.342603534525617537e+00
9.198439921791707885e-01 2.782831187498675085e+00 1.875256522800466508e+00 2.607861151456031479e+00 1.338277938276447809e+00
9.438165784367378297e-01 2.787654417747805091e+00 1.889191922645681032e+00 2.591086825975030372e+00 1.345766757492691257e+00
9.596629371244334017e-01 2.784864270701244759e+00 1.877341537281320916e+00 2.570584670366046876e+00 1.362049359657495184e+00
9.631155338331293114e-01 2.797429685196252791e+00 1.879280619866006807e+00 2.571762376889221713e+00 1.330318256320779824e+00
9.617441879821608808e-01 2.785432277566674664e+00 1.890521750750195018e+00 2.565422555317619313e+00 1.301824731165202254e+00
9.765434857433180627e-01 2.777344964090964652e+00 1.905702657583682846e+00 2.559247508422562323e+00 1.320535173196978107e+00
9.973716974359486676e-01 2.764345222856806394e+00 1.920487922631580746e+00 2.545870084372502617e+00 1.333688138091170927e+00
1.016694036546324842e+00 2.746273570622256521e+00 1.935644571028995120e+00 2.526794832370849786e+00 1.331458612627979265e+00
1.037416691762224952e+00 2.739496843586886055e+00 1.950184818149973687e+00 2.507637767962234587e+00 1.321885313644530324e+00
1.055372239123015365e+00 2.737005215050677620e+00 1.960337519586548671e+00 2.486657744251485891e+00 1.303959422475569507e+00
1.059907063185881571e+00 2.713993220305796150e+00 1.956251988238165263e+00 2.462596019919718771e+00 1.284820770311869476e+00
1.056046152816751960e+00 2.713840066999023914e+00 1.960745828027571358e+00 2.433604340343185068e+00 1.265222268809228279e+00
1.056404759392503667e+00 2.713862799165243089e+00 1.973600619530236466e+00 2.413328399685186199e+00 1.242527343687980679e+00
1.062041040378543189e+00 2.676304223979684149e+00 1.982160156104781024e+00 2.398411081561651947e+00 1.229558329825161778e+00
1.071076472874620045e+00 2.629881114746878801e+00 1.982933540832178654e+00 2.382414006165022080e+00 1.224688436504006717e+00
1.081863579951352961e+00 2.588379140022315728e+00 1.980064587603148407e+00 2.360906451934612793e+00 1.224702584178972264e+00
1.095879897143125836e+00 2.547167506456691211e+00 1.972371573115643262e+00 2.347543865069586566e+00 1.231357180605040735e+00
1.118781940142705489e+00 2.518387043014936655e+00 1.964321419113480793e+00 2.358491514342021311e+00 1.231573169874231155e+00
1.148668736421099013e+00 2.507264927907469687e+00 1.968207569167088833e+00 2.370697720339026482e+00 1.225374462829031064e+00
1.177975856311155978e+00 2.502356930444478600e+00 1.981294238260994822e+00 2.373534590868356720e+00 1.221234619904606689e+00
1.204062543261195772e+00 2.494040776107719459e+00 1.998040575028283694e+00 2.369894335408649244e+00 1.219111439512722272e+00
1.225388879085765659e+00 2.483520823532956001e+00 2.017201357485197022e+00 2.361825402059198886e+00 1.215798821654680895e+00
1.233123067857176736e+00 2.509965623673540591e+00 2.031836363184064354e+00 2.352145490177502740e+00 1.207179170103316102e+00
1.229005057007184876e+00 2.495330877462825558e+00 2.038174416238156095e+00 2.331206778524271606e+00 1.222074945579521232e+00
1.233800539032102739e+00 2.478940718360585826e+00 2.057823090365920926e+00 2.322530152729456177e+00 1.239701135743458860e+00
1.241103164298920980e+00 2.459651217459977612e+00 2.075841587534867028e+00 2.316450528873824410e+00 1.259021735332859215e+00
1.247801095273098237e+00 2.440195298664402213e+00 2.089584451611683935e+00 2.309239783806771307e+00 1.283307156047120090e+00
1.253273440929368210e+00 2.424148001350872939e+00 2.097666896190796049e+00 2.302054503695937893e+00 1.312485836625396196e+00
1.256547137557876503e+00 2.417707655005389977e+00 2.099083872501350978e+00 2.298555641645033898e+00 1.345367046303120429e+00
1.256440177715410389e+00 2.414142194512445272e+00 2.098946255696598318e+00 2.288097115768364720e+00 1.374985771449885208e+00
1.255141041720722495e+00 2.384125648085154037e+00 2.105934422814659257e+00 2.260834790444289588e+00 1.386758495033971084e+00
1.253698841859815172e+00 2.347211176748658978e+00 2.114972612259948370e+00 2.238594270344309134e+00 1.396361445992408967e+00
1.252029706706830003e+00 2.310754227011013739e+00 2.123986394226937247e+00 2.224416404826294436e+00 1.414246139916925049e+00
1.250564293911903491e+00 2.279962050798030493e+00 2.131524788772676704e+00 2.219247015042093985e+00 1.439667902444904612e+00
1.250867471913411189e+00 2.253019974029088601e+00 2.134735606297812005e+00 2.211474661634591055e+00 1.467219053689788888e+00
1.253091828512968853e+00 2.222779057298659655e+00 2.129090130079839494e+00 2.195011880154907224e+00 1.489554746548331643e+00
1.259398238469918496e+00 2.200326522698370368e+00 2.129338903780655823e+00 2.189835454429381656e+00 1.518939151806307564e+00
1.267877997608734653e+00 2.185541581495005214e+00 2.136687816187088806e+00 2.193520681778391879e+00 1.548485997112547974e+00
1.280840623480623108e+00 2.175321436444956014e+00 2.146040984751641290e+00 2.200773275952196517e+00 1.575807710264056860e+00
1.300000000000000044e+00 2.169999999999999929e+00 2.154999999999999805e+00 2.209999999999999964e+00 1.600000000000000089e+00
