8.699999999999999956e-01 2.740000000000000213e+00 1.850000000000000089e+00 2.629999999999999893e+00 1.350000000000000089e+00
8.893337583905017718e-01 2.741969410165695287e+00 1.861926027666686689e+00 2.615136330037032941e+00 1.330678591195129323e+00
9.068283166546161622e-01 2.757051794602611849e+00 1.873753226096602775e+00 2.604009461653325364e+00 1.308908641946553875e+00
9.206215459210647101e-01 2.802527127856127898e+00 1.882854588530648687e+00 2.601060856695650791e+00 1.299520447321561356e+00
9.423928260741987195e-01 2.838344860976214079e+00 1.889271354469730158e+00 2.600218226487254203e+00 1.285046247992324142e+00
9.611821430491913620e-01 2.860588173824177183e+00 1.902749906569333627e+00 2.589068512297018732e+00 1.270961513159921452e+00
9.720288398331057289e-01 2.854238373004150731e+00 1.919663322388846183e+00 2.567572599219132279e+00 1.268378929319498472e+00
9.841061643063346853e-01 2.841315637039236286e+00 1.932155593790552128e+00 2.542686886926329937e+00 1.260087819615400173e+00
1.002676247724537006e+00 2.841422647242369148e+00 1.942181905917571338e+00 2.521351763367000842e+00 1.245474639926118954e+00
1.025703663701941437e+00 2.844186936432083090e+00 1.949580787658675041e+00 2.504373458650880568e+00 1.227964575509603806e+00
1.048845174296721972e+00 2.824368132396543274e+00 1.953544551198573620e+00 2.488806716368750394e+00 1.212072944361805238e+00
1.060131180784263938e+00 2.778580818743614511e+00 1.953025101749366277e+00 2.474594016394887408e+00 1.204338266294450843e+00
1.066157574095707883e+00 2.739620937366036735e+00 1.956632966622345204e+00 2.452321009746766922e+00 1.195561597842501600e+00
1.070520832626913998e+00 2.720532641325096090e+00 1.961134876339524657e+00 2.423315893601776683e+00 1.183033785705247753e+00
1.075467803232111219e+00 2.692712393320966235e+00 1.960130032525854826e+00 2.394393305811522765e+00 1.181447365792570814e+00
1.084018278743800856e+00 2.654796047672835613e+00 1.959516018820777417e+00 2.370046096151167347e+00 1.184238289258069399e+00
1.095481411044816111e+00 2.618686819480052996e+00 1.969897274932539633e+00 2.352528041058769226e+00 1.187410971591869036e+00
1.094440649917467923e+00 2.602334540996933843e+00 1.991052237540177128e+00 2.344931605215126336e+00 1.183488485961523340e+00
1.097759175768238116e+00 2.576312732165363606e+00 2.010527476265871361e+00 2.345020393651149782e+00 1.171330532371412492e+00
1.106225463071873527e+00 2.571767441285689682e+00 2.031303594425110770e+00 2.351868315092186190e+00 1.158987928315342142e+00
1.111214870743554961e+00 2.599280523614979188e+00 2.050539409580408368e+00 2.360145301093520054e+00 1.157503202902829598e+00
1.108796169135122467e+00 2.614689704356109701e+00 2.048151145879849366e+00 2.364032781380671189e+00 1.185268777735025925e+00
1.126721697962162372e+00 2.587032131377930089e+00 2.038097222205585979e+00 2.360344617478675744e+00 1.205021163831324849e+00
1.156585819529903469e+00 2.562777582698760437e+00 2.040638767103386542e+00 2.353331578355139619e+00 1.210597709936992894e+00
1.185466008449014286e+00 2.542962136396794470e+00 2.049340252473824897e+00 2.344404747324833505e+00 1.210013826055970076e+00
1.213356754190295206e+00 2.524325959877062431e+00 2.059606450919906795e+00 2.334820487064034999e+00 1.208861944612739325e+00
1.240628223288262166e+00 2.508309797815117204e+00 2.071072561609187179e+00 2.325262197823871002e+00 1.212041142702249275e+00
1.262568298808401046e+00 2.498629964432554029e+00 2.084983687618735981e+00 2.316858576497943023e+00 1.227879825293384242e+00
1.272875781572500475e+00 2.488919665407431037e+00 2.098965252340234233e+00 2.309392128146031453e+00 1.254367236432312849e+00
1.274707572505152431e+00 2.469681871892053238e+00 2.111192816555660823e+00 2.300006224999424198e+00 1.282302215655346078e+00
1.273758542723920417e+00 2.443508445984623023e+00 2.121493001480224017e+00 2.288492365673135076e+00 1.308830352176374889e+00
1.272337513305893841e+00 2.416426298969922115e+00 2.129641652086459835e+00 2.277327065794307437e+00 1.336784671553685744e+00
1.270374089497856795e+00 2.393196923186380332e+00 2.134961506178095991e+00 2.267271100566129682e+00 1.367972168227269414e+00
1.266173697974941392e+00 2.372545424300497530e+00 2.136650103805343814e+00 2.251839008111307550e+00 1.398028287026708005e+00
1.260062071580911214e+00 2.350144838623256849e+00 2.134614560654973570e+00 2.228919382357427370e+00 1.420767156768637740e+00
1.258297940006816384e+00 2.320564466698558093e+00 2.128390660877065521e+00 2.215817961027288785e+00 1.447354620503598532e+00
1.268245763465783771e+00 2.281381874946472710e+00 2.119578878429019042e+00 2.225990081902822215e+00 1.465849523061201864e+00
1.275924012582078548e+00 2.249353345891789591e+00 2.110805974464916357e+00 2.234283117881587621e+00 1.488413295162073657e+00
1.276211834247209742e+00 2.241021772513676957e+00 2.122962696905033031e+00 2.219428021996406208e+00 1.515440645021542743e+00
1.287767782977105924e+00 2.219702823797990998e+00 2.134435913601138157e+00 2.218193722689181691e+00 1.542590130962810724e+00
1.293883891488552873e+00 2.194851411898995686e+00 2.144717956800568981e+00 2.214096861344590828e+00 1.571295065481405295e+00
1.300000000000000044e+00 2.169999999999999929e+00 2.154999999999999805e+00 2.209999999999999964e+00 1.600000000000000089e+00
