8.699999999999999956e-01 2.740000000000000213e+00 1.850000000000000089e+00 2.629999999999999893e+00 1.350000000000000089e+00
8.926780503281153134e-01 2.763451625271502010e+00 1.867023418008823432e+00 2.618223395752013793e+00 1.328249380381146150e+00
9.152912187542385780e-01 2.786793345070982753e+00 1.883535881402293999e+00 2.602811629499313995e+00 1.307867443002902919e+00
9.371126190603985551e-01 2.805050711994548696e+00 1.903867290814076574e+00 2.589176225364957951e+00 1.289848069959086851e+00
9.548094172282836078e-01 2.810351622455911969e+00 1.930986058608406442e+00 2.584645693182116233e+00 1.277311519537832840e+00
9.644846324773515001e-01 2.838800430198403557e+00 1.927172936463970476e+00 2.568052837962276236e+00 1.251997298292857108e+00
9.783785974575942568e-01 2.810823963226638522e+00 1.918986981261259883e+00 2.539593600433979859e+00 1.233971742484251122e+00
9.964867644951779235e-01 2.779056301721470223e+00 1.927281935862681816e+00 2.511328082399296502e+00 1.219706418953592886e+00
1.016468787447164068e+00 2.753048879880771516e+00 1.943576915110166947e+00 2.487026644616378235e+00 1.207786805772089744e+00
1.038549730559175543e+00 2.731956924013078769e+00 1.961926883614356409e+00 2.464475813046460573e+00 1.197550005664057782e+00
1.064281860327514151e+00 2.713482093952436003e+00 1.978868689046914264e+00 2.441272971910716016e+00 1.191176398867346498e+00
1.094262473617667375e+00 2.695223187009618826e+00 1.992160776365740738e+00 2.417269841139693565e+00 1.192002625049389364e+00
1.125659998903139281e+00 2.674294149244528462e+00 2.002739588640804591e+00 2.394049167221614649e+00 1.198468743206992260e+00
1.155222435496116695e+00 2.648228758015359841e+00 2.014646355563315172e+00 2.371853108632590690e+00 1.204608989941074793e+00
1.182154924928495499e+00 2.617935681697857841e+00 2.028498182452786125e+00 2.350167958179163019e+00 1.208353050884152236e+00
1.208502799119266058e+00 2.585266263907449513e+00 2.041714567331603725e+00 2.328679675569179430e+00 1.213043098698452171e+00
1.234535346166933500e+00 2.549835003490663610e+00 2.053253607229919009e+00 2.307983014413890643e+00 1.221101697009764564e+00
1.258415049456575341e+00 2.510064195676794618e+00 2.062048309199614238e+00 2.290081179260579969e+00 1.236246089829600603e+00
1.275596700250662074e+00 2.467453415574965447e+00 2.070407510861645317e+00 2.278612792631280470e+00 1.260050916190766923e+00
1.283577010495300819e+00 2.428480300049082441e+00 2.085614885736364332e+00 2.274865628928986805e+00 1.286800348426551999e+00
1.288832260554435560e+00 2.397453875455348715e+00 2.105352910921930221e+00 2.276252934175907683e+00 1.312913154247435932e+00
1.301512559371329036e+00 2.372581764103495860e+00 2.116645098821368087e+00 2.284672360232059773e+00 1.345892540657184000e+00
1.323206211265127497e+00 2.358905923391926507e+00 2.115384566439407532e+00 2.294717684398852153e+00 1.379983346143913492e+00
1.324283152494428739e+00 2.350110892175195865e+00 2.120388737650355626e+00 2.282323795926649357e+00 1.418111462829432678e+00
1.304239024965575755e+00 2.344149348596499927e+00 2.133274164146493845e+00 2.251938258381212865e+00 1.433697329782107843e+00
1.282254931339673831e+00 2.347151473722002279e+00 2.140361664510157080e+00 2.222940127537141208e+00 1.455278119063367015e+00
1.264938974261635041e+00 2.341407705965667496e+00 2.153881629903212414e+00 2.193060925251265392e+00 1.472727923322705301e+00
1.264218118684439673e+00 2.304822884279469353e+00 2.174296772357821705e+00 2.172616081574224811e+00 1.481870911991300721e+00
1.271719992380236697e+00 2.247239847487831010e+00 2.179772816361806864e+00 2.171613303121002314e+00 1.501811993740610029e+00
1.278409223327423128e+00 2.207586912724420092e+00 2.177150391307721922e+00 2.179856975027021804e+00 1.534312203147903064e+00
1.288180241504915724e+00 2.183944694647754314e+00 2.168739586886712090e+00 2.193532353721903583e+00 1.568572992790532528e+00
1.300000000000000044e+00 2.169999999999999929e+00 2.154999999999999805e+00 2.209999999999999964e+00 1.600000000000000089e+00
