8.699999999999999956e-01 2.740000000000000213e+00 1.850000000000000089e+00 2.629999999999999893e+00 1.350000000000000089e+00
8.942353933726203685e-01 2.737968391225843234e+00 1.856716319426891859e+00 2.605088656712951867e+00 1.327744350603013990e+00
9.145115121456066642e-01 2.756012482566221777e+00 1.855997330392333833e+00 2.580793199039991492e+00 1.302831548278475138e+00
9.364760393831383922e-01 2.775838535919592953e+00 1.872011529742266589e+00 2.567182093567405232e+00 1.284933277106431682e+00
9.616568710847843704e-01 2.800800398438824779e+00 1.871225068522968105e+00 2.547475926960181436e+00 1.266093731863919825e+00
9.842167206266221324e-01 2.799634814390512982e+00 1.878151284735758653e+00 2.516734198233386177e+00 1.250525815593793499e+00
1.003664016434176798e+00 2.797661226665044687e+00 1.901334496309707855e+00 2.497879359244386421e+00 1.243210847830501287e+00
1.022687889306734377e+00 2.786145201307259178e+00 1.924586220897179345e+00 2.480351631225709230e+00 1.236547607597767495e+00
1.042207825223420592e+00 2.767178928723877718e+00 1.945943231154357189e+00 2.463119185937040267e+00 1.227682229987238971e+00
1.061939214385704933e+00 2.736007653183691879e+00 1.959759634590438226e+00 2.444359482243947834e+00 1.213030517839629008e+00
1.074107366293287846e+00 2.690440537859265735e+00 1.963135560601037000e+00 2.426859003223372113e+00 1.195203260995403971e+00
1.075249710053299390e+00 2.641500006245053545e+00 1.974153063458724766e+00 2.411081559684872921e+00 1.185620770992303230e+00
1.075863812683321319e+00 2.629509233667331802e+00 2.001485800891140698e+00 2.394256663101194782e+00 1.194129668825716362e+00
1.080701857347692529e+00 2.611933177055899336e+00 2.025506941245142745e+00 2.372725615304068114e+00 1.201724330897848469e+00
1.109344938490504084e+00 2.577716348750446418e+00 2.032850051298077609e+00 2.357386381318689939e+00 1.203118525276349216e+00
1.139673975898962688e+00 2.560814818711595109e+00 2.047196594120366253e+00 2.342657902453624263e+00 1.209571750799063539e+00
1.169557711001184108e+00 2.543757956230840112e+00 2.062252835985262323e+00 2.327830972234905982e+00 1.214989011743017766e+00
1.199418655360637853e+00 2.526497731150849191e+00 2.077412845404108310e+00 2.313072742885178723e+00 1.219872140824062035e+00
1.230357874099602400e+00 2.508658989908658210e+00 2.090837101084541239e+00 2.297696631730705707e+00 1.224286123637016610e+00
1.261227453726018854e+00 2.483905852691612459e+00 2.085224401891862200e+00 2.279893386347854989e+00 1.224316660353874653e+00
1.268765472165744201e+00 2.442502827365955920e+00 2.100111870223472899e+00 2.272054674374984540e+00 1.232155503798430640e+00
1.271218902212767565e+00 2.400736904488123269e+00 2.110142826684175965e+00 2.267818310022920780e+00 1.256564932853519778e+00
1.272061778400337628e+00 2.400766518281601591e+00 2.118248502332405359e+00 2.260189997405634976e+00 1.292184876933743620e+00
1.269922650058827207e+00 2.368348351234276450e+00 2.121234291330953869e+00 2.235899761580930178e+00 1.303896154806929220e+00
1.268779726681217968e+00 2.345251814599986773e+00 2.126883231610974256e+00 2.212482846977469553e+00 1.334230550216489508e+00
1.267917865600455940e+00 2.329410283216478472e+00 2.133022747850082723e+00 2.191661182164410970e+00 1.367747631122963492e+00
1.266889513523531186e+00 2.314202676632405087e+00 2.138563334674607574e+00 2.172585867079298350e+00 1.402153941879245691e+00
1.264996639807732359e+00 2.301384062903767180e+00 2.141108537728861450e+00 2.160700470673664775e+00 1.439198836483533306e+00
1.261090103991967748e+00 2.291519291207406273e+00 2.138326911209960990e+00 2.158944581422698406e+00 1.478042208195198493e+00
1.255742272095584200e+00 2.276236808223565333e+00 2.134537568992215917e+00 2.151310402188701065e+00 1.515267160442562711e+00
1.255113877166438074e+00 2.253543013723798172e+00 2.132757755832272117e+00 2.138965606389074292e+00 1.550261342874196036e+00
1.264447929362693790e+00 2.223021233053310119e+00 2.133844142700732860e+00 2.147429098752843935e+00 1.581641719986547345e+00
1.281016278583297030e+00 2.194956286569139436e+00 2.142534005246505835e+00 2.178308438185498019e+00 1.595738341765059687e+00
1.300000000000000044e+00 2.169999999999999929e+00 2.154999999999999805e+00 2.209999999999999964e+00 1.600000000000000089e+00
