8.699999999999999956e-01 2.740000000000000213e+00 1.850000000000000089e+00 2.629999999999999893e+00 1.350000000000000089e+00
8.882381220821088386e-01 2.752797908607089727e+00 1.864454514925085071e+00 2.608418500617966984e+00 1.350942487846243933e+00
9.125349691367214966e-01 2.755923661454545481e+00 1.878277250127669440e+00 2.592206691987551714e+00 1.346658491823409909e+00
9.360452069112563667e-01 2.755561426020352922e+00 1.887396863465114150e+00 2.569804007701241400e+00 1.353886664335041123e+00
9.597045351718370698e-01 2.751285052029158962e+00 1.883826869929198899e+00 2.544439456335310101e+00 1.360154533839788238e+00
9.860462540475802840e-01 2.744162860135345383e+00 1.884290811155495460e+00 2.521015607024803096e+00 1.356584185630787864e+00
1.010206083371232078e+00 2.737016965264361890e+00 1.893857353691059675e+00 2.502181347222595331e+00 1.346314860312936901e+00
1.029380382694571328e+00 2.725910742715039969e+00 1.910489871961521091e+00 2.487965242780854958e+00 1.338239394857216213e+00
1.041377539036732136e+00 2.703296680202041724e+00 1.927935935881911256e+00 2.478399385104632646e+00 1.349059596082199608e+00
1.049205096032919782e+00 2.695113832068731341e+00 1.943661696724249710e+00 2.456488714905725956e+00 1.362957674592588875e+00
1.055555103275929163e+00 2.709098108260827420e+00 1.959766864453709401e+00 2.443370268273402868e+00 1.344807396762206286e+00
1.059570790560413922e+00 2.694089664753621438e+00 1.971618508539597192e+00 2.431892669957130160e+00 1.318909734263754796e+00
1.062861666018593221e+00 2.674182282023359836e+00 1.980936578825458705e+00 2.420992047016139459e+00 1.291153901108825330e+00
1.064761761892336622e+00 2.658762502225389568e+00 1.982270082378597031e+00 2.411129362088541228e+00 1.259459980057672457e+00
1.066305518758242865e+00 2.630834513410995612e+00 1.981614259706807823e+00 2.395614949437789853e+00 1.233953524614466613e+00
1.071295638780714210e+00 2.598046877918780417e+00 1.983021183254866315e+00 2.373885765792126623e+00 1.216260350342161622e+00
1.082447523827466895e+00 2.584143954839355217e+00 1.987127361584413832e+00 2.349538429837117803e+00 1.196208298229542111e+00
1.089756412804475216e+00 2.596992047948043947e+00 2.005432000535846804e+00 2.336737441522871883e+00 1.189900555112316072e+00
1.108588046320542198e+00 2.579009547044257111e+00 2.008119838022318415e+00 2.346800915207887250e+00 1.206692777760209667e+00
1.137987770338327653e+00 2.554508418502450251e+00 2.012054260850851151e+00 2.342474461725792878e+00 1.203070366780190303e+00
1.167999677834891115e+00 2.535534113403804746e+00 2.005453204587381855e+00 2.334199496521258244e+00 1.207268422193570334e+00
1.194544210153125396e+00 2.517073382044038965e+00 1.997214944373814749e+00 2.326903247680802256e+00 1.220190553116185628e+00
1.216180487930434984e+00 2.499868460434687023e+00 1.997810703938600829e+00 2.319331116345719757e+00 1.243159550776520295e+00
1.229139612504934531e+00 2.488523921628074120e+00 2.009447597636593308e+00 2.312394892000951607e+00 1.269109442155421208e+00
1.236889412854232484e+00 2.480919429785592545e+00 2.026873923454010296e+00 2.306799481097171256e+00 1.291627599475800192e+00
1.244002853029126054e+00 2.469962499466988870e+00 2.046334524989241732e+00 2.303429278273663172e+00 1.310574042322703026e+00
1.248283346559565965e+00 2.452291768802910887e+00 2.064158576064647921e+00 2.303616092578919083e+00 1.331369482657200010e+00
1.244479468409347422e+00 2.443636205714141862e+00 2.080421662369445812e+00 2.302153921708856021e+00 1.356704130057013957e+00
1.242453269476734956e+00 2.440346032024542922e+00 2.099426581043073892e+00 2.294214860346670104e+00 1.377318747771318908e+00
1.247952477591896425e+00 2.417446022536137384e+00 2.112093329695374777e+00 2.283454183448291541e+00 1.399286861533426851e+00
1.254512596207518094e+00 2.382300406338009768e+00 2.108716051758575460e+00 2.270071348263255295e+00 1.420355145177820688e+00
1.255769386976862467e+00 2.357547172875478658e+00 2.097086646047525704e+00 2.250573911587010478e+00 1.439221505898566456e+00
1.252532151896999846e+00 2.341282484249415319e+00 2.085468094925956972e+00 2.231390644718389993e+00 1.461718977371605277e+00
1.247210417423142648e+00 2.324975724071241423e+00 2.075987322154565717e+00 2.215998862317645646e+00 1.488095986363537016e+00
1.242011901375781768e+00 2.301478108893249441e+00 2.066938643736338843e+00 2.203210327130622481e+00 1.513684999912286111e+00
1.237817102600096586e+00 2.265991952941835308e+00 2.057679047459684885e+00 2.190788454640356431e+00 1.532262181121032407e+00
1.237547513644547070e+00 2.215797040819532437e+00 2.060392278572691360e+00 2.185667973325919444e+00 1.540397733451889462e+00
1.243465014998671681e+00 2.180214510863665467e+00 2.078015846190410798e+00 2.190240053845590840e+00 1.542962037768041306e+00
1.255930826939842371e+00 2.164843623055747290e+00 2.099056120434980244e+00 2.195119424129727381e+00 1.550520341118937662e+00
1.272870018457029628e+00 2.160867724318381811e+00 2.116850537032147539e+00 2.198217505662189097e+00 1.567666645569209205e+00
1.287857966060908188e+00 2.164624165816302792e+00 2.134038044549765534e+00 2.204705246385678219e+00 1.586909907365918082e+00
1.300000000000000044e+00 2.169999999999999929e+00 2.154999999999999805e+00 2.209999999999999964e+00 1.600000000000000089e+00
