8.699999999999999956e-01 2.740000000000000213e+00 1.850000000000000089e+00 2.629999999999999893e+00 1.350000000000000089e+00
9.015670239802004993e-01 2.753541979849539523e+00 1.871484461354932849e+00 2.612867836106789632e+00 1.376237862358623998e+00
9.388049517512030429e-01 2.774614390631447769e+00 1.898253002766622677e+00 2.599059574921876781e+00 1.377146805326964651e+00
9.608367590081366982e-01 2.789289300450942033e+00 1.886288990413924171e+00 2.567792517379459127e+00 1.377740786446053356e+00
9.640433084492603388e-01 2.802203751629756212e+00 1.911033797008723667e+00 2.571793991487452580e+00 1.342503505743611214e+00
9.675847450325045784e-01 2.797559281079905258e+00 1.914919141552185344e+00 2.581027374999390389e+00 1.295806004246291776e+00
9.723019201302771641e-01 2.776736016370415783e+00 1.914811035750623391e+00 2.575079433029273002e+00 1.255560098460585028e+00
9.853607370592313286e-01 2.736936451111474877e+00 1.931540527347841651e+00 2.536385938969293541e+00 1.245191136348722916e+00
1.003031675832979364e+00 2.696836410724320565e+00 1.950385047279425299e+00 2.499740091372725015e+00 1.241563846677141036e+00
1.022764874114385769e+00 2.655521699450236639e+00 1.969344548463465960e+00 2.465358233459539417e+00 1.236504931760133319e+00
1.042208463232672022e+00 2.615630859471361092e+00 1.989575759650187070e+00 2.431400162402592713e+00 1.230929798606755110e+00
1.061848104908446278e+00 2.581396083096180405e+00 2.013529560955033659e+00 2.400832000605674921e+00 1.219695116364260645e+00
1.099994772617705285e+00 2.545003813321335073e+00 2.028762401420184158e+00 2.394715755499852161e+00 1.206833667652801756e+00
1.135747525416392456e+00 2.508458888680768162e+00 2.039256484017390569e+00 2.370361640785226154e+00 1.223233416601397172e+00
1.176820400354432028e+00 2.484666075662745666e+00 2.048317343202193719e+00 2.340129998132235656e+00 1.234168908527950803e+00
1.221233735140798693e+00 2.470193139200529853e+00 2.060190248866365259e+00 2.315522669405544853e+00 1.244097766022359552e+00
1.267260494709147922e+00 2.483698610181622968e+00 2.080051252764786529e+00 2.314018928605271697e+00 1.253119122829376542e+00
1.297317027081342999e+00 2.469840428327118698e+00 2.102171329872919436e+00 2.317178919395832537e+00 1.283300803396085987e+00
1.324317063796994098e+00 2.452312905139091725e+00 2.123645913194577073e+00 2.320167861476764237e+00 1.315297706093156327e+00
1.338792417893985176e+00 2.425791653977025675e+00 2.139728428076046018e+00 2.316169462069943119e+00 1.354150835214524840e+00
1.334695066361394122e+00 2.390701148873641380e+00 2.109397809792428191e+00 2.301132304708024545e+00 1.371864596543286297e+00
1.318938014662750735e+00 2.375227658477081061e+00 2.121787398202620079e+00 2.259563828118806406e+00 1.395742776421810660e+00
1.302360786508264923e+00 2.357257662025527445e+00 2.143144072437873415e+00 2.227979151198881347e+00 1.421489459461078741e+00
1.285740961053288167e+00 2.338628028800227909e+00 2.165291470428537757e+00 2.198039240028158758e+00 1.447490966105094978e+00
1.269689129959807872e+00 2.306523789429843596e+00 2.173919050977866085e+00 2.166286284736740342e+00 1.477057703842053815e+00
1.258435151218235681e+00 2.249391112727662900e+00 2.176157641477106441e+00 2.145847021209467798e+00 1.490995494737183069e+00
1.283718638788141631e+00 2.233934611678976001e+00 2.179520427150216211e+00 2.171037135931355611e+00 1.526132485440231834e+00
1.294453460332230188e+00 2.203089000509382611e+00 2.165269708182227859e+00 2.190385784251611234e+00 1.562189323465321245e+00
1.300000000000000044e+00 2.169999999999999929e+00 2.154999999999999805e+00 2.209999999999999964e+00 1.600000000000000089e+00
