8.699999999999999956e-01 2.740000000000000213e+00 1.850000000000000089e+00 2.629999999999999893e+00 1.350000000000000089e+00
8.974387517477404597e-01 2.759982611086061688e+00 1.852267807115940412e+00 2.611786758722744572e+00 1.355345801345981371e+00
9.266738793107450745e-01 2.762918591510227451e+00 1.858408596350062725e+00 2.595046542246232324e+00 1.363045594422416240e+00
9.499350540983759750e-01 2.774324427013546313e+00 1.873576758189764879e+00 2.580028714774288634e+00 1.359437840586038559e+00
9.652034520319219268e-01 2.768606338040208836e+00 1.885530613056549898e+00 2.566518192546514587e+00 1.336039175123922895e+00
9.710216945177709835e-01 2.772950342553593739e+00 1.898811480184464662e+00 2.557938244226976465e+00 1.307364892012477409e+00
9.648523573469376391e-01 2.782408894899819352e+00 1.905977793735096570e+00 2.538198439450541244e+00 1.280302710806068500e+00
9.712834264928454919e-01 2.741270012229805708e+00 1.905208573888216073e+00 2.535644711225056636e+00 1.263639619958027094e+00
9.884373370152037541e-01 2.717959491450473219e+00 1.922084145994868987e+00 2.522921392225586423e+00 1.259794829895401147e+00
1.001793220682861696e+00 2.715275895461507716e+00 1.943210896739239413e+00 2.506089210327357986e+00 1.256299954554495502e+00
1.015486026267099495e+00 2.714595729685532088e+00 1.964177821198028084e+00 2.488860292653283679e+00 1.253721893668156229e+00
1.030477047434314120e+00 2.711913914517663837e+00 1.984557347037757324e+00 2.471666733831935137e+00 1.250893495978401271e+00
1.047845490097529364e+00 2.703459167541238273e+00 2.002731050163427007e+00 2.454230138855538534e+00 1.244967083181580669e+00
1.066678808048356464e+00 2.685586759339993801e+00 2.012196702786495983e+00 2.434637706538061774e+00 1.231149534711830196e+00
1.079472396498120323e+00 2.662943614567452322e+00 2.003511852000243287e+00 2.412612032867428535e+00 1.215161315349059024e+00
1.087597036430620445e+00 2.641322498300670230e+00 1.987551366413073728e+00 2.389695946381070968e+00 1.215077250154520838e+00
1.102454246480549349e+00 2.619767738380348820e+00 1.985426530022815106e+00 2.365116194009139861e+00 1.226824577142726858e+00
1.122711800721412079e+00 2.602949615389980931e+00 1.998968258555384514e+00 2.345163497451630885e+00 1.230683627956550730e+00
1.144387979527375254e+00 2.586578043631805102e+00 2.014493176532324181e+00 2.329427620445214675e+00 1.227788059764641782e+00
1.167705648850542177e+00 2.566674415087518479e+00 2.027798564501673617e+00 2.314413082487115414e+00 1.223449697089480814e+00
1.191847165139348519e+00 2.544171092245135934e+00 2.039483443203021551e+00 2.299871949884728206e+00 1.218693645191394559e+00
1.215763688592013114e+00 2.519436126313787661e+00 2.051367277683913581e+00 2.286961395143765063e+00 1.215779132643489691e+00
1.236284484443923803e+00 2.489459129010525906e+00 2.063703928453174186e+00 2.278569828542653219e+00 1.222369898151889345e+00
1.247371533139625344e+00 2.456213704254178065e+00 2.074045130259806413e+00 2.278119313223763154e+00 1.243892582065873276e+00
1.250857062712425360e+00 2.429290351337439979e+00 2.084003258323876118e+00 2.281726415356538862e+00 1.271446986760852882e+00
1.252233654293441134e+00 2.408436265430613510e+00 2.095047331775324206e+00 2.284917869478778840e+00 1.300579086811154417e+00
1.253789055948924203e+00 2.387328550613855072e+00 2.101728882576301416e+00 2.286066636034738586e+00 1.331896966895927736e+00
1.255434329664875115e+00 2.365541941240527635e+00 2.102242095193616045e+00 2.281128656945443645e+00 1.363956435810595114e+00
1.255465702487535751e+00 2.351665540907672103e+00 2.106136935022144829e+00 2.264452625773524019e+00 1.393949592364708057e+00
1.253966874454369940e+00 2.348127239207509209e+00 2.115395517349979215e+00 2.241680033582098108e+00 1.419527553410743881e+00
1.253643178481214537e+00 2.347175192781014275e+00 2.122159861946435022e+00 2.216855782323195800e+00 1.445030951981611800e+00
1.257474623494409638e+00 2.339111076351472640e+00 2.127189687388886696e+00 2.192188166489899892e+00 1.470082987397803853e+00
1.265375392884082739e+00 2.307960424640709274e+00 2.139690384752631847e+00 2.179484112877275948e+00 1.488786117288559252e+00
1.267543640327205789e+00 2.256980075765252725e+00 2.145581342503709799e+00 2.180359192211176467e+00 1.499452239153102440e+00
1.268297275247138423e+00 2.212990286535883033e+00 2.137825028072427358e+00 2.175697234379507350e+00 1.517575916495917054e+00
1.279994996072487012e+00 2.185786335845120387e+00 2.136057062078826174e+00 2.179048112525658443e+00 1.545435698130340096e+00
1.293808090114406451e+00 2.176580716796254311e+00 2.145909113850102745e+00 2.194621737099248904e+00 1.570801630157059314e+00
1.300000000000000044e+00 2.169999999999999929e+00 2.154999999999999805e+00 2.209999999999999964e+00 1.600000000000000089e+00
