8.699999999999999956e-01 2.740000000000000213e+00 1.850000000000000089e+00 2.629999999999999893e+00 1.350000000000000089e+00
8.932303756814150564e-01 2.751604001070155459e+00 1.864070630428384501e+00 2.619565576277871788e+00 1.339220460998706841e+00
9.167890564650015284e-01 2.765883490655755228e+00 1.877707984223449866e+00 2.612414732989215782e+00 1.327034326907697848e+00
9.417528465881742639e-01 2.789206293283038818e+00 1.884577586656963399e+00 2.609685855160049250e+00 1.311147749302032262e+00
9.604281772879488255e-01 2.830119586441016466e+00 1.891461235346589165e+00 2.614981060500538579e+00 1.311305719610852849e+00
9.722075141650272645e-01 2.822828318314752671e+00 1.881753040095388352e+00 2.602452349964303746e+00 1.292883665497053469e+00
9.655125357851602752e-01 2.791065879818101614e+00 1.886605842851376558e+00 2.587617042024928704e+00 1.270583549700968096e+00
9.710224824248285813e-01 2.774040163854995633e+00 1.895854867257271481e+00 2.558454693792981960e+00 1.258577695069904356e+00
9.804904588220787476e-01 2.767391604511658443e+00 1.913388731090471140e+00 2.537056189735216627e+00 1.249492308637051963e+00
9.933659403812094002e-01 2.763621425710205859e+00 1.931486110111371168e+00 2.520332139880152145e+00 1.237892875931439152e+00
1.007043498894392819e+00 2.760344816703451443e+00 1.949479579092103787e+00 2.504663565901581013e+00 1.225545789981450140e+00
1.020822676659316697e+00 2.757131815922837959e+00 1.967458065520224064e+00 2.489131811676022377e+00 1.213103942993698059e+00
1.037150609038466564e+00 2.748706768666263844e+00 1.981645741251254034e+00 2.469449590405471184e+00 1.200358199063006337e+00
1.046287560612135792e+00 2.736118852241430588e+00 1.996472427459242471e+00 2.446779668870077806e+00 1.187612632761515297e+00
1.047194460352029122e+00 2.735749503284973017e+00 1.994945239494994693e+00 2.414467229035090590e+00 1.184322030996844077e+00
1.052071855875346129e+00 2.733253828128066054e+00 1.974506077289432726e+00 2.417282648695907366e+00 1.194886854536529874e+00
1.057148539432593681e+00 2.691577011796764562e+00 1.982077560050733656e+00 2.415601967618993928e+00 1.213246478977550558e+00
1.069946457875563306e+00 2.656738560426585405e+00 1.976834777416768274e+00 2.391742181738151896e+00 1.210615208470131821e+00
1.079129356334647127e+00 2.618385057703910057e+00 1.974859480918556454e+00 2.367791142984214670e+00 1.216088863901670258e+00
1.084917118890159626e+00 2.634163469465663265e+00 1.987460184220892323e+00 2.352536288246741325e+00 1.195982533216835897e+00
1.091733088672290020e+00 2.622928783016213128e+00 2.002216270775838414e+00 2.351643859366782774e+00 1.173789438735910240e+00
1.112248388787381748e+00 2.593543574433150312e+00 2.014229901574787984e+00 2.358974721595452184e+00 1.175220665459193681e+00
1.139587115511873527e+00 2.577611444334873436e+00 2.024888612104770225e+00 2.348813375547373017e+00 1.179853136534280589e+00
1.164782758133544593e+00 2.566382150243675220e+00 2.037272648267486552e+00 2.335419824926373789e+00 1.186598888694361920e+00
1.188523280580959351e+00 2.554065072897555577e+00 2.051044829544074410e+00 2.324239825481480004e+00 1.195881144182078915e+00
1.212299917760101708e+00 2.540940315462991261e+00 2.064425929918256131e+00 2.313673901978448022e+00 1.206281833022117445e+00
1.235647314427709809e+00 2.526093655656796333e+00 2.072904079844255953e+00 2.304793783799212292e+00 1.223369815728296173e+00
1.245324963530273887e+00 2.511592023031618215e+00 2.068635348149804098e+00 2.305705868829719840e+00 1.255488647671383795e+00
1.256775915065291294e+00 2.484125517720405352e+00 2.070943822970510162e+00 2.293770286409066550e+00 1.279921672039691760e+00
1.266290399007835799e+00 2.445853844334659577e+00 2.077229929843982692e+00 2.273242965375697366e+00 1.288361826364244012e+00
1.267425669720388282e+00 2.404151724941924861e+00 2.082585762440000376e+00 2.260562239009149987e+00 1.304879060660939283e+00
1.264296698073558822e+00 2.374278508499251483e+00 2.084941753262445463e+00 2.257940706161687405e+00 1.334235787169811172e+00
1.265970548616630165e+00 2.347551089130542223e+00 2.090196642400368177e+00 2.259838499500585129e+00 1.363888593438833174e+00
1.270637042493291569e+00 2.318680000706650368e+00 2.100399362776701473e+00 2.257905311312019325e+00 1.387765598440833914e+00
1.266172715880416577e+00 2.305543521715283983e+00 2.109662252463273546e+00 2.242135321153433836e+00 1.415415031596847895e+00
1.258659865867717942e+00 2.292887362153921416e+00 2.119328853116539513e+00 2.223970933239136194e+00 1.440583602342597969e+00
1.247792098684314954e+00 2.279222040188156662e+00 2.127690458844222032e+00 2.202579938190714515e+00 1.461858908089335163e+00
1.250769630596773929e+00 2.256329338530811413e+00 2.127420208474915420e+00 2.189398463074307521e+00 1.489813335236545688e+00
1.266665302439605290e+00 2.235145766381809285e+00 2.129312284285826529e+00 2.193714722400362138e+00 1.517571054109332795e+00
1.277537535461659823e+00 2.213050757560195425e+00 2.137341074383095396e+00 2.196736239102456523e+00 1.545737532012065873e+00
1.288768767730829934e+00 2.191525378780097899e+00 2.146170537191547822e+00 2.203368119551228244e+00 1.572868766006032981e+00
1.300000000000000044e+00 2.169999999999999929e+00 2.154999999999999805e+00 2.209999999999999964e+00 1.600000000000000089e+00
