8.699999999999999956e-01 2.740000000000000213e+00 1.850000000000000089e+00 2.629999999999999893e+00 1.350000000000000089e+00
8.897500456904999799e-01 2.761000620442207953e+00 1.856614793568483357e+00 2.614834243286487503e+00 1.325601076269268042e+00
9.092241669470304544e-01 2.792201720602453641e+00 1.866519232615240886e+00 2.603871940215337411e+00 1.305597428841582808e+00
9.185371667380182181e-01 2.844197513074423700e+00 1.858113408090734220e+00 2.607429783575259119e+00 1.312482384717373440e+00
9.471593743058931425e-01 2.858784577154964257e+00 1.863472556108417333e+00 2.591556783123722063e+00 1.297327663968684819e+00
9.645898085031191505e-01 2.852516343996428727e+00 1.878217620591571269e+00 2.573892460153553330e+00 1.275923060742433890e+00
9.764973378542811666e-01 2.840173419874686633e+00 1.898069206905753425e+00 2.553224660303123450e+00 1.262875180112121853e+00
9.876444711943049848e-01 2.833751265424067967e+00 1.920726238239729211e+00 2.532245511525814230e+00 1.259692264822195096e+00
1.008366066761384960e+00 2.841909107889501129e+00 1.940690644886932770e+00 2.515575173692613742e+00 1.256107241450414191e+00
1.035980106072396101e+00 2.841429895742435985e+00 1.956219328602852858e+00 2.502030093151869750e+00 1.248607270426439708e+00
1.056776213542934828e+00 2.813078384179464209e+00 1.968899006393486806e+00 2.486718020682972430e+00 1.237464301476769668e+00
1.063831967646813981e+00 2.765430319208275201e+00 1.977205389245562550e+00 2.471543118093550984e+00 1.226130923562456010e+00
1.070042598421921731e+00 2.724148894050941294e+00 1.965790328015154298e+00 2.460690514102513049e+00 1.211520251367178780e+00
1.074553934051675430e+00 2.705895223852304188e+00 1.966505384708654880e+00 2.430357174923599928e+00 1.195997582784224189e+00
1.076638521825571404e+00 2.679379120374109746e+00 1.969894777689627174e+00 2.395799636285952605e+00 1.189190081089296358e+00
1.078573274734265119e+00 2.643813270207719057e+00 1.968729771661904993e+00 2.365181664244277560e+00 1.196375107533458548e+00
1.080694525597222011e+00 2.607224116857929541e+00 1.963228303116266948e+00 2.347352883361502496e+00 1.218546906592230528e+00
1.083021999706206495e+00 2.575040988853469326e+00 1.955791046058969807e+00 2.343683899057466657e+00 1.248419833301219972e+00
1.092094986420667269e+00 2.565224538900454654e+00 1.964084625093567515e+00 2.350013628585007730e+00 1.240432201520041744e+00
1.091847466328361937e+00 2.573230076209409134e+00 1.988188233296671825e+00 2.348859591696438986e+00 1.220457610278416372e+00
1.088009845672752496e+00 2.581829961564999110e+00 2.016228660088647651e+00 2.352654679188465270e+00 1.215851366999641359e+00
1.090935767182993121e+00 2.606138161370781692e+00 2.040299327866994972e+00 2.361204423316566547e+00 1.204368601708973197e+00
1.108225157305235298e+00 2.625753957793075521e+00 2.059763826518871799e+00 2.363459426568368382e+00 1.187597975616638823e+00
1.137965390726474180e+00 2.605145671901487603e+00 2.071108466647194390e+00 2.355063033978970211e+00 1.182624895373714624e+00
1.164610811741226382e+00 2.567833040876962958e+00 2.074506410236142351e+00 2.343300053925054360e+00 1.188079973225872443e+00
1.192825005665924643e+00 2.536447883936157499e+00 2.077321812010977986e+00 2.330162093940429280e+00 1.196428798337884070e+00
1.223316045132110119e+00 2.516507129002344190e+00 2.082257725957093797e+00 2.318325801279687681e+00 1.208997063908182179e+00
1.250351338727641037e+00 2.503979028777668425e+00 2.090574077476080372e+00 2.310617361459782693e+00 1.230192807630358987e+00
1.266280240259551215e+00 2.491032623280023728e+00 2.102426463200491202e+00 2.306136472186389064e+00 1.259452802132650318e+00
1.270702818765579112e+00 2.470327064298807329e+00 2.114393994413847011e+00 2.300919499831038273e+00 1.290936653084513885e+00
1.269673316462774260e+00 2.438965515890426872e+00 2.121592820366842602e+00 2.294439235603216609e+00 1.321641566919093735e+00
1.266680318680630579e+00 2.403004502306322454e+00 2.121165904053146978e+00 2.288485470414541645e+00 1.351793103450786404e+00
1.260236208356423360e+00 2.379290062037589859e+00 2.125752613307321237e+00 2.271441007060158057e+00 1.380783639438403210e+00
1.254458363537282573e+00 2.371506808842983371e+00 2.142177903276022199e+00 2.247434393317380596e+00 1.400703603715973244e+00
1.247540907558711165e+00 2.353155997599898352e+00 2.150077372834816369e+00 2.222717296862185332e+00 1.425240322020026706e+00
1.239768695504604112e+00 2.328739977483656354e+00 2.145550742639079633e+00 2.201694224164373992e+00 1.451728115869916458e+00
1.240805629982524305e+00 2.299740816187046288e+00 2.129471206469152111e+00 2.199100161439687007e+00 1.476131073673699445e+00
1.255005109617975068e+00 2.270184628725644860e+00 2.115524131336943281e+00 2.217915849443940601e+00 1.490124943255341394e+00
1.266328524087136920e+00 2.228028991602868381e+00 2.113468043618117242e+00 2.217625488661973510e+00 1.513476325614084406e+00
1.277369696326351445e+00 2.206344683754021041e+00 2.127361105624134385e+00 2.212030905504328349e+00 1.541377256883377012e+00
1.288684848163175634e+00 2.188172341877010485e+00 2.141180552812067095e+00 2.211015452752163934e+00 1.570688628441688550e+00
1.300000000000000044e+00 2.169999999999999929e+00 2.154999999999999805e+00 2.209999999999999964e+00 1.600000000000000089e+00
