8.699999999999999956e-01 2.740000000000000213e+00 1.850000000000000089e+00 2.629999999999999893e+00 1.350000000000000089e+00
8.963866963034327062e-01 2.736905445008825044e+00 1.854471291683962964e+00 2.612275826912881627e+00 1.344756624714159354e+00
9.224817118149490902e-01 2.742179529773094870e+00 1.865032401699483255e+00 2.600179593225434793e+00 1.345237753665034175e+00
9.444218766836722789e-01 2.742531646509537069e+00 1.877061813052140815e+00 2.586292548323684048e+00 1.335382562417672059e+00
9.568296517871436313e-01 2.745937263468912981e+00 1.884955296521318546e+00 2.575700679850001062e+00 1.311487757989080905e+00
9.635789661303494347e-01 2.764387722837683192e+00 1.892027122515945736e+00 2.574408845030311532e+00 1.285986395315003250e+00
9.839605393607034900e-01 2.760284817201569041e+00 1.895653708106473045e+00 2.551252110138682028e+00 1.282911510211392603e+00
9.974537048217433366e-01 2.736327684561045359e+00 1.909385489416707271e+00 2.534700307110178574e+00 1.284587067265900551e+00
1.010346844128410471e+00 2.727462667778820737e+00 1.925333818596684843e+00 2.519157515863216457e+00 1.273066836573350624e+00
1.021705794292060654e+00 2.727775647261034386e+00 1.939544857691335444e+00 2.501365622385799625e+00 1.257855383174109942e+00
1.033264157662292959e+00 2.727713572584245405e+00 1.953483792587083157e+00 2.483208662651839926e+00 1.242669741222769408e+00
1.045924653792510206e+00 2.725437263933703669e+00 1.965733067609649609e+00 2.463033804618406375e+00 1.227755014496075603e+00
1.061772652107194626e+00 2.713889711421970663e+00 1.970958300080625003e+00 2.437541839901052665e+00 1.216917250064979639e+00
1.071848356272346647e+00 2.693129070750933884e+00 1.985023814287019572e+00 2.417566391279310611e+00 1.221666298294221908e+00
1.074438801007233879e+00 2.673369844192222899e+00 2.002690372826909648e+00 2.400421755676767521e+00 1.226403655970081941e+00
1.079638735411770467e+00 2.649356244575196140e+00 2.018213339927169336e+00 2.381959005777048777e+00 1.230572464806622968e+00
1.091389334106713127e+00 2.627732983095821595e+00 2.035015837696161345e+00 2.368903829880245393e+00 1.234477134666326581e+00
1.109905438572396985e+00 2.610363459764561966e+00 2.050950873497292104e+00 2.360825565819189897e+00 1.239063820993048903e+00
1.133495182536794710e+00 2.595683160312350246e+00 2.063780050270098698e+00 2.353082979122467666e+00 1.243175766050883979e+00
1.159770678977146696e+00 2.581093642034852920e+00 2.072823280598852236e+00 2.342886647451678517e+00 1.245308063831026990e+00
1.186457768903530274e+00 2.564390047332126610e+00 2.078356905006879529e+00 2.330019744187775022e+00 1.245003519175369666e+00
1.211948973297577226e+00 2.544864237588138067e+00 2.081839479332184162e+00 2.315151062013200978e+00 1.242309724010516980e+00
1.235417776981369897e+00 2.522103857724576681e+00 2.086538779050774117e+00 2.299586347428578037e+00 1.238927038421850479e+00
1.254954938562857336e+00 2.493817394835282641e+00 2.095384171860787514e+00 2.286436718574468951e+00 1.241178103493395746e+00
1.266046504958892038e+00 2.459091853389268945e+00 2.103412868189804996e+00 2.277786522705103955e+00 1.254227571586347789e+00
1.269208086429077120e+00 2.422337457070222744e+00 2.100347613925422685e+00 2.268416561132735598e+00 1.271496545870931749e+00
1.269298056320879997e+00 2.393757940221748814e+00 2.087858858787441818e+00 2.259080859362171623e+00 1.288079740888053770e+00
1.268540501095704265e+00 2.366896663112804333e+00 2.077515266752102630e+00 2.255139362928511915e+00 1.309229054131651582e+00
1.267989776037375727e+00 2.345782818492330613e+00 2.082479108061229489e+00 2.251107179155826366e+00 1.332567139691914759e+00
1.270248736091495356e+00 2.350253304650923081e+00 2.103075177168339138e+00 2.245086815694337545e+00 1.345055585422687772e+00
1.273125419594995478e+00 2.353735555960402959e+00 2.119802301266664912e+00 2.241178238437695924e+00 1.365169269290854137e+00
1.273566772890786680e+00 2.343205233084802774e+00 2.131773068672487614e+00 2.234682470727963999e+00 1.389642391657471387e+00
1.272363062692996927e+00 2.326552150532096963e+00 2.140948005734576221e+00 2.226118951678370372e+00 1.414402215407716046e+00
1.269729804656988925e+00 2.307984066894651409e+00 2.147369611602210515e+00 2.216566684091873629e+00 1.439681588255310674e+00
1.264989247422709351e+00 2.289127921304788149e+00 2.148510258897750713e+00 2.206488998472019958e+00 1.465665127048581873e+00
1.258686463452599602e+00 2.269229602243874488e+00 2.141273866434790563e+00 2.196573107469806718e+00 1.489454023923828752e+00
1.256551215816764877e+00 2.244001905148344189e+00 2.130788554480562258e+00 2.187482329224593069e+00 1.509373000518827279e+00
1.265480336468509437e+00 2.219896563773918086e+00 2.133928085102471783e+00 2.181527254842615449e+00 1.533191779181956260e+00
1.277310758895148224e+00 2.204242401999976675e+00 2.145833526979878059e+00 2.183719146622673968e+00 1.554449917141609294e+00
1.289213166965631929e+00 2.186893384567760723e+00 2.152292373675427140e+00 2.194922648486630656e+00 1.577086039446673693e+00
1.300000000000000044e+00 2.169999999999999929e+00 2.154999999999999805e+00 2.209999999999999964e+00 1.600000000000000089e+00
