8.699999999999999956e-01 2.740000000000000213e+00 1.850000000000000089e+00 2.629999999999999893e+00 1.350000000000000089e+00
9.004586206391665959e-01 2.750069064574827138e+00 1.874135903714659435e+00 2.616585730856678449e+00 1.352021136174340832e+00
9.363436512659001343e-01 2.762364300327908140e+00 1.887845033502776992e+00 2.595739389781316131e+00 1.365990527370932961e+00
9.485091657694332268e-01 2.758875590364366026e+00 1.903966932622209951e+00 2.577767446441522559e+00 1.334487058295355189e+00
9.538401091022141731e-01 2.756433109498678036e+00 1.930728521258565200e+00 2.573730247342376654e+00 1.309178807093713592e+00
9.618021203582567402e-01 2.753621723739754223e+00 1.960133495523169955e+00 2.562551783831208407e+00 1.293597457773372650e+00
9.711826478141908359e-01 2.787999213937184528e+00 1.961751949416651986e+00 2.553183123552706490e+00 1.257801937002076320e+00
9.855077855059320990e-01 2.818099906688725120e+00 1.964893811399656354e+00 2.535503067492942186e+00 1.223190100936350388e+00
1.006507484317572310e+00 2.798842144507875940e+00 1.978487106025275555e+00 2.506439038887056547e+00 1.205475991017906034e+00
1.029977791053991787e+00 2.769263838515331422e+00 1.992255394223317655e+00 2.476583047444628871e+00 1.195021947852719091e+00
1.058594674568296590e+00 2.748088390356004496e+00 2.008442287470286303e+00 2.448621697813991194e+00 1.191755125381409153e+00
1.065941595192475111e+00 2.693095448183909557e+00 1.997275049387853496e+00 2.434642850810710080e+00 1.187665173436257993e+00
1.076755504851279799e+00 2.641264030255626949e+00 2.003178166591468301e+00 2.415232879959256174e+00 1.195689885068742964e+00
1.094160937456109650e+00 2.629281919913537546e+00 2.030245356058938189e+00 2.396959492412689130e+00 1.200663279753977575e+00
1.117949038526602212e+00 2.597977213967648247e+00 2.050960545709987315e+00 2.376895524755573419e+00 1.201367577486483373e+00
1.153326051930676499e+00 2.565939502865703936e+00 2.062987332554557796e+00 2.357337588125314021e+00 1.203560911273207745e+00
1.195234018825721556e+00 2.550498005711208549e+00 2.073162386372969568e+00 2.337964022611557002e+00 1.206589746424624909e+00
1.233984994434848437e+00 2.536490267146279010e+00 2.083742230535481355e+00 2.315492039134502633e+00 1.212637767693276913e+00
1.258720417734769281e+00 2.503500138860939028e+00 2.096154024521852843e+00 2.293138350296509920e+00 1.231423011270014634e+00
1.272683572640363803e+00 2.460582396246790093e+00 2.107747125696266099e+00 2.279050280896587122e+00 1.258258910840654332e+00
1.289592090978187722e+00 2.422212225602535351e+00 2.117595132478331976e+00 2.275831323172342824e+00 1.290028387529000842e+00
1.310915294087114935e+00 2.396870493195659702e+00 2.124191758984860456e+00 2.283090708899214949e+00 1.325559132000006635e+00
1.328654953043234777e+00 2.376794072708153127e+00 2.125704200028740054e+00 2.293635851991497443e+00 1.363999584679453037e+00
1.334296449406203511e+00 2.352574276752080085e+00 2.123556058767682941e+00 2.294020163984922256e+00 1.404942495982778539e+00
1.319954705521607208e+00 2.338292578039378622e+00 2.128448500070320382e+00 2.274343095574387075e+00 1.441427522727348087e+00
1.299126450589932258e+00 2.338852018680453337e+00 2.143700935317169431e+00 2.246460592966182279e+00 1.464829617358342828e+00
1.274733631902563502e+00 2.339971181195739991e+00 2.155293664107339691e+00 2.214520740933550336e+00 1.483712272153317580e+00
1.260225392114782794e+00 2.301173014713331355e+00 2.152202791822109607e+00 2.185869208427122956e+00 1.504331547085207665e+00
1.271971674382709860e+00 2.250393921012766807e+00 2.153344991731193758e+00 2.190466551464523626e+00 1.534243715549373333e+00
1.287434785646677016e+00 2.210195846610213621e+00 2.150005466001644550e+00 2.206274835147543190e+00 1.565222677418517838e+00
1.300000000000000044e+00 2.169999999999999929e+00 2.154999999999999805e+00 2.209999999999999964e+00 1.600000000000000089e+00
