8.699999999999999956e-01 2.740000000000000213e+00 1.850000000000000089e+00 2.629999999999999893e+00 1.350000000000000089e+00
8.972601983346789600e-01 2.774945639213965531e+00 1.864894182843842341e+00 2.605100939746431088e+00 1.376024555983224484e+00
9.366585693153370862e-01 2.793413489932514704e+00 1.888079876122884082e+00 2.580555010071443611e+00 1.381898289022361670e+00
9.470808132642533073e-01 2.835448852368778194e+00 1.886262721618719995e+00 2.575566159494565799e+00 1.344507487421279235e+00
9.545250387495194389e-01 2.814934171005783359e+00 1.892913027850390062e+00 2.576410681849476081e+00 1.299070519378134225e+00
9.696094360773176435e-01 2.778961883365365537e+00 1.904572605851151845e+00 2.551000502255893476e+00 1.265575297512931741e+00
9.892410301995269162e-01 2.745807481705522690e+00 1.914812980720815405e+00 2.510736573748748590e+00 1.244144801070888873e+00
1.013568674657269408e+00 2.706423796713333552e+00 1.923585818484223831e+00 2.471718308329030389e+00 1.228816665130397556e+00
1.039772053639059557e+00 2.660162563438503103e+00 1.940064485792224014e+00 2.439671380755587649e+00 1.219911461354352689e+00
1.071117079322404297e+00 2.621735776094900494e+00 1.964158971893553263e+00 2.414009871619479330e+00 1.216721663620330185e+00
1.112530689947446527e+00 2.606317081088887377e+00 1.988150076871026295e+00 2.393411040596047368e+00 1.213107921550922841e+00
1.157618951317367362e+00 2.607111225846276970e+00 2.010658435227226093e+00 2.376926968407246044e+00 1.207456803426141922e+00
1.201024721356278802e+00 2.599350955247633266e+00 2.034954211789163914e+00 2.358810330420678447e+00 1.204279547528189331e+00
1.235286408600751340e+00 2.563789070361198075e+00 2.057305521440560891e+00 2.335565685598263386e+00 1.210728055829665584e+00
1.256182988857966976e+00 2.509032753104571078e+00 2.070235531192241130e+00 2.312637759437910834e+00 1.229764821883088555e+00
1.271717518783940459e+00 2.455188617288755815e+00 2.072417942374535027e+00 2.298076670119463483e+00 1.260292227682578980e+00
1.288482695566247616e+00 2.413105270945536951e+00 2.067974409376985623e+00 2.294627698353560952e+00 1.297943402877696162e+00
1.307161110804850424e+00 2.382386840446373277e+00 2.069712186255791675e+00 2.296400313320535069e+00 1.338968279601914446e+00
1.317926885084685029e+00 2.367754748015827637e+00 2.092363068449738073e+00 2.291397651920125789e+00 1.378010534636104678e+00
1.310019526886339492e+00 2.366876860166196472e+00 2.121510530135827022e+00 2.269278553225288153e+00 1.410321137148681681e+00
1.292855841349225487e+00 2.363116122754654658e+00 2.139499066173577102e+00 2.236515204488354946e+00 1.442411718616288363e+00
1.278686751802351251e+00 2.349077239124543137e+00 2.160653605195347549e+00 2.203350134009867123e+00 1.472633306796073294e+00
1.259644903570597219e+00 2.306808316482905852e+00 2.179248506996278145e+00 2.170410628431847400e+00 1.490173534309921610e+00
1.256104281142285561e+00 2.242135890091781381e+00 2.176573885734153890e+00 2.142252941314335857e+00 1.507309894735126221e+00
1.268383435583672725e+00 2.234455160097306603e+00 2.200668592542106339e+00 2.161680850931244624e+00 1.542294528369947848e+00
1.282177397091369464e+00 2.207380697221998922e+00 2.177558278137521786e+00 2.188524403495378134e+00 1.572315299079102946e+00
1.300000000000000044e+00 2.169999999999999929e+00 2.154999999999999805e+00 2.209999999999999964e+00 1.600000000000000089e+00
