8.699999999999999956e-01 2.740000000000000213e+00 1.850000000000000089e+00 2.629999999999999893e+00 1.350000000000000089e+00
9.020058491672621193e-01 2.746902723799185875e+00 1.873963765382921753e+00 2.609778874261276638e+00 1.320823123445357350e+00
9.356103096899482940e-01 2.739225482550852409e+00 1.898776345392239939e+00 2.591888398144367667e+00 1.292972842245603493e+00
9.590375694260474537e-01 2.696707585902744508e+00 1.918776905333352767e+00 2.569333222237132563e+00 1.271978882916173559e+00
9.830273097791635273e-01 2.706264017868052818e+00 1.933997750033626950e+00 2.523335138602250893e+00 1.261836231779823514e+00
1.011046842072042651e+00 2.674430577268737785e+00 1.944746149070444297e+00 2.483899917238655775e+00 1.245334297149126579e+00
1.039066374364921774e+00 2.642597136669423197e+00 1.955494548107261421e+00 2.444464695875060212e+00 1.228832362518429644e+00
1.059416939541489411e+00 2.582704926069301798e+00 1.958363126144527122e+00 2.417690019573245586e+00 1.223207367377211252e+00
1.091105572104460464e+00 2.559476834663400702e+00 1.985614471988810470e+00 2.396236859912817430e+00 1.210396172055266506e+00
1.136639266732739850e+00 2.584175793619646111e+00 1.989228477564767283e+00 2.367556569765076446e+00 1.197676352203849381e+00
1.190000750914181005e+00 2.573456073813620293e+00 1.995754199525351824e+00 2.345626346104380922e+00 1.195687031928170274e+00
1.222493906824238863e+00 2.528853285999696610e+00 2.019740131167690134e+00 2.335333982343182235e+00 1.206528037421723543e+00
1.242398676196808216e+00 2.482267558853882949e+00 2.045729487089782417e+00 2.317629803499902330e+00 1.221900556094062118e+00
1.262081024960770126e+00 2.436753461345913419e+00 2.073147895262629881e+00 2.299437985110340144e+00 1.235299278243217502e+00
1.283873836435283078e+00 2.385281727829014820e+00 2.061738144425181662e+00 2.301130829014331081e+00 1.259676494660692869e+00
1.305730730541099449e+00 2.365781728737839096e+00 2.078513213976969087e+00 2.308520786474318243e+00 1.301708214119430718e+00
1.329489996338772073e+00 2.360875528379540178e+00 2.098534480310038752e+00 2.311162952648114555e+00 1.343544868361147726e+00
1.330925832018075017e+00 2.380179721108521829e+00 2.106566822572211173e+00 2.308148579177010884e+00 1.392357552597923709e+00
1.304646989863917028e+00 2.376370692256990935e+00 2.099639377902924320e+00 2.300560146798842798e+00 1.436181514789705016e+00
1.294016596657977969e+00 2.379350238473744383e+00 2.134292548608232032e+00 2.273382798882904954e+00 1.458211042838993166e+00
1.286670274179461115e+00 2.390347417262554508e+00 2.166786739356407754e+00 2.248206769977247443e+00 1.485512884195140382e+00
1.278227636364589914e+00 2.361324839512818574e+00 2.192365053855494850e+00 2.213552978245741709e+00 1.500380755190863669e+00
1.268828613576546527e+00 2.304532707124500757e+00 2.172936812612098034e+00 2.187732538544816308e+00 1.494631789695232360e+00
1.270508322464961370e+00 2.251348227219760911e+00 2.153050845881392839e+00 2.180209304496712353e+00 1.520736529395398717e+00
1.284449689812264150e+00 2.208627833764204684e+00 2.151957298488386794e+00 2.193134362195220177e+00 1.560205895653454577e+00
1.300000000000000044e+00 2.169999999999999929e+00 2.154999999999999805e+00 2.209999999999999964e+00 1.600000000000000089e+00
