8.699999999999999956e-01 2.740000000000000213e+00 1.850000000000000089e+00 2.629999999999999893e+00 1.350000000000000089e+00
8.925361236211869498e-01 2.778162093275710287e+00 1.863457512568632568e+00 2.624068508077286754e+00 1.346014683260361888e+00
9.168124447876495609e-01 2.826071464512768916e+00 1.864621082365243598e+00 2.619696236944361711e+00 1.346426844733450201e+00
9.374908475620490345e-01 2.858809526968210335e+00 1.873842394871669370e+00 2.610667740466885878e+00 1.361905474119556425e+00
9.554311781687512273e-01 2.881829448395869520e+00 1.894509765371772847e+00 2.603147184998114927e+00 1.361992040257496761e+00
9.739909913674577036e-01 2.900256135433657345e+00 1.913788408414627940e+00 2.591950741100954136e+00 1.352990454954217103e+00
9.952797512865989571e-01 2.916733723220236385e+00 1.929414599206647374e+00 2.574024217081797961e+00 1.345695383807639089e+00
1.018746943788326753e+00 2.923293838698495239e+00 1.937760224378444640e+00 2.547772220745430971e+00 1.343897756422083312e+00
1.034257314990361554e+00 2.902545210576332746e+00 1.930781920284905251e+00 2.518527273936722821e+00 1.347052843475776474e+00
1.041415284605523128e+00 2.857101119738012507e+00 1.923911999592091915e+00 2.496179009756897216e+00 1.355709574905590964e+00
1.046835561547803106e+00 2.801833959160267895e+00 1.928049992197274909e+00 2.489470964433686540e+00 1.369191609112909491e+00
1.050310031633439056e+00 2.740407806245879652e+00 1.935642800976450584e+00 2.486750409285345853e+00 1.366415677197702072e+00
1.051068732840154896e+00 2.711791924393141429e+00 1.942633637552662940e+00 2.476063751992722217e+00 1.341585159326891263e+00
1.051894069995970904e+00 2.696919968879878837e+00 1.947532467611246432e+00 2.461589159967897622e+00 1.313580042418279747e+00
1.053619340622030220e+00 2.678562177261855748e+00 1.950801592146293117e+00 2.444204464826472023e+00 1.286874907939303814e+00
1.056919891329874295e+00 2.650440202487267971e+00 1.953212822122768699e+00 2.420460878606071731e+00 1.266177485120801416e+00
1.062564377673760108e+00 2.613217996798980813e+00 1.956999653530564709e+00 2.391871200638874040e+00 1.256836756413899803e+00
1.072136946216210251e+00 2.570855845135739060e+00 1.964082626196613113e+00 2.366063324553471681e+00 1.253646216666080004e+00
1.093634175994127045e+00 2.531213435155332370e+00 1.970279413205381802e+00 2.348071445557157855e+00 1.253162029609978356e+00
1.126156850325902070e+00 2.512534757440446409e+00 1.973013268464407943e+00 2.337524617451658404e+00 1.254129624374209273e+00
1.160265570015786007e+00 2.509695736563739121e+00 1.978732115254708823e+00 2.328705526601353881e+00 1.252224550090569766e+00
1.190439872427049073e+00 2.508629574095592840e+00 1.992338309598416846e+00 2.320692960918684378e+00 1.250433654334721201e+00
1.213313727294264899e+00 2.502816316564194565e+00 2.011679030859354622e+00 2.315772837173478038e+00 1.258052030069208849e+00
1.227460786947624838e+00 2.490461344149162315e+00 2.029805913992572375e+00 2.316293598901026929e+00 1.276955905494722598e+00
1.236295815376378782e+00 2.474590481072253212e+00 2.045459873764128300e+00 2.320870254741095984e+00 1.300283549279834805e+00
1.241559081536346643e+00 2.459602804007004373e+00 2.061916959210588818e+00 2.326048507223375861e+00 1.323858958588801649e+00
1.242406599039594273e+00 2.449170176139262800e+00 2.078782645053031342e+00 2.328569640853791256e+00 1.348259116061715224e+00
1.238984851075473737e+00 2.450689556416136838e+00 2.088339661683817461e+00 2.321523088554312775e+00 1.376466820075314068e+00
1.247022346302952167e+00 2.453120486759548413e+00 2.070850635591123812e+00 2.310397516115765271e+00 1.366084035964924448e+00
1.256500908185077758e+00 2.424343779915319796e+00 2.058171739937376454e+00 2.292881256485760133e+00 1.381260283480917117e+00
1.257655935770747746e+00 2.402946390409177901e+00 2.060869688368012209e+00 2.267897553184843318e+00 1.402934920912650707e+00
1.259382446059056582e+00 2.385379336971350739e+00 2.070849777080590037e+00 2.243561217102704397e+00 1.422786945497988897e+00
1.260047594846328334e+00 2.365317806093498731e+00 2.088630895514801189e+00 2.224405826872249747e+00 1.437912337557589737e+00
1.257494306975482479e+00 2.319473152902052693e+00 2.101577654150985630e+00 2.207943873458707795e+00 1.444402009817691956e+00
1.254517213293497857e+00 2.262141089239702918e+00 2.096939581588860513e+00 2.191161992660369151e+00 1.446766834399853208e+00
1.257130107132418351e+00 2.213238509325573755e+00 2.103143192770765779e+00 2.175925676870907655e+00 1.459008400220086710e+00
1.265919267825981409e+00 2.192172263373580066e+00 2.124485552469017158e+00 2.172253439995358359e+00 1.473822003833362482e+00
1.274072589285103474e+00 2.188326364842897664e+00 2.145890530921534811e+00 2.175105687084666339e+00 1.491931125803582781e+00
1.280447406466491245e+00 2.192995284592129668e+00 2.161186593595183059e+00 2.182359284575499991e+00 1.516703499443054159e+00
1.288025868332941970e+00 2.201347358668863663e+00 2.166773453523639148e+00 2.194693640028511972e+00 1.544933413881983686e+00
1.297060181454239514e+00 2.200037717653513969e+00 2.162507236366142394e+00 2.207370847991764862e+00 1.573293255225631126e+00
1.300000000000000044e+00 2.169999999999999929e+00 2.154999999999999805e+00 2.209999999999999964e+00 1.600000000000000089e+00
