8.699999999999999956e-01 2.740000000000000213e+00 1.850000000000000089e+00 2.629999999999999893e+00 1.350000000000000089e+00
8.928788629543341626e-01 2.755971337561834655e+00 1.859261617676305267e+00 2.620196663906816603e+00 1.342792426125893890e+00
9.135701645608688137e-01 2.778551163809876989e+00 1.869272389607995244e+00 2.614834545236999208e+00 1.333369715410810397e+00
9.318476733302344384e-01 2.801848740715048081e+00 1.879160222802256586e+00 2.608833734303272589e+00 1.320305633671494894e+00
9.537434028961386812e-01 2.812386211741273456e+00 1.880457664763618642e+00 2.593617788340167873e+00 1.307195814248232502e+00
9.646818619561434716e-01 2.790866313404565702e+00 1.886028091191077616e+00 2.580756438633832417e+00 1.287328898394954679e+00
9.734311078444055632e-01 2.772770577376301837e+00 1.894464939181663254e+00 2.566722675517729257e+00 1.266944229407880762e+00
9.840308092903476966e-01 2.760595493941075951e+00 1.904944652790045323e+00 2.549537930820330534e+00 1.250355391771909686e+00
9.956204098196299590e-01 2.751516732215864014e+00 1.916263350198523785e+00 2.530231782558139297e+00 1.237285222856001177e+00
1.007662990166151351e+00 2.743570726096283163e+00 1.927510292537647718e+00 2.509641278086841787e+00 1.226107471427661189e+00
1.019940957388924652e+00 2.735759738459439205e+00 1.938657154730718979e+00 2.488487654219226464e+00 1.215929411331401200e+00
1.032185175835184765e+00 2.727580805808067055e+00 1.950293374628533583e+00 2.467407966909962447e+00 1.206837303549423090e+00
1.043766161042572360e+00 2.718410994576962558e+00 1.963330616016230934e+00 2.446981177913558625e+00 1.200052393143415275e+00
1.053705437845976700e+00 2.707337044316030283e+00 1.978289410406682158e+00 2.427897072568255155e+00 1.198946371184867798e+00
1.066226949731068796e+00 2.689836477063473730e+00 1.991287919804362705e+00 2.409484076802196117e+00 1.201978500253963134e+00
1.082271033208343614e+00 2.661784553736030734e+00 1.997266469914924958e+00 2.392231498552358726e+00 1.207031386678746543e+00
1.094391870410657885e+00 2.633854383542452382e+00 2.004770241743789594e+00 2.376866453684886693e+00 1.219641465754782939e+00
1.104766536444809377e+00 2.630688920095385352e+00 2.000282505977592162e+00 2.353503979644589350e+00 1.215468803211491533e+00
1.118270747617696514e+00 2.630168680643551582e+00 1.990132001734721046e+00 2.341783931970156107e+00 1.198188244598787255e+00
1.141362714376431109e+00 2.615548296917334703e+00 1.992983264632251172e+00 2.330166470546836788e+00 1.187847048168115149e+00
1.163065748598854032e+00 2.596986177203760793e+00 2.004321705823691957e+00 2.321551695103020396e+00 1.186959861253266357e+00
1.183216550125356648e+00 2.578820191794563232e+00 2.017252456118018067e+00 2.313924384148695612e+00 1.190499340932845040e+00
1.202356707380080492e+00 2.560968302690621812e+00 2.030213679051731557e+00 2.306161030879340768e+00 1.197686201907079528e+00
1.219472815336164473e+00 2.542112674084074264e+00 2.042487582373024413e+00 2.298162870590362061e+00 1.209534431039462676e+00
1.232754649449414153e+00 2.520301636569035164e+00 2.052875977053240764e+00 2.290536590041217568e+00 1.226969809977997983e+00
1.240803568747089525e+00 2.494660422981501480e+00 2.060074943950346515e+00 2.284376881747348431e+00 1.249085850925217622e+00
1.244964261716675624e+00 2.466529006093783671e+00 2.064804993085361140e+00 2.280091510078745110e+00 1.272974563686885219e+00
1.248611664681422262e+00 2.437014174436510139e+00 2.069920125179049109e+00 2.276796529707132866e+00 1.296231765568878203e+00
1.256353409019940415e+00 2.404887342338815959e+00 2.078820578237331684e+00 2.272147258288510496e+00 1.312925734355371077e+00
1.267886326193845115e+00 2.372476702263114134e+00 2.082809679228867061e+00 2.263127331220442962e+00 1.305629759090664033e+00
1.268988717335647776e+00 2.349058496657749906e+00 2.077533140505947618e+00 2.254565140361762143e+00 1.329890894719475192e+00
1.267225860123076808e+00 2.334207247645014416e+00 2.076283254978946058e+00 2.245753325384426180e+00 1.357673084176208578e+00
1.264357684698965700e+00 2.317389925594624867e+00 2.076654749461062988e+00 2.233945032438203082e+00 1.383947441631190323e+00
1.260763043767227032e+00 2.299984700706787510e+00 2.080832079728054396e+00 2.221169890379313561e+00 1.408837887425433255e+00
1.257609558868280741e+00 2.284284227843267789e+00 2.089702068057743833e+00 2.210140895261489824e+00 1.432472395515247188e+00
1.256347883494791207e+00 2.271287874480345081e+00 2.101788438722177244e+00 2.202893961349722485e+00 1.455355075512180019e+00
1.258067940975317711e+00 2.260125604201133065e+00 2.114496616922520555e+00 2.200118748132367852e+00 1.478748520809037403e+00
1.263105830561141563e+00 2.248853311901636953e+00 2.125411492094673171e+00 2.201265826483608468e+00 1.503553392293142554e+00
1.270773564492773788e+00 2.235107773331341363e+00 2.133532654826634456e+00 2.204548470234530377e+00 1.529239189052811643e+00
1.279801141972087830e+00 2.216697525575618499e+00 2.140170216856536189e+00 2.207583133201903358e+00 1.554329716974704123e+00
1.289281602409924066e+00 2.193465137150423239e+00 2.147586153442238466e+00 2.208910137493960146e+00 1.577476323406833636e+00
1.300000000000000044e+00 2.169999999999999929e+00 2.154999999999999805e+00 2.209999999999999964e+00 1.600000000000000089e+00
