8.699999999999999956e-01 2.740000000000000213e+00 1.850000000000000089e+00 2.629999999999999893e+00 1.350000000000000089e+00
9.211523085038799685e-01 2.779424875064335776e+00 1.902106746186485564e+00 2.602231903819852032e+00 1.355791635623061042e+00
9.581593153054821510e-01 2.814232093919878164e+00 1.925894659645346563e+00 2.574578028503591298e+00 1.300790774933020977e+00
9.696654530248862702e-01 2.809079179443880747e+00 1.921466126973807809e+00 2.566869074065748713e+00 1.276902108644884848e+00
9.755640832741145907e-01 2.807395258499623569e+00 1.919832221455668009e+00 2.563182550610374033e+00 1.263108198729027354e+00
9.843545379410685303e-01 2.781373453737535417e+00 1.939352089953232383e+00 2.551354411316339554e+00 1.254185123661329060e+00
9.941003226795732672e-01 2.731231681767208208e+00 1.960279900388738339e+00 2.527780820521352556e+00 1.246946560406781979e+00
9.973276740921463990e-01 2.718374245399929556e+00 1.964611134139692128e+00 2.520611892308092461e+00 1.244592204217156661e+00
1.009815129333248684e+00 2.692030291719710977e+00 1.969332505572948921e+00 2.498425960731138762e+00 1.235890118313494712e+00
1.040300451789652803e+00 2.598992652292710925e+00 1.976795365123114490e+00 2.427619862213582280e+00 1.224241124634279920e+00
1.054098465300748355e+00 2.568136443816185999e+00 1.983549212229976932e+00 2.405853649936719574e+00 1.222330624377186759e+00
1.068304704553507234e+00 2.559071375709770724e+00 1.995464328198068849e+00 2.401594808458910268e+00 1.223534053370953334e+00
1.067041687393221805e+00 2.582290736205648862e+00 2.015699403069981521e+00 2.412566461090786873e+00 1.210256377405239503e+00
1.072004197864333763e+00 2.596442465338808514e+00 2.028412655115455987e+00 2.416418649690517562e+00 1.209770205004710331e+00
1.093495162942960341e+00 2.595769928659140025e+00 2.039309547479754681e+00 2.406399141361507343e+00 1.212867383604046889e+00
1.197526538579286592e+00 2.540826098404558309e+00 2.063100250248545819e+00 2.318944861102867794e+00 1.218799072489173518e+00
1.220253530782419160e+00 2.529009925190651042e+00 2.068711047260823221e+00 2.299240070466816110e+00 1.219981500701033728e+00
1.245326417605005620e+00 2.515025036552598348e+00 2.076607986217688051e+00 2.282327810329330742e+00 1.221905833924652907e+00
1.264698683271179735e+00 2.489105724867276770e+00 2.082386284068303617e+00 2.275706988357118377e+00 1.231756992180707444e+00
1.308996153303205290e+00 2.419716374135724823e+00 2.086124417293266475e+00 2.292753149681187708e+00 1.298940014565128864e+00
1.331234961129555083e+00 2.379749846179918471e+00 2.088589689606014321e+00 2.308819155209559604e+00 1.341712504105897263e+00
1.315826615156558299e+00 2.389615541189160641e+00 2.121531282352861592e+00 2.302345143074082223e+00 1.396234153103184328e+00
1.307238678809371057e+00 2.396883101939474514e+00 2.134107477600688529e+00 2.295224367377395325e+00 1.413665995297981759e+00
1.297454983711973098e+00 2.396264466997622744e+00 2.154743745828883839e+00 2.273779584828761635e+00 1.437648916239924635e+00
1.279180750231072139e+00 2.362070419872144278e+00 2.210120071713790324e+00 2.200043257150511966e+00 1.495511164846394347e+00
1.276012918544994212e+00 2.355360815243781047e+00 2.219926281746359198e+00 2.186633437178858497e+00 1.505978271256492640e+00
1.279629101482569808e+00 2.313361985155193867e+00 2.201493649535672503e+00 2.160888708183280826e+00 1.513672296758442837e+00
1.291115379178515932e+00 2.296645100199728784e+00 2.194912595559261881e+00 2.164454383672705262e+00 1.523975355232575657e+00
1.293454579925382042e+00 2.266334785990397283e+00 2.185337276779891980e+00 2.175404721448618073e+00 1.542237954785590448e+00
1.300000000000000044e+00 2.169999999999999929e+00 2.154999999999999805e+00 2.209999999999999964e+00 1.600000000000000089e+00
