8.699999999999999956e-01 2.740000000000000213e+00 1.850000000000000089e+00 2.629999999999999893e+00 1.350000000000000089e+00
9.071302009080440820e-01 2.737157540173328130e+00 1.888363170550301895e+00 2.616110015286002177e+00 1.375959079184707168e+00
9.509584445738474834e-01 2.775064068936095030e+00 1.911643367728237175e+00 2.580925201916056899e+00 1.390687658517775649e+00
9.704786962394641447e-01 2.805663217421946243e+00 1.911785470761838468e+00 2.579402756831559174e+00 1.385937059215816891e+00
9.779925585013046208e-01 2.832144648169838685e+00 1.908525411794519844e+00 2.590521948330047675e+00 1.361832193227684451e+00
9.776950699799933364e-01 2.847690724678155760e+00 1.910546779784723093e+00 2.597200383502413334e+00 1.332751655196959595e+00
9.637712457885713180e-01 2.791870699725545357e+00 1.900519999376287572e+00 2.572389491956537988e+00 1.265501419660229221e+00
9.650468193460174371e-01 2.767980709816406204e+00 1.913692948712241160e+00 2.569702978786175152e+00 1.245482233150440043e+00
9.845887180041565934e-01 2.733947259044755551e+00 1.942431271080386823e+00 2.546776572534205751e+00 1.233021597468267450e+00
9.979216309800201801e-01 2.707635829537075711e+00 1.952727887366052961e+00 2.524511447645986006e+00 1.227673319651316985e+00
1.058644619562408629e+00 2.595019767800440746e+00 2.006193928937001658e+00 2.423076117163336818e+00 1.212724030275520004e+00
1.063052199967065459e+00 2.586902628535786786e+00 2.010141307851845305e+00 2.415736111009197273e+00 1.211684493277788155e+00
1.080907822394270301e+00 2.568785317465239526e+00 2.016227217812303074e+00 2.395039516997309548e+00 1.210371242285640525e+00
1.109090828633757742e+00 2.550640514435433381e+00 2.018631946343404149e+00 2.374681729067243285e+00 1.211337537310465340e+00
1.134333060938448767e+00 2.537094640290300962e+00 2.024693251300305086e+00 2.361186091929598163e+00 1.217061037522993328e+00
1.233402853892624940e+00 2.482881312673064222e+00 2.052383967833737888e+00 2.317709991494952160e+00 1.263960477895245127e+00
1.247412607868773282e+00 2.475406332261448572e+00 2.057083870098895595e+00 2.312447802937122265e+00 1.271098213382467312e+00
1.262347604617688468e+00 2.469086983092764864e+00 2.066597075245649506e+00 2.311687720408949431e+00 1.281268090671789039e+00
1.309119845723718090e+00 2.430791456155716901e+00 2.101075353479454400e+00 2.307340203128109835e+00 1.348239591102742718e+00
1.318375241363523021e+00 2.406241077905142856e+00 2.106782169383758507e+00 2.305542959325787233e+00 1.372305325884007887e+00
1.314875908449928188e+00 2.373749931449183226e+00 2.111880522574320462e+00 2.295950013199545392e+00 1.394628820689358228e+00
1.310850197458830912e+00 2.361985926320494311e+00 2.119308927147991461e+00 2.285664669288750339e+00 1.404870150637551385e+00
1.277332463189541301e+00 2.311538022135720016e+00 2.181183456296616807e+00 2.192470144008619393e+00 1.458762469404269790e+00
1.268524540140615553e+00 2.298753589545504461e+00 2.193060123069811240e+00 2.169598319249181007e+00 1.473815552135357532e+00
1.259202875390672105e+00 2.297818110558256244e+00 2.194721757218436320e+00 2.153446459373558053e+00 1.496191051128949123e+00
1.252623769587303038e+00 2.290070468748977905e+00 2.200406130485930589e+00 2.156700503903951738e+00 1.526324739820877685e+00
1.262840474863644147e+00 2.268693215493966520e+00 2.193936610986176650e+00 2.171276389005390328e+00 1.542018167151434804e+00
1.269943870017609555e+00 2.249827072665268268e+00 2.186493509041893546e+00 2.178678773984040973e+00 1.553101943624981995e+00
1.300000000000000044e+00 2.169999999999999929e+00 2.154999999999999805e+00 2.209999999999999964e+00 1.600000000000000089e+00
