8.699999999999999956e-01 2.740000000000000213e+00 1.850000000000000089e+00 2.629999999999999893e+00 1.350000000000000089e+00
8.976884856555223946e-01 2.744881834306856394e+00 1.878550276832618326e+00 2.607080239570325642e+00 1.374542648607352202e+00
9.264527623950495894e-01 2.775949407667983593e+00 1.904461891109097360e+00 2.587539737269297646e+00 1.394240949060610468e+00
9.545246941505154403e-01 2.798610005619745600e+00 1.913022694969881199e+00 2.579288532995978489e+00 1.358155574566855872e+00
9.637506475238822867e-01 2.798354873093808592e+00 1.912725092799763660e+00 2.580210589674954313e+00 1.310423417036223892e+00
9.659401397617525253e-01 2.774812829214284626e+00 1.907271142753525384e+00 2.577203418060645124e+00 1.264873476875362668e+00
9.796492594508336982e-01 2.733600325026999123e+00 1.916900691653735223e+00 2.543620708524026774e+00 1.240652522512121214e+00
1.004290424111567548e+00 2.704557228883300191e+00 1.930624264442718507e+00 2.503206894528952731e+00 1.226119183451636285e+00
1.029731158581519201e+00 2.670372283522450374e+00 1.942497644933795176e+00 2.463716386343798082e+00 1.214102810707061275e+00
1.051899400659244366e+00 2.624776803216543275e+00 1.958346549121033675e+00 2.430245697595760479e+00 1.205238556988168286e+00
1.070697792962561623e+00 2.575627770520665827e+00 1.985511839036021575e+00 2.409697361827120687e+00 1.197669176078913988e+00
1.104796872141242448e+00 2.544284496643525628e+00 2.011586409227217764e+00 2.387361493967563586e+00 1.195481512834003279e+00
1.146149561432796338e+00 2.524319361820345886e+00 2.029445956787368388e+00 2.360829769815935730e+00 1.200450114399956192e+00
1.188528581320764888e+00 2.506754562109946960e+00 2.043105972917651947e+00 2.333632484961087883e+00 1.210641788492143878e+00
1.229529181819034811e+00 2.488699982211648454e+00 2.051637124349504404e+00 2.314720411031813807e+00 1.233853109220722999e+00
1.264061431217217812e+00 2.466515633297522658e+00 2.058416540734394395e+00 2.309345302599363325e+00 1.267147375775350193e+00
1.291110135435496353e+00 2.456668640847678553e+00 2.068768466476107015e+00 2.301554876052536169e+00 1.306753740825596477e+00
1.314563257287080233e+00 2.453855874809819593e+00 2.077322575679487304e+00 2.298714558580844169e+00 1.349516624295947542e+00
1.322572657746011071e+00 2.438229862046180862e+00 2.092696007325320906e+00 2.291571273043285561e+00 1.393154570460763741e+00
1.316711495318566794e+00 2.423300954815565067e+00 2.126782834661331112e+00 2.271271373884452327e+00 1.421084697676171515e+00
1.306521911789810808e+00 2.406298960066906023e+00 2.162532502588840444e+00 2.243704590211340388e+00 1.441553030429442828e+00
1.291106490313936872e+00 2.379268740596994114e+00 2.189504437908395218e+00 2.214389699458318095e+00 1.465421063385561995e+00
1.271190934622594693e+00 2.328495689134993274e+00 2.196346530891398530e+00 2.189905783743525625e+00 1.486468869383518632e+00
1.252890146848666619e+00 2.287181192508197292e+00 2.207585809624632134e+00 2.151182150302128893e+00 1.500721946224689907e+00
1.274105460842165360e+00 2.272233103148347144e+00 2.242824992480433099e+00 2.161125570891024417e+00 1.517187939325635337e+00
1.288310398207282326e+00 2.236576519361157533e+00 2.221354224019846502e+00 2.181538043814462036e+00 1.547708939417584251e+00
1.294443145968422249e+00 2.203153458376720941e+00 2.188510711096071759e+00 2.195998605047228658e+00 1.574044022094717166e+00
1.300000000000000044e+00 2.169999999999999929e+00 2.154999999999999805e+00 2.209999999999999964e+00 1.600000000000000089e+00
