8.699999999999999956e-01 2.740000000000000213e+00 1.850000000000000089e+00 2.629999999999999893e+00 1.350000000000000089e+00
8.891783624256037744e-01 2.741436926010761610e+00 1.858355487404524276e+00 2.612583950065858307e+00 1.331223964915368985e+00
9.098711491494058112e-01 2.738785340526701528e+00 1.862712400959963377e+00 2.595186499258422153e+00 1.311435398145067932e+00
9.291309008068586728e-01 2.748845550726292775e+00 1.869978361769895958e+00 2.582749511723782643e+00 1.289495789704150575e+00
9.495614801791751880e-01 2.751686199209570471e+00 1.879104340750600510e+00 2.565693085486680403e+00 1.273269534865838715e+00
9.691080040570474452e-01 2.761846536404550800e+00 1.891497810506729715e+00 2.552352750876031973e+00 1.258681541335592513e+00
9.877686795941956754e-01 2.768828824452954862e+00 1.902727462332139519e+00 2.537056720132170096e+00 1.241594662674738725e+00
1.005444784536791980e+00 2.765382409536971675e+00 1.913130460341296857e+00 2.518261953634255867e+00 1.225446615960945840e+00
1.021910151951286094e+00 2.754578980630064677e+00 1.923210779930615733e+00 2.498054398335840531e+00 1.210809992500668120e+00
1.037058998385601782e+00 2.745229051397407360e+00 1.931852730195941170e+00 2.474368114511917849e+00 1.197482528895052578e+00
1.048544189553674011e+00 2.734278036962519476e+00 1.942151979973051779e+00 2.448553615278113327e+00 1.188209229319544535e+00
1.056119762577426124e+00 2.714069006513368798e+00 1.953596111213508735e+00 2.424164956160248519e+00 1.183705227866161280e+00
1.063541988689172602e+00 2.685821851837053131e+00 1.960370010102318483e+00 2.400114046818639491e+00 1.180782397226458613e+00
1.071454545749685350e+00 2.653031924513133077e+00 1.961506404208513299e+00 2.377069804595253633e+00 1.179537121288994905e+00
1.077410594160596258e+00 2.617697538441499994e+00 1.962559094237103841e+00 2.355355439397528450e+00 1.182038119977122159e+00
1.080032733229865594e+00 2.580281693033714241e+00 1.964026949687609935e+00 2.334902395269554898e+00 1.180848778310065628e+00
1.090878820608173205e+00 2.566482226601842775e+00 1.970120926877571677e+00 2.333189049031631601e+00 1.161506102656158612e+00
1.106540217493400258e+00 2.582184113479645049e+00 1.985132924506721297e+00 2.341737513086135092e+00 1.147821107769882998e+00
1.127915627494543216e+00 2.588601672123715502e+00 2.002101791512823414e+00 2.344831391632593576e+00 1.149031214270383350e+00
1.151954913036162154e+00 2.578861188125174397e+00 2.015381236186147618e+00 2.343143512440916787e+00 1.159039812150689519e+00
1.175435106796968387e+00 2.562197610245699586e+00 2.026149047898376132e+00 2.338446794763354042e+00 1.171921407812095195e+00
1.197430472573346005e+00 2.543683886142356076e+00 2.036191425056009585e+00 2.329938248784491073e+00 1.185787631959461796e+00
1.217036562804665323e+00 2.523831565601896809e+00 2.045311047055892839e+00 2.319313248525928017e+00 1.202477996640501923e+00
1.231026444446473578e+00 2.507569118311075762e+00 2.052492632513723159e+00 2.311201896496622776e+00 1.228455017960037532e+00
1.231298633632488038e+00 2.503646037393784773e+00 2.040497213469884663e+00 2.308806196725308624e+00 1.251055017572832995e+00
1.238303491760791353e+00 2.473038809150990502e+00 2.035694532183351946e+00 2.296459619215085013e+00 1.271792787728986962e+00
1.244849694349112301e+00 2.439586094058360022e+00 2.037699295187967774e+00 2.288831661698371267e+00 1.294389393501456764e+00
1.249387405339817514e+00 2.409533419442813962e+00 2.042394787963409897e+00 2.282416525174328914e+00 1.319545373795769194e+00
1.252313549718604202e+00 2.387898931987784135e+00 2.051674088755018666e+00 2.273727388915383507e+00 1.345130590557615191e+00
1.254960857653810491e+00 2.375062303692689891e+00 2.068562072136832963e+00 2.265087539965247032e+00 1.363256249317827740e+00
1.256411984679647320e+00 2.347977115435598172e+00 2.079088758321507857e+00 2.271751628828050595e+00 1.384795479033642973e+00
1.255359209630589223e+00 2.326767448574460051e+00 2.085530654800472394e+00 2.259969490966255989e+00 1.412427235359700495e+00
1.253888623713873773e+00 2.309829797985205158e+00 2.094533525260527718e+00 2.241152997517672940e+00 1.435783326802835047e+00
1.251723095808809472e+00 2.294969054603428038e+00 2.105594226803530589e+00 2.219474162554239793e+00 1.454753098530562561e+00
1.249699455013463023e+00 2.281224885949113546e+00 2.120629677933199453e+00 2.198925527682284997e+00 1.468050519550138988e+00
1.254362254243011732e+00 2.255292006898035773e+00 2.136353311888883333e+00 2.191214557408551755e+00 1.479480911685488120e+00
1.259043016504810542e+00 2.222813343447532564e+00 2.122491427690967214e+00 2.185596488455065156e+00 1.490396692867555828e+00
1.256248378935300281e+00 2.219228531406460814e+00 2.104924259599875391e+00 2.200098988608967243e+00 1.502365398421601883e+00
1.264303701655290491e+00 2.210858243976941306e+00 2.113763482171211017e+00 2.215934762168192851e+00 1.528485933384761131e+00
1.275983588697984228e+00 2.197902429339984476e+00 2.128008451973926629e+00 2.215687715175486350e+00 1.552123616728227518e+00
1.287976256182978840e+00 2.184021028610413140e+00 2.141592887175292059e+00 2.212967970025627285e+00 1.575996823975180039e+00
1.300000000000000044e+00 2.169999999999999929e+00 2.154999999999999805e+00 2.209999999999999964e+00 1.600000000000000089e+00
