8.699999999999999956e-01 2.740000000000000213e+00 1.850000000000000089e+00 2.629999999999999893e+00 1.350000000000000089e+00
8.980333019945810902e-01 2.759259539180257903e+00 1.858590079360764147e+00 2.618276268955169517e+00 1.350069129596821682e+00
9.241146512293714199e-01 2.777415801207735679e+00 1.866577848094259195e+00 2.607504776432144400e+00 1.338242741536918912e+00
9.459974601421806684e-01 2.794257940923956074e+00 1.881792760707856171e+00 2.598627199360839857e+00 1.328554863793601326e+00
9.587663487207027657e-01 2.813856268447804343e+00 1.896047909192390080e+00 2.587269821869532471e+00 1.309543768649016560e+00
9.652132055555269208e-01 2.852208916802789318e+00 1.904039013225311994e+00 2.581381973643546601e+00 1.287554477699618394e+00
9.765064843146392670e-01 2.864922959377158573e+00 1.923212706447001707e+00 2.573766760665442632e+00 1.278907676803216820e+00
9.914205422556355840e-01 2.843423042411117763e+00 1.937525839325946908e+00 2.555731465391553048e+00 1.267245874609462142e+00
1.005221299906106758e+00 2.819203849918284099e+00 1.951650190818393193e+00 2.534840572996927222e+00 1.260042843367376264e+00
1.018975590319411095e+00 2.799879302124020697e+00 1.965435859608470226e+00 2.512161954078842463e+00 1.252160085544520740e+00
1.033117922582778903e+00 2.784912074722757591e+00 1.978281037408016196e+00 2.488257481684926997e+00 1.242862777909463423e+00
1.047896366270248958e+00 2.771047410907681030e+00 1.989159487438768359e+00 2.462693561789125685e+00 1.233565322782621765e+00
1.061338974812209957e+00 2.751665542641187123e+00 1.992383801600286608e+00 2.432269147655460984e+00 1.229736913439018364e+00
1.064271396597417318e+00 2.724882248515821281e+00 1.979541343582297053e+00 2.406393951283257504e+00 1.233930272086121605e+00
1.067210273533785836e+00 2.687124844091964615e+00 1.973106295931330578e+00 2.396651502366154762e+00 1.211298689893892666e+00
1.065121498133652977e+00 2.648890216989622459e+00 1.983485320851937628e+00 2.377223307498178340e+00 1.222077097728091699e+00
1.074658503645659513e+00 2.603211835143786956e+00 1.983793549156673164e+00 2.359189288770442428e+00 1.233681855288868423e+00
1.090285265956073335e+00 2.557113416351742607e+00 1.986058261009855164e+00 2.342455806721303713e+00 1.238835517878880133e+00
1.102966749341479646e+00 2.511140976681826675e+00 1.996732179880027935e+00 2.329306847393429525e+00 1.240461689108123711e+00
1.112008447195094618e+00 2.505814802934360763e+00 2.017848540849337624e+00 2.326931042186706211e+00 1.249591800421405496e+00
1.121477026776217967e+00 2.520894979760292642e+00 2.040492768901527310e+00 2.328053591587794902e+00 1.258638283628836341e+00
1.138077302750314157e+00 2.532844748606539298e+00 2.061851290806033798e+00 2.326887463383577437e+00 1.261723110085780419e+00
1.163234508637309705e+00 2.534885478923980529e+00 2.077590933678581386e+00 2.322796481377988442e+00 1.257116604946503235e+00
1.194109925459190924e+00 2.529483911224166715e+00 2.083266593203187078e+00 2.318235406327956660e+00 1.249185527708512877e+00
1.221759011586954102e+00 2.514731493100872850e+00 2.072648712495516854e+00 2.315232728736082546e+00 1.245937294722399002e+00
1.237335930080869062e+00 2.478494364191548449e+00 2.059465814434030762e+00 2.306952972586112871e+00 1.255779710660477111e+00
1.244546182196266670e+00 2.451110464076277307e+00 2.068055730800051784e+00 2.297114654114066568e+00 1.279297268401902166e+00
1.249549441645175563e+00 2.437937681263548040e+00 2.081659577795190508e+00 2.291306642275754424e+00 1.305277678304097799e+00
1.254278501002326074e+00 2.428240290650162780e+00 2.095778757192278796e+00 2.286874643753517233e+00 1.331579538915419469e+00
1.267224479176043861e+00 2.413967714774630569e+00 2.111960136148332001e+00 2.271085461272862815e+00 1.344750376276658388e+00
1.263442660190501110e+00 2.405062426029404232e+00 2.131718372029147268e+00 2.272196536441207559e+00 1.359161826516882332e+00
1.260919534668732300e+00 2.390830443251204418e+00 2.135813199502739845e+00 2.266162321225404064e+00 1.390119279596734092e+00
1.260248834929235118e+00 2.369446735004837379e+00 2.136459550150906495e+00 2.257489184930230763e+00 1.419957677270896168e+00
1.259587786806120047e+00 2.342030283654775502e+00 2.140066376565765704e+00 2.242378643083509981e+00 1.445492155031403714e+00
1.255206703723447781e+00 2.309652240511841370e+00 2.145416122505176659e+00 2.219199570689461165e+00 1.462133428066429985e+00
1.244375955215496932e+00 2.279114963532733906e+00 2.147776250037250367e+00 2.198418495029643704e+00 1.476657264737402553e+00
1.244519578827896655e+00 2.253586262639189819e+00 2.153013984047062124e+00 2.201161083474727942e+00 1.505186451254550750e+00
1.246057711306358229e+00 2.213015016602293272e+00 2.145175884566201674e+00 2.203707612425125806e+00 1.526875614498140132e+00
1.248573807012566927e+00 2.171325783890075911e+00 2.128244428959886747e+00 2.197880374255993363e+00 1.532218669237529696e+00
1.270749446041806063e+00 2.150903371916346174e+00 2.128763043420670353e+00 2.198005374016706703e+00 1.553585406249345935e+00
1.286453840701199391e+00 2.157852302995508342e+00 2.141892955123274600e+00 2.203625082256465806e+00 1.576497988625236379e+00
1.300000000000000044e+00 2.169999999999999929e+00 2.154999999999999805e+00 2.209999999999999964e+00 1.600000000000000089e+00
