8.699999999999999956e-01 2.740000000000000213e+00 1.850000000000000089e+00 2.629999999999999893e+00 1.350000000000000089e+00
9.030568858935079657e-01 2.757607486516161277e+00 1.863562375018271711e+00 2.614972657775484155e+00 1.360166463176543550e+00
9.376590376545685945e-01 2.782014777520566362e+00 1.868856401550526014e+00 2.592247480243827340e+00 1.359878680386124472e+00
9.490643742126464444e-01 2.823705445568060135e+00 1.884593042611354408e+00 2.581891034300884513e+00 1.341567121095810666e+00
9.621729518279322768e-01 2.831135506270741953e+00 1.896433635644210636e+00 2.565410810748628645e+00 1.308863515099942809e+00
9.741952333229981775e-01 2.829936885038097927e+00 1.921164140846317370e+00 2.550273230741735730e+00 1.292431284332210550e+00
9.889592994445762786e-01 2.809755397622255124e+00 1.942755939587876401e+00 2.525989364374046975e+00 1.281808425833645515e+00
1.007626535671486634e+00 2.776857649418165153e+00 1.956508110379886478e+00 2.497143447791486448e+00 1.271401874364233686e+00
1.028527829403706351e+00 2.740795480901140557e+00 1.968033914653565253e+00 2.469534085375434174e+00 1.260637911742648720e+00
1.049543673265091126e+00 2.704377287595852053e+00 1.979822152154294024e+00 2.441974758080823094e+00 1.250942577040947024e+00
1.051006570972172094e+00 2.670063861921273762e+00 1.987186464949482367e+00 2.416635253232438441e+00 1.270258726334199340e+00
1.060487625777730258e+00 2.648939625133853504e+00 1.974742256888576408e+00 2.415360359050058747e+00 1.248834696023960689e+00
1.083834947870441434e+00 2.642227511503348225e+00 1.996327246914931353e+00 2.406912482704664846e+00 1.232699932211654303e+00
1.100049438910718269e+00 2.629569149536330919e+00 2.016617691437717852e+00 2.398451933415885584e+00 1.216529500956047061e+00
1.120646687284690302e+00 2.591937675044628797e+00 2.009923454213793814e+00 2.387388333076360780e+00 1.197020710958464962e+00
1.150809490518553080e+00 2.556415351464083940e+00 2.013763233085888338e+00 2.367191907072074830e+00 1.202455381151046554e+00
1.177734499778855470e+00 2.529809689129804529e+00 2.029324352875935933e+00 2.344353980895642398e+00 1.205995509217673511e+00
1.204820256281851298e+00 2.503428333111337611e+00 2.044948242595046040e+00 2.321642976302428441e+00 1.208415568682100982e+00
1.231434196707640094e+00 2.474662061126793766e+00 2.058738380917017441e+00 2.299798169391222835e+00 1.208936183868082326e+00
1.249555814313063173e+00 2.423440647670096038e+00 2.057995582234389609e+00 2.281263765367712359e+00 1.222938618928139931e+00
1.248337053020592613e+00 2.369927693528653290e+00 2.051437914714792754e+00 2.268883845354376483e+00 1.244623006232641549e+00
1.248800284164178986e+00 2.340518483659823623e+00 2.041819526875227275e+00 2.267385028115189716e+00 1.279224460603173519e+00
1.251323069526965259e+00 2.334618388953600743e+00 2.040843707782867167e+00 2.273153418104621792e+00 1.319768210515386064e+00
1.252204490050045749e+00 2.326196682430392570e+00 2.050393863433473740e+00 2.281923061910943407e+00 1.357769986999498135e+00
1.254891765616892751e+00 2.298200517395787568e+00 2.062246762059385841e+00 2.292212299382203611e+00 1.390504419182641227e+00
1.257342846402116132e+00 2.305697491606137461e+00 2.087926094537626565e+00 2.274427855512869190e+00 1.386999150652268975e+00
1.250676230260373334e+00 2.317359184382405068e+00 2.106611679171846330e+00 2.242119277712663283e+00 1.404114635519492671e+00
1.253550610743444871e+00 2.319760233105795155e+00 2.120182150860796533e+00 2.222552271017451897e+00 1.437142446651868521e+00
1.261068341143225524e+00 2.310766471977709013e+00 2.120486153083020131e+00 2.203692587046560902e+00 1.474378502297287064e+00
1.262535176176313056e+00 2.300971484013395685e+00 2.112605432369609737e+00 2.178538419697207296e+00 1.508296298201786900e+00
1.258186471917448923e+00 2.279779504271488566e+00 2.107141855368129590e+00 2.149638386483411878e+00 1.538968211146185094e+00
1.245176727854153009e+00 2.234242341717421976e+00 2.093375121323763910e+00 2.127236023681574828e+00 1.546671244752514607e+00
1.253046857496263211e+00 2.195881215969257116e+00 2.104154634375098532e+00 2.120588269401537218e+00 1.567923059418911969e+00
1.269471364389862300e+00 2.217921050874218647e+00 2.122065716404101909e+00 2.149662130016935180e+00 1.579001022842028146e+00
1.282414472295747565e+00 2.200794945809406489e+00 2.144263449528649002e+00 2.177561111661236115e+00 1.585337565086285760e+00
1.300000000000000044e+00 2.169999999999999929e+00 2.154999999999999805e+00 2.209999999999999964e+00 1.600000000000000089e+00
