8.699999999999999956e-01 2.740000000000000213e+00 1.850000000000000089e+00 2.629999999999999893e+00 1.350000000000000089e+00
8.863330375768756486e-01 2.764512066758864961e+00 1.863923954352241452e+00 2.606390821248609324e+00 1.322752723915454620e+00
9.046190445627002585e-01 2.787900307729527238e+00 1.884089019490706951e+00 2.587914314015250739e+00 1.301208003496283627e+00
9.260264538451989935e-01 2.812348295025480116e+00 1.906164035095718079e+00 2.579134588789007587e+00 1.281990049776958296e+00
9.519786358111561597e-01 2.814994877608707924e+00 1.903355842855559921e+00 2.557324960800498204e+00 1.254406401369101864e+00
9.632184280380607921e-01 2.793064117345980701e+00 1.882870783564421169e+00 2.529223953114954515e+00 1.250945732274146849e+00
9.871248714057750950e-01 2.786146556805465746e+00 1.904672520070828101e+00 2.507468189948628190e+00 1.236300098933756475e+00
1.009622410020490024e+00 2.774478023187649800e+00 1.928644837160738312e+00 2.487395185466225733e+00 1.225589925703054028e+00
1.031911441719077560e+00 2.760496349309102371e+00 1.952679435734402169e+00 2.466987133590468506e+00 1.216382491487026041e+00
1.054377862200633009e+00 2.731422913187047108e+00 1.970302771542703946e+00 2.444087070765151637e+00 1.201470383770417483e+00
1.069721067645261980e+00 2.681971209807465950e+00 1.982302124795696230e+00 2.419816776623048504e+00 1.192044897328119024e+00
1.078253529787031040e+00 2.633165138039132547e+00 1.998937151700559411e+00 2.395519536393373006e+00 1.196423850436150405e+00
1.085754087358905995e+00 2.593399747360731755e+00 2.021714128301305369e+00 2.373738754700357667e+00 1.199525093085496152e+00
1.110121526540938319e+00 2.589825487747912103e+00 2.046986161371783020e+00 2.362221985360528631e+00 1.197238596921673004e+00
1.146598543290786809e+00 2.579696344318563206e+00 2.061712902662846236e+00 2.346554283711451472e+00 1.192991418098539702e+00
1.185493717306508099e+00 2.554056838154815878e+00 2.069092584683802194e+00 2.332801589633677786e+00 1.194548392043413454e+00
1.224437806895570358e+00 2.525071805910974465e+00 2.073893350112902212e+00 2.318847086695399184e+00 1.198523016509374539e+00
1.260061347195151393e+00 2.506141657168710069e+00 2.076292751645499646e+00 2.294487476643084278e+00 1.209696858106567241e+00
1.279065183127420458e+00 2.483611579571098016e+00 2.086126110119084220e+00 2.274988303194086736e+00 1.237586604344696584e+00
1.283527870137405325e+00 2.445303518169063217e+00 2.103523255135999914e+00 2.269175761531414537e+00 1.265124985635124322e+00
1.282705314151465714e+00 2.404909112472874977e+00 2.119685828768159475e+00 2.265767184250359723e+00 1.294442526594654197e+00
1.278524677363446216e+00 2.364991215075532338e+00 2.122868673833781639e+00 2.238337515807422573e+00 1.318418577664365765e+00
1.278513777891992387e+00 2.345805501393090520e+00 2.125536808684327816e+00 2.217095578505913434e+00 1.356795443830237646e+00
1.279063717850914106e+00 2.329712244311822555e+00 2.128945094585413589e+00 2.198457048588200013e+00 1.397067742987560646e+00
1.279639353598767570e+00 2.313804399859589633e+00 2.132412163110674719e+00 2.180007037875459019e+00 1.437429760920557742e+00
1.254885501433616213e+00 2.330338301536180268e+00 2.119935816111697680e+00 2.185055867177559286e+00 1.461126494103456075e+00
1.258295007194415005e+00 2.357808268467651125e+00 2.135626577602901310e+00 2.187659510502712124e+00 1.489670890796591207e+00
1.274956639933021219e+00 2.318089515382395049e+00 2.150253619467478394e+00 2.179945443493217283e+00 1.471045331238239662e+00
1.273392110185102677e+00 2.261826252122341341e+00 2.137503930774948380e+00 2.161967228807235131e+00 1.483957231269004362e+00
1.266894809037213410e+00 2.224905688707183860e+00 2.123631755527410903e+00 2.151389467245655052e+00 1.514805664823750675e+00
1.264595591823664211e+00 2.203605474045500667e+00 2.120129047104939435e+00 2.160571715488342814e+00 1.555460856639029110e+00
1.278213715747117618e+00 2.189966682193204672e+00 2.134872826972156634e+00 2.186339217710172811e+00 1.584670725117183876e+00
1.300000000000000044e+00 2.169999999999999929e+00 2.154999999999999805e+00 2.209999999999999964e+00 1.600000000000000089e+00
