8.699999999999999956e-01 2.740000000000000213e+00 1.850000000000000089e+00 2.629999999999999893e+00 1.350000000000000089e+00
8.952706502801515143e-01 2.740573151919987183e+00 1.863358267007437119e+00 2.609436424532849408e+00 1.362212392636890090e+00
9.251643957745434577e-01 2.742905974851721496e+00 1.877655371577934496e+00 2.594302659243294507e+00 1.359866326341173659e+00
9.465972709030251453e-01 2.749074491520171470e+00 1.892540342464508418e+00 2.588983200242599203e+00 1.337976396755789166e+00
9.523861814056959751e-01 2.790991363420566529e+00 1.901598723635688826e+00 2.588156877103890086e+00 1.314496874395688186e+00
9.524038853526325399e-01 2.843290342823625583e+00 1.889364476828988781e+00 2.581027532894458965e+00 1.304823265923981346e+00
9.712817696180255922e-01 2.843704994825689170e+00 1.903144011713174155e+00 2.583073758098867856e+00 1.325786620827646090e+00
9.865039305226713795e-01 2.820396754171115905e+00 1.921825724895579013e+00 2.570827480499608519e+00 1.333096674566998319e+00
9.968516818519141953e-01 2.788160893755110781e+00 1.926983124372489087e+00 2.545977449419251304e+00 1.312748445043306900e+00
1.010864547473598440e+00 2.760259797531769088e+00 1.929693144283813444e+00 2.520576087449042824e+00 1.291919908042270082e+00
1.026476086723030257e+00 2.734313740872808651e+00 1.932076973151426902e+00 2.495157786211845252e+00 1.271237376142826836e+00
1.042591037529897013e+00 2.710867391743435828e+00 1.937304303117953319e+00 2.471167410974841161e+00 1.249610194439480626e+00
1.058590940686114035e+00 2.696497860730176832e+00 1.950636128875761433e+00 2.452686916989891497e+00 1.227729002740664654e+00
1.063842606704363813e+00 2.709426178532098994e+00 1.975665133014310459e+00 2.452522532716336467e+00 1.222458251357486869e+00
1.066801073302204195e+00 2.689706599512584617e+00 1.991041301222163495e+00 2.426746770832099998e+00 1.213396141255984384e+00
1.074500696930123400e+00 2.648836713589415748e+00 1.986917153223620502e+00 2.399012752739061227e+00 1.205246183065921795e+00
1.087126619380780479e+00 2.605788040014223039e+00 1.986825880000829159e+00 2.371561217064000804e+00 1.199708418561643786e+00
1.096111961042580685e+00 2.562362761913965503e+00 1.976815406625004989e+00 2.347945698461140207e+00 1.195215161794900949e+00
1.094371718676703908e+00 2.530428529084074896e+00 1.956761674273973961e+00 2.346726408347084458e+00 1.206455416320808105e+00
1.100783356755722586e+00 2.512821671964424297e+00 1.966218197215366725e+00 2.349043569865058689e+00 1.234921909055899825e+00
1.131416993788206593e+00 2.521851969242195235e+00 1.981419959856944413e+00 2.354159288678415951e+00 1.235392990224498222e+00
1.163653984920378637e+00 2.534548412939834350e+00 1.994875631842158548e+00 2.359752588836986131e+00 1.230261642329475436e+00
1.193455916776373416e+00 2.541971644977097267e+00 2.012050790620133700e+00 2.362180559964336179e+00 1.227199898870019901e+00
1.218983388029935666e+00 2.529020465971376641e+00 2.031455630452988270e+00 2.356507039943711579e+00 1.228452391260811405e+00
1.237888155776696530e+00 2.485506961435299367e+00 2.039015758228423181e+00 2.343022308427748168e+00 1.239251342855230309e+00
1.249047997897043683e+00 2.448738655948678566e+00 2.039120175214696129e+00 2.328738724049536302e+00 1.264670667973399443e+00
1.253065956999756425e+00 2.452682802185308208e+00 2.061737892847499865e+00 2.316644181932375535e+00 1.282505078757600669e+00
1.257083916102469168e+00 2.456626948421937850e+00 2.084355610480304044e+00 2.304549639815214768e+00 1.300339489541801674e+00
1.263888225615401595e+00 2.473086889516379117e+00 2.109545716125428516e+00 2.303600733202164630e+00 1.308871354789235442e+00
1.258428479160994762e+00 2.437878056227650525e+00 2.106191993853671285e+00 2.305918597278787008e+00 1.329457165623650683e+00
1.255958670204734728e+00 2.405381254586258954e+00 2.103615059863763292e+00 2.282207573659833955e+00 1.350989312346619675e+00
1.252268250209878975e+00 2.377094111503000651e+00 2.114839125108715301e+00 2.255686730081116309e+00 1.368374888875237616e+00
1.249736719561363119e+00 2.349708112528922310e+00 2.125676001024585648e+00 2.238471090923477735e+00 1.394428234760687557e+00
1.250786125186964526e+00 2.321662328660268670e+00 2.135084489770407767e+00 2.221723020248094649e+00 1.421304593353152068e+00
1.251235004020483821e+00 2.282929378002175547e+00 2.138617744863598347e+00 2.199303402653307149e+00 1.441889692937015521e+00
1.238783016809736459e+00 2.246138960468754942e+00 2.127465004032493390e+00 2.174430888958208019e+00 1.449501424946931127e+00
1.231098849204433465e+00 2.234493176748763688e+00 2.108508552137946968e+00 2.170520025565341626e+00 1.473421631619967087e+00
1.239849712966076378e+00 2.205914090768596569e+00 2.108598663062141387e+00 2.194411425336833865e+00 1.497136068959736610e+00
1.246783737093349442e+00 2.187975179270292614e+00 2.125274678943156914e+00 2.216355472136196880e+00 1.513154035666703923e+00
1.265222778398624515e+00 2.178617801281943489e+00 2.140218415593529322e+00 2.210256763194109020e+00 1.537269339423639636e+00
1.281471267557405591e+00 2.173741365032974659e+00 2.146722778068804516e+00 2.208296293256987841e+00 1.569541580737033204e+00
1.300000000000000044e+00 2.169999999999999929e+00 2.154999999999999805e+00 2.209999999999999964e+00 1.600000000000000089e+00
