8.699999999999999956e-01 2.740000000000000213e+00 1.850000000000000089e+00 2.629999999999999893e+00 1.350000000000000089e+00
8.921258437196150082e-01 2.764925497469957083e+00 1.869422484897187209e+00 2.617988044218487076e+00 1.340111342879613643e+00
9.130739010583170945e-01 2.785385722040590650e+00 1.889217605727334881e+00 2.603971449343289724e+00 1.326759094120633531e+00
9.293380412638254651e-01 2.806396345879776710e+00 1.909813618088700871e+00 2.591647635902253555e+00 1.308217222845338812e+00
9.443256168634495129e-01 2.815716814410419211e+00 1.924325107504979426e+00 2.577047251032943631e+00 1.279095851058180244e+00
9.596275543622601045e-01 2.787007305919195321e+00 1.918510292991584931e+00 2.551808028639974690e+00 1.257640958451459623e+00
9.761943760370567214e-01 2.750742105006034333e+00 1.916185003174741164e+00 2.520788628728153569e+00 1.249711934752010478e+00
9.971769822464539024e-01 2.727269824638148155e+00 1.928076188776185473e+00 2.491475396145132581e+00 1.242667849998010166e+00
1.020051021039173778e+00 2.714449250381119505e+00 1.945271054117319931e+00 2.467018819808795893e+00 1.235282157757673138e+00
1.044996174416147561e+00 2.708184500709312381e+00 1.959834574769163451e+00 2.444937405891206339e+00 1.220528162688746310e+00
1.066883363642002092e+00 2.706428583428608814e+00 1.971693719270600331e+00 2.430255741547347803e+00 1.193808988189689391e+00
1.076952104439823366e+00 2.667500416235748961e+00 1.990521611150010806e+00 2.413260724824444647e+00 1.187339076681557248e+00
1.089496526389785114e+00 2.636364098957174829e+00 2.010600281609576268e+00 2.394917055356474034e+00 1.198255752180854783e+00
1.114070596862132279e+00 2.604762675505056801e+00 2.020366942682905176e+00 2.377768413203622977e+00 1.210898563694330798e+00
1.144728643619701947e+00 2.580062314441324389e+00 2.027249889863711907e+00 2.359770002966518287e+00 1.214260197262338803e+00
1.176851810259575526e+00 2.559443555238394286e+00 2.033764810115573418e+00 2.342107091398482499e+00 1.211873262269756779e+00
1.208824917355852291e+00 2.539133365488140281e+00 2.040360540465514294e+00 2.324158307744413232e+00 1.208397982521711045e+00
1.238637213730432673e+00 2.514921633651453270e+00 2.048002524050763107e+00 2.304143446403198681e+00 1.206997085535847836e+00
1.261292593316454491e+00 2.483524265569583278e+00 2.060947765582769264e+00 2.282705454077948115e+00 1.211418582203476646e+00
1.272442483959052240e+00 2.452866812406528929e+00 2.083363642774943791e+00 2.268685916381050660e+00 1.222338238474554029e+00
1.277536063385834586e+00 2.429444346080609218e+00 2.109068316864521453e+00 2.264155601807756657e+00 1.238524845211354197e+00
1.281967377410892839e+00 2.409002158836754504e+00 2.128431437210987376e+00 2.263014712426436592e+00 1.266889215526547208e+00
1.284164688912578622e+00 2.394191990259462610e+00 2.134122960577746309e+00 2.257989403670641604e+00 1.305400077298130679e+00
1.283443504815620972e+00 2.387421880328287394e+00 2.138019297328705104e+00 2.244833940851583609e+00 1.343851943173846708e+00
1.281639369145927132e+00 2.384652868901954825e+00 2.149903821166299966e+00 2.226049555538070823e+00 1.377793331819887168e+00
1.278824965050691098e+00 2.378305123885684935e+00 2.164707989288554568e+00 2.205488040740220423e+00 1.408565116326531808e+00
1.272900204275180469e+00 2.358410368016899294e+00 2.173404533086236157e+00 2.182166863655076838e+00 1.438688922807307646e+00
1.265235063651404923e+00 2.320909285520058152e+00 2.170410438955665988e+00 2.160004572719148364e+00 1.463345514474654552e+00
1.261260468057723960e+00 2.273607566663821800e+00 2.162341732887873125e+00 2.145969828078697628e+00 1.483957471433867470e+00
1.264234933362952562e+00 2.227474389071363969e+00 2.159357535169982079e+00 2.143501803842802200e+00 1.510629901846773482e+00
1.274977127056141635e+00 2.197198769123615225e+00 2.153691281984059458e+00 2.159398983049602538e+00 1.540412356758253720e+00
1.288548095003551275e+00 2.188633003773154062e+00 2.153515344927486641e+00 2.189697342817058079e+00 1.567549588619012724e+00
1.300000000000000044e+00 2.169999999999999929e+00 2.154999999999999805e+00 2.209999999999999964e+00 1.600000000000000089e+00
