8.699999999999999956e-01 2.740000000000000213e+00 1.850000000000000089e+00 2.629999999999999893e+00 1.350000000000000089e+00
9.012634638135097465e-01 2.769539496354495700e+00 1.882676525900012665e+00 2.619731590270675703e+00 1.363311469211431648e+00
9.303177266998089445e-01 2.789579686203262021e+00 1.913571136180855392e+00 2.596915178117565226e+00 1.380108443359695292e+00
9.413690113374205692e-01 2.747655520926748807e+00 1.923611106235572965e+00 2.583030446083454112e+00 1.341308879856036196e+00
9.464844588430278982e-01 2.708696498380539719e+00 1.920225420252519966e+00 2.579666270437276143e+00 1.295143734367011801e+00
9.716378696966737616e-01 2.694075105586511754e+00 1.902737291753778148e+00 2.545263183277887808e+00 1.266049115325922347e+00
1.004885322759319299e+00 2.678258474175823523e+00 1.917566232824638117e+00 2.507207453143653453e+00 1.246796108849938856e+00
1.037264932136394258e+00 2.662000794153995820e+00 1.937390102759881216e+00 2.471385573038231254e+00 1.229193826295256198e+00
1.065210914077219684e+00 2.637814097218664777e+00 1.957684568459654884e+00 2.433544833553376030e+00 1.214658995609003256e+00
1.103537919812601187e+00 2.628015804806684397e+00 1.979576214402367196e+00 2.407053186426401314e+00 1.193593079994769157e+00
1.148998322127203320e+00 2.621916532828644009e+00 2.002664803475467270e+00 2.387279606797601872e+00 1.178811718826107136e+00
1.194071845427743028e+00 2.601182776773114380e+00 2.025388322499405813e+00 2.365518730262000435e+00 1.175306835152285512e+00
1.227254373201671189e+00 2.559333435254350420e+00 2.044752868587387695e+00 2.342324061238384214e+00 1.190855500748087659e+00
1.247664028890901555e+00 2.509875178439944676e+00 2.060104064443710747e+00 2.321823434645725825e+00 1.218683089204634307e+00
1.279359911211899181e+00 2.452765293344530306e+00 2.076027954125241326e+00 2.313795120663479921e+00 1.234008464601502597e+00
1.307866046703431318e+00 2.406644894438929594e+00 2.078310327276658764e+00 2.313007875774640620e+00 1.270057520745886626e+00
1.336550031637366409e+00 2.358230709906234512e+00 2.065989890583999955e+00 2.304429254429121166e+00 1.300647743538884349e+00
1.356219981776331185e+00 2.332891395289572234e+00 2.073694298959547933e+00 2.306273652146690889e+00 1.347373298253949248e+00
1.350121793836303929e+00 2.363246668442244847e+00 2.105437525507558583e+00 2.315901719013191862e+00 1.378472368416667315e+00
1.334625441977862259e+00 2.374965328631201800e+00 2.137353459923412302e+00 2.305296826749902550e+00 1.411196451053998491e+00
1.316451194083803067e+00 2.345017932985513642e+00 2.148201396171317779e+00 2.273537032346616193e+00 1.445604231577555465e+00
1.299251555798211166e+00 2.343523447416768768e+00 2.169740755657690201e+00 2.239020598404300788e+00 1.476935887181117790e+00
1.282806637469920297e+00 2.330133841246502246e+00 2.189962272290234324e+00 2.201764352063375618e+00 1.504758425366575558e+00
1.278090993628888672e+00 2.265067802656651086e+00 2.197075265898849050e+00 2.194610246575687373e+00 1.533147923728960471e+00
1.289027618561519484e+00 2.218166576088283826e+00 2.176398392330417764e+00 2.204678889518086216e+00 1.566820008262173713e+00
1.300000000000000044e+00 2.169999999999999929e+00 2.154999999999999805e+00 2.209999999999999964e+00 1.600000000000000089e+00
