8.699999999999999956e-01 2.740000000000000213e+00 1.850000000000000089e+00 2.629999999999999893e+00 1.350000000000000089e+00
9.050198198817183126e-01 2.774465888045417827e+00 1.866378849747850621e+00 2.603756461785714738e+00 1.373788419922425952e+00
9.327818488395076546e-01 2.810254693355786593e+00 1.898839058375594302e+00 2.592322227852024152e+00 1.388376184251043588e+00
9.513087739623691252e-01 2.794061188706336463e+00 1.918949549564466173e+00 2.588818754429134117e+00 1.349029703789107248e+00
9.609180799415959484e-01 2.801020780444143821e+00 1.915370474028604164e+00 2.583978724815735539e+00 1.298558835880025963e+00
9.740825609962314724e-01 2.808459314003972640e+00 1.920395080443644042e+00 2.549034162383859936e+00 1.259492321864133846e+00
9.905171962685235254e-01 2.760758986807068993e+00 1.916387365722898917e+00 2.502239187848275037e+00 1.247214183315533020e+00
1.006682078251027956e+00 2.703039592299871785e+00 1.917716328287719652e+00 2.460301434821170918e+00 1.238805390455854916e+00
1.038820810771809100e+00 2.658240953260059936e+00 1.927550754066543526e+00 2.425975177340119249e+00 1.222242184904486217e+00
1.066823131543892078e+00 2.622766046227917425e+00 1.958723993187712287e+00 2.416896196350821757e+00 1.203158958663262501e+00
1.094951565070169108e+00 2.593330261436601614e+00 1.995353717598858934e+00 2.407664058522569928e+00 1.198023410468368244e+00
1.144119113779237029e+00 2.583223317407090658e+00 2.018318941962927049e+00 2.389545382686434127e+00 1.199359435269604868e+00
1.198849389307984570e+00 2.588943081307119254e+00 2.032678927054074158e+00 2.370992571669950699e+00 1.202720147461429967e+00
1.241258160520533727e+00 2.560303955805148135e+00 2.051280667860190032e+00 2.348112020455159765e+00 1.219138070839980381e+00
1.256156877725492116e+00 2.502515101783254980e+00 2.069138049192219331e+00 2.319599913238402866e+00 1.237382697676558951e+00
1.272351983742239678e+00 2.441832361242346927e+00 2.075066203213639771e+00 2.283837905700480064e+00 1.252622813687898740e+00
1.303529103788792165e+00 2.411480981034625160e+00 2.064537225178414648e+00 2.288311927575270577e+00 1.289877927835736848e+00
1.329806982783274805e+00 2.382198051922796989e+00 2.071313154000419487e+00 2.287721646741715631e+00 1.332494646317112785e+00
1.335320497829521891e+00 2.380042445218262248e+00 2.093822384884866050e+00 2.293577931156703720e+00 1.376747149428425132e+00
1.311360418891806212e+00 2.393020840438074615e+00 2.118838147739836586e+00 2.284711373285249536e+00 1.413103942960235671e+00
1.288457210244730256e+00 2.373247615967468693e+00 2.139816462761674032e+00 2.253972683604293703e+00 1.443709639246679499e+00
1.269275234474818603e+00 2.342686266609572687e+00 2.158727583233907232e+00 2.218952247551821078e+00 1.472064157182350952e+00
1.251557317284555548e+00 2.312441100033706398e+00 2.180522537501819791e+00 2.178024713071098351e+00 1.491643558100545830e+00
1.227991190121323406e+00 2.247963289312695068e+00 2.185192186926264490e+00 2.150762857170964715e+00 1.496493284430934212e+00
1.265138684217326892e+00 2.203829518114582608e+00 2.192551788185567396e+00 2.154849735031196811e+00 1.525226762346202802e+00
1.286178553701971206e+00 2.183476632444062204e+00 2.176350273245097888e+00 2.181041072251600266e+00 1.563159528917624108e+00
1.300000000000000044e+00 2.169999999999999929e+00 2.154999999999999805e+00 2.209999999999999964e+00 1.600000000000000089e+00
