8.699999999999999956e-01 2.740000000000000213e+00 1.850000000000000089e+00 2.629999999999999893e+00 1.350000000000000089e+00
9.002523269774623804e-01 2.756484078923749692e+00 1.868489003380969127e+00 2.618583221945466999e+00 1.327028792189302253e+00
9.293704261810488143e-01 2.772025884706365240e+00 1.884932434358342679e+00 2.606454540222722382e+00 1.300996887350675202e+00
9.450965322314520689e-01 2.774717923488760452e+00 1.886794726852959014e+00 2.584061371786313455e+00 1.266147854230629033e+00
9.691125401979976406e-01 2.787348001359660543e+00 1.896804458584034236e+00 2.551735079716356491e+00 1.246552079476256125e+00
9.850351648481836531e-01 2.789135286793137158e+00 1.902833575859270265e+00 2.519087929912409596e+00 1.220619857057082980e+00
1.007942296332653420e+00 2.767589774928752355e+00 1.923132593634002907e+00 2.496219839435380727e+00 1.202701142130671252e+00
1.031142058917309257e+00 2.744951288408838064e+00 1.945889521817067758e+00 2.474143549822932275e+00 1.190639264248069873e+00
1.052055929610624885e+00 2.725946570845161343e+00 1.969006012224716828e+00 2.446094057570136204e+00 1.193760125478720235e+00
1.066848065125367784e+00 2.690100961224464182e+00 1.978164712982444229e+00 2.413517228841246087e+00 1.205162188448390737e+00
1.079984570544749944e+00 2.642475207361786094e+00 1.968128552815274546e+00 2.388953514583245674e+00 1.216967003604163322e+00
1.107225168200810961e+00 2.600398103257879789e+00 1.962303731914626370e+00 2.367227707389741198e+00 1.225731421539567823e+00
1.141402565149739257e+00 2.568916304435314490e+00 1.971990968106851927e+00 2.343908199904724654e+00 1.224519466491118314e+00
1.175770668196522983e+00 2.538442420203551375e+00 1.982409359114215563e+00 2.320709460157477810e+00 1.222876092789184854e+00
1.210811170761628697e+00 2.514169362589718570e+00 1.996920024985498143e+00 2.298497640149109955e+00 1.218761860573427169e+00
1.239831356062216505e+00 2.483927114155039195e+00 2.014441405447176869e+00 2.289316099500628088e+00 1.238087630421915053e+00
1.261053199488578080e+00 2.458337987693619109e+00 2.040925838446836504e+00 2.288185083619145743e+00 1.256143829731525052e+00
1.273290952681895627e+00 2.428283875626876309e+00 2.067083138514899776e+00 2.285415371651171590e+00 1.277878568530303793e+00
1.277624636778438738e+00 2.400313367177338897e+00 2.094429160665793432e+00 2.283708368108349873e+00 1.301279181274211494e+00
1.290841252842872322e+00 2.374307035171974611e+00 2.115994981580373135e+00 2.290511166878565597e+00 1.329559074289562215e+00
1.311842815281633934e+00 2.357022821081906194e+00 2.120325380759531253e+00 2.301116228615057935e+00 1.365414277890049100e+00
1.324177441420258061e+00 2.350282396937603213e+00 2.105683131239231010e+00 2.312176666351416277e+00 1.402273317791148832e+00
1.311629498477953737e+00 2.367649784795698320e+00 2.090812825863743729e+00 2.313791209680176930e+00 1.429305936490005591e+00
1.301577080355091676e+00 2.371282491394197223e+00 2.117461636545197923e+00 2.292014813039499277e+00 1.407386838637315618e+00
1.290098324047364908e+00 2.361024643228441189e+00 2.144007878992399529e+00 2.264322549707062482e+00 1.394716130644055863e+00
1.276032247647325368e+00 2.351553500297921762e+00 2.162674077011418561e+00 2.230594584981345996e+00 1.412408337560791427e+00
1.265755646449061356e+00 2.338321824280381378e+00 2.168552254976949367e+00 2.201727591239434290e+00 1.444710855698432717e+00
1.265349294347114961e+00 2.299720269997460154e+00 2.179583786571972936e+00 2.175597915745266953e+00 1.468001918957660745e+00
1.263274446834837583e+00 2.263252482922895936e+00 2.187991973594642481e+00 2.180385084468781542e+00 1.501616162304343582e+00
1.269114955034630343e+00 2.238320993499426148e+00 2.171874426880445519e+00 2.191339294912450608e+00 1.535857569179022386e+00
1.285925665562509090e+00 2.208719543771334504e+00 2.162287011975699613e+00 2.205778764526618474e+00 1.567900036018205823e+00
1.300000000000000044e+00 2.169999999999999929e+00 2.154999999999999805e+00 2.209999999999999964e+00 1.600000000000000089e+00
