8.699999999999999956e-01 2.740000000000000213e+00 1.850000000000000089e+00 2.629999999999999893e+00 1.350000000000000089e+00
9.017935504066698638e-01 2.742336850901318179e+00 1.861919459001368571e+00 2.602251917731832176e+00 1.375524719584399591e+00
9.371934435888107373e-01 2.762342378095646644e+00 1.886272630255749094e+00 2.586294964176903299e+00 1.386142589806200975e+00
9.580342477494168119e-01 2.796188201675478435e+00 1.918101736311570438e+00 2.585171641199112358e+00 1.383656250102914376e+00
9.599456141975150070e-01 2.779293708440137234e+00 1.941869929634447933e+00 2.589267841091436040e+00 1.351513394014295821e+00
9.641476116508067573e-01 2.781832680723340889e+00 1.942202250118079787e+00 2.582279279464672506e+00 1.306138589740225786e+00
9.732579904470479715e-01 2.805479984912874869e+00 1.951502697664210917e+00 2.569116554237576011e+00 1.265942977369856948e+00
1.000331629784609877e+00 2.810031906391404988e+00 1.962307338234001053e+00 2.537184232707899945e+00 1.240146994099167399e+00
1.029908975954460626e+00 2.790912251735615079e+00 1.978925615606135890e+00 2.505194144945432910e+00 1.224901305946451524e+00
1.055917916218508612e+00 2.764884619012944800e+00 1.998764568851815637e+00 2.473025797295258066e+00 1.215819489582467439e+00
1.081813815246243982e+00 2.738591078976789550e+00 2.018690456706868641e+00 2.440856855417707472e+00 1.206922297540071520e+00
1.075335155145535904e+00 2.691226380025178777e+00 1.997775252426025716e+00 2.451736834029778933e+00 1.200025598386745385e+00
1.083283537258468154e+00 2.632301194423653623e+00 2.001787692797438289e+00 2.420160028838606259e+00 1.205070397485633382e+00
1.101807371567314231e+00 2.594754173015854093e+00 2.021693056058490701e+00 2.387182928841028673e+00 1.204602977486345372e+00
1.132467449721772823e+00 2.565373713920703125e+00 2.040106083594480868e+00 2.356755495408343393e+00 1.206030829026225382e+00
1.173759329416129260e+00 2.546415137402600060e+00 2.054086486205473960e+00 2.329996022060925487e+00 1.212148230323182752e+00
1.221458246050550311e+00 2.543667926025254822e+00 2.066682616660313609e+00 2.308350325163089689e+00 1.217370292365030693e+00
1.263103522489009256e+00 2.528075850569941885e+00 2.076012344109417374e+00 2.283659378163398923e+00 1.225168801612892100e+00
1.260613478012169830e+00 2.467423422910149711e+00 2.091488647451069660e+00 2.265169524680093360e+00 1.237869300095773228e+00
1.268527582974108947e+00 2.435342177380335649e+00 2.122226460193549435e+00 2.249064356146618593e+00 1.244076365808227447e+00
1.295689411985931461e+00 2.409042915704409982e+00 2.129308882929534352e+00 2.261928099584314289e+00 1.278502113947983521e+00
1.318209414522479417e+00 2.397105507136625402e+00 2.130677404587457247e+00 2.284582853648423395e+00 1.314969847114947799e+00
1.332487278330932945e+00 2.386280772454886900e+00 2.123823836337402238e+00 2.294999285698141378e+00 1.357331907355169509e+00
1.348203776455966896e+00 2.347720512542893712e+00 2.122242955184609592e+00 2.293609601560393063e+00 1.395085315845290941e+00
1.334045103455386183e+00 2.329301317563908569e+00 2.127327059148295785e+00 2.280331949194100538e+00 1.435837409985150082e+00
1.300092261170859409e+00 2.327128698704501453e+00 2.130745472256475370e+00 2.247509189799779428e+00 1.457481653874589833e+00
1.276146563613369089e+00 2.332110677607362348e+00 2.150567380380072446e+00 2.211965017390717492e+00 1.470722484509309647e+00
1.273995221912466391e+00 2.318644202212710503e+00 2.169819828292598896e+00 2.187489054205742800e+00 1.499371023171711448e+00
1.284075646170498741e+00 2.266299207104756519e+00 2.168508400455276153e+00 2.196305779907444133e+00 1.531516834753274381e+00
1.292037823085249393e+00 2.218149603552378224e+00 2.161754200227637757e+00 2.203152889953722049e+00 1.565758417376637013e+00
1.300000000000000044e+00 2.169999999999999929e+00 2.154999999999999805e+00 2.209999999999999964e+00 1.600000000000000089e+00
