8.699999999999999956e-01 2.740000000000000213e+00 1.850000000000000089e+00 2.629999999999999893e+00 1.350000000000000089e+00
9.009966201523104123e-01 2.762962596918634439e+00 1.880104063013209093e+00 2.618084685067162187e+00 1.353212051900441359e+00
9.362957044167559140e-01 2.768564288018624975e+00 1.906023430925537498e+00 2.595188797924339763e+00 1.360825865231209075e+00
9.525390029673969083e-01 2.796302468328872415e+00 1.930164085439627142e+00 2.582485640029643648e+00 1.335052687799596516e+00
9.616304411463562074e-01 2.814862868858308609e+00 1.934089588502924117e+00 2.574123740169647512e+00 1.292026732108876308e+00
9.881655666901674184e-01 2.810561432028995554e+00 1.958435420431344109e+00 2.566965864355322147e+00 1.264661924328130738e+00
1.002093783370402891e+00 2.805308749084840514e+00 1.991832981455834872e+00 2.550616874196892425e+00 1.251448481122493739e+00
1.019902929376930389e+00 2.749008326807074631e+00 1.997205146572065049e+00 2.518701266525632754e+00 1.239425427631783094e+00
1.037138430089711072e+00 2.691259403952086071e+00 2.000345385603062187e+00 2.486911551699826806e+00 1.228079906450665781e+00
1.049601885983103999e+00 2.633383902706301072e+00 2.004462470407069041e+00 2.452170871804657537e+00 1.218022730743997251e+00
1.064012357210698312e+00 2.579058033294832075e+00 2.007355256708113878e+00 2.412518755943442894e+00 1.215754714127062819e+00
1.095360336744497953e+00 2.541434858629553428e+00 2.013521997363210581e+00 2.373813980386514366e+00 1.216946619009676933e+00
1.139448291837155791e+00 2.527034008374868357e+00 2.026632170083840556e+00 2.345680632009607525e+00 1.217948337261695935e+00
1.183466345891632354e+00 2.517206238830781206e+00 2.043683152874085085e+00 2.321514218459102885e+00 1.221528251955641187e+00
1.226905419668695707e+00 2.504225938378826122e+00 2.062155563605256869e+00 2.300731730758294624e+00 1.228286030140083085e+00
1.266565020224829530e+00 2.483162502854914688e+00 2.082059857476863840e+00 2.297667359354198080e+00 1.245797241036094238e+00
1.290105621933145708e+00 2.479937709322271644e+00 2.104737027374345981e+00 2.312874874653735979e+00 1.275230523008864969e+00
1.313097116060925940e+00 2.469712052873417996e+00 2.124500718498406826e+00 2.327455683333047087e+00 1.308134299971955405e+00
1.333087849280540915e+00 2.410528015451388839e+00 2.122923700700556360e+00 2.321263555963174241e+00 1.318499091898635900e+00
1.336806466870268384e+00 2.422104850874051696e+00 2.144512570718223543e+00 2.313075992710828199e+00 1.350713738515250562e+00
1.323967177053754218e+00 2.417658664243266031e+00 2.148278126016679668e+00 2.285113134231326892e+00 1.388811258213297428e+00
1.306375847150385017e+00 2.416703132573121415e+00 2.159664463225906772e+00 2.250503909828908800e+00 1.420863633852814667e+00
1.289389492257458691e+00 2.412797874247130547e+00 2.175893590894481200e+00 2.215707447338687519e+00 1.450430244487604048e+00
1.276281332263309309e+00 2.382060265500528740e+00 2.188800937284541170e+00 2.184047695524975019e+00 1.478886401643015658e+00
1.262564966490042462e+00 2.324104818395352101e+00 2.186231629919938690e+00 2.158412938125285674e+00 1.495113646800368734e+00
1.252278130751003804e+00 2.267957383124401982e+00 2.168517748749413165e+00 2.136159449246303854e+00 1.507390519902027659e+00
1.278617338429534511e+00 2.257875044649319651e+00 2.171482419993330915e+00 2.169484835807551359e+00 1.536679570762144342e+00
1.286864196519013293e+00 2.212889734547458964e+00 2.159032159301702336e+00 2.189034686462916213e+00 1.567209541600542266e+00
1.300000000000000044e+00 2.169999999999999929e+00 2.154999999999999805e+00 2.209999999999999964e+00 1.600000000000000089e+00
