8.699999999999999956e-01 2.740000000000000213e+00 1.850000000000000089e+00 2.629999999999999893e+00 1.350000000000000089e+00
8.899486898207780161e-01 2.765289392796088208e+00 1.857752740754132104e+00 2.609426034143415229e+00 1.344970325958177781e+00
9.157124333370965097e-01 2.775914502225154568e+00 1.865837671101172379e+00 2.591352296122708232e+00 1.339750439468096355e+00
9.376581884928528732e-01 2.765951261818554219e+00 1.876666645399531763e+00 2.571529984365286570e+00 1.346194383492742563e+00
9.569825422270755721e-01 2.752729300367702692e+00 1.888353347456274145e+00 2.551077404198810239e+00 1.354652007121625923e+00
9.784769366348023967e-01 2.742687815647917304e+00 1.898380034714828524e+00 2.528526210275520825e+00 1.358731480952041659e+00
9.997184802507572687e-01 2.731052351093248731e+00 1.906933774445012331e+00 2.504158764561022377e+00 1.360662405143299392e+00
1.016853211223878173e+00 2.710227866586242484e+00 1.916383843407217125e+00 2.479737019292760358e+00 1.358568763213564345e+00
1.028570227387416658e+00 2.683680041129992588e+00 1.925471249840616350e+00 2.458553002101721674e+00 1.346333441695388267e+00
1.036471119774486027e+00 2.660582291173922531e+00 1.931585793858746181e+00 2.441770160145919188e+00 1.324801534185009677e+00
1.043099749802528287e+00 2.642692812553869786e+00 1.936466318132970654e+00 2.427609318824228701e+00 1.299503131299802883e+00
1.050011904320125922e+00 2.628364328990508980e+00 1.944324549580545458e+00 2.414843864029111220e+00 1.274299449294802988e+00
1.057095511211916694e+00 2.617174224906516855e+00 1.957558310652437905e+00 2.402422227487616802e+00 1.252691569147136752e+00
1.063533622611770202e+00 2.607079089812668560e+00 1.974383399472807055e+00 2.387145810781251321e+00 1.236962855787781423e+00
1.070552649420906999e+00 2.591728947703003882e+00 1.990755891014235113e+00 2.367410324717248660e+00 1.226198864308958969e+00
1.082901959992130125e+00 2.564845835897440196e+00 2.004283990879564215e+00 2.349769536480956322e+00 1.218862642726564083e+00
1.103564447903454093e+00 2.532914047878567221e+00 2.014464975273965841e+00 2.340380796669668584e+00 1.216602117117919324e+00
1.131303031108088941e+00 2.508800135204292125e+00 2.020447111999618794e+00 2.333882761458785371e+00 1.219799907205157297e+00
1.162215383832470472e+00 2.496707519943933473e+00 2.019447037457851923e+00 2.325645006460315578e+00 1.225415766073508328e+00
1.191699348364843036e+00 2.487325462013263877e+00 2.013100581831510638e+00 2.316638801217320687e+00 1.233596186403363770e+00
1.216908742178318015e+00 2.471087217857944385e+00 2.009589246445372179e+00 2.308020381307645419e+00 1.249031637044899723e+00
1.233648695657381555e+00 2.453490064664358261e+00 2.014835453191103909e+00 2.301378115462494822e+00 1.271470416109438117e+00
1.242774359079936941e+00 2.443502600133595770e+00 2.025028992083385937e+00 2.297206519673027802e+00 1.297085265156139755e+00
1.246288595452795578e+00 2.441083474654543117e+00 2.036733321542322006e+00 2.294901926779167933e+00 1.323706820398987460e+00
1.246049949210670693e+00 2.438641185942447720e+00 2.049701252401010532e+00 2.294033639482441433e+00 1.349677098369944428e+00
1.245000628388998276e+00 2.429532881190191951e+00 2.064242484758487262e+00 2.293743172843214495e+00 1.373616233255585906e+00
1.246037025234296491e+00 2.418110824035986539e+00 2.080987680606813495e+00 2.292153863169735573e+00 1.394602777200321997e+00
1.251024506769930156e+00 2.409881935836833300e+00 2.098079315928735866e+00 2.286268776524656321e+00 1.414502898097232508e+00
1.258522392099328258e+00 2.395836579569385005e+00 2.102409844797485938e+00 2.269404688071845921e+00 1.436349012799555958e+00
1.259195404739374746e+00 2.380301196307418099e+00 2.085263539492899554e+00 2.250559482913717435e+00 1.444374987825159051e+00
1.256887611875739275e+00 2.367566475082623967e+00 2.064766296772115428e+00 2.233911696817747039e+00 1.446697789730229999e+00
1.253584655734223618e+00 2.353424647763492583e+00 2.044592403219275489e+00 2.218225341843260257e+00 1.452414058654707851e+00
1.246930274012502116e+00 2.332760292698959681e+00 2.033400468984599474e+00 2.209859150223346447e+00 1.473948662135478926e+00
1.240361207290620937e+00 2.322234326594887044e+00 2.054421496834876404e+00 2.216154392093955483e+00 1.470649309108471803e+00
1.240572778126167064e+00 2.288265656273671400e+00 2.063111986360015138e+00 2.202327938924272033e+00 1.488753623070219412e+00
1.239510903823764609e+00 2.258404587909284444e+00 2.072319029521865197e+00 2.189699514765438337e+00 1.509078345229305951e+00
1.238298332445833649e+00 2.234164011003449080e+00 2.088990343292890461e+00 2.180480058958116807e+00 1.524492451445076613e+00
1.248275667662496868e+00 2.196818693152992719e+00 2.103203059869933611e+00 2.176901011989737178e+00 1.532642226882291459e+00
1.273972320453335749e+00 2.174202365883496579e+00 2.108007658967730347e+00 2.183730899406516990e+00 1.542974264807771334e+00
1.284961276371492378e+00 2.186791881548092675e+00 2.126701643448700274e+00 2.189511132861921894e+00 1.556778108992323162e+00
1.294489400981008842e+00 2.183392165807300778e+00 2.141514888904205272e+00 2.201288780977456838e+00 1.577181030410361284e+00
1.300000000000000044e+00 2.169999999999999929e+00 2.154999999999999805e+00 2.209999999999999964e+00 1.600000000000000089e+00
