8.699999999999999956e-01 2.740000000000000213e+00 1.850000000000000089e+00 2.629999999999999893e+00 1.350000000000000089e+00
8.945701932277820845e-01 2.762941226859621846e+00 1.864339850143686972e+00 2.624603262447112950e+00 1.348998613479807762e+00
9.195614533784536304e-01 2.781546237259850063e+00 1.878784563172099853e+00 2.619271927237664777e+00 1.342475086588457822e+00
9.492304559343203163e-01 2.786382428690338475e+00 1.879193262576113188e+00 2.613582224870082182e+00 1.356360728542809424e+00
9.613153159746949949e-01 2.816970595439722835e+00 1.894366632509767667e+00 2.602231743361840266e+00 1.368304254322338931e+00
9.734004710731642973e-01 2.843802715841274864e+00 1.913776236967839717e+00 2.590210828627128592e+00 1.367954982651299334e+00
9.731919590093365269e-01 2.837601731659606052e+00 1.909456915026632728e+00 2.557593276310794472e+00 1.365130198703775166e+00
9.846272190282940873e-01 2.809343072284966603e+00 1.909705564615658879e+00 2.531209887714707119e+00 1.354647347343946207e+00
1.001283154104622763e+00 2.778244230560159789e+00 1.914606848706391862e+00 2.511986944533073807e+00 1.342024296042300779e+00
1.018921846275743004e+00 2.748497091945031556e+00 1.921342298624988842e+00 2.494460918100769309e+00 1.328713944231015409e+00
1.034619984390183323e+00 2.729471167603167103e+00 1.931703874801985021e+00 2.473366171795102542e+00 1.314042918325529996e+00
1.044372139784147002e+00 2.722888370961022098e+00 1.945273042261941754e+00 2.450409666794700847e+00 1.297036023974705410e+00
1.053421165459292208e+00 2.714239894826424582e+00 1.951292359526111575e+00 2.433283417296026929e+00 1.269818013522576505e+00
1.055443206110965981e+00 2.684595389030242973e+00 1.948916126982640051e+00 2.417474307923027865e+00 1.245058060709263392e+00
1.056803370077010751e+00 2.652450662420767102e+00 1.952349353057180270e+00 2.398319058891302369e+00 1.224075014122849137e+00
1.062770871337909595e+00 2.622219159744841210e+00 1.959753085484616575e+00 2.377381706859948096e+00 1.206359907081786087e+00
1.071503143491936871e+00 2.592103721551765716e+00 1.968314023382524924e+00 2.356163211227403131e+00 1.191068641407157624e+00
1.080401521404296794e+00 2.551047056618976239e+00 1.978084683417072887e+00 2.338964590661205101e+00 1.185887437230044084e+00
1.091269938965334863e+00 2.509154046315930753e+00 1.974300640620162861e+00 2.328871472625094974e+00 1.200943631992054339e+00
1.111600044241911833e+00 2.503486404816915645e+00 1.963858798728835842e+00 2.321720287118306913e+00 1.223273027400947788e+00
1.136296661916762041e+00 2.508015976785873846e+00 1.972951178465789157e+00 2.319358476537497271e+00 1.243211946484012120e+00
1.156726317036766538e+00 2.509744572029546372e+00 1.991460433183066314e+00 2.320185696228279859e+00 1.256996635614093361e+00
1.175537357439647490e+00 2.510663149472556199e+00 2.011948912376695375e+00 2.321728897491548427e+00 1.268284094730999678e+00
1.192908443519356432e+00 2.512623910953500239e+00 2.033740017050553295e+00 2.324118566656951046e+00 1.277545563871877343e+00
1.209021495523469270e+00 2.516630894560612397e+00 2.056902327208582015e+00 2.326986514547548790e+00 1.281976352318178636e+00
1.226562712061311844e+00 2.511794979396139382e+00 2.079589491649003197e+00 2.326644672141209291e+00 1.279273311696838888e+00
1.240281747747580710e+00 2.472728206264549033e+00 2.093910709718881602e+00 2.320339173734057958e+00 1.281009333952237261e+00
1.243909128555054755e+00 2.433965955473886833e+00 2.107827567016880010e+00 2.316946535263898710e+00 1.297338682994569892e+00
1.243958544509563335e+00 2.403523530827081700e+00 2.109112799606644995e+00 2.306437956045245485e+00 1.324235014814516997e+00
1.249106229610530860e+00 2.383384959886091892e+00 2.105777502199992490e+00 2.290713769632207519e+00 1.351850119341275080e+00
1.255652371188798577e+00 2.368304290917373045e+00 2.116484848862283830e+00 2.271923342250627531e+00 1.374997472283303823e+00
1.256648104974481983e+00 2.359194641398162151e+00 2.137797777388272813e+00 2.254687045049559746e+00 1.386338113943041517e+00
1.253099090808629468e+00 2.350121680464392515e+00 2.156851172953210050e+00 2.234472163938764577e+00 1.399409472533787335e+00
1.246733447308634002e+00 2.336384423021554024e+00 2.147621721679675577e+00 2.210905392301379724e+00 1.418013948621949405e+00
1.247495049313718019e+00 2.306421077930216779e+00 2.129767983219046812e+00 2.193326185362386660e+00 1.419554940254052378e+00
1.257039565681484117e+00 2.261057608171772149e+00 2.133688906428978793e+00 2.186055749239082857e+00 1.423766324922800308e+00
1.259064912642712919e+00 2.256645746076035408e+00 2.141278570142013393e+00 2.189903379318935972e+00 1.456237055370769529e+00
1.265811965357531710e+00 2.250824250697711193e+00 2.143412909435655767e+00 2.199264005398534394e+00 1.488292594000868885e+00
1.275040022230446102e+00 2.242548950393820739e+00 2.153373967956484059e+00 2.206643203522347552e+00 1.517377944373363263e+00
1.280244219439382380e+00 2.234608112079912168e+00 2.157088711940180925e+00 2.204628563773023853e+00 1.550581243860753133e+00
1.287304417659134836e+00 2.210549760446880452e+00 2.157678807458192516e+00 2.206488221383685389e+00 1.580659111678823558e+00
1.300000000000000044e+00 2.169999999999999929e+00 2.154999999999999805e+00 2.209999999999999964e+00 1.600000000000000089e+00
