8.699999999999999956e-01 2.740000000000000213e+00 1.850000000000000089e+00 2.629999999999999893e+00 1.350000000000000089e+00
8.871251371342708802e-01 2.743681536870908211e+00 1.869101148271800961e+00 2.621273042332737280e+00 1.336765437427000380e+00
9.048367984463013824e-01 2.746818314916288806e+00 1.887219745944869631e+00 2.612151397999986635e+00 1.322350220975558210e+00
9.258339284659830026e-01 2.746863914917452298e+00 1.895531137299752533e+00 2.601580311902683906e+00 1.300942223595535463e+00
9.466385744612787478e-01 2.770783406082476308e+00 1.899053889150843943e+00 2.595478410897974264e+00 1.280844673224884822e+00
9.608058602880976684e-01 2.802314187673901280e+00 1.914357982547363779e+00 2.586064147162689064e+00 1.274432172763504179e+00
9.710956741798512093e-01 2.827305570076771524e+00 1.930060573974804017e+00 2.566811344897379499e+00 1.277300433729689599e+00
9.824745077662214721e-01 2.820845428809716005e+00 1.937239631558645092e+00 2.538416259214110404e+00 1.283423205627358232e+00
9.891588972491019982e-01 2.812208630962766076e+00 1.921205110557188123e+00 2.537591325552327248e+00 1.279965489416126090e+00
9.988106534129443936e-01 2.781835121733254645e+00 1.923899293526806220e+00 2.522893617724582427e+00 1.258593048587990149e+00
1.012059418950677747e+00 2.749147666228180853e+00 1.927753258672446401e+00 2.506984846626231889e+00 1.242043249283856454e+00
1.027748205599875675e+00 2.717249466419291881e+00 1.931537424073352716e+00 2.490166896607278080e+00 1.228193950341627261e+00
1.043236285907662486e+00 2.691897779187216955e+00 1.937552567647831792e+00 2.469819440138742106e+00 1.216165493253092311e+00
1.054844531206868163e+00 2.685438170546101677e+00 1.950916573676596544e+00 2.446173165827654206e+00 1.207827626977107993e+00
1.062750581938868510e+00 2.699280969993362866e+00 1.974447135828699906e+00 2.436104823299418687e+00 1.205102739236036502e+00
1.068392008828705553e+00 2.708346061228502411e+00 1.999132199091940620e+00 2.428170788251707624e+00 1.199567977292146370e+00
1.076073085869811763e+00 2.710542347055064027e+00 2.024166449145869962e+00 2.421435107187007940e+00 1.195341908748452919e+00
1.093564953194960943e+00 2.695004537661750188e+00 2.041303796695933759e+00 2.405406511843069417e+00 1.193240221610086804e+00
1.107534569365932642e+00 2.667234523002547153e+00 2.040803361888305467e+00 2.380435199332040064e+00 1.188795721882010437e+00
1.110996996354840505e+00 2.630333272409354883e+00 2.029850806895805437e+00 2.364473537373257273e+00 1.200165510009678416e+00
1.117071706267333875e+00 2.587163739812104790e+00 2.032115459348212028e+00 2.364231362571818984e+00 1.217861497195660947e+00
1.132939507873834462e+00 2.553941327170407671e+00 2.047427383053308958e+00 2.357787482187440276e+00 1.219233809410656066e+00
1.157649541446090335e+00 2.542849068193805184e+00 2.062378054608935418e+00 2.347669729699473073e+00 1.216490688028557976e+00
1.185409924869791798e+00 2.538914663908235614e+00 2.075394942801380260e+00 2.338681273306495445e+00 1.216410646246941285e+00
1.213574150018411846e+00 2.533167973765082071e+00 2.087234438154872862e+00 2.329488286489681315e+00 1.219795365018002453e+00
1.240582100127180842e+00 2.522280026937336661e+00 2.096084355118714271e+00 2.318306525084673275e+00 1.229609481770799206e+00
1.259883088655192385e+00 2.503715458889699264e+00 2.100177391045839670e+00 2.307245088585175186e+00 1.251168092855844849e+00
1.265120106952917656e+00 2.485500087605832853e+00 2.100804877259613956e+00 2.303429083100042352e+00 1.282345723982500241e+00
1.263443757758117236e+00 2.469594892137841669e+00 2.101937677974306418e+00 2.304260094924318381e+00 1.314549858510962288e+00
1.264562163669935790e+00 2.439117170045978167e+00 2.103582445291783287e+00 2.296420809386383599e+00 1.341401792874657772e+00
1.268571482287119467e+00 2.405260548984942126e+00 2.103478322471084017e+00 2.284278379907636936e+00 1.364638187818135284e+00
1.274285510055117587e+00 2.380751376546099252e+00 2.107639375749086330e+00 2.273002085565658525e+00 1.391537430412154830e+00
1.278136224440918234e+00 2.364676605779557406e+00 2.125670118810297105e+00 2.265107924285326479e+00 1.412157208875527203e+00
1.279194192752528325e+00 2.350018200485739506e+00 2.148773929726143006e+00 2.259095884848555613e+00 1.424529040713188088e+00
1.277245918693265869e+00 2.327821656490888902e+00 2.165361887840214550e+00 2.243511097825987566e+00 1.439894570579803634e+00
1.273243998941474553e+00 2.302504744915239598e+00 2.160663508527329135e+00 2.224192565431535762e+00 1.458914315066471179e+00
1.268733357407599183e+00 2.277564518487993350e+00 2.144110522247780981e+00 2.220089540765687985e+00 1.478044803946740648e+00
1.264155592411526863e+00 2.254804069994611471e+00 2.128956522603499657e+00 2.228999047598544170e+00 1.499268099958041223e+00
1.274119913644165214e+00 2.236475215750953094e+00 2.137847046874731038e+00 2.227870290041255252e+00 1.520954623641711523e+00
1.276297508923360136e+00 2.211548685565142947e+00 2.136646030681261355e+00 2.219069893370558599e+00 1.549336818580473008e+00
1.284892236223376560e+00 2.192949133885287338e+00 2.146378675543259895e+00 2.209845463969616564e+00 1.575678704827770726e+00
1.300000000000000044e+00 2.169999999999999929e+00 2.154999999999999805e+00 2.209999999999999964e+00 1.600000000000000089e+00
