8.699999999999999956e-01 2.740000000000000213e+00 1.850000000000000089e+00 2.629999999999999893e+00 1.350000000000000089e+00
8.930573521363014411e-01 2.771242746181184824e+00 1.859809844455742267e+00 2.615500841648260799e+00 1.352142777622955983e+00
9.185875917675015989e-01 2.798965666423901766e+00 1.870142039126421407e+00 2.604618879386814356e+00 1.356470807227263320e+00
9.382054279229121718e-01 2.812075913310844388e+00 1.888493356551230740e+00 2.593594572836719792e+00 1.362538100189609969e+00
9.525617331912529240e-01 2.813154849587504724e+00 1.905936709291173647e+00 2.581084336655095512e+00 1.378966837379068444e+00
9.673200790223538403e-01 2.814956003006692242e+00 1.910229814846670759e+00 2.561981597185810866e+00 1.402759025073068155e+00
9.826196442067858250e-01 2.817333012657526670e+00 1.902864302783715322e+00 2.536185455080915307e+00 1.419487832002789940e+00
9.974964404817802111e-01 2.816995277562797106e+00 1.892522569046114267e+00 2.505827288979745493e+00 1.424542173949844281e+00
1.011999519582276408e+00 2.819652168097110057e+00 1.885958362250550469e+00 2.475458420076096289e+00 1.413445646873199291e+00
1.025702728309860756e+00 2.828743999406131859e+00 1.900909675924449038e+00 2.466876536800226560e+00 1.395181024087783328e+00
1.038597476059858637e+00 2.815172439107451741e+00 1.923454584869835449e+00 2.464698649851183365e+00 1.397597921533225929e+00
1.050523596026801787e+00 2.789392350644376961e+00 1.943317963826298511e+00 2.455199652404575605e+00 1.394018613903736270e+00
1.058247261021470598e+00 2.756865034580048501e+00 1.959236075478244965e+00 2.443960593009119275e+00 1.381232967120844091e+00
1.058513068681684377e+00 2.717312371348190148e+00 1.962182923376969867e+00 2.431440554245673624e+00 1.361024709534720101e+00
1.049763686621076664e+00 2.700234482969285033e+00 1.947993046009413920e+00 2.421398078144469501e+00 1.340395490291713232e+00
1.045014116283660588e+00 2.691300606544068330e+00 1.940970220244811584e+00 2.412185902424873962e+00 1.311167765540584673e+00
1.049663653002177455e+00 2.680757150598780836e+00 1.946733481472143312e+00 2.408199748490778891e+00 1.281035613577148125e+00
1.057108483011041322e+00 2.658679954494002740e+00 1.955449532925849221e+00 2.396720324529793444e+00 1.255902873603714553e+00
1.069500554249515512e+00 2.621597498105507462e+00 1.965189916192940922e+00 2.379657187012403252e+00 1.247717191582558005e+00
1.091328951723023355e+00 2.588997942395403040e+00 1.975356758350198527e+00 2.366010733104812580e+00 1.249363110048114622e+00
1.120006661752370070e+00 2.567829009142499785e+00 1.985020907603704199e+00 2.356239122480854764e+00 1.251251685285153847e+00
1.152154031716061899e+00 2.554326581089770620e+00 1.992869822822607384e+00 2.348859818330873761e+00 1.250324523299645607e+00
1.185224007524979806e+00 2.546634703029436064e+00 1.993957104676611358e+00 2.341197276837465147e+00 1.242422796009176711e+00
1.206731116653686708e+00 2.539120261818484270e+00 1.981399359175707309e+00 2.322205390936275649e+00 1.240147262809871309e+00
1.213878064450680583e+00 2.527587492857381157e+00 1.989329347046208785e+00 2.308755360734702222e+00 1.262776848181604850e+00
1.218632792892952788e+00 2.519754785785770945e+00 2.008263325130898558e+00 2.302713002409314313e+00 1.283103624152392541e+00
1.223578215132240299e+00 2.511649123251219251e+00 2.029393816661941408e+00 2.296798546965342691e+00 1.299361788325007927e+00
1.227969036615207177e+00 2.503280141374562895e+00 2.051261728569129694e+00 2.288784800995875557e+00 1.313250541609588318e+00
1.231900812395420264e+00 2.497181235734943883e+00 2.070632980225175501e+00 2.279154340684697910e+00 1.332107903257964132e+00
1.236967701378941964e+00 2.486828675098247121e+00 2.082354913570970911e+00 2.275044459032235178e+00 1.359740181675499926e+00
1.244114096504344236e+00 2.460461443433039186e+00 2.089857192267786434e+00 2.280692318175081112e+00 1.385890091618321440e+00
1.251221951691916523e+00 2.426872140646740394e+00 2.101303382916153151e+00 2.286100830372977288e+00 1.406637260226529573e+00
1.255703980479295989e+00 2.399274175305577295e+00 2.112344384952350662e+00 2.272490520308440676e+00 1.427952139397453024e+00
1.254138409648896335e+00 2.381981993763476524e+00 2.109475112730376800e+00 2.242146182170851265e+00 1.444477747364375952e+00
1.250715717771249569e+00 2.357508027278330864e+00 2.098604548537343462e+00 2.216289098397060897e+00 1.458211599761410682e+00
1.251682584444782087e+00 2.319635138619563275e+00 2.094169857682883329e+00 2.198492473919813950e+00 1.476892471580524946e+00
1.262627913480600883e+00 2.280574792941626683e+00 2.104342526704688687e+00 2.187340677794492816e+00 1.491644940149711163e+00
1.262481820869145510e+00 2.249394757648737198e+00 2.103410648038457786e+00 2.174864407351918327e+00 1.516445290835250814e+00
1.266986164187799968e+00 2.226766160174976417e+00 2.109266123661404535e+00 2.180970735973768448e+00 1.544865632366577035e+00
1.274934986529389302e+00 2.207347749417194915e+00 2.120659334404678020e+00 2.192494496435618334e+00 1.569078946389687701e+00
1.284535709638807033e+00 2.194640673213482884e+00 2.137546713256701647e+00 2.206357533168080032e+00 1.587181556470652399e+00
1.300000000000000044e+00 2.169999999999999929e+00 2.154999999999999805e+00 2.209999999999999964e+00 1.600000000000000089e+00
