8.699999999999999956e-01 2.740000000000000213e+00 1.850000000000000089e+00 2.629999999999999893e+00 1.350000000000000089e+00
9.091706587553464169e-01 2.767112514554538549e+00 1.874053480946235473e+00 2.599290860660062208e+00 1.320684230248335922e+00
9.735425415914084057e-01 2.791224544381043948e+00 1.881450310289819683e+00 2.603391701817979964e+00 1.327982912389981340e+00
9.854984320682437238e-01 2.784968927759194024e+00 1.892577180483104193e+00 2.563660817000231518e+00 1.276320218207785295e+00
9.863204983470296172e-01 2.773625502328943337e+00 1.896943500242225911e+00 2.524324364785057284e+00 1.217250480200255502e+00
9.887611933879101311e-01 2.738719972598486763e+00 1.898827120769343901e+00 2.477367932199961320e+00 1.170299536413087926e+00
1.002330026160015652e+00 2.672243922409235140e+00 1.909230625926263691e+00 2.435999057307805860e+00 1.180254223132263025e+00
1.035154185608838651e+00 2.627057804341304870e+00 1.938013175153588286e+00 2.417139306949454891e+00 1.204722323893970604e+00
1.083834624346198261e+00 2.599212122737359465e+00 1.967767627410409670e+00 2.403552462192986461e+00 1.208665139039572844e+00
1.139045062429905109e+00 2.573100043418272698e+00 1.990724993590382130e+00 2.387893325284166757e+00 1.201052492928665671e+00
1.193357043129624540e+00 2.542971514165154545e+00 2.009860938608763803e+00 2.364136733550155078e+00 1.192988814569594158e+00
1.235966592992295610e+00 2.493071807160908371e+00 2.026091145370059632e+00 2.330968112367114653e+00 1.191358519774325053e+00
1.259066101775101032e+00 2.438724625033079629e+00 2.050733434482077566e+00 2.296418334576850739e+00 1.206401751172938130e+00
1.275994708789859988e+00 2.421842781208161988e+00 2.073698594840795106e+00 2.291419382730079946e+00 1.262248171681014330e+00
1.283656321156548819e+00 2.393701759303697330e+00 2.116822605597627138e+00 2.281321706189119780e+00 1.273184782659995573e+00
1.306050681587538786e+00 2.334285543140382835e+00 2.128092738167898901e+00 2.280204639846147074e+00 1.314497476210990667e+00
1.303248319621512108e+00 2.306162342054006942e+00 2.097456424128773644e+00 2.282321601976076586e+00 1.353801952811785947e+00
1.288896566702004698e+00 2.258907870351104297e+00 2.132514833890319927e+00 2.266000640755219564e+00 1.376601674964031297e+00
1.281913109583856070e+00 2.232091453202134534e+00 2.158790392133206559e+00 2.219776754614819048e+00 1.406257367200291153e+00
1.278878175346481072e+00 2.213828805191052407e+00 2.163326198588506610e+00 2.186599216558383851e+00 1.466648234068949286e+00
1.284437975130924059e+00 2.199688780613571204e+00 2.157691111165877196e+00 2.193693266669315189e+00 1.536231352304804565e+00
1.300000000000000044e+00 2.169999999999999929e+00 2.154999999999999805e+00 2.209999999999999964e+00 1.600000000000000089e+00
