8.699999999999999956e-01 2.740000000000000213e+00 1.850000000000000089e+00 2.629999999999999893e+00 1.350000000000000089e+00
8.925239339436324970e-01 2.770039908812699903e+00 1.851967222917341171e+00 2.616010845204668200e+00 1.354632520116681560e+00
9.140478369523196145e-01 2.794041323703344570e+00 1.861772477145139826e+00 2.602511871628658824e+00 1.361460272223802281e+00
9.290735147931324933e-01 2.806862128215992236e+00 1.877052388795729332e+00 2.584230196430589377e+00 1.369287421831102858e+00
9.449611739276306821e-01 2.800373181313434046e+00 1.892272855198397608e+00 2.563966486683060708e+00 1.373226481641456331e+00
9.638894239295815458e-01 2.787751940956447072e+00 1.906738938797558403e+00 2.546472856766071935e+00 1.376139514880059478e+00
9.846863064680720923e-01 2.778808210327342820e+00 1.921993434131344936e+00 2.532046840676872801e+00 1.380564110264547395e+00
1.006015928102118151e+00 2.772345749044045071e+00 1.937546199223119769e+00 2.518405363469273794e+00 1.384970244030057529e+00
1.026427487649750114e+00 2.762472013614042599e+00 1.951634339308318200e+00 2.501149089430447336e+00 1.385262615762584026e+00
1.042233284620724731e+00 2.747470850856705837e+00 1.960478116774878599e+00 2.478693863347663395e+00 1.375410431601693739e+00
1.049433416713837275e+00 2.733175203746802229e+00 1.961157301861010671e+00 2.457649794127119591e+00 1.353957469225444799e+00
1.050812812238730132e+00 2.722834490318615241e+00 1.957811372781347981e+00 2.442682517243743856e+00 1.326686010029686003e+00
1.051421734892492355e+00 2.712731447382992656e+00 1.955024086004622630e+00 2.431868279244849607e+00 1.297404686721836065e+00
1.053450704962247464e+00 2.697923307761176392e+00 1.954051852967758185e+00 2.421681381092906093e+00 1.268564560430990973e+00
1.056990304162014560e+00 2.674158622124977125e+00 1.954715076968104537e+00 2.407703094149971079e+00 1.244002794179733584e+00
1.062221657949959042e+00 2.641124578261929923e+00 1.956970429227504082e+00 2.388581488500247207e+00 1.229293555559153539e+00
1.070595283870424241e+00 2.604101799693294694e+00 1.961777836969393674e+00 2.368693703284287189e+00 1.224583518048868669e+00
1.084757885788358855e+00 2.569747320158988657e+00 1.971240934973206738e+00 2.353014952962323658e+00 1.223932137692764544e+00
1.106224267326267663e+00 2.546712977454753002e+00 1.984731979783113998e+00 2.344434199770563332e+00 1.224020798404461985e+00
1.133301722191769390e+00 2.536577161882720421e+00 1.997455222397884089e+00 2.340110725464909169e+00 1.225926208902747838e+00
1.162657381408990220e+00 2.530724683185355595e+00 2.006331055802181851e+00 2.333756168137432585e+00 1.231607990709784772e+00
1.188866765233751899e+00 2.519717334751910176e+00 2.012033380848597286e+00 2.322182566536945547e+00 1.243565462502401298e+00
1.206714437142365259e+00 2.501970137832250529e+00 2.017481771328526019e+00 2.308691489973415223e+00 1.262737961778088280e+00
1.217446522111437890e+00 2.482443397857057032e+00 2.025379460186901959e+00 2.297603498629607888e+00 1.286009865401788410e+00
1.225123601985886435e+00 2.463995775653315512e+00 2.036976662868959398e+00 2.289110590288403468e+00 1.309315186600005454e+00
1.231665244340427012e+00 2.446643606314694352e+00 2.052882478574894698e+00 2.281813665867616692e+00 1.329186647706354307e+00
1.236930194299980190e+00 2.431206521348197924e+00 2.073364580057301065e+00 2.276682415352681677e+00 1.342551560850149261e+00
1.239512231333724568e+00 2.417421110132781159e+00 2.095980413363763173e+00 2.278547051214412367e+00 1.352026514637470367e+00
1.238781420986693416e+00 2.398323546107397064e+00 2.110084145722363580e+00 2.288454478936783776e+00 1.371549433731414913e+00
1.240644597506641356e+00 2.375659166488812257e+00 2.112433017139037972e+00 2.295125389712342923e+00 1.398630782870478040e+00
1.249160852379857856e+00 2.351156374111665670e+00 2.112437006388968808e+00 2.293379415565581336e+00 1.425114580423436195e+00
1.260012202983673557e+00 2.325222758595632211e+00 2.110427435140087127e+00 2.281483505201405304e+00 1.447485318600844062e+00
1.265773436852370315e+00 2.300419603996952223e+00 2.107111915867014851e+00 2.260344476269353198e+00 1.465240116097887624e+00
1.266853331916808045e+00 2.279491450603285507e+00 2.111544876265059489e+00 2.235046318005627697e+00 1.480004757831984818e+00
1.262024961301629000e+00 2.254464003547557827e+00 2.121741140299255424e+00 2.212694594472194520e+00 1.491194635538903412e+00
1.249148063253353813e+00 2.230639062732120870e+00 2.110830886497015335e+00 2.204169726999167356e+00 1.505231811413645371e+00
1.249255708322640990e+00 2.211840650756531357e+00 2.095455455583546733e+00 2.204716132793933081e+00 1.527051854103226303e+00
1.246612269072238766e+00 2.213789158397497125e+00 2.081328667443892666e+00 2.202623237611917695e+00 1.550055597978623023e+00
1.260674055397445592e+00 2.223234394806496539e+00 2.102514273519341614e+00 2.205400063641859365e+00 1.556929460284111943e+00
1.276304318823679118e+00 2.204670288680919299e+00 2.120629332524771371e+00 2.208446896285673144e+00 1.567678915372064941e+00
1.288897474361207163e+00 2.179762595260176461e+00 2.136113142750774241e+00 2.210624993499140434e+00 1.583088784935161364e+00
1.300000000000000044e+00 2.169999999999999929e+00 2.154999999999999805e+00 2.209999999999999964e+00 1.600000000000000089e+00
