8.699999999999999956e-01 2.740000000000000213e+00 1.850000000000000089e+00 2.629999999999999893e+00 1.350000000000000089e+00
8.921306195234989245e-01 2.753643108114193438e+00 1.848044988281529966e+00 2.600660955198845770e+00 1.325947266272542224e+00
9.140511058354994223e-01 2.775676699288877280e+00 1.852567271785420244e+00 2.574354660189942745e+00 1.302488164281926375e+00
9.329014485619631092e-01 2.804146133867351232e+00 1.871814958564727904e+00 2.565197741901998896e+00 1.285715685620343107e+00
9.610851988014137426e-01 2.825429501186686565e+00 1.882637909256444031e+00 2.553027489519157367e+00 1.265092436273045795e+00
9.748742521205663314e-01 2.806817347980671062e+00 1.864097263980668995e+00 2.528919909499358631e+00 1.252156099378233911e+00
9.855886657130761286e-01 2.807948383178920704e+00 1.891103937419013947e+00 2.513934025250802229e+00 1.240454833146106939e+00
1.008256422523205575e+00 2.800430386661678206e+00 1.912006931792497921e+00 2.492507019818652747e+00 1.233562426835026482e+00
1.032513982467121672e+00 2.789812987116611520e+00 1.931032183896935317e+00 2.469703348596333115e+00 1.227368608723803156e+00
1.052060169261994194e+00 2.772222846444115874e+00 1.953571892146732658e+00 2.451070060380346138e+00 1.222264213911982367e+00
1.064383779192778157e+00 2.740136285848655984e+00 1.975681951635197775e+00 2.438506521682818118e+00 1.210381635226128738e+00
1.073038537945316895e+00 2.701485221507583745e+00 1.980191750002665563e+00 2.428148067794301479e+00 1.180105460027585984e+00
1.078788567032656465e+00 2.665949718896761578e+00 1.995344699699187041e+00 2.411162038620387804e+00 1.156486097784639400e+00
1.074529873253996071e+00 2.649342739565650362e+00 2.021327940938333345e+00 2.397966407152398283e+00 1.167466983369772171e+00
1.080992668064758799e+00 2.615626033010926221e+00 2.041457104664466726e+00 2.381084737456122813e+00 1.183338525235273497e+00
1.106949455912118241e+00 2.576051591621956849e+00 2.043941532116040793e+00 2.364179802058584912e+00 1.187755219640413973e+00
1.140646330859620194e+00 2.556298035216480358e+00 2.051779721023665015e+00 2.347629414533304537e+00 1.191428274402965615e+00
1.175347693848887376e+00 2.540801514321811005e+00 2.061259682539732463e+00 2.331153599980987590e+00 1.195315802428287721e+00
1.210008233341025141e+00 2.525811748133865109e+00 2.070959681065713376e+00 2.314548183968214712e+00 1.198973033190168014e+00
1.243692092031938312e+00 2.507939947066472719e+00 2.081069256864950479e+00 2.297841524111923217e+00 1.204086016616695343e+00
1.267359213732970780e+00 2.475179215227942375e+00 2.093438246609587772e+00 2.282868394459043326e+00 1.217688528737943310e+00
1.275192891019028441e+00 2.432880870002497087e+00 2.101811704044613371e+00 2.276824493981236763e+00 1.244992918676294913e+00
1.276168319272291019e+00 2.389788394651913173e+00 2.099997864513522661e+00 2.279133954805048212e+00 1.276934064217315701e+00
1.275664791856116809e+00 2.357736828437365872e+00 2.112395655392641736e+00 2.274683066804869203e+00 1.305420444932372526e+00
1.272063698664157583e+00 2.369995889477387596e+00 2.133070856818461092e+00 2.249750280197806873e+00 1.320886145181261906e+00
1.267480904686760557e+00 2.359230399538564171e+00 2.138926927750323781e+00 2.228641655939847865e+00 1.358787826616589367e+00
1.263744136045105160e+00 2.344477799707497034e+00 2.143849008784548094e+00 2.211699616978552108e+00 1.398104442150105653e+00
1.261530593982194359e+00 2.329760553097894871e+00 2.153271773525373689e+00 2.192348875756259474e+00 1.434790172931481589e+00
1.260616734265596506e+00 2.311371979065797166e+00 2.158046510247266347e+00 2.163150456976773661e+00 1.466909518548652702e+00
1.260327352128279399e+00 2.291951748279248413e+00 2.152575635492265604e+00 2.138331956672089529e+00 1.501465533158262033e+00
1.262229271283682230e+00 2.269080869232282360e+00 2.148524743383342539e+00 2.131106551625640666e+00 1.541566253208269011e+00
1.267367662707593601e+00 2.230176762934186652e+00 2.144704829998402396e+00 2.142325082006874215e+00 1.573859403891528785e+00
1.281411471250277323e+00 2.193199189071178612e+00 2.149064951821157088e+00 2.172634302478059887e+00 1.590896323049246330e+00
1.300000000000000044e+00 2.169999999999999929e+00 2.154999999999999805e+00 2.209999999999999964e+00 1.600000000000000089e+00
