8.699999999999999956e-01 2.740000000000000213e+00 1.850000000000000089e+00 2.629999999999999893e+00 1.350000000000000089e+00
8.894194198338600810e-01 2.760118348976909886e+00 1.863725434608789033e+00 2.617092726009121684e+00 1.324806434144385037e+00
9.088356673024158283e-01 2.779872376493474739e+00 1.878089168625143524e+00 2.604182441543783089e+00 1.300027568860008476e+00
9.279275785979146374e-01 2.796746839114613081e+00 1.896736395312793366e+00 2.591451665373235791e+00 1.278562121666230400e+00
9.453139429794957804e-01 2.807778021288769743e+00 1.922189703358049728e+00 2.580565855301124145e+00 1.265519667412685401e+00
9.646542743941804998e-01 2.825968963657152333e+00 1.949067440806382612e+00 2.577488951058367839e+00 1.262596816119572640e+00
9.899885705070531339e-01 2.847757686939371258e+00 1.943595185680436321e+00 2.573674067490188122e+00 1.266423373010969744e+00
9.807546216319055210e-01 2.805178181441543295e+00 1.925875495613764032e+00 2.553626546755509263e+00 1.261967932618164978e+00
9.873188348303205686e-01 2.773354619373227692e+00 1.920597533725035611e+00 2.524685657533393801e+00 1.244470811948760858e+00
1.007298931049029012e+00 2.754555990374167429e+00 1.932741141885936820e+00 2.494531597625149200e+00 1.233558442176687642e+00
1.026912837375351106e+00 2.735771269069407374e+00 1.951578914595565761e+00 2.468791280429460944e+00 1.226711146313752776e+00
1.048395092158251440e+00 2.714263777279046774e+00 1.969119616256347793e+00 2.443895869285174882e+00 1.221579845366137063e+00
1.073778025805046665e+00 2.685465081381126051e+00 1.981437506010440552e+00 2.420146778377146202e+00 1.219761101299668971e+00
1.101340081696069007e+00 2.650978428955075294e+00 1.989398803137178984e+00 2.398838198505448993e+00 1.220537930903980328e+00
1.128683865565432765e+00 2.617171597565513430e+00 1.996676212547407570e+00 2.376432116068494693e+00 1.218524746212748422e+00
1.155199801461180176e+00 2.586273250424679926e+00 2.004484007267322898e+00 2.352027683779705836e+00 1.213173444641183485e+00
1.181981568587886944e+00 2.556760890830356736e+00 2.012492189973053680e+00 2.327438257898385210e+00 1.207699768865362566e+00
1.210091237543264642e+00 2.528845087744451270e+00 2.020818016279161355e+00 2.303694201190157997e+00 1.205893078354175030e+00
1.237457976008209837e+00 2.503908696616762075e+00 2.029410014981711363e+00 2.281975173903942444e+00 1.215942112515650431e+00
1.254366998891257357e+00 2.479750491547001001e+00 2.036973107149641304e+00 2.268683373519738034e+00 1.244225091359457247e+00
1.260102175499479227e+00 2.447222126967275813e+00 2.048335297427497981e+00 2.267389787480196262e+00 1.274080629220110339e+00
1.267263250106300587e+00 2.411262110691003713e+00 2.071039769945992592e+00 2.269110239393922868e+00 1.291298351127742494e+00
1.275083030685783658e+00 2.386151946967969284e+00 2.097997761655872928e+00 2.269347834189461732e+00 1.305621989640779912e+00
1.280486248197061361e+00 2.366614715856954376e+00 2.123041354026927952e+00 2.264864920965121264e+00 1.326280394931631523e+00
1.281686510503457832e+00 2.348931686807026686e+00 2.141725217497123079e+00 2.250026004117925194e+00 1.353213947173303566e+00
1.279815601035120931e+00 2.331025126607875197e+00 2.151597438194833511e+00 2.228851103687778501e+00 1.383599406615431571e+00
1.277258328089349471e+00 2.311293370644843304e+00 2.155762578816401209e+00 2.208369986705202681e+00 1.415819430064400253e+00
1.273524268395074266e+00 2.293450446883506633e+00 2.159825074666729794e+00 2.188871502281880321e+00 1.448708936027517602e+00
1.265479994973235378e+00 2.280031990392999752e+00 2.163987414812900134e+00 2.173241961150893520e+00 1.482947108546643022e+00
1.255121800125899689e+00 2.260539000660760856e+00 2.161804863101108864e+00 2.167874336251653933e+00 1.517746771334326894e+00
1.266458632993987532e+00 2.217492798811320664e+00 2.153801442777464548e+00 2.173063794427147144e+00 1.543666572800936887e+00
1.281700125646644706e+00 2.187156508313520487e+00 2.154529260068301255e+00 2.190087635326488424e+00 1.571582565494068051e+00
1.300000000000000044e+00 2.169999999999999929e+00 2.154999999999999805e+00 2.209999999999999964e+00 1.600000000000000089e+00
