8.699999999999999956e-01 2.740000000000000213e+00 1.850000000000000089e+00 2.629999999999999893e+00 1.350000000000000089e+00
8.911383482267163370e-01 2.742322851942867956e+00 1.861674611614090757e+00 2.623462714146569841e+00 1.331595845591584837e+00
9.130926379711590268e-01 2.749438221819775929e+00 1.869250566739696806e+00 2.614972556068749565e+00 1.311271099361972725e+00
9.314342822787958776e-01 2.768909131328134876e+00 1.864589964064848226e+00 2.602532196856665259e+00 1.291237488493381713e+00
9.465228438277623058e-01 2.782601401967785826e+00 1.874580789746296272e+00 2.585624588101465005e+00 1.273719038739355769e+00
9.644215244743578053e-01 2.794910572534623938e+00 1.889206626102808873e+00 2.578459154823107724e+00 1.258338874304352206e+00
9.856237571798319719e-01 2.811603770528622981e+00 1.898338215565709808e+00 2.572683065087911558e+00 1.240384386347201273e+00
1.005991741081757374e+00 2.817412604071079407e+00 1.907479692062821641e+00 2.557115267379320933e+00 1.224306302051120898e+00
1.022870746852702517e+00 2.811019012223772151e+00 1.917111556050871579e+00 2.534930001484356765e+00 1.212480774445456877e+00
1.037240699006318323e+00 2.796329689764299964e+00 1.926639966371179957e+00 2.510788962719725959e+00 1.204050488024964283e+00
1.049411509154858591e+00 2.771854858025732948e+00 1.935870734627999301e+00 2.487758804160320025e+00 1.199443406568016623e+00
1.059975541289699397e+00 2.740987759981468930e+00 1.943935296159938320e+00 2.466240225752886150e+00 1.195609116361256996e+00
1.069294939476633788e+00 2.708246185411346207e+00 1.949260223212703647e+00 2.443889483465378376e+00 1.190289061590685593e+00
1.076865114918895472e+00 2.676179375486119394e+00 1.951511816871211114e+00 2.419407803016051517e+00 1.184682994374095966e+00
1.082651136745811371e+00 2.646192035722921165e+00 1.954462309088419447e+00 2.392995007312416877e+00 1.180888950912981850e+00
1.086974182051762883e+00 2.622319413779525377e+00 1.964607365055653698e+00 2.367577833749853422e+00 1.179923418330095064e+00
1.090441464059561882e+00 2.609770592176506643e+00 1.983939614798138962e+00 2.352121525098217703e+00 1.178283228913118430e+00
1.095511373331708782e+00 2.587807841619509386e+00 1.986964351497370718e+00 2.355402839418470951e+00 1.161457575905293194e+00
1.096026592040970637e+00 2.571363521360982229e+00 1.973997628767234724e+00 2.358644978132100167e+00 1.157984080007738559e+00
1.103117538550348442e+00 2.580764926272264503e+00 1.995333941965494962e+00 2.358581629324310480e+00 1.166680374007156296e+00
1.120477051572566607e+00 2.583693440890533211e+00 2.012984849939538634e+00 2.349518512270366344e+00 1.173710041829814532e+00
1.145893283973741905e+00 2.577982601864509782e+00 2.024088921106824923e+00 2.339920099866511727e+00 1.180932798432541952e+00
1.174787962030530153e+00 2.567741352179569336e+00 2.030261985661187651e+00 2.332547625382993317e+00 1.186817387285367120e+00
1.202955300523171900e+00 2.552145540594067619e+00 2.034596743322441892e+00 2.324819276378696120e+00 1.193599309020400678e+00
1.225885294136692227e+00 2.530579256089593443e+00 2.040139857215840458e+00 2.314320676665137633e+00 1.206002468936327787e+00
1.239021852899317100e+00 2.508898802094069236e+00 2.048854295714267693e+00 2.303394412726589735e+00 1.227431171389030684e+00
1.243527312928689010e+00 2.491259140292668040e+00 2.059311333225182672e+00 2.295825913347165237e+00 1.254431428400712312e+00
1.244999228164739069e+00 2.471843752904448355e+00 2.069341130174979337e+00 2.290453567858250050e+00 1.282115535099211945e+00
1.247269149742914029e+00 2.446191620515579146e+00 2.077901428851039345e+00 2.284572657187660560e+00 1.308311487441095933e+00
1.251431245952581151e+00 2.417749354720212462e+00 2.084923489184362211e+00 2.277852792171249252e+00 1.333685251546895545e+00
1.256940173583475984e+00 2.392262199142566104e+00 2.091828626834232541e+00 2.271131993091231926e+00 1.360217152071616420e+00
1.262086447459580096e+00 2.373584853258522642e+00 2.100730888527703399e+00 2.264051519879554331e+00 1.388087756993988897e+00
1.264335601811580112e+00 2.360378155582715909e+00 2.111153496163521659e+00 2.255060213300174254e+00 1.416203581445107496e+00
1.262877197662277906e+00 2.344749234792793402e+00 2.119965717884332967e+00 2.242582091115310039e+00 1.443595155049782974e+00
1.258412181287503095e+00 2.320075019313244447e+00 2.124528827053389080e+00 2.225550739812918177e+00 1.466850688418030790e+00
1.250630980426541861e+00 2.288310255631218038e+00 2.120485698468250746e+00 2.203102984364707861e+00 1.477153338974295460e+00
1.247564936379653266e+00 2.257109418244727994e+00 2.107326188883912987e+00 2.187125793487835423e+00 1.478440066408388986e+00
1.257354604115991759e+00 2.223726196916293141e+00 2.107553807675702551e+00 2.194427492012042791e+00 1.499484543082592269e+00
1.267861792789622299e+00 2.212644232157769952e+00 2.120175391293807721e+00 2.205428560512955105e+00 1.522818643294666208e+00
1.278101680900926462e+00 2.199483861458328082e+00 2.133177507466157863e+00 2.210999893010506145e+00 1.547255397203290084e+00
1.288702393179851358e+00 2.184197667992911374e+00 2.143972018921750156e+00 2.211884792824490908e+00 1.573780076507895753e+00
1.300000000000000044e+00 2.169999999999999929e+00 2.154999999999999805e+00 2.209999999999999964e+00 1.600000000000000089e+00
