8.699999999999999956e-01 2.740000000000000213e+00 1.850000000000000089e+00 2.629999999999999893e+00 1.350000000000000089e+00
9.062894520865114600e-01 2.721356326612774268e+00 1.878621560175263383e+00 2.600921456755359795e+00 1.343521167936505556e+00
9.395437516254309118e-01 2.711053487493515490e+00 1.902766775064849591e+00 2.558447119874672993e+00 1.337254054087350763e+00
9.549730844300242660e-01 2.741716037945006512e+00 1.939549223821576573e+00 2.556720721160836263e+00 1.337794418034971455e+00
9.617369285383172706e-01 2.752640862762834040e+00 1.948683593345542864e+00 2.565795877959912819e+00 1.286320117095176130e+00
9.901954756340717312e-01 2.740498263120324296e+00 1.934046259507415932e+00 2.530707885638378229e+00 1.251713354384908605e+00
1.011581036240695619e+00 2.703469157461456440e+00 1.951408732960200787e+00 2.492908953045404274e+00 1.224267309191181763e+00
1.031528641439859673e+00 2.665802171066069093e+00 1.970874539489529065e+00 2.456664521844200699e+00 1.197213799411986690e+00
1.065441037661597701e+00 2.635627821804161997e+00 1.991759370989767408e+00 2.433025383310645218e+00 1.169208790033844148e+00
1.092743020532443099e+00 2.619541341487272135e+00 1.988617131232468749e+00 2.382667969537231922e+00 1.183407770683175375e+00
1.147258962828351603e+00 2.596145896989417778e+00 1.974795336180677374e+00 2.372406226993825307e+00 1.190971921199005523e+00
1.193264228035267882e+00 2.545998464382292159e+00 1.975804309452727114e+00 2.359181099016635308e+00 1.201441772680037934e+00
1.218759566954046747e+00 2.488594896933347567e+00 1.995642531467645586e+00 2.336045137191864018e+00 1.209235154792643208e+00
1.239205010424317743e+00 2.440098087057216869e+00 2.019940605161614222e+00 2.303689428274175555e+00 1.214745927173366269e+00
1.265795511244273364e+00 2.423413532515766633e+00 2.041771091648333591e+00 2.282760026856893720e+00 1.251759226179618434e+00
1.278378982967146138e+00 2.381805889760210349e+00 2.053968589087144636e+00 2.291873247000686398e+00 1.296825538666217081e+00
1.283641098225692057e+00 2.336611516083510143e+00 2.054968208228639792e+00 2.295813114665583132e+00 1.345614479061876700e+00
1.296672865787227957e+00 2.310773025909731881e+00 2.070373717360709520e+00 2.289693040183755635e+00 1.395441081049890730e+00
1.315732971534347318e+00 2.290345488822269626e+00 2.099605036483275011e+00 2.259000819914569469e+00 1.420172664868298185e+00
1.304201865339737587e+00 2.269902203479051472e+00 2.117337297283956143e+00 2.208349711869209919e+00 1.443291588304872919e+00
1.273357165666114232e+00 2.259230012172182889e+00 2.125296361678114643e+00 2.171837455366419256e+00 1.481013996312474434e+00
1.280588415725171458e+00 2.243881061926758846e+00 2.152251903188930005e+00 2.199451933156411521e+00 1.510648385575318775e+00
1.295314553061474694e+00 2.200616877028183538e+00 2.170926451257029210e+00 2.202009499244435009e+00 1.549884600402333223e+00
1.300000000000000044e+00 2.169999999999999929e+00 2.154999999999999805e+00 2.209999999999999964e+00 1.600000000000000089e+00
