8.699999999999999956e-01 2.740000000000000213e+00 1.850000000000000089e+00 2.629999999999999893e+00 1.350000000000000089e+00
8.902670823926415178e-01 2.753955174802401373e+00 1.852014489501793371e+00 2.621445555646767289e+00 1.372259531366440077e+00
9.152325581770228702e-01 2.778479316472607152e+00 1.855817520527465625e+00 2.606792414334619945e+00 1.381235322419244627e+00
9.345742973024451228e-01 2.809425560722900173e+00 1.866361588117855685e+00 2.598386368642587652e+00 1.370521904126224211e+00
9.525444754714553763e-01 2.812520056296928139e+00 1.882150301788637403e+00 2.585312461314178023e+00 1.358653972563592660e+00
9.699526880540332296e-01 2.822757329953738292e+00 1.893872810832963438e+00 2.560640258526816648e+00 1.360240204477082493e+00
9.878047999937477064e-01 2.836830683499835359e+00 1.900865205437932026e+00 2.532895433924096107e+00 1.363114776267818185e+00
1.004210811591532471e+00 2.841819315397497991e+00 1.906343165664924566e+00 2.504740030687075958e+00 1.373617155959199643e+00
1.018124368830172433e+00 2.832116758466579398e+00 1.903720359186624744e+00 2.481762144864914088e+00 1.392616687321529767e+00
1.037039542151478200e+00 2.824886805053060890e+00 1.900402096686970133e+00 2.456732194523592483e+00 1.382495647033517905e+00
1.046034098250296029e+00 2.836991644331982698e+00 1.910908514646049605e+00 2.444413105072897885e+00 1.359285058204737995e+00
1.057432765960937049e+00 2.849660082634486891e+00 1.924128339672568577e+00 2.429333423783938350e+00 1.340577066203376910e+00
1.070311870320873160e+00 2.854121173884768492e+00 1.940652855881196182e+00 2.415124402072882148e+00 1.325876551231446987e+00
1.076953795369753886e+00 2.816785214485184152e+00 1.952670889407802646e+00 2.414130460251823873e+00 1.310787367306404994e+00
1.077009578964196690e+00 2.769331754705960158e+00 1.956739080254207286e+00 2.415916893661111953e+00 1.294467883525470597e+00
1.073204676652381950e+00 2.725422766463222679e+00 1.957593776682317044e+00 2.412552732535587996e+00 1.275209163088343756e+00
1.077420554468056180e+00 2.681815534033287207e+00 1.961055343528257611e+00 2.411985781001662499e+00 1.256163414465764738e+00
1.100947306802915859e+00 2.653397000926314586e+00 1.968979485426154863e+00 2.405748031949042520e+00 1.246898719712003611e+00
1.126084120708575220e+00 2.630828765092630306e+00 1.975964420633051555e+00 2.389570792601004801e+00 1.243584038489871979e+00
1.148806840571985788e+00 2.606089336253779365e+00 1.981875290425423319e+00 2.369644858021925593e+00 1.240548681026712341e+00
1.170967342523276944e+00 2.579261165618928153e+00 1.988141309234435994e+00 2.351059096002245496e+00 1.235215976969430196e+00
1.193327403973052814e+00 2.552060725514008865e+00 1.996805214655105409e+00 2.334759486344732071e+00 1.231855432899527703e+00
1.213574984590419348e+00 2.529698206442732467e+00 2.009858496793302862e+00 2.320130411788900560e+00 1.236775261356766409e+00
1.228250795008638319e+00 2.516665931849096705e+00 2.026806760822476683e+00 2.308070287700158651e+00 1.248510161103404181e+00
1.238079805503363717e+00 2.509652456190357928e+00 2.045731969951200213e+00 2.298278829401196877e+00 1.262600676183769810e+00
1.244914394533116031e+00 2.501092896039594393e+00 2.064061551645595127e+00 2.290057747844169711e+00 1.279657225135841569e+00
1.249749301366969823e+00 2.485861243138483889e+00 2.078922213351203307e+00 2.284257425863245317e+00 1.301337835519360775e+00
1.252995559428592642e+00 2.465035742162145382e+00 2.089068368275228238e+00 2.282575544720062410e+00 1.326571300714922241e+00
1.254209914266105841e+00 2.441411884069668581e+00 2.093543471376005716e+00 2.284890810434073494e+00 1.353804884796193431e+00
1.253223157685244615e+00 2.418869886601726638e+00 2.092697859922779458e+00 2.287296823562884995e+00 1.381931037684127173e+00
1.250974566697349522e+00 2.400325046593044576e+00 2.091789512630830572e+00 2.281843556682387142e+00 1.410467686030241197e+00
1.247793291533523030e+00 2.385920611719028361e+00 2.095016007174235195e+00 2.262095368621046543e+00 1.434002267877405146e+00
1.243972973335737864e+00 2.372446175898123233e+00 2.099772540674844645e+00 2.232788050200313457e+00 1.449209463571292877e+00
1.240527185844638058e+00 2.353266654038062899e+00 2.101419975043392618e+00 2.202248025253649377e+00 1.462333652760302360e+00
1.239939873708512552e+00 2.324304664257001107e+00 2.098366013319036494e+00 2.180383482224936387e+00 1.480424383265598998e+00
1.244314160313961581e+00 2.292274637765084222e+00 2.096299802839101556e+00 2.172595359400580239e+00 1.504058712276625354e+00
1.255806546451619266e+00 2.261087933494312807e+00 2.102614496744647177e+00 2.173638906836598661e+00 1.525445443609384055e+00
1.273492906754313037e+00 2.241576417798052390e+00 2.113271806346800563e+00 2.188414908441435713e+00 1.520656163301110864e+00
1.276988624263889704e+00 2.246332519946218742e+00 2.135320405648567732e+00 2.192779715676248298e+00 1.531062461249515838e+00
1.284682252638034594e+00 2.233648516265756001e+00 2.149643457672413049e+00 2.198134319878306986e+00 1.553269858901391132e+00
1.292997032933619117e+00 2.207071403513316099e+00 2.155560963002289387e+00 2.204174707802592614e+00 1.577868642359889995e+00
1.300000000000000044e+00 2.169999999999999929e+00 2.154999999999999805e+00 2.209999999999999964e+00 1.600000000000000089e+00
