8.699999999999999956e-01 2.740000000000000213e+00 1.850000000000000089e+00 2.629999999999999893e+00 1.350000000000000089e+00
8.980751365908580253e-01 2.758870012704635499e+00 1.860142611849181726e+00 2.608215275070340677e+00 1.359915185693690631e+00
9.224412883935991792e-01 2.776260780290400465e+00 1.880044422764257872e+00 2.592855981894733652e+00 1.363361108624713713e+00
9.403067362966397447e-01 2.783139366665563053e+00 1.906437004125544732e+00 2.583490201815632936e+00 1.360948434024202847e+00
9.516744792823494947e-01 2.786424731152198131e+00 1.933466056778660347e+00 2.577313927335833199e+00 1.348418416440189338e+00
9.581035297967721576e-01 2.791769829359130206e+00 1.952278809155460815e+00 2.573488006165469688e+00 1.321434813340819137e+00
9.665520257574301555e-01 2.786463222324299327e+00 1.946387973098135049e+00 2.573453432616473080e+00 1.288393788581507993e+00
9.877802570612946864e-01 2.761805014519028489e+00 1.933778775756130441e+00 2.560369846746563649e+00 1.269579896185635270e+00
1.011240531420290800e+00 2.735695519144352161e+00 1.932803203757694543e+00 2.533783754201383687e+00 1.256658175192987725e+00
1.031599839197618884e+00 2.712379619272091258e+00 1.936932846563725663e+00 2.501744866192928018e+00 1.244975273522126891e+00
1.048766163114865924e+00 2.690644285301882377e+00 1.941919149406576839e+00 2.465309269269535974e+00 1.236016141899717535e+00
1.063791619996955928e+00 2.684915763321850335e+00 1.954452202591688836e+00 2.427047071079141638e+00 1.231220362453047334e+00
1.067589170470858662e+00 2.645711946769099487e+00 1.969429838093013085e+00 2.409651044512894913e+00 1.221303484425118491e+00
1.073873158440080910e+00 2.607998319087361239e+00 1.989413219824967660e+00 2.392521794528333245e+00 1.222731318048301041e+00
1.084790405842647631e+00 2.584579583129653635e+00 2.012833867567731083e+00 2.372781644337276674e+00 1.225482356455364741e+00
1.102046316197009990e+00 2.568949306151135481e+00 2.036203947872860187e+00 2.354390394903361550e+00 1.223619176506447692e+00
1.126426131512193285e+00 2.547952187568290228e+00 2.054336479102133683e+00 2.338603316421991707e+00 1.218850005364745970e+00
1.154798919095543219e+00 2.519155421511790394e+00 2.064627147519952466e+00 2.321445740907465805e+00 1.216965448341999378e+00
1.183582851865428998e+00 2.488168457367650799e+00 2.071254140049498371e+00 2.303171527664966689e+00 1.218326642577856278e+00
1.211611564512180106e+00 2.456128396845503215e+00 2.077353996680293413e+00 2.285675417114469976e+00 1.223834575017545889e+00
1.237012238096406369e+00 2.424934018825132043e+00 2.082927750015901580e+00 2.271618587790329435e+00 1.238383891165707240e+00
1.255416633167601770e+00 2.402550012107329991e+00 2.086597339810887242e+00 2.265555655383303169e+00 1.265849674541121184e+00
1.265099746848793449e+00 2.394056927799648626e+00 2.089295418664888437e+00 2.267123430531330808e+00 1.300007045607930678e+00
1.269672406188042224e+00 2.390553239305357902e+00 2.094389048938856135e+00 2.270514027988034034e+00 1.334913793340764876e+00
1.271380347981614367e+00 2.378095096886728488e+00 2.103329462856273313e+00 2.272298901486738298e+00 1.368185762214898293e+00
1.271008967543328483e+00 2.350332939334500715e+00 2.114364216107258443e+00 2.268476711614900054e+00 1.396711604297970588e+00
1.266887548656621121e+00 2.322530531905686590e+00 2.123255968560826101e+00 2.246490390030973838e+00 1.420645142072186839e+00
1.262900115194459660e+00 2.324632483373299419e+00 2.128501114019574203e+00 2.218593835570790596e+00 1.448761268551026049e+00
1.259299749478239860e+00 2.318001482620606346e+00 2.132396211730641866e+00 2.189712452150220923e+00 1.476373190818061287e+00
1.257409784871315050e+00 2.298343051703596540e+00 2.138288602511529746e+00 2.163593162247609225e+00 1.502953335861362039e+00
1.257913428569268355e+00 2.278287473629127646e+00 2.148764298867484879e+00 2.147553593993702936e+00 1.532017476224362795e+00
1.256842986261626161e+00 2.255087692184771342e+00 2.144581589663409726e+00 2.136846152642090324e+00 1.563563190478488796e+00
1.271841878662860914e+00 2.211020705971167732e+00 2.140883867115411565e+00 2.157803794796059105e+00 1.561757079811897597e+00
1.290637855295223790e+00 2.195805362094288338e+00 2.155351415648071978e+00 2.185724827801350134e+00 1.574789006695884286e+00
1.300000000000000044e+00 2.169999999999999929e+00 2.154999999999999805e+00 2.209999999999999964e+00 1.600000000000000089e+00
