8.699999999999999956e-01 2.740000000000000213e+00 1.850000000000000089e+00 2.629999999999999893e+00 1.350000000000000089e+00
9.124253924579518449e-01 2.762077384751870923e+00 1.883213260998045868e+00 2.592286975079723277e+00 1.355809666424112603e+00
9.697384236231180177e-01 2.792519078495686813e+00 1.901984750298803650e+00 2.597281013760234014e+00 1.324457591583611205e+00
9.824325309292359920e-01 2.783083341136103339e+00 1.903041946559556274e+00 2.556344146366893444e+00 1.266276636224481944e+00
9.889763267779829725e-01 2.743262905764419557e+00 1.908351526354404193e+00 2.498381045395178912e+00 1.229231337255121570e+00
1.009142574723512542e+00 2.688068552858779547e+00 1.930488404910398303e+00 2.447220112439634221e+00 1.220380078171229732e+00
1.049521357084563400e+00 2.641473857962706617e+00 1.962518952346827383e+00 2.418924405149571299e+00 1.220813535323096222e+00
1.105559070908753050e+00 2.602051517412834247e+00 1.987209279842609977e+00 2.400476530372281925e+00 1.209479793698710726e+00
1.167179318347943084e+00 2.565868690533132046e+00 1.998250084959454220e+00 2.379835588371518540e+00 1.187393360434442879e+00
1.225177652778510096e+00 2.525900656154474344e+00 2.009406424276571457e+00 2.347965688613282254e+00 1.172199881821725631e+00
1.260873951588276087e+00 2.475398279158736337e+00 2.033575174984809220e+00 2.307923961356105558e+00 1.185029801249704029e+00
1.271848267721931380e+00 2.443769671332143290e+00 2.061641573555091700e+00 2.284967438232965442e+00 1.235432604351044850e+00
1.272923928659984050e+00 2.426596118080811770e+00 2.093416019007393380e+00 2.290028399855627672e+00 1.285409557475520437e+00
1.266881325702282624e+00 2.386135719330266802e+00 2.115380873064539813e+00 2.268461428359478393e+00 1.232894419819114962e+00
1.288309395073598429e+00 2.358103053073212774e+00 2.152661333228806040e+00 2.271367973098492588e+00 1.273211406429714643e+00
1.313489994802580219e+00 2.309560799430124156e+00 2.127992962001795441e+00 2.270967564372289083e+00 1.319993616039412787e+00
1.309441486316772929e+00 2.290317640157383039e+00 2.083121566608701958e+00 2.288150200869900619e+00 1.349225933457577131e+00
1.277441308143903331e+00 2.252669878791936142e+00 2.115917197731076005e+00 2.259872655369077332e+00 1.377634779629560047e+00
1.268734859981560437e+00 2.221090259256677690e+00 2.140004938530250200e+00 2.206581365009799178e+00 1.408817562873093010e+00
1.272683273776978652e+00 2.222578393280149278e+00 2.151256503454717528e+00 2.180196807405389237e+00 1.473752061206396569e+00
1.285938739914624929e+00 2.224153698640042531e+00 2.152527953488589052e+00 2.199009328689601084e+00 1.541800494634215646e+00
1.300000000000000044e+00 2.169999999999999929e+00 2.154999999999999805e+00 2.209999999999999964e+00 1.600000000000000089e+00
