8.699999999999999956e-01 2.740000000000000213e+00 1.850000000000000089e+00 2.629999999999999893e+00 1.350000000000000089e+00
8.962097815517972021e-01 2.739058445149884058e+00 1.861108046748315648e+00 2.619168788647199708e+00 1.353527407350056944e+00
9.236734530986782099e-01 2.745755300384855158e+00 1.867132034261058893e+00 2.605175008705551853e+00 1.358325917863439036e+00
9.466288007635728086e-01 2.752062695773574763e+00 1.874852320758615187e+00 2.585486160391816224e+00 1.353570347712103938e+00
9.571049247170541063e-01 2.756347781237737493e+00 1.878933832110225355e+00 2.565910613375987470e+00 1.331901532460325610e+00
9.626743371143877681e-01 2.773474026915656143e+00 1.883422726514678125e+00 2.553431265365811775e+00 1.306829050269910475e+00
9.725058420604394405e-01 2.790166452465571378e+00 1.895978948476058079e+00 2.544825467016954335e+00 1.286814543639238417e+00
9.873738996738827822e-01 2.792901122533135272e+00 1.910305936171394769e+00 2.530876117431030359e+00 1.272381096405932777e+00
1.003862107438905138e+00 2.783689639471776278e+00 1.921068943102354210e+00 2.510945761286614619e+00 1.261287848363091157e+00
1.019999955563888783e+00 2.769403035408390057e+00 1.929390298916618285e+00 2.488634997371574009e+00 1.251837716883618556e+00
1.035488149513855483e+00 2.754405550386303414e+00 1.938305969995539169e+00 2.466085690012339793e+00 1.243258858403713196e+00
1.049966746837221798e+00 2.741188619795781989e+00 1.949942695911579538e+00 2.444560856904807622e+00 1.235659861173783236e+00
1.063453628546608964e+00 2.731218753783867914e+00 1.963442658782806438e+00 2.423249769918994989e+00 1.229647591651452654e+00
1.074491748630527210e+00 2.696715030427196957e+00 1.967403027195923748e+00 2.405332283048478015e+00 1.227184594843410581e+00
1.081348549262602043e+00 2.662453528258934998e+00 1.982162088100975605e+00 2.397815109581641124e+00 1.230562299426269934e+00
1.094544311002029424e+00 2.633611545962751155e+00 1.993994485822466523e+00 2.385348982594078571e+00 1.238844355520745788e+00
1.115134199001441839e+00 2.603208442521427468e+00 1.996647175362126880e+00 2.372598107898491460e+00 1.246292343844879191e+00
1.138648112113346489e+00 2.574807822650615474e+00 1.995522160806746603e+00 2.360130383789916575e+00 1.248949983468928382e+00
1.161617636549849397e+00 2.547588230839154200e+00 1.997273141781413575e+00 2.345470615905421941e+00 1.248358293075725989e+00
1.182798023375026153e+00 2.522287279389028303e+00 2.003083615088254721e+00 2.328901867850592389e+00 1.246049745413672749e+00
1.202508420177187176e+00 2.500531135967914764e+00 2.012380570050317008e+00 2.312173548264662148e+00 1.241225157799175527e+00
1.220280766239505432e+00 2.483249608679241049e+00 2.025475136880047877e+00 2.297100074841081696e+00 1.234243900765819912e+00
1.236302660293399747e+00 2.466756325771350511e+00 2.041750918244356505e+00 2.285673191645562152e+00 1.230486133156228234e+00
1.250046985926305032e+00 2.444741461478637135e+00 2.057911775637261353e+00 2.279828445755650357e+00 1.239174887955452942e+00
1.258293996716965513e+00 2.421220947529507228e+00 2.070560492159823518e+00 2.278734339864222580e+00 1.258671252845340538e+00
1.261798565479790746e+00 2.401319848058579343e+00 2.082752179690291694e+00 2.279018679118573587e+00 1.281314649707040454e+00
1.263611725687451504e+00 2.385275890374907615e+00 2.095816495323321593e+00 2.278398970128043377e+00 1.304425314704971806e+00
1.265771776583329178e+00 2.371362589899986606e+00 2.107445456218218549e+00 2.275338261018868824e+00 1.329102847445732039e+00
1.267787230998176140e+00 2.358959682284231363e+00 2.114817445897144488e+00 2.269635343250445469e+00 1.356448305683338962e+00
1.267606773397177644e+00 2.348089885034829294e+00 2.118078209392532330e+00 2.261743990748806610e+00 1.385064200469281692e+00
1.264581591914360370e+00 2.336716796567672727e+00 2.120104270515269729e+00 2.251092493228865621e+00 1.412907125054716273e+00
1.261161745519878918e+00 2.321630610802790873e+00 2.123392681949645144e+00 2.237261347836625003e+00 1.438567862983296086e+00
1.260674390594181959e+00 2.300306841256130053e+00 2.128317214744321451e+00 2.222151207954601748e+00 1.461551475613926510e+00
1.262930372716103200e+00 2.270337041146740731e+00 2.132738393999268123e+00 2.209373414793868839e+00 1.482024435651466909e+00
1.265709792830505886e+00 2.232395769721241763e+00 2.134709838094501322e+00 2.201101961479341007e+00 1.499947050207484978e+00
1.271243441027348986e+00 2.196229290313743476e+00 2.137215089000652934e+00 2.197142282351636222e+00 1.519516468525320629e+00
1.282511023733485356e+00 2.180710255822921884e+00 2.144662039593411063e+00 2.198117776401330659e+00 1.544658013859089962e+00
1.293224903707556273e+00 2.179037927716099610e+00 2.151546912850181403e+00 2.203575223975191122e+00 1.571564863964695080e+00
1.300000000000000044e+00 2.169999999999999929e+00 2.154999999999999805e+00 2.209999999999999964e+00 1.600000000000000089e+00
