8.699999999999999956e-01 2.740000000000000213e+00 1.850000000000000089e+00 2.629999999999999893e+00 1.350000000000000089e+00
8.934523559729447006e-01 2.765135058025520287e+00 1.865439177974990814e+00 2.624071236714994537e+00 1.350856698034291536e+00
9.204860872846432063e-01 2.785068762819065125e+00 1.879625487725558708e+00 2.619879683027750872e+00 1.350238085386552545e+00
9.373924798956354554e-01 2.798415200735525410e+00 1.895293054858516513e+00 2.613072543579946672e+00 1.368645318889920359e+00
9.535488783685995839e-01 2.806212960040493254e+00 1.901233074500749742e+00 2.587895100449973729e+00 1.386845448996415486e+00
9.712008529557093484e-01 2.805462629215946357e+00 1.901298183738631353e+00 2.557894141859648585e+00 1.400508956680477146e+00
9.867358181236438597e-01 2.805550948422957713e+00 1.901265288508527274e+00 2.531009864920596542e+00 1.419949356324619050e+00
1.002077600489530429e+00 2.806838531783864887e+00 1.900177368721190030e+00 2.505060117279731990e+00 1.440417661907079205e+00
1.023617575070474350e+00 2.807858164708035176e+00 1.899040279688204658e+00 2.475056720235143448e+00 1.438373219093805222e+00
1.040946356154356378e+00 2.813847861831726416e+00 1.910367724238839049e+00 2.459509918819678731e+00 1.417464263564131466e+00
1.054285105083420548e+00 2.815452098864473118e+00 1.928081400296150383e+00 2.454828034562402284e+00 1.397197586611644837e+00
1.065880206363624794e+00 2.790905782553455783e+00 1.940137549277453077e+00 2.454018433929006981e+00 1.373924154019751320e+00
1.072590732310508610e+00 2.764114759493384366e+00 1.954714173356042695e+00 2.445890751171063471e+00 1.353350687883398962e+00
1.073228009355422508e+00 2.745169034775422734e+00 1.960889480731780266e+00 2.430431515293759670e+00 1.326074986149613499e+00
1.070579333304489733e+00 2.729220000216711295e+00 1.959853924616520748e+00 2.424290266673212457e+00 1.294694746629621473e+00
1.065874934675155483e+00 2.709464759704042880e+00 1.957355346941390017e+00 2.422030413380758418e+00 1.263894257136506827e+00
1.057010089332167890e+00 2.676519222524234465e+00 1.947259590774943927e+00 2.415506507483611287e+00 1.242627836169770905e+00
1.074340552331597642e+00 2.654372762408347963e+00 1.952991306376198333e+00 2.394333173988027141e+00 1.229670027869000037e+00
1.101810743397197090e+00 2.630149761877774051e+00 1.962811142820184651e+00 2.382718889391769679e+00 1.227081251949302176e+00
1.129431683618289384e+00 2.601463965775065557e+00 1.969008845140951980e+00 2.369918254463698748e+00 1.227412758236803514e+00
1.157561712203343030e+00 2.574621532241345712e+00 1.974688055614872928e+00 2.356049390426063983e+00 1.227280910180116091e+00
1.185230949427672265e+00 2.548558266459414412e+00 1.981082816751280395e+00 2.341256897100976175e+00 1.225933209346078412e+00
1.210560305348308274e+00 2.522414715142017982e+00 1.990584154052479349e+00 2.325597259698654273e+00 1.227704728873511231e+00
1.228523175954115754e+00 2.498552125942021362e+00 2.004697264872620455e+00 2.312002926398763591e+00 1.240816269232313918e+00
1.238563378088340050e+00 2.480075064692829123e+00 2.020586983956683458e+00 2.302839606842132625e+00 1.261384299072385806e+00
1.245945058700633989e+00 2.466295690704556343e+00 2.038503853355212669e+00 2.295736454351635203e+00 1.281914672880142270e+00
1.252003808342447844e+00 2.459057795824605375e+00 2.059332105761336962e+00 2.289419011825722716e+00 1.299180414533817718e+00
1.256046277619194296e+00 2.462064692083953954e+00 2.082223957628716704e+00 2.282960873487516196e+00 1.312374035880281564e+00
1.256472752848317498e+00 2.478394393582741273e+00 2.102926971441864801e+00 2.276208589156547557e+00 1.328445588403136979e+00
1.252807021967662360e+00 2.491045329982799927e+00 2.107384494132618080e+00 2.276891691739796109e+00 1.359744029888904082e+00
1.250768649826704104e+00 2.478576860384056779e+00 2.101312622034986255e+00 2.285653145072122694e+00 1.390347596025718335e+00
1.250069963975725784e+00 2.451604688618406414e+00 2.097152365825159848e+00 2.289603224663475434e+00 1.418921350952939919e+00
1.248547033742495538e+00 2.420505063587156780e+00 2.092037645398467038e+00 2.274460854628530537e+00 1.442669098045239462e+00
1.246555994646555199e+00 2.396514639039716954e+00 2.084110377935772807e+00 2.247280831686807812e+00 1.459129958199526955e+00
1.247226638652626507e+00 2.370904259040890416e+00 2.078382557298454891e+00 2.220339962301481673e+00 1.476200782318937810e+00
1.253872299117529288e+00 2.342895356263689166e+00 2.086449425758678977e+00 2.196081754768927752e+00 1.492401959267496414e+00
1.260460742256483524e+00 2.311839272396380984e+00 2.100659180241984725e+00 2.185423555779334670e+00 1.510245424653867241e+00
1.256819849926415156e+00 2.275626315544541534e+00 2.108238837336330551e+00 2.179441786025292149e+00 1.533328988521373448e+00
1.250013359124026557e+00 2.242322394169166788e+00 2.110075963818140110e+00 2.184035799505890107e+00 1.558683637854506587e+00
1.265967436792056589e+00 2.221565879332379811e+00 2.121486815933469217e+00 2.194437290953713315e+00 1.579762504091436703e+00
1.286013247180500141e+00 2.201175303226131863e+00 2.138206536410934611e+00 2.201503787597245854e+00 1.590616574390663729e+00
1.300000000000000044e+00 2.169999999999999929e+00 2.154999999999999805e+00 2.209999999999999964e+00 1.600000000000000089e+00
