8.699999999999999956e-01 2.740000000000000213e+00 1.850000000000000089e+00 2.629999999999999893e+00 1.350000000000000089e+00
9.076323294228090255e-01 2.737832941406105114e+00 1.873955461723042282e+00 2.614248602413355993e+00 1.325341040860308128e+00
9.414912928464331809e-01 2.734566615993225369e+00 1.890454072599755619e+00 2.594624169919919954e+00 1.292154387791959014e+00
9.596053915961213487e-01 2.766799681867888605e+00 1.916282545931951686e+00 2.578210144804903514e+00 1.264829430905515251e+00
9.828316888801169604e-01 2.745800471277402455e+00 1.932433743698181328e+00 2.538996891864993444e+00 1.249520171146673242e+00
1.007704354662643187e+00 2.715514894349813080e+00 1.944539129445524317e+00 2.496409446818583344e+00 1.238414508136073788e+00
1.035824432128869876e+00 2.683847631695718494e+00 1.949613987237622581e+00 2.453713250948445168e+00 1.227701644758163457e+00
1.072904194770573527e+00 2.657622521290736728e+00 1.965032771554951596e+00 2.421136838470056674e+00 1.217126689894680425e+00
1.116940974897959293e+00 2.640439943022548697e+00 1.988853711250634815e+00 2.405391890010447398e+00 1.208106204688838892e+00
1.165745280129222960e+00 2.618892005180184057e+00 1.999500707443012670e+00 2.384396733087393638e+00 1.196415880257931663e+00
1.205091978755091109e+00 2.581755986650191126e+00 2.006681473139121596e+00 2.353538811156109301e+00 1.201508497691144317e+00
1.228818179177158187e+00 2.547330039960566062e+00 2.033745620039113522e+00 2.333598967115725564e+00 1.220113631315917324e+00
1.251539871593782882e+00 2.500417289607462124e+00 2.058773204354003461e+00 2.318819696050566925e+00 1.237472950167759489e+00
1.267728800836984915e+00 2.433543959201255991e+00 2.062278798938610880e+00 2.304829867007505140e+00 1.255787516608434684e+00
1.284426932589163295e+00 2.373845188264461115e+00 2.063575168839650420e+00 2.297195415949659481e+00 1.285776900565084091e+00
1.308469941564641914e+00 2.343771619763820979e+00 2.081932100383489193e+00 2.298136013065611216e+00 1.322713548429849784e+00
1.330645885724337285e+00 2.316975432530047563e+00 2.097514493493710219e+00 2.301159540694907690e+00 1.363282325324005839e+00
1.320343384076006377e+00 2.297818671981290528e+00 2.090402437968637894e+00 2.297160212104694565e+00 1.403730322932613461e+00
1.303270923885885280e+00 2.317815248119062588e+00 2.117364425669880923e+00 2.268640147809567242e+00 1.424942788544367289e+00
1.281819280583923026e+00 2.315114850344527131e+00 2.126180189146362753e+00 2.228458025505168028e+00 1.454513147630584369e+00
1.263784700387000859e+00 2.321166753174243258e+00 2.139104393831447126e+00 2.190102162666299535e+00 1.483358511207733432e+00
1.267192281486815730e+00 2.327619991152515055e+00 2.176471581460410754e+00 2.188584142691114121e+00 1.503943846387565841e+00
1.276247950502261030e+00 2.264639042179807937e+00 2.182969992166476025e+00 2.192058120141738620e+00 1.531496703741274334e+00
1.290029619409549966e+00 2.221243066510717679e+00 2.163636585296053294e+00 2.193367529285451756e+00 1.566004499265383654e+00
1.300000000000000044e+00 2.169999999999999929e+00 2.154999999999999805e+00 2.209999999999999964e+00 1.600000000000000089e+00
