8.699999999999999956e-01 2.740000000000000213e+00 1.850000000000000089e+00 2.629999999999999893e+00 1.350000000000000089e+00
9.205143946567327928e-01 2.748202733692598709e+00 1.871060866785341226e+00 2.597400451041151470e+00 1.354083909559004928e+00
9.669793083283088064e-01 2.751492766097073606e+00 1.899799104923970861e+00 2.588143178945266687e+00 1.324832190469975357e+00
9.904546898052142279e-01 2.739647928345075645e+00 1.909591902303017452e+00 2.552062740488056036e+00 1.264857190425600741e+00
9.965879467525967650e-01 2.699126229797864873e+00 1.907082083599799249e+00 2.502940264462474307e+00 1.223549654559390021e+00
1.010915828268904137e+00 2.646612422020433453e+00 1.917617947230675801e+00 2.458370894601544343e+00 1.195980810336870315e+00
1.042561345145518903e+00 2.612641526535915748e+00 1.945693983498165913e+00 2.429017805338506975e+00 1.174416937014501228e+00
1.086855551340193626e+00 2.596379637698527976e+00 1.975816328482282502e+00 2.408514606806724245e+00 1.161448955201615840e+00
1.140244354701316576e+00 2.575714710896420456e+00 1.996966154105165314e+00 2.385315699032170222e+00 1.163069328560461635e+00
1.194160129016552885e+00 2.541893112545892564e+00 2.007049183600490672e+00 2.357529561193657752e+00 1.169453183016734732e+00
1.244141806537379935e+00 2.507569630984682885e+00 2.012365986490672665e+00 2.324576323611985185e+00 1.150461387306534577e+00
1.262794464744398937e+00 2.516913179865088779e+00 2.018689413133121224e+00 2.297577678396073075e+00 1.084013412067420745e+00
1.270318135869872522e+00 2.474807752731788213e+00 2.039732313439217126e+00 2.292332113167674379e+00 1.145740907530430119e+00
1.262142006858786969e+00 2.437781398952999279e+00 2.051883306187705980e+00 2.283352468651393963e+00 1.216720950274311042e+00
1.269980817528049810e+00 2.410210185428462992e+00 2.088848703904574222e+00 2.287752379399639491e+00 1.257029720461828592e+00
1.294215751614448351e+00 2.357368809496835915e+00 2.114360055831341789e+00 2.277479090051923283e+00 1.292062602998617526e+00
1.304863159041159015e+00 2.308849959706851696e+00 2.094719353380407156e+00 2.286653924821579142e+00 1.345293462123776651e+00
1.293963436082303353e+00 2.268312182525842324e+00 2.125988175171988459e+00 2.289518141763305259e+00 1.380835153081001909e+00
1.282923917040492690e+00 2.264609406212043208e+00 2.149770874908032869e+00 2.238395787645443225e+00 1.410303106645790727e+00
1.278571585171775382e+00 2.249356809548808123e+00 2.141555968709770497e+00 2.195100043660576095e+00 1.470061026897693246e+00
1.290792299253157971e+00 2.214340822171326106e+00 2.133155100322839282e+00 2.196143617718585350e+00 1.543171496287179867e+00
1.300000000000000044e+00 2.169999999999999929e+00 2.154999999999999805e+00 2.209999999999999964e+00 1.600000000000000089e+00
