8.699999999999999956e-01 2.740000000000000213e+00 1.850000000000000089e+00 2.629999999999999893e+00 1.350000000000000089e+00
8.970161945297451256e-01 2.760911865201223669e+00 1.858659286045332593e+00 2.607602186794194310e+00 1.350685331196870953e+00
9.256641756024548418e-01 2.775936645271642078e+00 1.869699452534558493e+00 2.588565850099481036e+00 1.351978451817853921e+00
9.484747975596556913e-01 2.773908806850209352e+00 1.889269096916359025e+00 2.577377878505761721e+00 1.357105224248764230e+00
9.472208670423627463e-01 2.772449557900802830e+00 1.892671383689849884e+00 2.578245967783511894e+00 1.322577268072347767e+00
9.503596637600471020e-01 2.780923220423842324e+00 1.895974931664418994e+00 2.570117607232793144e+00 1.288487325244348947e+00
9.666979612210261363e-01 2.777923488157763021e+00 1.912898477889719784e+00 2.543613865097630544e+00 1.279345797384393357e+00
9.868265884591493897e-01 2.758969675207417982e+00 1.926873422373728273e+00 2.518596550907523213e+00 1.274303085713536454e+00
1.008069474361160012e+00 2.736947358293977839e+00 1.936199895986850716e+00 2.495352570603047493e+00 1.260312270349466024e+00
1.029003259324462682e+00 2.711678819956066189e+00 1.943903249041428527e+00 2.472150165350274875e+00 1.246299476293884378e+00
1.046803387800789409e+00 2.680277334968130809e+00 1.951958059404841128e+00 2.449662835901400992e+00 1.233078292503656970e+00
1.059754663630065430e+00 2.642440694285594027e+00 1.962052004357732526e+00 2.429172495575895763e+00 1.222386620644425159e+00
1.070351945938078586e+00 2.606117985101825241e+00 1.976916766339949838e+00 2.411526096427714538e+00 1.214904484920005023e+00
1.081096765951095051e+00 2.581754663668557992e+00 1.997859408721352148e+00 2.397617677023036187e+00 1.209932692539565036e+00
1.094605864847165710e+00 2.564852225682864084e+00 2.019898808391263234e+00 2.383892969244452154e+00 1.208806061851814828e+00
1.115854148934052326e+00 2.541785146329559097e+00 2.035071368459666630e+00 2.364594757291148763e+00 1.212221934126384904e+00
1.143009084870773906e+00 2.519937367666662098e+00 2.044684160870715139e+00 2.344532125413445023e+00 1.214659124278032465e+00
1.172271289414005935e+00 2.501624500844287446e+00 2.053707548631983126e+00 2.325555992307144937e+00 1.215117251642721552e+00
1.201433683699437927e+00 2.482655257319192010e+00 2.062499470762430676e+00 2.306476726341426087e+00 1.215993771633778753e+00
1.228696661641987653e+00 2.457700094654581502e+00 2.069431992035722701e+00 2.286519569148303344e+00 1.220930352697690902e+00
1.248433914377755194e+00 2.423385181719736270e+00 2.073980857283214796e+00 2.270049245170032481e+00 1.236752344431089501e+00
1.256151553817631994e+00 2.392374745785226686e+00 2.077910341964654961e+00 2.264114805806798358e+00 1.265092622282073309e+00
1.259012209945339356e+00 2.377194034307153370e+00 2.082146857477205515e+00 2.264248953652225893e+00 1.299412989834341392e+00
1.259484617333929357e+00 2.361980260332324111e+00 2.082545850279814204e+00 2.265358606278819131e+00 1.334387582859489996e+00
1.267355622517287506e+00 2.340913809860134975e+00 2.090626490742506061e+00 2.266568894372306353e+00 1.365068004084779796e+00
1.258399038889533195e+00 2.323976909813924685e+00 2.080784309595056669e+00 2.263382987170780236e+00 1.394336633648081136e+00
1.247574115079928214e+00 2.327526396724264757e+00 2.076235382223505788e+00 2.244159308275630149e+00 1.424241669903179019e+00
1.244543774179417861e+00 2.325219678901995213e+00 2.082704220744854950e+00 2.219214339079263354e+00 1.452706511880933471e+00
1.246213604909487405e+00 2.302356166373687341e+00 2.091510661946481164e+00 2.199139461087900038e+00 1.478791311286760557e+00
1.249128073812385331e+00 2.273198929410507052e+00 2.098415265016372100e+00 2.178479568377736264e+00 1.503347846232627960e+00
1.243164403475112367e+00 2.247087589979960054e+00 2.105340190453389937e+00 2.147207567626137514e+00 1.519846797045487419e+00
1.257977803886495716e+00 2.243609120962411385e+00 2.114608544807687451e+00 2.162897432494989669e+00 1.540897562258958242e+00
1.274014324286473210e+00 2.223158309601342086e+00 2.127972560113198686e+00 2.178304524407019827e+00 1.561477657400696106e+00
1.287155300151994641e+00 2.196630048497605348e+00 2.141764929001739759e+00 2.194232377592280958e+00 1.580266788418787316e+00
1.300000000000000044e+00 2.169999999999999929e+00 2.154999999999999805e+00 2.209999999999999964e+00 1.600000000000000089e+00
