8.699999999999999956e-01 2.740000000000000213e+00 1.850000000000000089e+00 2.629999999999999893e+00 1.350000000000000089e+00
8.951906697235083588e-01 2.738921362624494371e+00 1.855265395276585405e+00 2.623145001637656293e+00 1.331013529716242427e+00
9.183230687923104041e-01 2.739259966438110538e+00 1.864984354700042646e+00 2.614787501986114648e+00 1.313072521162502948e+00
9.348873736243412669e-01 2.747893440345422267e+00 1.881000814752544548e+00 2.604720268628018420e+00 1.297721724881098826e+00
9.465951644836801959e-01 2.768173764440261753e+00 1.898101806609409303e+00 2.591406485897210121e+00 1.287015688760857035e+00
9.595281993598634429e-01 2.800746573707360465e+00 1.911388150974996591e+00 2.577006807522115306e+00 1.285647564926455155e+00
9.795013302786220732e-01 2.818758286282352366e+00 1.917099456256827317e+00 2.555005097594272634e+00 1.287834947337393565e+00
9.984155376638494950e-01 2.806634360599080669e+00 1.916930056165387031e+00 2.532511011865095085e+00 1.276957135879328131e+00
1.015419268502126382e+00 2.785025423287664559e+00 1.926129915112367641e+00 2.518224647094893243e+00 1.261182430109194064e+00
1.030502820363306649e+00 2.754076499349016327e+00 1.933433135791767565e+00 2.504013163083779858e+00 1.246686620584527283e+00
1.044348331210436465e+00 2.722950641035498442e+00 1.940025443021188734e+00 2.488011863819122205e+00 1.231962956863683400e+00
1.055352985715035441e+00 2.699827148011134437e+00 1.949196021942558144e+00 2.468097733166420227e+00 1.216756229180219639e+00
1.061166476972030814e+00 2.701361149965741948e+00 1.966238091392964904e+00 2.448233877666392999e+00 1.209696307486382016e+00
1.064027024518000353e+00 2.711815854598254472e+00 1.988093245774372075e+00 2.433810743755528971e+00 1.209795160279123927e+00
1.073663652491262166e+00 2.694463633581574591e+00 2.006819951054377604e+00 2.422185066989654079e+00 1.202722155392087711e+00
1.090465729285979402e+00 2.675041261398205528e+00 2.023545976201395646e+00 2.409407434876678078e+00 1.199823348412006219e+00
1.108243144339246866e+00 2.657814538934541559e+00 2.039731920408226706e+00 2.395192241554597423e+00 1.203207988813233875e+00
1.118093419477814043e+00 2.636428133934070939e+00 2.055454449201547185e+00 2.377522558898545579e+00 1.211359935909680274e+00
1.113803393271439290e+00 2.605888173498490890e+00 2.063263710914902571e+00 2.358911759951988873e+00 1.224949019939078454e+00
1.109173556103224767e+00 2.575079233218231511e+00 2.050301196232222622e+00 2.354536628394602982e+00 1.238346155277837646e+00
1.117969085131993001e+00 2.556408945051976911e+00 2.036132262303379292e+00 2.364665706547996127e+00 1.223848396192913190e+00
1.134303995583622715e+00 2.543766839394490997e+00 2.039125813008388910e+00 2.362116794918569962e+00 1.197365678218697438e+00
1.160643148941831626e+00 2.529172239293587143e+00 2.048035385237116479e+00 2.351244543606436643e+00 1.191556541829578375e+00
1.185943931168596865e+00 2.517889455523253162e+00 2.060575616579520819e+00 2.343609884117406672e+00 1.200135600727153529e+00
1.209989482329843602e+00 2.510772667908518052e+00 2.074121744426551395e+00 2.336124112377164774e+00 1.211133377841751679e+00
1.232965959240075904e+00 2.509024389936245214e+00 2.088070954036763904e+00 2.325984690542232336e+00 1.222345502509896598e+00
1.251535981085790894e+00 2.509236362581507507e+00 2.104266680424565994e+00 2.314369622104293533e+00 1.235084298669833824e+00
1.260587901982325176e+00 2.490517590071290588e+00 2.113649769769391451e+00 2.311375880095313917e+00 1.259848374266267834e+00
1.260121021826294818e+00 2.467881980149797094e+00 2.106005256694772676e+00 2.313627133776567035e+00 1.287616773753806676e+00
1.261120516036660533e+00 2.448739008986203558e+00 2.096832854146499336e+00 2.305480039807264792e+00 1.314251878283183350e+00
1.266682952800938455e+00 2.426278808767250439e+00 2.095251735529445991e+00 2.289707225984630945e+00 1.338795598903995909e+00
1.272461096347066389e+00 2.406539829437523537e+00 2.104198707524286061e+00 2.277353096904230156e+00 1.363224338353851373e+00
1.276191213646230116e+00 2.392201926411726465e+00 2.118780123182517627e+00 2.272877856754292214e+00 1.387769866101540295e+00
1.276184384638103353e+00 2.374199807899693759e+00 2.129214792467142292e+00 2.267579659595488462e+00 1.414778005546433626e+00
1.272071993209899388e+00 2.349611312252112505e+00 2.133282897497046360e+00 2.253628751399673114e+00 1.439569767808334788e+00
1.266484850127465034e+00 2.319609051024021262e+00 2.131021721146050929e+00 2.234479721009734909e+00 1.458420564606337289e+00
1.262304905019229873e+00 2.283572484633969335e+00 2.124164174253162063e+00 2.222277995416352958e+00 1.476798606206486619e+00
1.258725079113521383e+00 2.252878527333546099e+00 2.127268378141681904e+00 2.222264284195661688e+00 1.502259214473086413e+00
1.261309109900212722e+00 2.236505466593107894e+00 2.144036644805697112e+00 2.223055810826152889e+00 1.523593496754327870e+00
1.276312713152673695e+00 2.209453182358152912e+00 2.151112332340199274e+00 2.220292981216237749e+00 1.545457343844693021e+00
1.285865646142980045e+00 2.188693696044230474e+00 2.150337405195152041e+00 2.213189386008447279e+00 1.573392987503993146e+00
1.300000000000000044e+00 2.169999999999999929e+00 2.154999999999999805e+00 2.209999999999999964e+00 1.600000000000000089e+00
