8.699999999999999956e-01 2.740000000000000213e+00 1.850000000000000089e+00 2.629999999999999893e+00 1.350000000000000089e+00
9.054617410578313930e-01 2.726328235065352157e+00 1.878547178243979987e+00 2.605356567373617871e+00 1.353346216793944734e+00
9.397163384868660874e-01 2.730742622470481606e+00 1.910364444632582037e+00 2.586394170778356205e+00 1.353352469496487576e+00
9.583623693624450102e-01 2.758015906909973225e+00 1.937018759733212914e+00 2.577447738452285364e+00 1.317256527938132527e+00
9.587732052884287981e-01 2.766364175321594843e+00 1.910020771682855223e+00 2.576307828769144770e+00 1.274003139199297197e+00
9.659700928966495903e-01 2.724975521131471012e+00 1.938162194267928795e+00 2.556434086875438716e+00 1.261009338843648075e+00
9.914908222670170135e-01 2.707093857741415199e+00 1.955010918411077547e+00 2.519771153339070313e+00 1.230431607652522796e+00
1.018831186151468282e+00 2.695522298404761319e+00 1.965342958964559239e+00 2.482175178268919868e+00 1.194650563553456113e+00
1.046289136073665693e+00 2.677208506531700838e+00 1.973613137179981880e+00 2.443169304442155187e+00 1.162288802270652344e+00
1.073990133113177592e+00 2.630272105095834423e+00 1.972533122201087119e+00 2.403795509775725758e+00 1.155093280537944356e+00
1.116565557186891766e+00 2.595289417656364783e+00 1.977730866176029112e+00 2.380590476330217697e+00 1.181240330922128656e+00
1.171911896711745893e+00 2.579264913191958719e+00 1.980102789332155222e+00 2.367156868002712855e+00 1.201077261989079714e+00
1.218224134001926640e+00 2.540884499906224558e+00 1.995673532692362473e+00 2.359725049301827582e+00 1.209127979391849017e+00
1.236339750457764231e+00 2.495856082307196910e+00 2.016850828356750558e+00 2.325775207383538490e+00 1.221348294883020991e+00
1.253846352038131329e+00 2.448564737783398559e+00 2.037981278095972737e+00 2.295218394741751489e+00 1.236651153711845863e+00
1.270617746160366046e+00 2.394887743594762863e+00 2.057692179198304494e+00 2.286388066810290276e+00 1.266259647175278502e+00
1.284362845731197300e+00 2.357595028724580821e+00 2.072899239441224228e+00 2.299362357793425016e+00 1.312301787561084065e+00
1.301450175801016629e+00 2.331483580665462796e+00 2.095234201304919441e+00 2.294526513365755083e+00 1.356874388542730792e+00
1.322280106654181608e+00 2.318920021308092050e+00 2.121171975653552977e+00 2.277785472257536803e+00 1.394890335798041781e+00
1.319699278817605403e+00 2.314326336573828691e+00 2.142377151129982060e+00 2.238883176341865955e+00 1.429024845101126040e+00
1.289333741654171028e+00 2.299526282552107226e+00 2.149156820722819550e+00 2.204759971052860479e+00 1.467068785014130627e+00
1.282325537888105105e+00 2.283225445168333589e+00 2.138577388474822261e+00 2.190033282225640754e+00 1.521816849066612409e+00
1.294004002024923938e+00 2.220042742146996151e+00 2.151592434058608561e+00 2.193924686498623711e+00 1.554270287498325631e+00
1.300000000000000044e+00 2.169999999999999929e+00 2.154999999999999805e+00 2.209999999999999964e+00 1.600000000000000089e+00
