8.699999999999999956e-01 2.740000000000000213e+00 1.850000000000000089e+00 2.629999999999999893e+00 1.350000000000000089e+00
8.992127185158447222e-01 2.742211768473758582e+00 1.864977638602352439e+00 2.607681744071786767e+00 1.351575948764724977e+00
9.256039665371761371e-01 2.762638574634662891e+00 1.882302838183889326e+00 2.590604847689047308e+00 1.351888858575738928e+00
9.414657807685017366e-01 2.788188342690073540e+00 1.898980849201237664e+00 2.573219136028907172e+00 1.334044730733845219e+00
9.431618316520584688e-01 2.785926062779104484e+00 1.886766367133557054e+00 2.559763098816698612e+00 1.304372408843996300e+00
9.636301769886677082e-01 2.766328581383148855e+00 1.900959517596479964e+00 2.550637756378726362e+00 1.281385565462792808e+00
9.860800381915973967e-01 2.742790482853961098e+00 1.908360861246187756e+00 2.523800986083344355e+00 1.267414937501125216e+00
1.008704325410699543e+00 2.724694272204609913e+00 1.914967986373322217e+00 2.492451664982345161e+00 1.256619576312840714e+00
1.031338806656198370e+00 2.714871624223041735e+00 1.925641259594062182e+00 2.460598268360693286e+00 1.247622058623923724e+00
1.051423995662261301e+00 2.716819376351675253e+00 1.945774316003583859e+00 2.435190448643734573e+00 1.242492122353976880e+00
1.063729955476391265e+00 2.676843005666429853e+00 1.961934986931994640e+00 2.417701408139831365e+00 1.238262389102972483e+00
1.070219786798580319e+00 2.629871894665833043e+00 1.972876183950664997e+00 2.400014338901129918e+00 1.228846973726555936e+00
1.079184037479541836e+00 2.595715361238581043e+00 1.991259359061756218e+00 2.380930236937680355e+00 1.218238489139965131e+00
1.092800695558028723e+00 2.568037010233793715e+00 2.013638680669613379e+00 2.368263976915461200e+00 1.222589132042781968e+00
1.110713475963696073e+00 2.541115869034258345e+00 2.029639139310760232e+00 2.357145368355296977e+00 1.241693717258110619e+00
1.136478877326339232e+00 2.515141084498019097e+00 2.039079368167496575e+00 2.338936302582673488e+00 1.255510415206866126e+00
1.166703532778558872e+00 2.490819737390687738e+00 2.046931835548398748e+00 2.319656271565467609e+00 1.261151493848841509e+00
1.197536705636988996e+00 2.467198011505258304e+00 2.054735997754625121e+00 2.300423816006870403e+00 1.264881359904126423e+00
1.228464598520289108e+00 2.445423100800734328e+00 2.063976421626800395e+00 2.282088007390858930e+00 1.265681504447164540e+00
1.257297338293991373e+00 2.429655931114424572e+00 2.079253944505366825e+00 2.269431448051629108e+00 1.259057388038336223e+00
1.273964877101353199e+00 2.405151422223681834e+00 2.099303528004730524e+00 2.269695704224767407e+00 1.277011574017829165e+00
1.276702156510248543e+00 2.389631088229862588e+00 2.111736234523415412e+00 2.271724406135896324e+00 1.310636433883497043e+00
1.275263308228511416e+00 2.369144179885004142e+00 2.112744274887815799e+00 2.272790959847148073e+00 1.346742403609580530e+00
1.266031581430922870e+00 2.343639314045625532e+00 2.116281164253302371e+00 2.282046776453523051e+00 1.379158320757184919e+00
1.263030437455559873e+00 2.318724959562406873e+00 2.112002619197753006e+00 2.249296778380425632e+00 1.399853711027207126e+00
1.258608501134176549e+00 2.307996044095293797e+00 2.116648741362682440e+00 2.223724009310905192e+00 1.429978566910531823e+00
1.259677455157028669e+00 2.328249615855905841e+00 2.132424245266792528e+00 2.201232365710700023e+00 1.453684189707130647e+00
1.259864574720552577e+00 2.314329801998949776e+00 2.152926478407064526e+00 2.180066296056358155e+00 1.473676618321730247e+00
1.255798764697979575e+00 2.295273353746674072e+00 2.153088964398048422e+00 2.160612939972409219e+00 1.506142306273987375e+00
1.254898608170953889e+00 2.283129840458554494e+00 2.152045458748429230e+00 2.144097813580574829e+00 1.540997497863241916e+00
1.253266753572234826e+00 2.241274756367702459e+00 2.151838819670792269e+00 2.140148944002609355e+00 1.566867983536374798e+00
1.244913286148437770e+00 2.233197851738049078e+00 2.124551710221607603e+00 2.139633573532934818e+00 1.583191151042237399e+00
1.261055062394060400e+00 2.201292658538882563e+00 2.113760130105194701e+00 2.167266895703369833e+00 1.585869664351240882e+00
1.281640356636459366e+00 2.182141415430939979e+00 2.131713782491847731e+00 2.191222472024501489e+00 1.592900393329168551e+00
1.300000000000000044e+00 2.169999999999999929e+00 2.154999999999999805e+00 2.209999999999999964e+00 1.600000000000000089e+00
