8.699999999999999956e-01 2.740000000000000213e+00 1.850000000000000089e+00 2.629999999999999893e+00 1.350000000000000089e+00
8.944879782509099764e-01 2.762470706872297566e+00 1.855395563702896489e+00 2.611498014595844186e+00 1.357992560934869752e+00
9.194262095218839193e-01 2.774878520716168140e+00 1.868972758483626651e+00 2.597272123028341539e+00 1.364278379743939951e+00
9.405995050124341672e-01 2.787771615675731951e+00 1.881976738800614113e+00 2.577537252282521951e+00 1.373770615253886440e+00
9.589482046773135648e-01 2.791967165997699230e+00 1.894920852985884752e+00 2.554729543663177171e+00 1.386526307055592655e+00
9.764642288088947186e-01 2.788832434595553966e+00 1.909334476524613633e+00 2.531446326298208760e+00 1.397352760583299824e+00
9.954898298912518984e-01 2.782730504794750814e+00 1.924771512033679688e+00 2.508808348578597247e+00 1.402486499213364990e+00
1.016875802576916010e+00 2.774041304778813721e+00 1.939245047580000714e+00 2.487704506008963978e+00 1.399516716960490292e+00
1.037380254071724517e+00 2.760046359686168849e+00 1.949748923696499103e+00 2.469381998149637436e+00 1.384899892317917436e+00
1.050356125501020754e+00 2.741142362935328869e+00 1.953103995395031323e+00 2.455926149395976310e+00 1.359599664926106399e+00
1.054617474848417391e+00 2.721407429587441307e+00 1.950291575789946608e+00 2.445981468648467771e+00 1.330433085629534773e+00
1.054476152203978501e+00 2.703448507222503849e+00 1.945274691201316353e+00 2.436342745125676501e+00 1.300671623657255749e+00
1.054603868328114924e+00 2.688291293538818127e+00 1.942687663858967628e+00 2.425849177086396136e+00 1.270035066023339487e+00
1.059070035796911835e+00 2.675508696882261894e+00 1.947547015811767146e+00 2.414926498144794209e+00 1.240096809369825692e+00
1.068951793669323358e+00 2.662354892343067991e+00 1.961493651391801096e+00 2.403422795986764005e+00 1.217043607236346414e+00
1.081039821386025501e+00 2.644006824915968057e+00 1.979517197451757138e+00 2.389125636706543876e+00 1.203590256679890169e+00
1.092249100618662538e+00 2.613545681424256806e+00 1.992891791213806885e+00 2.369402621309555812e+00 1.196679663455323839e+00
1.104137450231382100e+00 2.573189176911804932e+00 1.994029647101243974e+00 2.349691335544489057e+00 1.197710516880787113e+00
1.125205351174502599e+00 2.539393955460114594e+00 1.994673255851572513e+00 2.336337150492770132e+00 1.206817619373955042e+00
1.153785718111468128e+00 2.523380061293852616e+00 2.001699255459893578e+00 2.329322907109664609e+00 1.216801220116144444e+00
1.183426615140849458e+00 2.517840699928741266e+00 2.012406242470057283e+00 2.324261197454462025e+00 1.225589515199771773e+00
1.208859777108650224e+00 2.512823467812218325e+00 2.026037366405047724e+00 2.317249823009082554e+00 1.238557966038511315e+00
1.224485245321939475e+00 2.503952066119408570e+00 2.041011437113943838e+00 2.307592183633786487e+00 1.259019364262769836e+00
1.231111991627093616e+00 2.493082659772628773e+00 2.056259035706123228e+00 2.297442985505155466e+00 1.283283821331123287e+00
1.234231933020023098e+00 2.481035309320319904e+00 2.072813181192375342e+00 2.288919768207350103e+00 1.307305274790237615e+00
1.237686874323977504e+00 2.462309117438436612e+00 2.088541389718522989e+00 2.284342047955384647e+00 1.331087705327435033e+00
1.242017450192716366e+00 2.434109540753146117e+00 2.096902254990591352e+00 2.284963908204431071e+00 1.356485359173149607e+00
1.245828287856332706e+00 2.404804691279804452e+00 2.100024595455117549e+00 2.285908406462512588e+00 1.383770121078191195e+00
1.248948789826820782e+00 2.377798679503863699e+00 2.106446999458415625e+00 2.277530717622378909e+00 1.409859370006447676e+00
1.252562701938253920e+00 2.348158463387348238e+00 2.113463458110790949e+00 2.254882346099351675e+00 1.426061906583164118e+00
1.258870209994911171e+00 2.316055121877049316e+00 2.117547178544504138e+00 2.226725262160955676e+00 1.434312206024346281e+00
1.269097712825352886e+00 2.291805574868750917e+00 2.129078291340240181e+00 2.207787363711309236e+00 1.450028014588874870e+00
1.270803250344667568e+00 2.276735983255250950e+00 2.141783191130977038e+00 2.208892694225525588e+00 1.476794534568246942e+00
1.254916442164120571e+00 2.248783059665521833e+00 2.135336984007063510e+00 2.205296823408840812e+00 1.495616155493024291e+00
1.230212751398523707e+00 2.222436375476799508e+00 2.130110014461849222e+00 2.188880983150727211e+00 1.499638609077513784e+00
1.244844396608496995e+00 2.235263055876566263e+00 2.114175225003513958e+00 2.205780390891856957e+00 1.505681804352592135e+00
1.246180047629370291e+00 2.231105090970847638e+00 2.090273208999352761e+00 2.195678296104130123e+00 1.495752489106344285e+00
1.243498349553473048e+00 2.209942453452478972e+00 2.086330572867818756e+00 2.189539822569862348e+00 1.523991236879632671e+00
1.254989943403157282e+00 2.207691624489886095e+00 2.103154456504986669e+00 2.196624539243363650e+00 1.546688086663409623e+00
1.269477209041745658e+00 2.204443617453160531e+00 2.123870531618800239e+00 2.204682975757084495e+00 1.561011707837497431e+00
1.283048909969700890e+00 2.188228294520529360e+00 2.142461790493652263e+00 2.208126542885266108e+00 1.578271505685963971e+00
1.300000000000000044e+00 2.169999999999999929e+00 2.154999999999999805e+00 2.209999999999999964e+00 1.600000000000000089e+00
