8.699999999999999956e-01 2.740000000000000213e+00 1.850000000000000089e+00 2.629999999999999893e+00 1.350000000000000089e+00
9.036459508656515816e-01 2.778331527276763246e+00 1.901019402979071460e+00 2.616877236004983232e+00 1.323866659782273469e+00
9.738887139781734481e-01 2.827631331302389306e+00 1.909441332324359086e+00 2.594193168366118574e+00 1.281749650020592712e+00
9.807597502986147298e-01 2.829804695524228197e+00 1.912127631757083446e+00 2.585434202929889125e+00 1.274191609800595426e+00
9.830343025793096823e-01 2.816989199174098513e+00 1.922524838803724156e+00 2.561150446557696192e+00 1.259631602218288071e+00
9.809630480366240413e-01 2.792001087061549036e+00 1.931999811341864826e+00 2.533539037169914465e+00 1.243563026467715105e+00
9.805433635791672708e-01 2.802440253219977251e+00 1.924330188162704847e+00 2.521544477338272028e+00 1.226854463766406056e+00
9.920721938434268194e-01 2.777252616508902427e+00 1.928277456529696510e+00 2.503384866625673055e+00 1.219240309675863498e+00
1.011401493238529792e+00 2.747565092238444251e+00 1.940021305520034822e+00 2.480370185282335882e+00 1.212330040378274632e+00
1.064072747920844941e+00 2.678820802299403336e+00 1.978790254743026722e+00 2.428566275470534830e+00 1.204903562004281836e+00
1.081582223504830909e+00 2.620519797219911240e+00 2.014206250563005174e+00 2.405720201153626281e+00 1.209474276082946220e+00
1.091968771339368427e+00 2.612597327354351240e+00 2.024511013188864172e+00 2.397847444288262242e+00 1.210212923469524471e+00
1.116630776190505436e+00 2.598441163267396714e+00 2.038134245020856827e+00 2.381121642163452456e+00 1.211752551985676885e+00
1.132970166222240227e+00 2.588066436704920203e+00 2.042246241152888775e+00 2.370186455522296232e+00 1.213834149825486097e+00
1.146682248183719111e+00 2.578171895658178503e+00 2.045054391577335817e+00 2.360906854688603396e+00 1.216071832170505296e+00
1.161424997798421010e+00 2.566428609178918130e+00 2.048404548840017103e+00 2.351173381755403469e+00 1.218260410226505108e+00
1.262995211987691491e+00 2.477016044343019807e+00 2.073259945625189449e+00 2.287603503978206998e+00 1.233674880339419522e+00
1.295303802071535726e+00 2.417159442440972139e+00 2.083757482700129948e+00 2.291740812844740738e+00 1.255174623372738552e+00
1.307820656450193963e+00 2.407234452737425201e+00 2.090100821333774395e+00 2.297611201493324096e+00 1.281038423316805286e+00
1.317781655886206993e+00 2.399460653797517828e+00 2.099386486771771754e+00 2.302493480857004560e+00 1.300907982929140561e+00
1.322241435595446379e+00 2.395269754510009008e+00 2.104402408034341754e+00 2.305196584941292759e+00 1.311454800940651033e+00
1.354058823835045278e+00 2.360588870486605817e+00 2.139318118823910542e+00 2.323310098136255331e+00 1.391599469140552436e+00
1.358809750580609599e+00 2.337271735174652587e+00 2.138923258664051641e+00 2.319857383549588370e+00 1.418507321789508335e+00
1.350781660527299977e+00 2.311612095716088167e+00 2.128453861298936989e+00 2.295609017349475423e+00 1.432132753218054999e+00
1.323416090183709759e+00 2.311032768696625439e+00 2.132141603411716435e+00 2.262024713306957313e+00 1.433598311530074998e+00
1.305844820005271689e+00 2.305416645609845716e+00 2.135592857275012690e+00 2.232905563286401662e+00 1.443716375930650164e+00
1.255473246756062533e+00 2.304480029228863636e+00 2.146863697459078679e+00 2.158453024507128948e+00 1.481817822498292303e+00
1.270505051980380440e+00 2.278830553549236804e+00 2.162783716227234532e+00 2.168726115481613981e+00 1.494179720589444482e+00
1.283365489386305347e+00 2.251514092041367210e+00 2.163418123058542974e+00 2.178539524491946100e+00 1.516534423295315515e+00
1.285837674243968554e+00 2.239399644630757802e+00 2.162167039883415409e+00 2.183215112068406683e+00 1.528938896120357382e+00
1.288712706060190616e+00 2.225311126276845020e+00 2.160712090460000567e+00 2.188652595030164072e+00 1.543364700050395832e+00
1.300000000000000044e+00 2.169999999999999929e+00 2.154999999999999805e+00 2.209999999999999964e+00 1.600000000000000089e+00
