8.699999999999999956e-01 2.740000000000000213e+00 1.850000000000000089e+00 2.629999999999999893e+00 1.350000000000000089e+00
8.942737281874302280e-01 2.767220862966694561e+00 1.858618474590790326e+00 2.622811528775963907e+00 1.327134669362112884e+00
9.220616358757012243e-01 2.794351416477173444e+00 1.866036413512188519e+00 2.610719904575370620e+00 1.311050045729581726e+00
9.321294906438731820e-01 2.823551296380581555e+00 1.883716021155747988e+00 2.602897658104356360e+00 1.290509417306413553e+00
9.483869190657396864e-01 2.838404456608346393e+00 1.905015392970112575e+00 2.591041540956544154e+00 1.297759619150842259e+00
9.745049464187923727e-01 2.848951231702061992e+00 1.918868912093885326e+00 2.573871433334753434e+00 1.288094518432984614e+00
9.874865238585979199e-01 2.873976654327795810e+00 1.934356463202471677e+00 2.568276200157777467e+00 1.262704163321226369e+00
9.842406294307841641e-01 2.837587104264164495e+00 1.938438597058400603e+00 2.542501915348279073e+00 1.251055585892968836e+00
9.943523260544150366e-01 2.790416066032594511e+00 1.933515967433969918e+00 2.518589678001620147e+00 1.246597853094148167e+00
1.017589798081445451e+00 2.756586005025166930e+00 1.931485648023448576e+00 2.498295079452490519e+00 1.233034005794662713e+00
1.042120473645809842e+00 2.734451159860753044e+00 1.933670928219186846e+00 2.477955065199062279e+00 1.213990374145117457e+00
1.058372526404293801e+00 2.721322401360889209e+00 1.942441935743092429e+00 2.453457144365223552e+00 1.191860089448271376e+00
1.066314725190485424e+00 2.713718912481041023e+00 1.957935656129251134e+00 2.427494151626602203e+00 1.174211645710870444e+00
1.074590697580078968e+00 2.699403915510933949e+00 1.976645316426533849e+00 2.401757214135164631e+00 1.170800278680474538e+00
1.084892525965416743e+00 2.676714781196854354e+00 1.994159214344137787e+00 2.379167872555016050e+00 1.181117110222208222e+00
1.092023024663257402e+00 2.642534718901691893e+00 2.004417372778310114e+00 2.366770404069030498e+00 1.207243605026513178e+00
1.082775407167174686e+00 2.615280213601514525e+00 1.987239203276637722e+00 2.379247224881464895e+00 1.225180467991392019e+00
1.074245533276416031e+00 2.579166496720787460e+00 1.966488338831429150e+00 2.371804311089404926e+00 1.220498976819228032e+00
1.078465324462632102e+00 2.571582345101245615e+00 1.974745779543839008e+00 2.347485789070920870e+00 1.203940707953812472e+00
1.090022993167677035e+00 2.590819041028746383e+00 1.999576395327949063e+00 2.347992355367590100e+00 1.201435142743984663e+00
1.105258441755709642e+00 2.601863145865153104e+00 2.023918144053467483e+00 2.356233915780678867e+00 1.201022546705154515e+00
1.119309482493922925e+00 2.613436901181424687e+00 2.048721982928648266e+00 2.362529278125500287e+00 1.200590341911845549e+00
1.127035336733924087e+00 2.620034969919172063e+00 2.075403623487831251e+00 2.363911105472971119e+00 1.204414027990299951e+00
1.144699879558318756e+00 2.617348544603763649e+00 2.098752211656151001e+00 2.357775590157456858e+00 1.203512450637135744e+00
1.178432097534043432e+00 2.593119530393646954e+00 2.103542710681067351e+00 2.346284244982967504e+00 1.203880042771366732e+00
1.210893413941531715e+00 2.564239304813266340e+00 2.103850217191638006e+00 2.335959732409953471e+00 1.212808670845796355e+00
1.242604115785598262e+00 2.535813967527764223e+00 2.099495264552002638e+00 2.325582296563963425e+00 1.222757679640495310e+00
1.250953784197638363e+00 2.528122398765967116e+00 2.074600182546026073e+00 2.319309665546709365e+00 1.217280270066152914e+00
1.264177348910355825e+00 2.499537162748322494e+00 2.093815501503867083e+00 2.310085886749070561e+00 1.219256748374713206e+00
1.275006968681849484e+00 2.476156246681270101e+00 2.104993663125241277e+00 2.300565944013756248e+00 1.248744971160110184e+00
1.276941406395570855e+00 2.441302236819703264e+00 2.106310198290799907e+00 2.289528588951732058e+00 1.280792210500145911e+00
1.275472801103204823e+00 2.409207361509539513e+00 2.108849328036584314e+00 2.279044805974241417e+00 1.314513833412193078e+00
1.270071405173278212e+00 2.384015424045106801e+00 2.109918228152554143e+00 2.272083933135953249e+00 1.350943530272347148e+00
1.261524241110788536e+00 2.366004337001315072e+00 2.110003467870953386e+00 2.265622050724933167e+00 1.388549941661580522e+00
1.252085712809771989e+00 2.343172016615151509e+00 2.113272883388120249e+00 2.256499119919263663e+00 1.423713970221319070e+00
1.259740787388323291e+00 2.290767275523528212e+00 2.112630503272814320e+00 2.255174271152401655e+00 1.431929043746513530e+00
1.262967069331776049e+00 2.253077188020107702e+00 2.106675440427179247e+00 2.242868826799107040e+00 1.461493294525984421e+00
1.266189777265020799e+00 2.215970894079291487e+00 2.099445355385993306e+00 2.226953164003551144e+00 1.488730142967273240e+00
1.271462327717761465e+00 2.180795670214171089e+00 2.100094225863122332e+00 2.210880023586934584e+00 1.515936374516642537e+00
1.281466125082914242e+00 2.169425968539200777e+00 2.118880478177521010e+00 2.203512288842266464e+00 1.541648328691121117e+00
1.290733062541457254e+00 2.169712984269600575e+00 2.136940239088760407e+00 2.206756144421133214e+00 1.570824164345560936e+00
1.300000000000000044e+00 2.169999999999999929e+00 2.154999999999999805e+00 2.209999999999999964e+00 1.600000000000000089e+00
