8.699999999999999956e-01 2.740000000000000213e+00 1.850000000000000089e+00 2.629999999999999893e+00 1.350000000000000089e+00
8.967245676177026947e-01 2.754895085152468504e+00 1.860297460731101804e+00 2.619076546265144412e+00 1.343494582073250232e+00
9.242903497089858256e-01 2.767168619808104690e+00 1.869683021053419214e+00 2.607062374041253516e+00 1.337821637809089248e+00
9.458912322650487869e-01 2.788030880520425470e+00 1.883716806894683904e+00 2.595022168634796955e+00 1.335818590547496854e+00
9.578080978108016730e-01 2.815664547007693752e+00 1.899002858165022012e+00 2.609018605679574332e+00 1.332200277208635208e+00
9.609669107772461638e-01 2.859125135688359354e+00 1.899720771847119849e+00 2.625607087533976536e+00 1.317930187674556830e+00
9.616735583613539307e-01 2.848244023712779516e+00 1.889076207645086658e+00 2.611273498795434911e+00 1.292282497265835772e+00
9.643185468261348259e-01 2.812797019063467907e+00 1.876959481195283663e+00 2.591953632999336232e+00 1.284830659388693341e+00
9.696126579927558664e-01 2.776978050866043546e+00 1.882691258871442397e+00 2.567315713356408402e+00 1.281274399176754564e+00
9.769578254477944146e-01 2.750877411127826022e+00 1.897633136122536257e+00 2.547126248643481361e+00 1.274802941496615327e+00
9.880941329329326894e-01 2.730883048578764516e+00 1.913154752427443928e+00 2.527622131389705373e+00 1.266319633110772003e+00
1.001101564335899807e+00 2.727938811142221809e+00 1.929405245310933159e+00 2.508844770388432011e+00 1.254693605641816312e+00
1.014501986956370505e+00 2.739170281525066031e+00 1.945201153080138523e+00 2.491880585829755468e+00 1.241329056444979262e+00
1.027938053925504303e+00 2.752892521146447891e+00 1.960875952317649329e+00 2.475281952715537859e+00 1.227689631481923893e+00
1.039619853967459928e+00 2.756269771036429894e+00 1.976984919727590828e+00 2.456198675533966647e+00 1.214790828210097207e+00
1.050316245542512572e+00 2.741713592301922020e+00 1.986748763196868772e+00 2.438712792056703549e+00 1.194206477390620025e+00
1.060183541760205683e+00 2.719349787246585493e+00 1.999899111490277548e+00 2.421888962926181055e+00 1.178888692600390531e+00
1.072448127042653132e+00 2.693781207437874858e+00 2.013953455852377949e+00 2.404002029286454345e+00 1.169356027971859335e+00
1.085204687670431545e+00 2.669374131585049881e+00 2.023872948414796813e+00 2.380423163287692212e+00 1.162040017719627949e+00
1.094150231638284954e+00 2.646026660634575478e+00 2.033867821012982802e+00 2.354987347165542921e+00 1.166294767680252198e+00
1.103200513731662280e+00 2.619356860063058789e+00 2.030871692867058265e+00 2.336795069443295958e+00 1.181201192794616439e+00
1.117064015793993503e+00 2.606652336057598607e+00 2.010884465914087205e+00 2.334025247124358771e+00 1.187194351623388044e+00
1.140381564809887838e+00 2.583279055176696204e+00 2.013850223061186995e+00 2.329594805860525142e+00 1.206009650158984536e+00
1.160697566061838160e+00 2.562370522805625495e+00 2.026618331612362045e+00 2.325048516696210488e+00 1.222197050208010394e+00
1.180513747309984707e+00 2.542139044970933792e+00 2.040437144632710087e+00 2.320493496039218506e+00 1.237599046362454880e+00
1.200499564120008689e+00 2.522958206392041713e+00 2.054536848719067610e+00 2.316047751016633516e+00 1.252765242804736889e+00
1.221245827569890086e+00 2.507903157625356094e+00 2.069617050948186598e+00 2.311290662390157458e+00 1.266496771843559133e+00
1.243361466483453581e+00 2.502118786195868250e+00 2.085283801633980527e+00 2.299208478329005434e+00 1.272312077930248364e+00
1.258771861274740056e+00 2.482162953790221671e+00 2.094513150357677933e+00 2.277750347557109922e+00 1.277711871670109023e+00
1.263900631881462733e+00 2.443285521667670324e+00 2.097615216769969315e+00 2.271281046803602877e+00 1.300850562674015221e+00
1.262696568944968956e+00 2.404776482441175034e+00 2.094737633190667303e+00 2.269336473809560051e+00 1.326139086845813164e+00
1.260367893072317669e+00 2.368237994248025835e+00 2.095866129647600662e+00 2.264913420023238366e+00 1.351305764928462327e+00
1.255869150918109689e+00 2.348713297521346277e+00 2.105749538841382940e+00 2.257837672026009379e+00 1.379528217202110385e+00
1.248808298884996226e+00 2.337904365390462313e+00 2.114937476131988792e+00 2.248154202358310094e+00 1.408751394201804619e+00
1.243126180837103467e+00 2.323826765492097213e+00 2.121380949011074435e+00 2.237234956709167388e+00 1.438790295675365982e+00
1.241910055701929139e+00 2.301443916480261365e+00 2.125201907669773682e+00 2.225315646281401438e+00 1.467960920374213662e+00
1.250473975354892131e+00 2.274936585948688084e+00 2.134994326776752605e+00 2.210771963112481586e+00 1.488595482951578397e+00
1.267442910422040159e+00 2.260074396354477599e+00 2.152649649881571037e+00 2.198260936516001962e+00 1.492350386265103523e+00
1.288523257148689316e+00 2.230046153904301942e+00 2.158209530607702931e+00 2.191547948032181115e+00 1.506802497233604043e+00
1.293583630720362310e+00 2.200396668551426238e+00 2.154625046290138179e+00 2.195030013403594715e+00 1.535280982051073551e+00
1.293948892325675448e+00 2.184430573006559406e+00 2.152975224736339843e+00 2.202329431088522860e+00 1.567846526964800091e+00
1.300000000000000044e+00 2.169999999999999929e+00 2.154999999999999805e+00 2.209999999999999964e+00 1.600000000000000089e+00
