8.699999999999999956e-01 2.740000000000000213e+00 1.850000000000000089e+00 2.629999999999999893e+00 1.350000000000000089e+00
8.925821510498216371e-01 2.759610786687693551e+00 1.865890407348106406e+00 2.628360514008401427e+00 1.338340626845028858e+00
9.151643020996432787e-01 2.779221573375386889e+00 1.881780814696212722e+00 2.626721028016803405e+00 1.326681253690057627e+00
9.376292185184846861e-01 2.799003359235702870e+00 1.896087170353117024e+00 2.624284588049261568e+00 1.311486317268055535e+00
9.562202797437314716e-01 2.809106090659855948e+00 1.894051722265950755e+00 2.614455038532434994e+00 1.283998385936616415e+00
9.617288251853045589e-01 2.806991100127835370e+00 1.871973975727993622e+00 2.599572408639270638e+00 1.285748636315800164e+00
9.646875292374142985e-01 2.780319940635307852e+00 1.876101743127004395e+00 2.568232825823594911e+00 1.282937229765436227e+00
9.766424011268354244e-01 2.766962742038660217e+00 1.891398842526775148e+00 2.545356289710325459e+00 1.271186756105450621e+00
9.893286441748413429e-01 2.761491329728415600e+00 1.909728923492884256e+00 2.526851030910925111e+00 1.258127272225469495e+00
1.001938537670604035e+00 2.758750536792297314e+00 1.928461528779496392e+00 2.509876879015497497e+00 1.243847408298296431e+00
1.014567540636881038e+00 2.756256795976004259e+00 1.947221987132830678e+00 2.493251448428422279e+00 1.229260319464861251e+00
1.027447392921315483e+00 2.752027891180677255e+00 1.965894997031961022e+00 2.476649282477842551e+00 1.214829873732054422e+00
1.041291531527515302e+00 2.740197011168640451e+00 1.983720409867447021e+00 2.459907521029864874e+00 1.201385564893832969e+00
1.055981505197122639e+00 2.710785555791187296e+00 1.994601258951109291e+00 2.440188470089578399e+00 1.192310988062686761e+00
1.067713493473449571e+00 2.680499496330694065e+00 1.993379459159852374e+00 2.412772701308909529e+00 1.195811713413274857e+00
1.068133265992269099e+00 2.675804694893664237e+00 1.977643284415947722e+00 2.389069513151595547e+00 1.206777053711712178e+00
1.070820773952212202e+00 2.659509696008115487e+00 1.958555895026567129e+00 2.377771154111468999e+00 1.223540660023983095e+00
1.087646531961571794e+00 2.623882799654064790e+00 1.963944682831011868e+00 2.359893016244482222e+00 1.225443360190444197e+00
1.095275589763398560e+00 2.609189417270359801e+00 1.977261249078699823e+00 2.358339690442463166e+00 1.199460539972998285e+00
1.101555051126637652e+00 2.610355502050998755e+00 1.999774010050538786e+00 2.365223046092898240e+00 1.214397215139074282e+00
1.101246864058691877e+00 2.611250214574557749e+00 2.021681017309012507e+00 2.372675493983433803e+00 1.232068908507752969e+00
1.104405839922939281e+00 2.608654506537138928e+00 2.044545374009254068e+00 2.378451419580923432e+00 1.247317840628749508e+00
1.130964610015698035e+00 2.593253751582741184e+00 2.057712105087551091e+00 2.367545378572153858e+00 1.244593346133728184e+00
1.158908897733881060e+00 2.577577561479327262e+00 2.057015589225743124e+00 2.351238316010614060e+00 1.231094011408753852e+00
1.186075140376957826e+00 2.562423989790868273e+00 2.053965561620223923e+00 2.334597248509237666e+00 1.216236545219479659e+00
1.214988459417911670e+00 2.543601250771332811e+00 2.051523092801704529e+00 2.316200877639358779e+00 1.213381555754882823e+00
1.239627479037325841e+00 2.528513180514401437e+00 2.060481060332224335e+00 2.297904593882979185e+00 1.224240548516666305e+00
1.254792019417922289e+00 2.511673807606551012e+00 2.076482851410128116e+00 2.287237088194448820e+00 1.242731424318942235e+00
1.263331531562243981e+00 2.478345069380000876e+00 2.087306692096061234e+00 2.282422261864034407e+00 1.265134165368644537e+00
1.264108442453330650e+00 2.430676299294923570e+00 2.087152702276552585e+00 2.277782320313351150e+00 1.282592057752986792e+00
1.263211597560851995e+00 2.384743135981382878e+00 2.088253123247789667e+00 2.264526205669511683e+00 1.298856481167171895e+00
1.266541844526942517e+00 2.363511045198245508e+00 2.096462458293667730e+00 2.256620760001275094e+00 1.328307493037378162e+00
1.265086958384892490e+00 2.342975277283240398e+00 2.095944879886693979e+00 2.250421101042146432e+00 1.361336018546361659e+00
1.258638255614953572e+00 2.322165471546735027e+00 2.092475425419380919e+00 2.234125668066496484e+00 1.390150026182946252e+00
1.251434692278156513e+00 2.299104990656571701e+00 2.089422791380182165e+00 2.216117901345694641e+00 1.417486255620738156e+00
1.245156356035628686e+00 2.274037032820241055e+00 2.090659795560015688e+00 2.199381025124091060e+00 1.445170633650297631e+00
1.242994060679655899e+00 2.264464772610558896e+00 2.106704834349824029e+00 2.192956579293781072e+00 1.469541342970320574e+00
1.254588819126488897e+00 2.258674107187039759e+00 2.123116878609909719e+00 2.207442288816856557e+00 1.485831236469119521e+00
1.263849541116423669e+00 2.226453529599709658e+00 2.125605049808266589e+00 2.204349531455350952e+00 1.513417376534183401e+00
1.275694629171986394e+00 2.206535569885402559e+00 2.134300940120737344e+00 2.205512133202022440e+00 1.542816552015157328e+00
1.287847314585993219e+00 2.188267784942701244e+00 2.144650470060368797e+00 2.207756066601011202e+00 1.571408276007578930e+00
1.300000000000000044e+00 2.169999999999999929e+00 2.154999999999999805e+00 2.209999999999999964e+00 1.600000000000000089e+00
