8.699999999999999956e-01 2.740000000000000213e+00 1.850000000000000089e+00 2.629999999999999893e+00 1.350000000000000089e+00
8.917803319094661507e-01 2.774034677049977748e+00 1.865614502179237411e+00 2.615798668510556535e+00 1.331895653261655266e+00
9.135295962560461280e-01 2.811663036826442141e+00 1.883589858107960424e+00 2.599686120634626452e+00 1.320602923240645987e+00
9.273786435190130018e-01 2.849000906437136216e+00 1.902502773275964731e+00 2.583897096414977668e+00 1.336780235261656680e+00
9.345283739146973412e-01 2.875139070324631785e+00 1.891322890303251958e+00 2.602650500689307922e+00 1.361887276811572622e+00
9.564805227099748564e-01 2.852183583272646761e+00 1.870947532395229151e+00 2.591365901106172931e+00 1.349606631526149236e+00
9.834063407360368325e-01 2.848564386747758359e+00 1.878349122399461057e+00 2.569653656252662177e+00 1.371073112481247636e+00
1.002715619533852243e+00 2.847889498781710493e+00 1.887622866391136967e+00 2.549994726927852007e+00 1.398539694428808877e+00
1.022012239249871834e+00 2.829851802909571390e+00 1.899361100629901378e+00 2.523319884124215484e+00 1.418066839576677118e+00
1.039735752743140784e+00 2.811795437653098695e+00 1.894576318400019055e+00 2.484971738339087910e+00 1.416065253788427736e+00
1.037383294106379417e+00 2.808098108154682748e+00 1.865489438895505447e+00 2.476707904922368364e+00 1.397010221060341451e+00
1.040722976695586555e+00 2.742898828014161516e+00 1.864044842212809971e+00 2.467208212210178608e+00 1.396618733567740023e+00
1.044709602372091872e+00 2.722002643501032715e+00 1.891733618995495192e+00 2.458195598047508312e+00 1.378423091147770840e+00
1.049146112242208329e+00 2.723439297368769552e+00 1.913109206101686999e+00 2.447254993043871618e+00 1.350298573818770498e+00
1.054613764010492005e+00 2.717935179879810370e+00 1.927980510544968995e+00 2.433463165459008870e+00 1.318769402314710515e+00
1.059314202439363584e+00 2.704454162895322700e+00 1.938788849689228044e+00 2.419286660735234129e+00 1.286085326950457741e+00
1.061082304834351620e+00 2.676125808013023910e+00 1.948271140807764867e+00 2.401189745987832858e+00 1.256794505352558655e+00
1.056259472925450416e+00 2.623726742387511912e+00 1.953151541800448143e+00 2.377853211525913224e+00 1.241282811327199198e+00
1.054828029515200383e+00 2.575266148906373953e+00 1.935048355237252382e+00 2.377171437041712743e+00 1.222397778709160665e+00
1.064374823450823682e+00 2.515046163285160397e+00 1.930995007749302328e+00 2.358306415310053694e+00 1.232241858413595015e+00
1.068117532013555637e+00 2.460753319428868657e+00 1.924307899332657668e+00 2.355168514157629733e+00 1.255751409266685714e+00
1.102639477083215302e+00 2.436570551052266609e+00 1.930645604306578500e+00 2.342158814785324061e+00 1.268125201867150942e+00
1.137691770170265571e+00 2.453009777173317918e+00 1.943828569705804643e+00 2.329200082683613449e+00 1.261007209167207321e+00
1.171716251207856940e+00 2.476974136173565988e+00 1.959382083875117031e+00 2.320722803721075866e+00 1.252894835598126200e+00
1.203784790229543988e+00 2.497358030509224669e+00 1.980502876157190562e+00 2.318439353370211453e+00 1.248940062979343235e+00
1.218643884860902693e+00 2.474934459587148083e+00 2.000790354735794807e+00 2.320666725105235528e+00 1.269596182869273893e+00
1.227094407233710438e+00 2.460734460547576052e+00 2.026570358668352778e+00 2.325103465256793456e+00 1.292844516024917789e+00
1.236020939292040710e+00 2.464317616842748304e+00 2.057192695852918085e+00 2.322952249069221597e+00 1.309698793335400735e+00
1.242173173147735676e+00 2.448348240929079989e+00 2.073229120032932471e+00 2.310347047428406686e+00 1.339112876872948332e+00
1.246176303982115652e+00 2.436384160408850974e+00 2.071895011645705775e+00 2.312141829088699918e+00 1.375838957374768468e+00
1.254487564702499114e+00 2.397005620127870440e+00 2.058282183707683455e+00 2.310296897976138908e+00 1.402685663910359981e+00
1.256242153226422520e+00 2.352259142097527622e+00 2.054062980029842223e+00 2.291191756513095257e+00 1.426345775300619234e+00
1.252764052811860651e+00 2.344535484497996425e+00 2.067038483088537770e+00 2.252646976258182221e+00 1.437499005437974597e+00
1.251567193809482781e+00 2.335814632375192712e+00 2.081741040174523771e+00 2.212889063141105783e+00 1.436921933116652950e+00
1.253129298383627965e+00 2.293478018039002642e+00 2.095337085707132729e+00 2.183889340127749268e+00 1.446421413109024945e+00
1.251907841264463306e+00 2.237573598375830031e+00 2.099992544928169114e+00 2.179629808468880992e+00 1.469326818318420269e+00
1.246738830021027589e+00 2.206243691294704323e+00 2.103648936510479572e+00 2.179563226394485298e+00 1.502337680802893871e+00
1.265556801547917498e+00 2.210795732661918311e+00 2.129967286363155576e+00 2.187926168255287518e+00 1.520061740620513024e+00
1.284653040879389474e+00 2.215918008081223078e+00 2.153819758837556275e+00 2.212160070200474671e+00 1.528374987479814706e+00
1.303454315245712092e+00 2.207755868308194813e+00 2.182276317738939042e+00 2.213868374229005731e+00 1.535905444353699689e+00
1.306111667787964059e+00 2.186109184350436330e+00 2.175056645693008051e+00 2.211791129780615872e+00 1.570673446644301974e+00
1.300000000000000044e+00 2.169999999999999929e+00 2.154999999999999805e+00 2.209999999999999964e+00 1.600000000000000089e+00
