8.699999999999999956e-01 2.740000000000000213e+00 1.850000000000000089e+00 2.629999999999999893e+00 1.350000000000000089e+00
8.914628269150465245e-01 2.755719696656790951e+00 1.879969415710360137e+00 2.621263431293477275e+00 1.334601005657245487e+00
9.129256538300930535e-01 2.771439393313582134e+00 1.909938831420720184e+00 2.612526862586954657e+00 1.319202011314491108e+00
9.346235618080900309e-01 2.787120893365357510e+00 1.939361761472401025e+00 2.603966083534025255e+00 1.302380771562599904e+00
9.576646540816053932e-01 2.800457589811350623e+00 1.957625217366898651e+00 2.599221236165945470e+00 1.269691044712520478e+00
9.739687114390778166e-01 2.822664648493161454e+00 1.980412003582217917e+00 2.598298848156646912e+00 1.293036532762345869e+00
9.695957277492719406e-01 2.848080059898523420e+00 1.958573881407760897e+00 2.595485909805207658e+00 1.266949372168023169e+00
9.660448261734320141e-01 2.844967267996723059e+00 1.926910450373598982e+00 2.581984870932171994e+00 1.248038417931829791e+00
9.670922839245120750e-01 2.825963649228163455e+00 1.896204232714949534e+00 2.558952718109542168e+00 1.237841912873925754e+00
9.862998997001237722e-01 2.793479154972795087e+00 1.909593012670102175e+00 2.524682743297913756e+00 1.234271955650483088e+00
1.008618796437741327e+00 2.771800967453693865e+00 1.937933402715624087e+00 2.503159077528449128e+00 1.232468436777990561e+00
1.034882216682070366e+00 2.749112305762236197e+00 1.964216268287423128e+00 2.481060471760266228e+00 1.229456908302075657e+00
1.061277488168059779e+00 2.727034531718683930e+00 1.988256336371532873e+00 2.456871275542963584e+00 1.218739472929782020e+00
1.077740771074324977e+00 2.686606525443551163e+00 1.991143367042441437e+00 2.429967287742417437e+00 1.192994385872846452e+00
1.098305200097463352e+00 2.627292113432106113e+00 1.989590636659549938e+00 2.405736524510342367e+00 1.197745408323610095e+00
1.130046108304003871e+00 2.601020527581947128e+00 2.001909191870640203e+00 2.371524288031422234e+00 1.205842400948478943e+00
1.165682821874007846e+00 2.580818868028549762e+00 2.017694174295378673e+00 2.342751838285082933e+00 1.214723052211535759e+00
1.203365410780286471e+00 2.555840091243672063e+00 2.032676610310532705e+00 2.317619811342236602e+00 1.223700261592125749e+00
1.241047999686564873e+00 2.530861314458794364e+00 2.047659046325686738e+00 2.292487784399390716e+00 1.232677470972715739e+00
1.268154570203409381e+00 2.471221271494346450e+00 2.061321363690680641e+00 2.291958352192520199e+00 1.241053359388142763e+00
1.279907490240603130e+00 2.430112192702805096e+00 2.075723658560240104e+00 2.292588481985331494e+00 1.273936850925425635e+00
1.295568839820375073e+00 2.392338564893568442e+00 2.092027508381763212e+00 2.293441751508949356e+00 1.305925381456700896e+00
1.320105613162660063e+00 2.361880775383807585e+00 2.105866061750521823e+00 2.300812347737321240e+00 1.337726777918666121e+00
1.340111915528308550e+00 2.345350009899504595e+00 2.114569194682180076e+00 2.295175600538218230e+00 1.377062475671451125e+00
1.332187891162968985e+00 2.342332545091732499e+00 2.123262398278671359e+00 2.260314519502246711e+00 1.407773517370311422e+00
1.307608501404190715e+00 2.343508928540341429e+00 2.132932877395934845e+00 2.218699325395770305e+00 1.424368196329584668e+00
1.277839362015983360e+00 2.345645652369166889e+00 2.145306195426936569e+00 2.182680775470304368e+00 1.441646852787745736e+00
1.249731334120801840e+00 2.325866017717650003e+00 2.165322248102635960e+00 2.158575441818836094e+00 1.459913556283109370e+00
1.259603764017254157e+00 2.291035170492115469e+00 2.166325749745895202e+00 2.185707573374221280e+00 1.490166074796804185e+00
1.274653556879666194e+00 2.251955645517083493e+00 2.163928481620686739e+00 2.196312478005333357e+00 1.526582119066409726e+00
1.287326778439833230e+00 2.210977822758541489e+00 2.159464240810343494e+00 2.203156239002666439e+00 1.563291059533205019e+00
1.300000000000000044e+00 2.169999999999999929e+00 2.154999999999999805e+00 2.209999999999999964e+00 1.600000000000000089e+00
