8.699999999999999956e-01 2.740000000000000213e+00 1.850000000000000089e+00 2.629999999999999893e+00 1.350000000000000089e+00
9.048458645983605830e-01 2.745390137167234013e+00 1.874118841853039452e+00 2.597750452330276349e+00 1.311491670593034620e+00
9.505467827773123046e-01 2.790748819081617871e+00 1.902374360904091510e+00 2.601840404557048458e+00 1.299192156433463641e+00
9.802336261851586352e-01 2.799574152568033991e+00 1.925433699840833679e+00 2.553797878028214896e+00 1.274054494939830473e+00
9.868442958842367219e-01 2.764866926010239645e+00 1.924900622160679475e+00 2.513388505208257406e+00 1.221531775091622807e+00
9.944593039495435161e-01 2.714456434434154186e+00 1.925447141844242704e+00 2.471341277021148919e+00 1.175856313224422856e+00
1.015198459844929513e+00 2.653576793295545855e+00 1.943306634565949098e+00 2.440133653310067707e+00 1.204160650567205559e+00
1.062147665461917523e+00 2.613615864058826954e+00 1.968054901006414337e+00 2.413706548547384312e+00 1.212016672026340114e+00
1.116231051894286619e+00 2.582574306316895996e+00 1.991093096997701428e+00 2.388856820142826187e+00 1.206933048893134464e+00
1.174223927388022837e+00 2.558942184720324420e+00 2.010795351127888431e+00 2.360793234299227716e+00 1.206966192082796097e+00
1.228834624747231485e+00 2.541276831089152477e+00 2.030786776852592013e+00 2.327895680012497248e+00 1.219173799859416096e+00
1.256925297344579695e+00 2.499456045768773560e+00 2.063516666309533676e+00 2.300513919633387694e+00 1.226984223841778965e+00
1.257699383541964533e+00 2.438008059747551748e+00 2.097332470993169107e+00 2.287687825118601470e+00 1.243763341280335277e+00
1.265495448305484771e+00 2.370164207532204692e+00 2.124417334152211456e+00 2.289653041810584710e+00 1.275116462353548918e+00
1.301010919856252057e+00 2.314768725697282203e+00 2.135677945884765450e+00 2.298258277488994583e+00 1.318036779467546271e+00
1.336605044528226482e+00 2.296437904756845949e+00 2.102916712369441665e+00 2.286391569761037523e+00 1.333284983640546928e+00
1.306599667407710275e+00 2.258498724673624114e+00 2.085078602804379511e+00 2.278982436236296927e+00 1.374258439716830482e+00
1.281664698839846794e+00 2.221715790535699231e+00 2.117887203423031828e+00 2.244941262639731594e+00 1.384903170634431468e+00
1.269882340041155855e+00 2.182670721614941911e+00 2.137382501455568740e+00 2.194409048011606966e+00 1.412479698930815708e+00
1.272541966680361014e+00 2.160834520487625809e+00 2.137051596069387216e+00 2.168559961928390400e+00 1.475525709526722240e+00
1.286060356414137518e+00 2.164731201157534812e+00 2.136762281524548168e+00 2.185040200617793360e+00 1.542132625831658110e+00
1.300000000000000044e+00 2.169999999999999929e+00 2.154999999999999805e+00 2.209999999999999964e+00 1.600000000000000089e+00
