8.699999999999999956e-01 2.740000000000000213e+00 1.850000000000000089e+00 2.629999999999999893e+00 1.350000000000000089e+00
8.866812386205840113e-01 2.758035859949071078e+00 1.857827369647160110e+00 2.621542016463386915e+00 1.329451367588855959e+00
9.026450495409211738e-01 2.771421572900658159e+00 1.869427767025246157e+00 2.610747505360349940e+00 1.311866564915288524e+00
9.178358450555974546e-01 2.792114359046957262e+00 1.880013396251737356e+00 2.604254394349935442e+00 1.293033902440956950e+00
9.320245501203964222e-01 2.817338592639480055e+00 1.879843294027785827e+00 2.600608060215851225e+00 1.269679980062231595e+00
9.427153335946572010e-01 2.800637159910311258e+00 1.869868326539116721e+00 2.580182094675285587e+00 1.264500765936332760e+00
9.570154928193639332e-01 2.773015144168966106e+00 1.881851148274242380e+00 2.567969275734494961e+00 1.254758639623807293e+00
9.699963089904113378e-01 2.755333511156482729e+00 1.893023070552761089e+00 2.551079144472304439e+00 1.240086570534632671e+00
9.847985617215014864e-01 2.742664208485096733e+00 1.904558801222846487e+00 2.532286241886047673e+00 1.228176981353146013e+00
9.997624496586908771e-01 2.733078857972569331e+00 1.916769297384597781e+00 2.514024730268868080e+00 1.216028456466894392e+00
1.014555763751569861e+00 2.726467001932305845e+00 1.929592099331173261e+00 2.496034758432042366e+00 1.203851998535714340e+00
1.028822361500376203e+00 2.726344917585580063e+00 1.943310734734961631e+00 2.477765309203816102e+00 1.192812218364887045e+00
1.040882032004222246e+00 2.741379218147978580e+00 1.957438037964858601e+00 2.459505293266613268e+00 1.184429945454596567e+00
1.049207183712884239e+00 2.760845574710014461e+00 1.961405254533460818e+00 2.432610692581650635e+00 1.188537304383841198e+00
1.055551999954803533e+00 2.719958707290826894e+00 1.965717803632396787e+00 2.414415241660214484e+00 1.191896894587879840e+00
1.069458511393294176e+00 2.693830897400160573e+00 1.977329252419313121e+00 2.396998347818505071e+00 1.187783606345449661e+00
1.090323392746262332e+00 2.676128948502307203e+00 1.986869578778781786e+00 2.381016833505790409e+00 1.181523711723313053e+00
1.108487990205847762e+00 2.642921508137532349e+00 1.988160478195757808e+00 2.363929735320641434e+00 1.182600430326286256e+00
1.117059802942505620e+00 2.600794149004964417e+00 1.983867154959534584e+00 2.351024138485826143e+00 1.192196354126283442e+00
1.132831376526796996e+00 2.561985303776416867e+00 1.982508390727961478e+00 2.341062086400340636e+00 1.202654101366104511e+00
1.155620820809044824e+00 2.534386925640339960e+00 1.988012233891769620e+00 2.333646457500557769e+00 1.211586396041711922e+00
1.180138152828819287e+00 2.521089565618668704e+00 1.999525262525667646e+00 2.329952612658634070e+00 1.217988941454418939e+00
1.203645828597060596e+00 2.519088540280798316e+00 2.014072566658221763e+00 2.332530559036133155e+00 1.219314058703459214e+00
1.224209104403258586e+00 2.512758958461768444e+00 2.025267018896381721e+00 2.340746887163258183e+00 1.204819981788418870e+00
1.239635104499375862e+00 2.497619377984856115e+00 2.030192304706385453e+00 2.323355679377534067e+00 1.213239513177994278e+00
1.249436463619474358e+00 2.497943812538555353e+00 2.042340614025059509e+00 2.316666501830007885e+00 1.236742862541257315e+00
1.258407356886285022e+00 2.478575557200124013e+00 2.053802033624335888e+00 2.309207576219773017e+00 1.258325465560851786e+00
1.261534407373518629e+00 2.456604222341997268e+00 2.061320709810483987e+00 2.301533246669159372e+00 1.283935106383189861e+00
1.260733385416341834e+00 2.435664474516337386e+00 2.067264103630992889e+00 2.294640318368064591e+00 1.311023411333972710e+00
1.257690867938352497e+00 2.407746865274847270e+00 2.072054889889986651e+00 2.283946923563703102e+00 1.334647426702987971e+00
1.253660470488403345e+00 2.371971212437800514e+00 2.074953131837493192e+00 2.269109704083165369e+00 1.352153696445783648e+00
1.252382594331326926e+00 2.340957449559949666e+00 2.081888753759320476e+00 2.258602624834429307e+00 1.372929956641702587e+00
1.253566825793511530e+00 2.330034440587280820e+00 2.094504153608294228e+00 2.251467913692264844e+00 1.397285237627601928e+00
1.253358681935578645e+00 2.325133893447112410e+00 2.106255835246949815e+00 2.237056659555996418e+00 1.420246677258259371e+00
1.250956756873128128e+00 2.309176190168788168e+00 2.112949847360602096e+00 2.218038320849614831e+00 1.442163409276651320e+00
1.245711691313070801e+00 2.281140288745307831e+00 2.112592126322417219e+00 2.200427070090498649e+00 1.462400217842960481e+00
1.241057609246292603e+00 2.252198139500267704e+00 2.108960803831571695e+00 2.190078869478343737e+00 1.485561221831425360e+00
1.245105214065092891e+00 2.231941151156288328e+00 2.111603626146455248e+00 2.189618524533456068e+00 1.514104921742343679e+00
1.258096400672895188e+00 2.218419213965097114e+00 2.119788437142703152e+00 2.194374506043789808e+00 1.538936338863107434e+00
1.272972152144215885e+00 2.201998115788029953e+00 2.130469441675458597e+00 2.199402121750423600e+00 1.559802098984117258e+00
1.286486076072107965e+00 2.185999057894014719e+00 2.142734720837728979e+00 2.204701060875212004e+00 1.579901049492058673e+00
1.300000000000000044e+00 2.169999999999999929e+00 2.154999999999999805e+00 2.209999999999999964e+00 1.600000000000000089e+00
