8.699999999999999956e-01 2.740000000000000213e+00 1.850000000000000089e+00 2.629999999999999893e+00 1.350000000000000089e+00
8.900041743571517339e-01 2.755436075179549693e+00 1.868901025936319682e+00 2.624352321082576545e+00 1.352331796020434407e+00
9.100083487143035832e-01 2.770872150359099173e+00 1.887802051872639275e+00 2.618704642165153196e+00 1.354663592040868503e+00
9.296686762446524366e-01 2.786187399229950845e+00 1.906315366877239903e+00 2.610125123820381532e+00 1.356915939236448487e+00
9.441493966986448383e-01 2.794851752938726897e+00 1.909863716361207553e+00 2.581924790297294159e+00 1.351034421839817590e+00
9.523358524338113584e-01 2.780530722780248265e+00 1.908821977024761418e+00 2.571845717415781163e+00 1.323559931572669157e+00
9.580368405864408965e-01 2.761979992380863891e+00 1.897498231213644138e+00 2.560632826190269995e+00 1.300309287406764325e+00
9.605964599539105198e-01 2.761975527631136629e+00 1.887751486287911895e+00 2.549044255084198518e+00 1.274093776875030892e+00
9.741276921795144483e-01 2.763880560597421709e+00 1.898739967554673891e+00 2.531606484505790178e+00 1.255169917983186334e+00
9.911945845140681666e-01 2.749328705170075438e+00 1.913904691920518486e+00 2.513121829937821960e+00 1.249998829624124896e+00
1.007815412505528974e+00 2.726624209604018745e+00 1.926362719723741401e+00 2.493549768177394377e+00 1.251576758555207780e+00
1.023706614377279278e+00 2.702932243584994954e+00 1.937709609746660622e+00 2.473093597694826951e+00 1.255343932662890793e+00
1.038584150337509504e+00 2.683274557307554709e+00 1.949795620821445086e+00 2.450396722595189036e+00 1.257188921157907258e+00
1.051523647339175582e+00 2.669976139592836972e+00 1.963184169236903198e+00 2.425872406225744626e+00 1.253038301292013657e+00
1.062909173847365496e+00 2.658318280018668656e+00 1.977042433746510230e+00 2.403713783893097755e+00 1.241070166636998984e+00
1.075320158139695392e+00 2.643385137073705149e+00 1.991232689735223271e+00 2.386910052353436562e+00 1.225588383848071006e+00
1.093991613013279407e+00 2.622724236869727221e+00 2.005427461829795810e+00 2.372785888690375877e+00 1.220034019616494492e+00
1.117644932320220663e+00 2.599147954828196383e+00 2.013796539182579171e+00 2.360454383692800029e+00 1.224463068783181230e+00
1.143976277068817549e+00 2.577035523585121890e+00 2.017947032733661494e+00 2.348525399292555882e+00 1.221734461353488621e+00
1.170611042369518184e+00 2.557936252237989372e+00 2.020761905084290877e+00 2.336613637693012890e+00 1.214209080645591632e+00
1.197180898782377767e+00 2.540609195240995266e+00 2.024537408451347886e+00 2.324387680030914893e+00 1.206011640466821078e+00
1.222405140608852303e+00 2.522872727727998754e+00 2.032824398378516584e+00 2.311450653820786627e+00 1.201289432001015900e+00
1.241363634444706987e+00 2.499059344720182541e+00 2.046645376184150766e+00 2.300759552858095969e+00 1.207803238629642451e+00
1.252014104103022385e+00 2.468682910438833922e+00 2.057650846617785856e+00 2.297450981630301481e+00 1.226255001461741045e+00
1.260232812401991032e+00 2.435250852817482770e+00 2.062959136875781585e+00 2.296715936932507418e+00 1.247517725661750454e+00
1.265821918339384178e+00 2.402843098039832981e+00 2.070140697319848844e+00 2.292476371679780467e+00 1.268989163931431685e+00
1.267799488832909383e+00 2.377388174733328086e+00 2.081450222586884280e+00 2.287260194651546730e+00 1.292112705364297565e+00
1.268147730721626676e+00 2.354219781954341784e+00 2.091767207284407792e+00 2.282348149937676318e+00 1.316816500484701224e+00
1.267026677710993532e+00 2.328118826709154376e+00 2.096915390675245572e+00 2.276101874662316948e+00 1.342286941295794511e+00
1.261368344726173207e+00 2.305900924088458481e+00 2.096809232755636021e+00 2.265589224211967512e+00 1.368102228283059496e+00
1.253591514981746702e+00 2.297747215029949608e+00 2.098326922819302887e+00 2.247611478935662710e+00 1.392850454479720224e+00
1.255789263294887270e+00 2.296415943890040445e+00 2.110942759095405741e+00 2.227787075194924249e+00 1.413783862103601852e+00
1.261159927598496155e+00 2.295001886308694505e+00 2.126557922579557225e+00 2.212103353181557708e+00 1.434284409471148880e+00
1.270246772601633323e+00 2.290141541200368724e+00 2.142295429543165763e+00 2.201493166612711772e+00 1.455735691290229061e+00
1.275857037227697610e+00 2.267926313258560977e+00 2.159972004713054616e+00 2.188937538888388268e+00 1.469544402938134153e+00
1.272258975382311696e+00 2.237035834602041362e+00 2.163770261232080383e+00 2.193230638672077681e+00 1.492950802579858127e+00
1.269709648715006134e+00 2.226020054710719620e+00 2.150693068277504505e+00 2.195481838476788461e+00 1.519021627128087415e+00
1.278091300499355931e+00 2.207920288097685813e+00 2.149784575327614355e+00 2.200072861978553451e+00 1.546861448043848064e+00
1.288919477296406990e+00 2.188991994990609591e+00 2.152211480919440589e+00 2.205020444160130655e+00 1.573514661706783002e+00
1.300000000000000044e+00 2.169999999999999929e+00 2.154999999999999805e+00 2.209999999999999964e+00 1.600000000000000089e+00
