8.699999999999999956e-01 2.740000000000000213e+00 1.850000000000000089e+00 2.629999999999999893e+00 1.350000000000000089e+00
8.951823342274061179e-01 2.743246626429995061e+00 1.855697093636672790e+00 2.609266976524285298e+00 1.319378973807161071e+00
9.203646684548123513e-01 2.746493252859989909e+00 1.861394187273345269e+00 2.588533953048570702e+00 1.288757947614322052e+00
9.436584230030766740e-01 2.764060795882442356e+00 1.873326980111617912e+00 2.574497220518793483e+00 1.257732171374280838e+00
9.598221033155336368e-01 2.802678733845177295e+00 1.903045483853484932e+00 2.575447365042062842e+00 1.245499713554771182e+00
9.634895119903145178e-01 2.795625188426574148e+00 1.918276070698305080e+00 2.571336157840637515e+00 1.280144847139429665e+00
9.805188760888453592e-01 2.774390989096216842e+00 1.935290459211175040e+00 2.544531718799479592e+00 1.256094128556107137e+00
9.956001472633848604e-01 2.745708166302410103e+00 1.953250045658137424e+00 2.521450551558059860e+00 1.231899329765005158e+00
1.011043174266008426e+00 2.706317836080208927e+00 1.970991302418079627e+00 2.493273601148572549e+00 1.220038939566544078e+00
1.028918138832005447e+00 2.665560890393474658e+00 1.987279689903121538e+00 2.464273694776558443e+00 1.212903171441751304e+00
1.053823238963136122e+00 2.625507341289705199e+00 1.999503847452451577e+00 2.437135937713789779e+00 1.207656052193359697e+00
1.086886414707880943e+00 2.590568050099252062e+00 2.006350654605582040e+00 2.412589079837626382e+00 1.206145402039336290e+00
1.124891499665049199e+00 2.566846376562598397e+00 2.014317704284986910e+00 2.389388305856144701e+00 1.206902108035445176e+00
1.162798298855192813e+00 2.553029778876964695e+00 2.028864106853006888e+00 2.366236199617254066e+00 1.207185161767022619e+00
1.197794065789899776e+00 2.540478358018969374e+00 2.046638547978783418e+00 2.341138849037288416e+00 1.209168154235556347e+00
1.228797643272499407e+00 2.523083876369641487e+00 2.064464245106096385e+00 2.314798560799983029e+00 1.219371680072293795e+00
1.253250445616247433e+00 2.501063884948962812e+00 2.084844237568319603e+00 2.296452428285654435e+00 1.241431956793368041e+00
1.272072056387612005e+00 2.477394693651903790e+00 2.106879903865050085e+00 2.294960234842009505e+00 1.270230915868020727e+00
1.291512385378355443e+00 2.450543416379619366e+00 2.122199739372614413e+00 2.301614913699189024e+00 1.301325436082421350e+00
1.311206807114694950e+00 2.423847343818938960e+00 2.126375389319062226e+00 2.308351750728315555e+00 1.335571119872838830e+00
1.322853557435155647e+00 2.412734449083730137e+00 2.125495111816304572e+00 2.309317831919851294e+00 1.375620361390695656e+00
1.312895377469000424e+00 2.414814764520934798e+00 2.146916527123942764e+00 2.290111311344807277e+00 1.406895157253879924e+00
1.297584543006539359e+00 2.398614781185250067e+00 2.161803858558857705e+00 2.261154885072058640e+00 1.432746493187390779e+00
1.284245233373650485e+00 2.373037415775719250e+00 2.171709025974950968e+00 2.230152906238933141e+00 1.457248461549197849e+00
1.278523532650971406e+00 2.358139303159205724e+00 2.189987069081198001e+00 2.197610810861285291e+00 1.481034319220072781e+00
1.293454473504521030e+00 2.359617275182878338e+00 2.212491973855629013e+00 2.177540799296795004e+00 1.508740995345168923e+00
1.304825404286209523e+00 2.319303041354532802e+00 2.217453699725035143e+00 2.194387327192796278e+00 1.537666440143686142e+00
1.305037893933182591e+00 2.269302372072266039e+00 2.199523050532970370e+00 2.202035579883631300e+00 1.560469648679778221e+00
1.302518946966591429e+00 2.219651186036132984e+00 2.177261525266485087e+00 2.206017789941815632e+00 1.580234824339889155e+00
1.300000000000000044e+00 2.169999999999999929e+00 2.154999999999999805e+00 2.209999999999999964e+00 1.600000000000000089e+00
