8.699999999999999956e-01 2.740000000000000213e+00 1.850000000000000089e+00 2.629999999999999893e+00 1.350000000000000089e+00
8.942242604762187241e-01 2.761914827673211281e+00 1.861646499760831075e+00 2.614757874117392689e+00 1.355018381100467018e+00
9.140632818021696693e-01 2.791585337386608412e+00 1.871207983763823801e+00 2.607520418213529645e+00 1.338250845710535541e+00
9.303490008168100456e-01 2.829411169327987530e+00 1.881193142909876270e+00 2.597018470754255404e+00 1.324225299915591680e+00
9.518203140964905939e-01 2.856433619668525825e+00 1.893374219352741417e+00 2.598942898514620126e+00 1.309569603531712811e+00
9.714982035106316527e-01 2.890244247438397807e+00 1.908462207372142005e+00 2.594046112224141165e+00 1.305926913537953427e+00
9.859580715947522389e-01 2.899438875283443906e+00 1.923185628459481933e+00 2.594983092408774006e+00 1.326928393915858484e+00
9.841039772443900269e-01 2.883166171684934831e+00 1.921956087822264125e+00 2.571636355548140962e+00 1.340821487048275307e+00
9.770528962239348747e-01 2.858323747642200985e+00 1.913695113868345343e+00 2.562048018053220577e+00 1.316235331890755145e+00
9.812199837832780158e-01 2.835568864563776881e+00 1.920230256022159354e+00 2.554257947658366668e+00 1.291792902899237871e+00
9.926982125372715293e-01 2.830025924925096970e+00 1.934363131499763799e+00 2.531858111492640173e+00 1.277756198498966045e+00
1.005641598948759929e+00 2.824838433682906214e+00 1.944347511250638094e+00 2.508653040059477313e+00 1.260034867749474596e+00
1.021628917313756046e+00 2.814739999671411752e+00 1.954215426847951909e+00 2.486487585783698329e+00 1.243949885395811084e+00
1.040410426098139718e+00 2.799696884464123237e+00 1.964385891997655786e+00 2.465055575285186151e+00 1.231508737863542091e+00
1.057825513972241005e+00 2.773909500433991759e+00 1.971468897307525170e+00 2.441960318330664403e+00 1.223300457058205559e+00
1.065115392202428790e+00 2.731232677173098367e+00 1.972267972102438982e+00 2.417109955549447076e+00 1.222546098570659545e+00
1.070820835379598712e+00 2.690084093642013396e+00 1.979692037439653385e+00 2.394822384198238563e+00 1.228209488967693552e+00
1.081513342727688398e+00 2.662617336301771331e+00 1.997537597334210435e+00 2.379076601722760476e+00 1.234264684822946156e+00
1.094341287045090816e+00 2.636882501881598451e+00 2.016534168558361095e+00 2.366442603964056257e+00 1.238072522905277140e+00
1.105744930439748197e+00 2.596700976634217284e+00 2.027903442935573786e+00 2.351158245840092587e+00 1.241294379758308253e+00
1.102059476244781067e+00 2.547726258690013346e+00 2.019876793845733154e+00 2.333898500955168487e+00 1.246318934665728184e+00
1.099872804418302596e+00 2.503667752122781476e+00 2.015783053791756707e+00 2.319787780315042625e+00 1.248396900622594119e+00
1.122637263678386566e+00 2.473517851151039615e+00 2.027633372554151769e+00 2.312454210158473966e+00 1.246807588842378411e+00
1.153359245804049138e+00 2.471048477946140132e+00 2.040043301090911587e+00 2.311263255318190879e+00 1.246910066541725426e+00
1.183872639518320780e+00 2.478702171754326944e+00 2.052511516672824055e+00 2.310096118985093483e+00 1.247656391841965196e+00
1.211484628959931253e+00 2.484486060101062321e+00 2.067139705290482077e+00 2.306173016442816692e+00 1.252247541980552992e+00
1.231814955962074798e+00 2.481696330761060665e+00 2.083962964956317609e+00 2.301021619111211169e+00 1.266535562878890575e+00
1.243696987789555619e+00 2.469373779867874763e+00 2.099076348421153426e+00 2.297028978678938849e+00 1.289327921032428659e+00
1.252047768853827403e+00 2.451372821630152021e+00 2.110627000988159363e+00 2.293802458227516272e+00 1.315736543378084988e+00
1.259474988786718708e+00 2.429216043478235942e+00 2.116976749143178349e+00 2.288649879417242072e+00 1.343896263219303666e+00
1.264100104334685337e+00 2.402508003308872819e+00 2.114528910570986575e+00 2.276954232684506252e+00 1.370945301658930582e+00
1.264396161474633740e+00 2.375295004765756612e+00 2.108881743390961461e+00 2.258214926851374926e+00 1.393774252822087334e+00
1.261607253162772668e+00 2.350017417665456687e+00 2.112370020042799279e+00 2.236106622687872303e+00 1.414983660604617555e+00
1.257306725093089828e+00 2.330926186058630556e+00 2.126331363793613427e+00 2.220654255477844341e+00 1.435894016743044510e+00
1.251777083305755323e+00 2.316273494655501697e+00 2.142260638290680141e+00 2.214324670465488420e+00 1.459162019254445886e+00
1.246784796758385827e+00 2.296440482092459767e+00 2.153551266425223432e+00 2.209909892905466133e+00 1.485888745316152448e+00
1.245405438761545192e+00 2.262940758602926650e+00 2.153482377681755988e+00 2.201306753072152400e+00 1.511968305090389819e+00
1.247071964976614655e+00 2.229494872559033780e+00 2.138371449079908615e+00 2.200379979225871363e+00 1.531654941819305504e+00
1.249676256675521735e+00 2.197683755760460045e+00 2.119068156770118172e+00 2.203793547589929069e+00 1.543342090315080517e+00
1.268236220488209831e+00 2.158975445164434515e+00 2.124067469600260605e+00 2.205697940505855659e+00 1.559471963133922889e+00
1.283545207739519745e+00 2.163398146853647397e+00 2.143233766619197400e+00 2.205871936585198867e+00 1.575632343655647638e+00
1.300000000000000044e+00 2.169999999999999929e+00 2.154999999999999805e+00 2.209999999999999964e+00 1.600000000000000089e+00
