8.699999999999999956e-01 2.740000000000000213e+00 1.850000000000000089e+00 2.629999999999999893e+00 1.350000000000000089e+00
8.919850170610335027e-01 2.757133358795012867e+00 1.855898352397330697e+00 2.633000624634969089e+00 1.330301193172970020e+00
9.132053745234519626e-01 2.771658564709860606e+00 1.864923671518763815e+00 2.634627465542195957e+00 1.311200119887099946e+00
9.334622804260130913e-01 2.787572714278756969e+00 1.877730214579319767e+00 2.631158974456076827e+00 1.296631241510101118e+00
9.462969945769724722e-01 2.816035242516818915e+00 1.888758249835089886e+00 2.618264818948959238e+00 1.283342202605403548e+00
9.414189664353574960e-01 2.819293552379364520e+00 1.883763979672553379e+00 2.593667910894932316e+00 1.266651107121282038e+00
9.369952322467568484e-01 2.790080678116207302e+00 1.877595216665794764e+00 2.568258914704116158e+00 1.257550166969982230e+00
9.389310095311280691e-01 2.752948233268041722e+00 1.882080799220115619e+00 2.544917759852236561e+00 1.255160530392992024e+00
9.495205797918940815e-01 2.747378468806302543e+00 1.900951058605326205e+00 2.547325168501610282e+00 1.261607996971491730e+00
9.679707981058602861e-01 2.740297416062060787e+00 1.910445080759136660e+00 2.527526663249963779e+00 1.249994797306498429e+00
9.851076417509119221e-01 2.737576386017486652e+00 1.915746936179971716e+00 2.504449715121511932e+00 1.233497070001150719e+00
1.001760537646215532e+00 2.736608331375490977e+00 1.922088264270391145e+00 2.481444249325032381e+00 1.216996632197387296e+00
1.018310855612921673e+00 2.736110528761444893e+00 1.932539522574821200e+00 2.460261723778868870e+00 1.202879004478629055e+00
1.034618737668398403e+00 2.733866301225745143e+00 1.947336781988774801e+00 2.442486187362262751e+00 1.193297105893601273e+00
1.051157275682033987e+00 2.723857886867145695e+00 1.963164740646151207e+00 2.425870059741729534e+00 1.189047176707276998e+00
1.067333252564450996e+00 2.702179859941447049e+00 1.975905244769446512e+00 2.407524339580854544e+00 1.188948829766538706e+00
1.082159351152754301e+00 2.673821323895837487e+00 1.985740565553093528e+00 2.387395776744529297e+00 1.190541979876906575e+00
1.097017468632007109e+00 2.645482620411275576e+00 1.996834401552821214e+00 2.369923014443876319e+00 1.195462137452512508e+00
1.115702546048883192e+00 2.611259086407214713e+00 1.996659028042398587e+00 2.365137691469285208e+00 1.197837136257257740e+00
1.138807372986418986e+00 2.579435705408064994e+00 1.990376079666883902e+00 2.367037313762031747e+00 1.192002488961231066e+00
1.164757319307488270e+00 2.552719297273913224e+00 1.996493077451345854e+00 2.361533152163330929e+00 1.188273623785116584e+00
1.189210867510473779e+00 2.531334579177578981e+00 2.006946036793079369e+00 2.352499267592524035e+00 1.185889994308905404e+00
1.211219443923769123e+00 2.517897176522652991e+00 2.020742846110809676e+00 2.339944032286563225e+00 1.184385561795125774e+00
1.228241049684553277e+00 2.515398005875248089e+00 2.037758692645034397e+00 2.324755490245963063e+00 1.186233324184571947e+00
1.239856208416951322e+00 2.516673936315338089e+00 2.055579890333589788e+00 2.311318080613927517e+00 1.197986878896336371e+00
1.246640247968892057e+00 2.508870356947393798e+00 2.068163222300908544e+00 2.304373527242637554e+00 1.222641703302015381e+00
1.248435264288253910e+00 2.485105867704433535e+00 2.072917382809493780e+00 2.296915099735349575e+00 1.249448773773706112e+00
1.247029053688991862e+00 2.453411737087868083e+00 2.069417799940862945e+00 2.290958910314229602e+00 1.273976057846630150e+00
1.249331433101633859e+00 2.428250167649441682e+00 2.069156811451521527e+00 2.287578891793669467e+00 1.302074672895887630e+00
1.255272141220356685e+00 2.401556916120127561e+00 2.070589005091636015e+00 2.280402403226717833e+00 1.328445792083781329e+00
1.260879568669904138e+00 2.372960812191129421e+00 2.079498228798640547e+00 2.269373396961566591e+00 1.349163236922419351e+00
1.262230395547651707e+00 2.357103047085647329e+00 2.095996654550465355e+00 2.256676435492714905e+00 1.365585240146675483e+00
1.262233304497162312e+00 2.344371167531927203e+00 2.108473556001874805e+00 2.243119801058251372e+00 1.388464093612221895e+00
1.261493659482062935e+00 2.322681087687656465e+00 2.113360763809111198e+00 2.230926933195783946e+00 1.414662825500616394e+00
1.253582920682368318e+00 2.315983723234789071e+00 2.117625139149077462e+00 2.221699373991001814e+00 1.442859972898651977e+00
1.255144813253081137e+00 2.296220245336638488e+00 2.102071833469075557e+00 2.223874765037292534e+00 1.462810588600737649e+00
1.259384943231453224e+00 2.271648427225634759e+00 2.105864770516116202e+00 2.215700842728604680e+00 1.486275629996292036e+00
1.264443704362453902e+00 2.258764318400006577e+00 2.125047781632252608e+00 2.216382152258162375e+00 1.500131684879842275e+00
1.272537971479982266e+00 2.239412824341439290e+00 2.136000886778929519e+00 2.223640949761709784e+00 1.523602272865358209e+00
1.282515152900319366e+00 2.217193797222559493e+00 2.141034284848779556e+00 2.225370609182857784e+00 1.550184144999587232e+00
1.291135078765666133e+00 2.193975253825215521e+00 2.147818454900095375e+00 2.218167266348323619e+00 1.575502652092894751e+00
1.300000000000000044e+00 2.169999999999999929e+00 2.154999999999999805e+00 2.209999999999999964e+00 1.600000000000000089e+00
