8.699999999999999956e-01 2.740000000000000213e+00 1.850000000000000089e+00 2.629999999999999893e+00 1.350000000000000089e+00
8.927113366996123345e-01 2.733526464564774106e+00 1.873517063283911321e+00 2.604538217279342316e+00 1.357210599832807896e+00
9.212416267109696522e-01 2.736395140844634533e+00 1.876901972795535611e+00 2.566304466831519360e+00 1.369067296911535614e+00
9.457492240595921640e-01 2.775889186835915012e+00 1.891338189144479820e+00 2.563302929767081295e+00 1.363698816188150476e+00
9.481357149621454372e-01 2.769722776496386984e+00 1.884835190079295675e+00 2.575109450745570960e+00 1.325123166957849152e+00
9.467089438010969360e-01 2.757590449452600900e+00 1.894214561825840581e+00 2.570887947042047372e+00 1.284683091435845359e+00
9.545893456510962105e-01 2.744313594790953381e+00 1.912628233881293216e+00 2.542290032074267181e+00 1.299447874848271622e+00
9.782532629222047138e-01 2.734129184530349477e+00 1.933074218839232916e+00 2.511250817238784627e+00 1.297288408745906008e+00
1.004092889446688286e+00 2.725963844078897136e+00 1.951716179220479352e+00 2.484799736048128871e+00 1.282275005761561726e+00
1.031997522726767924e+00 2.717190693367590448e+00 1.968025811583826279e+00 2.460094056294688691e+00 1.264483671024881462e+00
1.059629602911940527e+00 2.691990312436113530e+00 1.975138434565623324e+00 2.439122922106041091e+00 1.241346512810221459e+00
1.067284007913942068e+00 2.652387167230906950e+00 1.977264195359229149e+00 2.421219114314755227e+00 1.210963234565845648e+00
1.070701178276429744e+00 2.633736552034040113e+00 1.998885019919926398e+00 2.387180521491594654e+00 1.198982422700279660e+00
1.078886550632519592e+00 2.605475772544435298e+00 2.026583639592906216e+00 2.375044016055587903e+00 1.198784441242166210e+00
1.104507817753783261e+00 2.575261010890053992e+00 2.034519290505055977e+00 2.387874621385245977e+00 1.214547519144706822e+00
1.139020810990737820e+00 2.543328252154736457e+00 2.038437548574354885e+00 2.364888427280043892e+00 1.216352163400889363e+00
1.169858848131243523e+00 2.510813223449705145e+00 2.046619676236022478e+00 2.338817752046892462e+00 1.221213678557501847e+00
1.200167300230957412e+00 2.479282459521033211e+00 2.055966012971640833e+00 2.312493028422604624e+00 1.227327068592058090e+00
1.229755007973541092e+00 2.451113468487148950e+00 2.068705460755718928e+00 2.286566017976337406e+00 1.234121773150602008e+00
1.253692081425354266e+00 2.425614034420960241e+00 2.085855320849053562e+00 2.268546053552757957e+00 1.252266984573111586e+00
1.259911073429566652e+00 2.396345331542240054e+00 2.088670138672925614e+00 2.270062536092667393e+00 1.287668815347735807e+00
1.256995483957710658e+00 2.363832591323814292e+00 2.075243929215958794e+00 2.269871506447970866e+00 1.319382163460471880e+00
1.257597823616511068e+00 2.369889955974893159e+00 2.071530642845611503e+00 2.261229428838098965e+00 1.290561477869605511e+00
1.268679955745896759e+00 2.367775781968869175e+00 2.095394114120364026e+00 2.265933002021822684e+00 1.318783410815287827e+00
1.275844158464649380e+00 2.344139385866901293e+00 2.108594349062717033e+00 2.265618965363719095e+00 1.354471982617453385e+00
1.273452245089948587e+00 2.310767665703991725e+00 2.102925152632439509e+00 2.247626793331591433e+00 1.388317213623194268e+00
1.262265899805491642e+00 2.292742647404784506e+00 2.092753112841791108e+00 2.221198847191523384e+00 1.420439188563481947e+00
1.251751978471266069e+00 2.277112854725405811e+00 2.088557442846985079e+00 2.193728849905932421e+00 1.454944195379398897e+00
1.250915654818433698e+00 2.261195497893924600e+00 2.092419650098445771e+00 2.167246178748209129e+00 1.491062967131039807e+00
1.252129686927323515e+00 2.260894954427060455e+00 2.111630174701599305e+00 2.142912070433127258e+00 1.519405631570426962e+00
1.237476755657386907e+00 2.236659303153946343e+00 2.122444554041734044e+00 2.121022425276679169e+00 1.540482150015825891e+00
1.233287673060520007e+00 2.212278628209469744e+00 2.101193839958213960e+00 2.127483455026889736e+00 1.554805379914768970e+00
1.254531004893504331e+00 2.189181836542887449e+00 2.111707671193189473e+00 2.157452986762337765e+00 1.575667076252691867e+00
1.277310817336070770e+00 2.179034115123002380e+00 2.133025401075824057e+00 2.183981170041933151e+00 1.588221902442986222e+00
1.300000000000000044e+00 2.169999999999999929e+00 2.154999999999999805e+00 2.209999999999999964e+00 1.600000000000000089e+00
