8.699999999999999956e-01 2.740000000000000213e+00 1.850000000000000089e+00 2.629999999999999893e+00 1.350000000000000089e+00
8.927794506091309978e-01 2.752886884710921578e+00 1.867593560966433142e+00 2.626766365867867048e+00 1.354416722533223982e+00
9.123285720984715130e-01 2.759449714148894728e+00 1.885278230097925389e+00 2.619621833954450807e+00 1.341963535830023924e+00
9.305681376982745112e-01 2.784753780836366044e+00 1.898939949704968155e+00 2.610742544231827722e+00 1.326656880380684411e+00
9.468611523948002873e-01 2.826948326242827658e+00 1.902610540791034754e+00 2.602133362579970743e+00 1.310910223991049506e+00
9.588977066121625592e-01 2.871613108512116597e+00 1.897385677973933538e+00 2.594492113485226792e+00 1.293648870690746744e+00
9.775992356393605753e-01 2.862216440881250268e+00 1.896962559886049338e+00 2.575777159460621135e+00 1.275056545225472737e+00
9.923867803981234470e-01 2.825590481158462897e+00 1.903782312055230630e+00 2.556483954801475278e+00 1.264178363251474702e+00
1.008029615903385912e+00 2.796074992255981773e+00 1.912542284714921159e+00 2.536783998031582055e+00 1.250662515497426686e+00
1.023851924165264382e+00 2.771211537878170983e+00 1.922165495609343022e+00 2.517485060603485536e+00 1.234793976019739725e+00
1.038366627017949906e+00 2.750395587389553587e+00 1.932507958870115505e+00 2.497414616591419723e+00 1.217417411622625956e+00
1.049754247553844833e+00 2.732960475754342422e+00 1.944737446113008916e+00 2.475143508625333055e+00 1.201656211702713195e+00
1.057591660318896398e+00 2.716157187260323180e+00 1.960714252942650893e+00 2.452065445849493486e+00 1.194867467929045413e+00
1.063754425817599047e+00 2.697735863460944739e+00 1.979499788901763813e+00 2.434817731529699270e+00 1.202233122403502774e+00
1.069703533298408171e+00 2.673249496977559758e+00 1.997101450307593007e+00 2.420932544500094430e+00 1.216200046889515107e+00
1.064786939967234503e+00 2.641125193428210949e+00 1.993121784879958946e+00 2.400595027284485816e+00 1.228338955495479112e+00
1.060751501288610621e+00 2.614264734956285530e+00 1.983113233086300609e+00 2.374230036780055286e+00 1.239323129839851267e+00
1.069016383793883529e+00 2.615157776086876495e+00 2.001366286156131213e+00 2.361364621650359652e+00 1.245624037990537447e+00
1.077987602215580321e+00 2.624392353988597382e+00 2.024819851670098814e+00 2.359099144162921657e+00 1.244127384430510741e+00
1.086537058734258432e+00 2.631911177344397057e+00 2.048352389173299315e+00 2.357808683142745831e+00 1.239168098621657554e+00
1.095348905065408385e+00 2.636798094722774710e+00 2.071726593619282575e+00 2.356115846630284505e+00 1.232300485964664682e+00
1.119660999979642302e+00 2.620544750593610139e+00 2.086262517032142494e+00 2.354636602508942911e+00 1.230810279180307942e+00
1.147872751520342849e+00 2.593608397141347055e+00 2.086452828013813932e+00 2.346391779922396559e+00 1.240604763571683034e+00
1.173931819894429962e+00 2.567273755050588413e+00 2.084296110984593664e+00 2.332084321212290590e+00 1.251229383543140283e+00
1.199253434408580343e+00 2.539039056774823777e+00 2.080028577383141730e+00 2.316089706960408723e+00 1.256989117838859249e+00
1.226074513862660087e+00 2.508367430907477491e+00 2.076853267722877039e+00 2.303433417481379308e+00 1.255279158261143335e+00
1.251161040718407502e+00 2.481625122766840885e+00 2.086933067235727357e+00 2.296615363678430111e+00 1.260964134479596099e+00
1.256085260847483287e+00 2.462916668996175673e+00 2.098418871393735063e+00 2.293000081863480144e+00 1.290233115446057788e+00
1.252699239012825316e+00 2.441129385840731025e+00 2.099146259834660633e+00 2.290757397261974138e+00 1.324038729108788948e+00
1.251140871497253393e+00 2.417250318650195240e+00 2.095800950188007494e+00 2.291333114251556058e+00 1.357178912055339692e+00
1.259680905565416564e+00 2.398496669149714489e+00 2.098514389899275745e+00 2.292404795650115457e+00 1.390274597426611747e+00
1.272067078012701913e+00 2.401440150821494868e+00 2.106508279386600346e+00 2.287789486353619672e+00 1.421745603968048277e+00
1.271540039501174668e+00 2.413129304242600970e+00 2.115968499275000525e+00 2.277987721645966079e+00 1.449771766138091333e+00
1.265129280201811479e+00 2.380781605402976009e+00 2.117625965800730814e+00 2.250493157680310663e+00 1.439523113116639497e+00
1.255994194691022470e+00 2.341028049450833759e+00 2.124855732345555914e+00 2.232494116888493529e+00 1.430638530911069850e+00
1.247439692313314419e+00 2.291219833688042051e+00 2.120854992829020347e+00 2.221233424165550918e+00 1.442614244882375996e+00
1.243008856297356912e+00 2.248812112107490435e+00 2.113410640521780959e+00 2.214238052795796996e+00 1.463799574508418022e+00
1.243890396008153321e+00 2.219553805759319598e+00 2.112747114445861829e+00 2.206169336436509809e+00 1.493757501006439004e+00
1.251350429788536278e+00 2.211226383699544940e+00 2.121606976641631892e+00 2.198528088264533942e+00 1.525539871568815098e+00
1.264606047160495628e+00 2.207933982793063965e+00 2.134433853708289419e+00 2.195536339914340385e+00 1.553212888111616730e+00
1.282138872101160842e+00 2.193945231135447038e+00 2.146384098805544483e+00 2.199411087553274413e+00 1.577658168863298460e+00
1.300000000000000044e+00 2.169999999999999929e+00 2.154999999999999805e+00 2.209999999999999964e+00 1.600000000000000089e+00
