8.699999999999999956e-01 2.740000000000000213e+00 1.850000000000000089e+00 2.629999999999999893e+00 1.350000000000000089e+00
8.916262206208762642e-01 2.758818574853656447e+00 1.869758507791606794e+00 2.609092228831775717e+00 1.343522526833400121e+00
9.132524412417524218e-01 2.777637149707312680e+00 1.889517015583213499e+00 2.588184457663551541e+00 1.337045053666800154e+00
9.377981094449436839e-01 2.775359518236693024e+00 1.903198870703355139e+00 2.565564564312509344e+00 1.318753048115610227e+00
9.491750298683292453e-01 2.759544861742184274e+00 1.905579933184169183e+00 2.556526616655702355e+00 1.283213423802114894e+00
9.584063712390108458e-01 2.807866804684042705e+00 1.907520350592704750e+00 2.547264973520433795e+00 1.261202004481918548e+00
9.820208265052193797e-01 2.814643418676087805e+00 1.924722510609295778e+00 2.526615604143827909e+00 1.246983329618940983e+00
1.005784621745389407e+00 2.801540854135855074e+00 1.942134254803664639e+00 2.501546517453694829e+00 1.240191371841016688e+00
1.029444258985045879e+00 2.787325120609112972e+00 1.958092713118875006e+00 2.474249779023487417e+00 1.233300956017383099e+00
1.053501234307009371e+00 2.757864790790502507e+00 1.969338030599658618e+00 2.447565582296002962e+00 1.228004491266788234e+00
1.068253811088780258e+00 2.706982957472733986e+00 1.981409050454278509e+00 2.434848434674472095e+00 1.233936255924078740e+00
1.069440761634078418e+00 2.727550704695582695e+00 2.008838857571557224e+00 2.434090507821387028e+00 1.235158137722185412e+00
1.077819248320118772e+00 2.683140734898850077e+00 2.004537124556728944e+00 2.419558130172015709e+00 1.212449498111429991e+00
1.085496410074275220e+00 2.628244729602390084e+00 2.004864310519193449e+00 2.397837758972551470e+00 1.202761181974091542e+00
1.093432510765584897e+00 2.583355268965142226e+00 2.018251433507848969e+00 2.372802196640226846e+00 1.195992410755400526e+00
1.119398084536104010e+00 2.555546878308186720e+00 2.032299505989011212e+00 2.351884831767276474e+00 1.192179083659418826e+00
1.152869216105356198e+00 2.539598928970608238e+00 2.043699948467491367e+00 2.334543316142836833e+00 1.197198099979788211e+00
1.185230969211396923e+00 2.522747515223044079e+00 2.055428642519316895e+00 2.315029887284696386e+00 1.201131769419885087e+00
1.217727511388650541e+00 2.504043755546168093e+00 2.066651658260524993e+00 2.295887554884298520e+00 1.204673305437054198e+00
1.249528186963560383e+00 2.476411744555102601e+00 2.076249317757242530e+00 2.279812663427042807e+00 1.210212406948786734e+00
1.269545976716918601e+00 2.441821670811511247e+00 2.087530088326694067e+00 2.273740487418348888e+00 1.231359651925977960e+00
1.269335766458140835e+00 2.439503088862744029e+00 2.107781213200122572e+00 2.275132710442559603e+00 1.260646388256055905e+00
1.266423310880191444e+00 2.439429951594565438e+00 2.128120716130104562e+00 2.273064100683724664e+00 1.287553842945352578e+00
1.266593167702128708e+00 2.410755137961780203e+00 2.131300632919049587e+00 2.266717991068375238e+00 1.322120639248773211e+00
1.268630727851498108e+00 2.377475676755946399e+00 2.123981576810472394e+00 2.256928346470038260e+00 1.354069229596295720e+00
1.268636320028880382e+00 2.347708506483814794e+00 2.118479533269421289e+00 2.242412121305339401e+00 1.386699194174836780e+00
1.265203012504084956e+00 2.324182345717325848e+00 2.117231490594290833e+00 2.222047661382309691e+00 1.419731092056129018e+00
1.258509528194681870e+00 2.308330809835273278e+00 2.120489487378600213e+00 2.196772257600642320e+00 1.451552887071214881e+00
1.252486234847150826e+00 2.296456507091580779e+00 2.127847044667146470e+00 2.171634368165830775e+00 1.482927354185076263e+00
1.253427180580026556e+00 2.283318155869068278e+00 2.138034193029689334e+00 2.154921847302084359e+00 1.516940484607130379e+00
1.259459741544781464e+00 2.275651173684209105e+00 2.147026526834769022e+00 2.147944863561949358e+00 1.553766218009041689e+00
1.267259665041811534e+00 2.233835021630088402e+00 2.145319921758831683e+00 2.144367515403891034e+00 1.582190361622445529e+00
1.285501716901966685e+00 2.202257411186758773e+00 2.157657301707532671e+00 2.172473643008945743e+00 1.592329248163937727e+00
1.300000000000000044e+00 2.169999999999999929e+00 2.154999999999999805e+00 2.209999999999999964e+00 1.600000000000000089e+00
