8.699999999999999956e-01 2.740000000000000213e+00 1.850000000000000089e+00 2.629999999999999893e+00 1.350000000000000089e+00
8.846334920194668383e-01 2.753309929042676796e+00 1.859397362789945607e+00 2.616138270268271171e+00 1.324727486495341333e+00
9.011011188328109656e-01 2.761500932646060669e+00 1.867678599787905513e+00 2.603196167344297596e+00 1.298548238307400737e+00
9.252673066261456469e-01 2.770462311970750768e+00 1.882332497104049818e+00 2.597643595676284001e+00 1.286807444623061514e+00
9.453626282715335005e-01 2.780372039051116406e+00 1.897136754877046361e+00 2.587407821875155722e+00 1.301377190858691080e+00
9.644556217186409652e-01 2.781652618218334538e+00 1.905495787221718196e+00 2.572653507365283421e+00 1.324619428090920259e+00
9.817985256062767840e-01 2.807146071027674772e+00 1.914882681128240893e+00 2.565995191949595355e+00 1.313065118180350543e+00
9.898396189707845405e-01 2.817981287846973881e+00 1.903669764333070447e+00 2.554977369804813936e+00 1.285700804717035961e+00
1.008754497496248792e+00 2.810390164668959301e+00 1.910285129503734414e+00 2.541013643143117395e+00 1.261280398576392736e+00
1.026454327049745485e+00 2.797538626718271360e+00 1.925259565288914843e+00 2.527033765560557477e+00 1.244990917362833294e+00
1.043212514761642007e+00 2.782271879896549116e+00 1.940761282300016211e+00 2.511685867500219160e+00 1.230800792508658370e+00
1.057271285984902276e+00 2.766141889808058529e+00 1.956878964724031666e+00 2.492872131106435685e+00 1.219419473874771231e+00
1.065048525620098552e+00 2.747002766744675917e+00 1.972642856072542861e+00 2.469099101391264650e+00 1.212544569464438116e+00
1.064906023268980206e+00 2.719081087483321557e+00 1.984809343659215797e+00 2.443349485678279809e+00 1.208123829469903265e+00
1.059120255007180988e+00 2.684287312996219033e+00 1.990889016863015337e+00 2.418367471765355159e+00 1.202035326145503458e+00
1.062874215718417448e+00 2.654167894125172289e+00 2.000337165000354744e+00 2.392816468820281095e+00 1.194802840134978394e+00
1.081111177607820606e+00 2.643759785597734613e+00 2.017531026052164389e+00 2.377788214770956365e+00 1.194785065440421512e+00
1.100843801968931501e+00 2.637303072561457018e+00 2.033750884697866912e+00 2.361824295850223354e+00 1.185983312668346779e+00
1.123090604152173544e+00 2.629119413345926137e+00 2.049010730598462615e+00 2.351697545234923581e+00 1.194283082434477006e+00
1.142118619596160345e+00 2.611180465507058734e+00 2.059213824656441538e+00 2.348108567497860122e+00 1.216706902698863724e+00
1.162051222432838760e+00 2.582698350211415139e+00 2.063142152087003467e+00 2.341079312287478231e+00 1.236461701107647970e+00
1.182897293699488372e+00 2.550096880222075590e+00 2.061629349195297500e+00 2.329329181224031320e+00 1.250089168494760816e+00
1.204513868705474167e+00 2.517097828526322800e+00 2.059244185501645230e+00 2.316560954346640333e+00 1.261356648583450868e+00
1.226681309333524483e+00 2.486892336860097252e+00 2.065180776296871468e+00 2.308788733582411101e+00 1.273675543752643247e+00
1.242518395921498042e+00 2.466460137871754998e+00 2.083303525892124863e+00 2.309639843057265107e+00 1.283616275099163540e+00
1.252276269762436556e+00 2.450034381167305320e+00 2.103634435248072254e+00 2.307491562426688070e+00 1.299087194634422238e+00
1.260608489412958333e+00 2.444903488452609519e+00 2.115687220879509667e+00 2.290031685576624731e+00 1.322335381073380445e+00
1.267011440177902903e+00 2.436869504724225255e+00 2.125581728616435129e+00 2.270340349835971772e+00 1.348123417558898085e+00
1.270033088422886314e+00 2.407871703832839216e+00 2.126988350231458380e+00 2.263374272158216627e+00 1.374867148829143737e+00
1.271936550010557276e+00 2.366006624934504643e+00 2.118574194141139788e+00 2.259817779583567887e+00 1.391929672535566098e+00
1.274335294457955792e+00 2.343644715885539132e+00 2.124760354141497221e+00 2.253811791544747756e+00 1.423138079243783993e+00
1.276178898172473986e+00 2.327599850423665462e+00 2.133346471545686018e+00 2.249853715083649064e+00 1.455257545218224369e+00
1.276672442908173721e+00 2.297010937461495761e+00 2.132048682844302601e+00 2.245489806615806216e+00 1.483922065053521200e+00
1.275296914846685503e+00 2.263281851945915690e+00 2.116153896591955963e+00 2.239386548878480543e+00 1.499990647198948590e+00
1.270002965465088174e+00 2.240017374806772654e+00 2.095336027897221953e+00 2.229413962828342033e+00 1.509268383589828844e+00
1.255037299890463753e+00 2.216110889411828211e+00 2.083016282966056121e+00 2.210635634043522035e+00 1.519699908541847000e+00
1.238398912902899385e+00 2.195709481661434648e+00 2.090389686934156721e+00 2.189687859098488065e+00 1.532625089330659440e+00
1.234614305298754156e+00 2.189368074908188522e+00 2.113436877156159355e+00 2.181131596516822757e+00 1.544418281237758039e+00
1.243272467710934803e+00 2.193361759102051778e+00 2.137801242467389784e+00 2.184260917260886004e+00 1.552071952743993677e+00
1.261226529331433088e+00 2.198450323505654946e+00 2.158294124229572120e+00 2.191604377354859245e+00 1.558302902793764488e+00
1.288847688200667418e+00 2.191563598539387314e+00 2.164372637936241794e+00 2.201871596300830625e+00 1.572908388072668640e+00
1.300000000000000044e+00 2.169999999999999929e+00 2.154999999999999805e+00 2.209999999999999964e+00 1.600000000000000089e+00
