8.699999999999999956e-01 2.740000000000000213e+00 1.850000000000000089e+00 2.629999999999999893e+00 1.350000000000000089e+00
9.003540659808456637e-01 2.735023640623408969e+00 1.850027750050237341e+00 2.614696853913621499e+00 1.366535629199955304e+00
9.302724678376178558e-01 2.732026125352085444e+00 1.861130881320955055e+00 2.597781733783756764e+00 1.372464727192650447e+00
9.525088487578857732e-01 2.758711291953883205e+00 1.875584493106548623e+00 2.590343173350964534e+00 1.358563720679148101e+00
9.633161056058408001e-01 2.792211081258205496e+00 1.894673431830324217e+00 2.596647463364650577e+00 1.344048758924607956e+00
9.678566089444318177e-01 2.819723928283787817e+00 1.912185048665143050e+00 2.604444928950701676e+00 1.321614798418970338e+00
9.655479325634789278e-01 2.841156090102246345e+00 1.924740935135932807e+00 2.612576422332733461e+00 1.292387027528500321e+00
9.501168885339520420e-01 2.826706206307490366e+00 1.916322434082582848e+00 2.604767483138924256e+00 1.271930734831335119e+00
9.518823370191867861e-01 2.823723049720712197e+00 1.896262934553254453e+00 2.586120430762994804e+00 1.285743747031010686e+00
9.620554349719593334e-01 2.834579292932192907e+00 1.893242393023041981e+00 2.583195176110403057e+00 1.314923207346429201e+00
9.752790029344023948e-01 2.847870982123520189e+00 1.910172913623537028e+00 2.559272221760823474e+00 1.315496501394611606e+00
9.915649090680423994e-01 2.826974976967391306e+00 1.929894219688994328e+00 2.542370705684739107e+00 1.318867141243496244e+00
1.006090095977656862e+00 2.799772510336273612e+00 1.946275960732362753e+00 2.522596870798914370e+00 1.308946182308290629e+00
1.016934457402775882e+00 2.775512808293120415e+00 1.959104906932152890e+00 2.499962948362939308e+00 1.290168851378963755e+00
1.027274233250100588e+00 2.752423756297976087e+00 1.970944104473912439e+00 2.476924146155703887e+00 1.269981094654413667e+00
1.038704351592414588e+00 2.729322313786329168e+00 1.981915833924026593e+00 2.453210132629845219e+00 1.250205028934193274e+00
1.051890215049895216e+00 2.704071010586177159e+00 1.989897069212681169e+00 2.427510613471144829e+00 1.232094643889669827e+00
1.066344958044585622e+00 2.672358291985682754e+00 1.991114966524364149e+00 2.400111769409855267e+00 1.217327529223768634e+00
1.079893627322220606e+00 2.633503124073723889e+00 1.985067600075009597e+00 2.374874270968186263e+00 1.205913511279242956e+00
1.091327328375796046e+00 2.586527789797353982e+00 1.978666442642490697e+00 2.352471889066672706e+00 1.198953991572907496e+00
1.098018338528778504e+00 2.535028443516595509e+00 1.986429180205013134e+00 2.335150957629066326e+00 1.210864433095919956e+00
1.108034477665005957e+00 2.505551321911035689e+00 2.004823857640713580e+00 2.329633310829641868e+00 1.229911291228916070e+00
1.141125740264042010e+00 2.512022522871956376e+00 2.017712561261046034e+00 2.327224943593468431e+00 1.231674876281084519e+00
1.177635342556384135e+00 2.513353589851604397e+00 2.024073364705239797e+00 2.328252435816639210e+00 1.228645305629560980e+00
1.210486851418723919e+00 2.495605362302429242e+00 2.033480916607949052e+00 2.333432519454576859e+00 1.235342201811655771e+00
1.234187020534658785e+00 2.476186783133315750e+00 2.048134119944067244e+00 2.334051319321625240e+00 1.252976879462385895e+00
1.243323786263563768e+00 2.464593024617972805e+00 2.065532081372562168e+00 2.326678616473361494e+00 1.278160410568697891e+00
1.250803673874132382e+00 2.453989336045543812e+00 2.081487666153138960e+00 2.316396307038016911e+00 1.305142643116704804e+00
1.254763760990218913e+00 2.434034383193053763e+00 2.097171114980465045e+00 2.292846107922104970e+00 1.322265226629681267e+00
1.253865896404077418e+00 2.403962319342881848e+00 2.092034439250657130e+00 2.282172656297523972e+00 1.351826053877060119e+00
1.255022664205119876e+00 2.392591740039210713e+00 2.101923505479692089e+00 2.278250128152910392e+00 1.385027504257201558e+00
1.251409591522265163e+00 2.376470694323638444e+00 2.110266391683815801e+00 2.271027175337978932e+00 1.417939623311181396e+00
1.245835349728621644e+00 2.354179733200780333e+00 2.117427972038949946e+00 2.254145772389664515e+00 1.446743064451636807e+00
1.241214889820618339e+00 2.330216518352864696e+00 2.126995493504135748e+00 2.231119596508220226e+00 1.470208070911659837e+00
1.239162319969114634e+00 2.307469532141704693e+00 2.142125418201008102e+00 2.207735806345334950e+00 1.488309371268113912e+00
1.229174051917817811e+00 2.259564859547260607e+00 2.136372834646961927e+00 2.200021795033333838e+00 1.495328913420631567e+00
1.228593974912175257e+00 2.208047776950659014e+00 2.130378727647160186e+00 2.187566635523805036e+00 1.512493519465039959e+00
1.229547592302348447e+00 2.177222032479552372e+00 2.109211290666741068e+00 2.189376459893142890e+00 1.525967542280587619e+00
1.246293920881953010e+00 2.161259815235643700e+00 2.099061134689987451e+00 2.207350959500547827e+00 1.540722877373751576e+00
1.265601984378605271e+00 2.168537378943855565e+00 2.120559440844818955e+00 2.210001303682551654e+00 1.553466078357278235e+00
1.283059240727864481e+00 2.170909283308489535e+00 2.139161708374161197e+00 2.209933006680071976e+00 1.574764208654289899e+00
1.300000000000000044e+00 2.169999999999999929e+00 2.154999999999999805e+00 2.209999999999999964e+00 1.600000000000000089e+00
