8.699999999999999956e-01 2.740000000000000213e+00 1.850000000000000089e+00 2.629999999999999893e+00 1.350000000000000089e+00
8.994691506039875772e-01 2.756483994547278993e+00 1.865782522104342256e+00 2.608256252983144563e+00 1.348814765234188195e+00
9.295851730768950327e-01 2.786291131257083276e+00 1.879495798249074978e+00 2.592610626368974103e+00 1.346677470615910588e+00
9.410757799203113283e-01 2.751343225711100793e+00 1.895120359246676767e+00 2.578300581675371905e+00 1.332546714031171753e+00
9.494352893933818427e-01 2.788443797466533702e+00 1.910456032026176976e+00 2.549924265520881583e+00 1.339997947354493846e+00
9.723359443906260946e-01 2.803473713593021444e+00 1.917822231334992411e+00 2.520016498424633600e+00 1.359140287796626101e+00
1.001288407612325404e+00 2.791982655656927381e+00 1.919730648007934581e+00 2.495619703325809180e+00 1.380227098717118572e+00
1.033385714786625442e+00 2.773517534185223177e+00 1.928731343452049884e+00 2.482693524680211539e+00 1.392695058030630983e+00
1.041309176569028772e+00 2.768156763114405727e+00 1.946683313782477276e+00 2.499349331023173360e+00 1.377443684990772077e+00
1.045762400447317830e+00 2.727152150257396990e+00 1.930167546058956685e+00 2.484687010530085782e+00 1.396419849125797974e+00
1.035103775818533967e+00 2.700532006567110788e+00 1.915949482353985323e+00 2.471351829559438773e+00 1.408098726613029372e+00
1.029922752218870752e+00 2.702393595778485924e+00 1.925642232438121049e+00 2.467829134524996082e+00 1.370682707725070282e+00
1.031329660045149366e+00 2.700389626704224888e+00 1.918909967783368531e+00 2.454045061597794231e+00 1.332010090722445694e+00
1.034160959147950809e+00 2.695383894236121680e+00 1.908817908410979536e+00 2.437023821336402829e+00 1.295917186016471323e+00
1.038438163413255566e+00 2.685315254941924579e+00 1.905992862243473196e+00 2.416751414274086684e+00 1.260547616802068172e+00
1.044954532556457316e+00 2.665779379299139329e+00 1.923670173939896033e+00 2.395240554449144632e+00 1.238367283684031817e+00
1.051329040627790867e+00 2.645851850885055256e+00 1.951098521463945579e+00 2.381734603989646981e+00 1.235352727861854127e+00
1.059789420453903563e+00 2.621378134161077789e+00 1.977400443395397334e+00 2.370644213248920273e+00 1.232057754640488056e+00
1.071487475836097936e+00 2.581627299999575076e+00 1.995740741134965468e+00 2.356914495264836429e+00 1.217507114590148376e+00
1.090434764136958723e+00 2.543029752524864850e+00 2.007322818799087027e+00 2.345710122811754506e+00 1.202463362246335432e+00
1.131094831290805791e+00 2.533314876288657924e+00 2.009583041778798762e+00 2.347528780769428725e+00 1.200962214599611944e+00
1.168267687465426974e+00 2.523056970180210357e+00 2.000580721600624834e+00 2.338425957918810916e+00 1.213707031706617645e+00
1.201078580877194213e+00 2.500079570316914079e+00 1.994728904404574843e+00 2.320961561706859744e+00 1.227467720580160737e+00
1.226803494063887001e+00 2.475120159844095724e+00 2.001796543299629416e+00 2.309839934617846868e+00 1.246011912961351387e+00
1.230896268912690106e+00 2.471459710324521719e+00 2.021325909394573461e+00 2.311451606131668335e+00 1.277718740980184675e+00
1.234723093293572660e+00 2.467238774567198867e+00 2.040829010224895157e+00 2.312239910104247897e+00 1.308918352315687761e+00
1.244804711413539655e+00 2.452900581792977874e+00 2.058639311483738688e+00 2.304067279654218758e+00 1.338408106912723605e+00
1.242293390322915858e+00 2.448946496669783812e+00 2.070790494616480348e+00 2.292082752880644225e+00 1.374883728162978880e+00
1.241845125615874235e+00 2.444897713407464757e+00 2.080429518255352050e+00 2.287428055393919024e+00 1.413325361390506574e+00
1.249357898907603737e+00 2.416473905753668383e+00 2.098005198572784558e+00 2.273700406933816254e+00 1.436679641648601624e+00
1.248946666971307184e+00 2.374725357104461310e+00 2.093704026358044423e+00 2.237714217534123140e+00 1.433964077793250524e+00
1.238295089296695295e+00 2.362409818042753518e+00 2.076308907684997429e+00 2.204032633576802791e+00 1.445671274475462509e+00
1.234083319162172288e+00 2.361235307060650435e+00 2.055659079403582723e+00 2.214022963422257462e+00 1.474888091944776658e+00
1.245221145444561861e+00 2.346621653932197127e+00 2.032991750407944220e+00 2.239437924085850629e+00 1.483230966763366077e+00
1.239589781861459628e+00 2.316163211459052906e+00 2.043663733750848976e+00 2.221299203722843618e+00 1.458517073991087099e+00
1.241700278477071873e+00 2.294602263398911823e+00 2.049309654330119468e+00 2.197911000108043300e+00 1.488604608908601801e+00
1.244896013701689785e+00 2.266680567394217860e+00 2.067754637415155639e+00 2.180493809875558409e+00 1.512277871654256423e+00
1.238191871257537047e+00 2.224022637883727782e+00 2.088643351312061913e+00 2.167931302411871819e+00 1.517210384893268316e+00
1.259019271456843114e+00 2.204964108533694844e+00 2.112059229231752155e+00 2.163079083016210102e+00 1.513416472904101084e+00
1.271548315992548250e+00 2.185719540934221605e+00 2.127259787103859434e+00 2.170184601153567261e+00 1.544377997564756910e+00
1.280146110291895400e+00 2.187030456507998544e+00 2.143875053576167033e+00 2.187622798406856361e+00 1.574572774202117831e+00
1.300000000000000044e+00 2.169999999999999929e+00 2.154999999999999805e+00 2.209999999999999964e+00 1.600000000000000089e+00
