8.699999999999999956e-01 2.740000000000000213e+00 1.850000000000000089e+00 2.629999999999999893e+00 1.350000000000000089e+00
8.971460748843208544e-01 2.763183082197286033e+00 1.875532519514802487e+00 2.606655866505685815e+00 1.377756278323003514e+00
9.336415165780657111e-01 2.823179975005219333e+00 1.885106333991444005e+00 2.593859506919330649e+00 1.390590581582844987e+00
9.497323423740953174e-01 2.874950172353560429e+00 1.878763728839516256e+00 2.576082583659764946e+00 1.357653904989240656e+00
9.594676982273225851e-01 2.816390124887385049e+00 1.897228209109682151e+00 2.565733979563557643e+00 1.328917298269299829e+00
9.652086908458095138e-01 2.778174454877818000e+00 1.926260232163202080e+00 2.572101717862919745e+00 1.295566194919850034e+00
9.827664329075879168e-01 2.768738688916703161e+00 1.940758005626496585e+00 2.539144083330469481e+00 1.259023243314561391e+00
1.009831097912093689e+00 2.742711446536689746e+00 1.952386491771748833e+00 2.495932079189103092e+00 1.237814570596779573e+00
1.033261891894928342e+00 2.691105772503041393e+00 1.955074184095812351e+00 2.457159526019816020e+00 1.219813725090799883e+00
1.052016678830605345e+00 2.621731305772491361e+00 1.965603649161425492e+00 2.426105378129744583e+00 1.217642054231772741e+00
1.088597073350087152e+00 2.587752785351408846e+00 1.992681486543835812e+00 2.405655950922445108e+00 1.215662965762030145e+00
1.141069328033198715e+00 2.587505537751929374e+00 2.006651155559374011e+00 2.390746066645899948e+00 1.209217845946379821e+00
1.194493189424356006e+00 2.590190223203005626e+00 2.020811570928285228e+00 2.374511069204707781e+00 1.208839827348769713e+00
1.230219296248899585e+00 2.554296566176837757e+00 2.041246044239355406e+00 2.347282275381159078e+00 1.220985845214066057e+00
1.246054723460956026e+00 2.494355050423615161e+00 2.059581386302447026e+00 2.324029124907588617e+00 1.243268737393844470e+00
1.264084147063939900e+00 2.443090171797658972e+00 2.077456256375575183e+00 2.312219629728353265e+00 1.274902991144118314e+00
1.286192600552893417e+00 2.406837574833788018e+00 2.091995287500796330e+00 2.308205726794921642e+00 1.313180249501521013e+00
1.308377041559249943e+00 2.371665134246767614e+00 2.095920651155299463e+00 2.304614519861173605e+00 1.354257479648795393e+00
1.329055851753958351e+00 2.347521670046978315e+00 2.109117310305281823e+00 2.292163518724755100e+00 1.395127949936584955e+00
1.318784102709707584e+00 2.357743811725973693e+00 2.145919587309731646e+00 2.263806979595304192e+00 1.412650145534068535e+00
1.295869726498396712e+00 2.346556589460960129e+00 2.167131106761909454e+00 2.226016926105272020e+00 1.438281918160101647e+00
1.276003518821159588e+00 2.319573529187229255e+00 2.181444745519487416e+00 2.189101696187916613e+00 1.468598403197015401e+00
1.265864753831816181e+00 2.273189511275090613e+00 2.203213836902297551e+00 2.154936780354467896e+00 1.491129474557186807e+00
1.235222501785533389e+00 2.241735864913128484e+00 2.225412750067297551e+00 2.143425865690487875e+00 1.508032275785799570e+00
1.245786331608818465e+00 2.238694215262717613e+00 2.197639545737960276e+00 2.173192193142901463e+00 1.539979689198666124e+00
1.272893165804409366e+00 2.204347107631358771e+00 2.176319772868979818e+00 2.191596096571450936e+00 1.569989844599333217e+00
1.300000000000000044e+00 2.169999999999999929e+00 2.154999999999999805e+00 2.209999999999999964e+00 1.600000000000000089e+00
