8.699999999999999956e-01 2.740000000000000213e+00 1.850000000000000089e+00 2.629999999999999893e+00 1.350000000000000089e+00
8.971860425819504492e-01 2.758039638000611582e+00 1.880776000118433489e+00 2.621987160550324436e+00 1.358527222582152305e+00
9.244490854901601384e-01 2.776253137485498179e+00 1.911475095230377841e+00 2.613985468288900993e+00 1.367166375544995427e+00
9.566594553622833619e-01 2.820766640829406757e+00 1.927349951594648392e+00 2.607089568018881476e+00 1.382306644797615114e+00
9.590870638019967087e-01 2.811325422722932732e+00 1.952501436684255687e+00 2.595877476894346003e+00 1.350457266737222328e+00
9.670211283997218743e-01 2.781133270428544080e+00 1.957414005804406942e+00 2.580605848537633307e+00 1.308381577540942420e+00
9.710758103883383452e-01 2.750533441095283305e+00 1.942239512479612795e+00 2.558669749173688057e+00 1.272832548610387082e+00
9.778331623434645126e-01 2.793898513559102792e+00 1.952363354732279399e+00 2.536706973317349068e+00 1.252944258516275555e+00
9.899868708899066672e-01 2.814996618875845957e+00 1.977352325387846665e+00 2.516765110515188475e+00 1.229335663838901693e+00
1.013279482533724130e+00 2.791646465815440070e+00 1.990960173027469970e+00 2.481854130506282896e+00 1.210398923003142890e+00
1.034911527494541961e+00 2.744317871939314202e+00 1.986955845344834382e+00 2.453965342469119015e+00 1.189706303382969343e+00
1.053267335928806725e+00 2.687738692522934958e+00 1.996441082534909484e+00 2.429418226153139848e+00 1.176643414360407647e+00
1.071614982438279462e+00 2.626339498524285165e+00 2.005943706590358921e+00 2.412026624897694038e+00 1.171879378953941231e+00
1.093422779986504834e+00 2.596447925987105609e+00 2.029162410674843819e+00 2.389995026485681073e+00 1.191817375921045308e+00
1.122631244846608922e+00 2.579879412081878431e+00 2.049495034163037133e+00 2.360319691551758581e+00 1.205802560148969027e+00
1.163572723227877415e+00 2.563725934422306896e+00 2.058817048862061405e+00 2.328551074097803930e+00 1.208134522694664925e+00
1.207268047825340807e+00 2.549744994213596350e+00 2.068755589343948209e+00 2.300987127442567282e+00 1.211256909683257055e+00
1.247080650568097582e+00 2.523572345054751587e+00 2.082131270179250926e+00 2.280423602269304073e+00 1.224022123173235110e+00
1.261212611578274245e+00 2.469460198815317753e+00 2.096974388463872518e+00 2.269674550137901647e+00 1.248457214327614251e+00
1.277869680704909916e+00 2.423490179222458796e+00 2.104944330491736793e+00 2.266975982133724976e+00 1.284090819636194425e+00
1.301890980846284185e+00 2.403191948721002724e+00 2.101619941341820841e+00 2.279831536082417287e+00 1.325688605733543968e+00
1.325146998978139701e+00 2.388960550690799600e+00 2.103089826295012621e+00 2.295771119641959235e+00 1.368182702374352244e+00
1.340402758380151438e+00 2.379321869536001888e+00 2.126873554087171936e+00 2.307924369202187798e+00 1.401699544399185982e+00
1.337199487140617205e+00 2.336528444882388644e+00 2.116774314889206199e+00 2.286234034215445909e+00 1.426687609030954151e+00
1.318325740829914494e+00 2.324324270152963834e+00 2.126757040401877852e+00 2.263251546096168632e+00 1.466164718774720432e+00
1.296783365405687061e+00 2.338297488333463736e+00 2.150979274092548188e+00 2.233294976417631972e+00 1.483940207187968152e+00
1.279081403183635279e+00 2.334277021319754120e+00 2.171138425517125548e+00 2.193285595498725815e+00 1.490999563339594935e+00
1.268234089046130331e+00 2.287851293063797975e+00 2.150293098644481926e+00 2.163892514301785308e+00 1.492368700566722994e+00
1.267369418158518002e+00 2.233648723348310217e+00 2.144708640936253463e+00 2.168011388725942457e+00 1.525043545817082347e+00
1.285811666834677514e+00 2.209011722650426890e+00 2.154322633940913168e+00 2.192570461612725730e+00 1.561658642604687453e+00
1.300000000000000044e+00 2.169999999999999929e+00 2.154999999999999805e+00 2.209999999999999964e+00 1.600000000000000089e+00
