8.699999999999999956e-01 2.740000000000000213e+00 1.850000000000000089e+00 2.629999999999999893e+00 1.350000000000000089e+00
8.930421206685217328e-01 2.761037812017815618e+00 1.859007100028702286e+00 2.621412676235234773e+00 1.327755584478409023e+00
9.163973793406007262e-01 2.770427943270235005e+00 1.873122975971953874e+00 2.607547377836527236e+00 1.311718024190910992e+00
9.403767456729175134e-01 2.791030267062843517e+00 1.886962472163023152e+00 2.592736001085656827e+00 1.303522626607772628e+00
9.624568181771708808e-01 2.806739118761859775e+00 1.901592821475501127e+00 2.573096122207093828e+00 1.304683762061573660e+00
9.811811941037492657e-01 2.801439431064462582e+00 1.916113022662135235e+00 2.548806739873874516e+00 1.303028734789984711e+00
9.964281127458636256e-01 2.779602209424796744e+00 1.928033239445809510e+00 2.525604341599871017e+00 1.291278408727725591e+00
1.010101182255505048e+00 2.752966971581553235e+00 1.937973782042301973e+00 2.504632958227319239e+00 1.273631955568299334e+00
1.022552447237036644e+00 2.726456569230952365e+00 1.947462329429240135e+00 2.483943906458685458e+00 1.254002297211840533e+00
1.032933997394166914e+00 2.703593165524925901e+00 1.958091636164957183e+00 2.463278985919560515e+00 1.232405729966841834e+00
1.045725753123730062e+00 2.702181289477656456e+00 1.971548374336702381e+00 2.452827363929401816e+00 1.205067434373377599e+00
1.062823634850580179e+00 2.690807166680209139e+00 1.980730921039039361e+00 2.431300432325026684e+00 1.186941412695975417e+00
1.079573476773096896e+00 2.674353394044205245e+00 1.992443284883512078e+00 2.409577547191579239e+00 1.170218742295522585e+00
1.093689691529400543e+00 2.662288527085920009e+00 2.011330602719781702e+00 2.390235872335321421e+00 1.160687705614560361e+00
1.102215361169598173e+00 2.651634990951706516e+00 2.034436078379548096e+00 2.373986192750540791e+00 1.164804934528433922e+00
1.105569070269258214e+00 2.635895823593343401e+00 2.055768731906822744e+00 2.361434448941394315e+00 1.182308246704536492e+00
1.106251170886374702e+00 2.611006286672478804e+00 2.066923387033794413e+00 2.354096655786459547e+00 1.212047823224736032e+00
1.104554476072424185e+00 2.585039723616084917e+00 2.063107658938237776e+00 2.350947287654804985e+00 1.245657375222142260e+00
1.099178444961118606e+00 2.570521180972054509e+00 2.043355198696404251e+00 2.345151763055000504e+00 1.268077368887105205e+00
1.104449730497429671e+00 2.579310728142080400e+00 2.028256826544897695e+00 2.334125550922006909e+00 1.244795968138599163e+00
1.125968018782075086e+00 2.580259797458355209e+00 2.032674727105795220e+00 2.326445763359306085e+00 1.215863170619012390e+00
1.155136951937958401e+00 2.565212254622137422e+00 2.044117286439789627e+00 2.321708779550824886e+00 1.202803734215017739e+00
1.184662069998505762e+00 2.542439046592430696e+00 2.056683927483971441e+00 2.318802150348847846e+00 1.202865303835639166e+00
1.212145404402512616e+00 2.516670918772182297e+00 2.068094999148924362e+00 2.316715013082604191e+00 1.213978816051787257e+00
1.233250663214356724e+00 2.490526531915213670e+00 2.076445146525963903e+00 2.316113040740806372e+00 1.238044042498841479e+00
1.249507976987097813e+00 2.462103412534366598e+00 2.095435508462143659e+00 2.316914801035167670e+00 1.249802376341568211e+00
1.264027113300131955e+00 2.459172959109539480e+00 2.119754823270699085e+00 2.308390290100231113e+00 1.254394858772640786e+00
1.276074864907571715e+00 2.478920499755913553e+00 2.141690959474798372e+00 2.312952796412384160e+00 1.257069273797435827e+00
1.283978063218581545e+00 2.491314195869566372e+00 2.128481430863297330e+00 2.330615847036176191e+00 1.272128602256815899e+00
1.292353970211372438e+00 2.475489092153601689e+00 2.129260109501432741e+00 2.327692464823938767e+00 1.307830401510775120e+00
1.292039276980779139e+00 2.455908269199708727e+00 2.126782013318571529e+00 2.314767080072125616e+00 1.341203347886805730e+00
1.285384596770239085e+00 2.435384670768431459e+00 2.124156297584551378e+00 2.293122812273550970e+00 1.365840690915562261e+00
1.277524883735187355e+00 2.392480897813041629e+00 2.119243595007340275e+00 2.273154495492172078e+00 1.375088486464246751e+00
1.269724310300783587e+00 2.363237750630879930e+00 2.112300588181916794e+00 2.260597446504579278e+00 1.403460036490407514e+00
1.262808174592026988e+00 2.341097833953521334e+00 2.109531853849408112e+00 2.249326494191834058e+00 1.436342200424902682e+00
1.258368489462124540e+00 2.314230011486026140e+00 2.114045799589899133e+00 2.235050263957424121e+00 1.466388439422414480e+00
1.262472136946622747e+00 2.281719270844582148e+00 2.119585004325137856e+00 2.217776531423492070e+00 1.489805276249259292e+00
1.259244653013368076e+00 2.248686576943367488e+00 2.107432852686675684e+00 2.215505489114826254e+00 1.517109383121369337e+00
1.259340895054931408e+00 2.203763329609921051e+00 2.099514181247471800e+00 2.210305313141621486e+00 1.538673494573700617e+00
1.271592290076727583e+00 2.172119646253892977e+00 2.111553855067333618e+00 2.208241204698892624e+00 1.562859217489589003e+00
1.284512428466636491e+00 2.176878389439134143e+00 2.134939160417907100e+00 2.209544472511058011e+00 1.578841194437586859e+00
1.300000000000000044e+00 2.169999999999999929e+00 2.154999999999999805e+00 2.209999999999999964e+00 1.600000000000000089e+00
