8.699999999999999956e-01 2.740000000000000213e+00 1.850000000000000089e+00 2.629999999999999893e+00 1.350000000000000089e+00
8.931141056430137448e-01 2.761993702728923861e+00 1.859103388411511570e+00 2.624639872811126651e+00 1.351083086231945174e+00
9.169755397401165853e-01 2.782902156841045027e+00 1.867685313128170543e+00 2.619735444839733418e+00 1.353221169007712277e+00
9.400996032468822428e-01 2.800458946663399118e+00 1.876855779814786240e+00 2.610286088093945800e+00 1.356433271958785047e+00
9.528019175046507083e-01 2.820304801686373430e+00 1.884375160123827442e+00 2.594025043459281754e+00 1.341523570215199301e+00
9.594626871977334215e-01 2.822522574170005072e+00 1.890029344624343022e+00 2.581546560799189649e+00 1.315974637094422528e+00
9.665593678985016091e-01 2.840344993092216885e+00 1.893688753865718333e+00 2.595209455476768401e+00 1.298549972741586345e+00
9.801910708382536308e-01 2.818373259495248639e+00 1.899113622063462792e+00 2.585459843911150912e+00 1.279054777705038726e+00
9.897438486430812921e-01 2.801078690013207417e+00 1.905637942264072349e+00 2.568946331915419545e+00 1.259969899473922350e+00
9.994156086141161577e-01 2.785130172194354436e+00 1.914852094367403890e+00 2.549337337501026646e+00 1.245755638213771999e+00
1.009089004993866334e+00 2.771393697975900405e+00 1.926475364744870022e+00 2.528803654610850771e+00 1.235483103415112360e+00
1.018665319764682442e+00 2.759349260726766229e+00 1.939465963133164106e+00 2.508256746417849570e+00 1.227451906234707124e+00
1.028270627357797729e+00 2.748094199511947444e+00 1.953077756606580673e+00 2.487990416820693884e+00 1.220225440173913878e+00
1.038246535111106761e+00 2.737200228619379061e+00 1.967195989719025206e+00 2.468579814465277522e+00 1.212877623927186344e+00
1.049207442102668919e+00 2.727027282621186099e+00 1.982293017649833011e+00 2.451523094118628343e+00 1.204717572818144733e+00
1.061598349689067522e+00 2.720051901177197085e+00 1.998328347830843121e+00 2.438874720707727484e+00 1.194132779310454140e+00
1.069852194735662954e+00 2.728623509903537858e+00 2.004612945885313469e+00 2.422144194857210220e+00 1.174743292596911015e+00
1.086581011033883382e+00 2.701046031456779239e+00 2.012607796422170026e+00 2.409460931126916616e+00 1.179299295196015729e+00
1.097798441169319794e+00 2.668218928516520538e+00 2.015525934941150510e+00 2.398652440322803336e+00 1.194035807541657501e+00
1.104462760588475811e+00 2.638879304526366987e+00 2.017645751641388596e+00 2.381663663109911955e+00 1.209661176626388723e+00
1.115001511172525106e+00 2.612863741148847563e+00 2.022902357432982079e+00 2.364515259795918922e+00 1.223375412748159308e+00
1.133637153189056779e+00 2.589044111463530751e+00 2.029546249043253869e+00 2.352351946126688631e+00 1.233648198488944470e+00
1.156949377922512845e+00 2.568295561009598771e+00 2.035609287867915729e+00 2.343183919436203411e+00 1.240097660670979485e+00
1.181316876832428031e+00 2.550210198906129211e+00 2.041660562380596122e+00 2.333063491793168964e+00 1.243945706871543821e+00
1.204699362808286933e+00 2.533214548983261594e+00 2.049059917635384753e+00 2.321043446208458594e+00 1.246291803125214592e+00
1.225712222771765614e+00 2.515156074148145571e+00 2.058731352182452845e+00 2.308275558171417163e+00 1.249092735411382771e+00
1.242947968698568273e+00 2.494694500730439746e+00 2.070418829435402674e+00 2.296454651990688767e+00 1.256441429449665526e+00
1.254549814996360313e+00 2.473262240826252789e+00 2.082514574428298904e+00 2.286819703517490865e+00 1.271642754884444448e+00
1.260141588962317982e+00 2.453533404257160377e+00 2.093859827342560820e+00 2.278698777760391980e+00 1.292375892924900294e+00
1.261959700958106279e+00 2.434965156300358036e+00 2.105102377982416506e+00 2.270198666247960961e+00 1.314204821275906099e+00
1.262592560951104836e+00 2.415156043865214652e+00 2.116306363797684220e+00 2.261048419517095009e+00 1.335450473517612036e+00
1.263480578299388535e+00 2.392822018664810813e+00 2.125898663150842971e+00 2.252426291940076375e+00 1.357271036993155322e+00
1.264476157090918873e+00 2.368911367598990125e+00 2.132257365595593424e+00 2.244683389066040480e+00 1.380801663682357683e+00
1.264646879512536737e+00 2.344874355273734334e+00 2.135551777740607893e+00 2.236684333424445725e+00 1.405359773304509563e+00
1.263711302716052920e+00 2.320580889266831370e+00 2.137568305889238296e+00 2.227461778475770871e+00 1.429657048998739022e+00
1.262706937866067136e+00 2.295554163770074041e+00 2.140476512572324630e+00 2.217250463016559703e+00 1.453097237132243036e+00
1.263802250889642487e+00 2.271446094475312094e+00 2.145989895164559513e+00 2.207241523395119032e+00 1.476119519658126711e+00
1.268982130285386312e+00 2.251835642525646275e+00 2.153825938434587695e+00 2.199850176928274337e+00 1.499948292801293492e+00
1.277386116372091207e+00 2.236939942754515798e+00 2.160223017988880390e+00 2.197359539218344260e+00 1.525795017905658746e+00
1.285536892562999522e+00 2.220241703232587849e+00 2.160815695798368630e+00 2.198991573745610939e+00 1.552766378869719022e+00
1.292864223885341612e+00 2.196638129548159846e+00 2.157186891848464239e+00 2.202264222977137642e+00 1.577305350814889762e+00
1.300000000000000044e+00 2.169999999999999929e+00 2.154999999999999805e+00 2.209999999999999964e+00 1.600000000000000089e+00
