8.699999999999999956e-01 2.740000000000000213e+00 1.850000000000000089e+00 2.629999999999999893e+00 1.350000000000000089e+00
8.905264956824074929e-01 2.749149345476639805e+00 1.860764353250474734e+00 2.608446832222445444e+00 1.353125891241895085e+00
9.175056421866691903e-01 2.751848709803272452e+00 1.869409238184220445e+00 2.593298698629460386e+00 1.354574458823611494e+00
9.389928154095449342e-01 2.750070732551507469e+00 1.870302638529534045e+00 2.572717074394881287e+00 1.340595758249828462e+00
9.459922481631573010e-01 2.759514551576457642e+00 1.887923187616768805e+00 2.566585303280506380e+00 1.358961593621361930e+00
9.513405919737102368e-01 2.776434495987030626e+00 1.905939405197414782e+00 2.563743078811893561e+00 1.379054315652797680e+00
9.640947959360504083e-01 2.793906978018801279e+00 1.919785781360430654e+00 2.542883218538309453e+00 1.387587464769507450e+00
9.787365252795289239e-01 2.789357732043895144e+00 1.924551070908181671e+00 2.513855210565187015e+00 1.382878718461100886e+00
9.924649094242729008e-01 2.769121327339446381e+00 1.926058603841989347e+00 2.487568837051534754e+00 1.374052794527999888e+00
1.007319168671992227e+00 2.742583634110681956e+00 1.929741080225760852e+00 2.465032425334151789e+00 1.365276332162756345e+00
1.024952208448008717e+00 2.716299850186682630e+00 1.938310820640956944e+00 2.448733393290062565e+00 1.354870889290764380e+00
1.041620841560597421e+00 2.694925759509916308e+00 1.947166049668546117e+00 2.438514473414795880e+00 1.335812526576011017e+00
1.052060008967020233e+00 2.683586129586049918e+00 1.950836336790052528e+00 2.432362339216570302e+00 1.307403737733679350e+00
1.056690629279267046e+00 2.680996073880161035e+00 1.951163909361524951e+00 2.426716173999692749e+00 1.275939785959026240e+00
1.059710873377147866e+00 2.675721480810759001e+00 1.952841552277893467e+00 2.414968468376784028e+00 1.246001162258462802e+00
1.064279242770366896e+00 2.657649544370711325e+00 1.956774542139670725e+00 2.395436654166243517e+00 1.223493221954801147e+00
1.071702085731899956e+00 2.630072125332219901e+00 1.961939809587119665e+00 2.374449359943551219e+00 1.207645662528628483e+00
1.083042320396152780e+00 2.600666757079260982e+00 1.971250016303632169e+00 2.355728820838786319e+00 1.196617463219795230e+00
1.100269632857719948e+00 2.580223046433872902e+00 1.987222268088003396e+00 2.343084899900261142e+00 1.194702117100645777e+00
1.123331440324533137e+00 2.572077094413493636e+00 2.003297656847136121e+00 2.336933742046378715e+00 1.200856839660161324e+00
1.150628453376389526e+00 2.567714057763939017e+00 2.014124069743995715e+00 2.332142429032821429e+00 1.210219328675742556e+00
1.178360981080407210e+00 2.559171642537568125e+00 2.020528621309015005e+00 2.326451345541573179e+00 1.222648687395684330e+00
1.201426316149473816e+00 2.543941098670342793e+00 2.026311058772750417e+00 2.321381103703049842e+00 1.240986816793691716e+00
1.215890319977439349e+00 2.525057537283124542e+00 2.033524081368369263e+00 2.317904558864704700e+00 1.265212133265371408e+00
1.222949775362709435e+00 2.505691196862854131e+00 2.041699454698584049e+00 2.313639182567721164e+00 1.292112860799413898e+00
1.226611178753103104e+00 2.486820791658547414e+00 2.051456482223039668e+00 2.305928518252811976e+00 1.318420232492722111e+00
1.230267215809703885e+00 2.470968288763024212e+00 2.066261193443734268e+00 2.296014599460883154e+00 1.340705444869742857e+00
1.235351524113758037e+00 2.457275721749197395e+00 2.086135123235613786e+00 2.289047996651320194e+00 1.357616214948163869e+00
1.239714799904330533e+00 2.435436678142749667e+00 2.099235154547796078e+00 2.284901315764751306e+00 1.379834124147701679e+00
1.239124239861502774e+00 2.409218321865131962e+00 2.091912709355246314e+00 2.278634802102591284e+00 1.404077929982722184e+00
1.238399820460728940e+00 2.379263725837831522e+00 2.083289427045226017e+00 2.266635310978726725e+00 1.425143024412627080e+00
1.239555136281630610e+00 2.346763000288116352e+00 2.080522177824464691e+00 2.250010340269100073e+00 1.444100987938143899e+00
1.243332723374749094e+00 2.316423218827736719e+00 2.087650351099121782e+00 2.232102475542999009e+00 1.460891806467692788e+00
1.249998568692453293e+00 2.296675898368981894e+00 2.106604378506391040e+00 2.219918044289332038e+00 1.471944000489397331e+00
1.258359322285425463e+00 2.290338033508890092e+00 2.130550714254002553e+00 2.217422733624617504e+00 1.479670004747724921e+00
1.267124492172965855e+00 2.281509657626737742e+00 2.150844497425152824e+00 2.217571203571723437e+00 1.496733025464029199e+00
1.261499047514317295e+00 2.245568980118374025e+00 2.151222306981756649e+00 2.207137441800583577e+00 1.512640112626150168e+00
1.249136143821606204e+00 2.231616053056045601e+00 2.130654458784514205e+00 2.203825811563328685e+00 1.524776889338637975e+00
1.247508630433539656e+00 2.204093217437685936e+00 2.120245944168149599e+00 2.196762419302928482e+00 1.544509852964680574e+00
1.269343456073053655e+00 2.203415911651772863e+00 2.137627350831896145e+00 2.202859464650650079e+00 1.552026993675593713e+00
1.285584584265089259e+00 2.187817948060607254e+00 2.147044295668804725e+00 2.206826429103678766e+00 1.575280120650188964e+00
1.300000000000000044e+00 2.169999999999999929e+00 2.154999999999999805e+00 2.209999999999999964e+00 1.600000000000000089e+00
