8.699999999999999956e-01 2.740000000000000213e+00 1.850000000000000089e+00 2.629999999999999893e+00 1.350000000000000089e+00
8.956972553106522517e-01 2.729928512205732183e+00 1.864582664283272795e+00 2.604083593022912702e+00 1.349763450014342503e+00
9.248382483989375791e-01 2.710390640715429456e+00 1.870569718657519420e+00 2.577918176731696320e+00 1.353339787458455179e+00
9.476506193262710376e-01 2.706506775806441389e+00 1.886944852572185694e+00 2.555308592631140741e+00 1.340142089960942196e+00
9.550897786585621496e-01 2.724454148309396917e+00 1.902785835650514068e+00 2.544769445632462102e+00 1.310929437640371731e+00
9.590751558577750302e-01 2.750485820236667767e+00 1.889132832863752220e+00 2.541117711269753165e+00 1.287638688102910045e+00
9.590118863663871229e-01 2.789119392461378855e+00 1.909406263840748075e+00 2.544975854004103866e+00 1.303426814036104053e+00
9.626791334698399094e-01 2.807179977378420066e+00 1.937466634532912790e+00 2.545102033243752615e+00 1.308458108642619244e+00
9.689055220104249022e-01 2.800601237609996019e+00 1.965050983031400911e+00 2.539880531735232871e+00 1.296028733632329732e+00
9.822178410234524426e-01 2.776536385898525250e+00 1.984624951717788743e+00 2.527221894004843428e+00 1.276389008232560185e+00
1.008420763729777736e+00 2.753901579459621551e+00 1.994691132393634270e+00 2.504743013130601437e+00 1.264014505016748391e+00
1.035675744037085177e+00 2.723767526248626059e+00 2.002983450044616642e+00 2.485523988276604257e+00 1.253240664193719933e+00
1.063551058210375322e+00 2.704464195892404277e+00 2.014772030684663928e+00 2.465289918695328986e+00 1.241744235097202331e+00
1.087701308278377965e+00 2.702708750150662365e+00 2.024973167541194830e+00 2.434599184130074701e+00 1.233358611391801807e+00
1.093467482347029396e+00 2.664291034121443857e+00 2.015930936801217932e+00 2.405215141896532849e+00 1.238076442433463820e+00
1.088582893500913640e+00 2.632525082840917019e+00 1.996786226782343965e+00 2.380794112401981799e+00 1.235670157323859542e+00
1.083826498901656388e+00 2.658356333714416042e+00 1.984685667600184722e+00 2.380016856054439689e+00 1.207655853138970059e+00
1.095596849259114158e+00 2.642796308101122982e+00 1.986759781588107954e+00 2.360811640088816610e+00 1.233479986767791914e+00
1.114046728473872427e+00 2.606847306602827263e+00 1.977753481125088753e+00 2.335171205084014989e+00 1.231132778072799194e+00
1.143386734143915895e+00 2.586674692922920293e+00 1.979649090845288173e+00 2.314375596397730384e+00 1.215879866020435740e+00
1.172468267064635583e+00 2.571616929436081112e+00 1.992026037595573396e+00 2.297867560736873926e+00 1.201818017690448492e+00
1.198787340004394464e+00 2.551399253460616912e+00 2.010135425772341833e+00 2.284770030766841931e+00 1.195812066557968345e+00
1.219789280113863228e+00 2.524460105303007129e+00 2.031332317631255879e+00 2.276287691738371421e+00 1.200643800255051019e+00
1.234038511677280514e+00 2.493193549115786389e+00 2.052572434741407381e+00 2.271740277775065042e+00 1.214661130829040925e+00
1.241881902260350001e+00 2.463754187791678874e+00 2.072997263986244398e+00 2.271858520443655660e+00 1.235972063061764326e+00
1.247672817658080469e+00 2.441071960964761534e+00 2.090421792839661119e+00 2.278859580106202376e+00 1.263868343385684101e+00
1.255199194689046394e+00 2.416888376759551704e+00 2.098387927619587590e+00 2.287578961486463225e+00 1.297601775872454510e+00
1.262817937964609394e+00 2.387440479220159784e+00 2.097385158117005322e+00 2.289909063543546175e+00 1.332388480146081466e+00
1.269807848032022290e+00 2.358326226500954359e+00 2.098788620469284716e+00 2.285019570344513085e+00 1.366916466403525821e+00
1.271619773041456236e+00 2.345390041755226918e+00 2.109453281870745656e+00 2.266480809815124786e+00 1.398682416643884041e+00
1.267804820478058536e+00 2.359673740301021727e+00 2.126352033803594832e+00 2.239438119599256094e+00 1.418378035844309437e+00
1.271143168963008385e+00 2.359232913729234937e+00 2.142291101507073581e+00 2.214938404131635785e+00 1.443179718704405978e+00
1.280262970008507306e+00 2.325713006929667426e+00 2.152371943435340107e+00 2.201977006665167824e+00 1.470522473489005000e+00
1.270156982365171050e+00 2.289896058771235587e+00 2.149402445000524242e+00 2.185440002505276702e+00 1.497818134777612942e+00
1.256474212332050922e+00 2.283505877760236835e+00 2.133689383686579344e+00 2.183818189571530066e+00 1.527410431462619567e+00
1.264472301552781675e+00 2.238494961790395532e+00 2.133116707227456388e+00 2.195909176029249732e+00 1.552341789387732929e+00
1.282951219320820790e+00 2.205818013386649401e+00 2.141287338030949616e+00 2.206025295639932438e+00 1.578056023461791302e+00
1.300000000000000044e+00 2.169999999999999929e+00 2.154999999999999805e+00 2.209999999999999964e+00 1.600000000000000089e+00
