8.699999999999999956e-01 2.740000000000000213e+00 1.850000000000000089e+00 2.629999999999999893e+00 1.350000000000000089e+00
8.901317955393867054e-01 2.741293943922701537e+00 1.861507394560823592e+00 2.613554427102183997e+00 1.371551025203417318e+00
9.136290805938228621e-01 2.760688846427505894e+00 1.865639946408082617e+00 2.605593857634682653e+00 1.394776226356630788e+00
9.324126788331750237e-01 2.807305717308565818e+00 1.874583671451567346e+00 2.609394520993224109e+00 1.394982104731304684e+00
9.429936417217317235e-01 2.823031639345561672e+00 1.875572641425954812e+00 2.595391436060342283e+00 1.366154139930223277e+00
9.627678514718945868e-01 2.827555403884871144e+00 1.883061098223692609e+00 2.565895021039858559e+00 1.352072564607514460e+00
9.829755406489145697e-01 2.836300096012555283e+00 1.896280451373946407e+00 2.538775588130115057e+00 1.344374769602533881e+00
1.001002334827245654e+00 2.842838941514154172e+00 1.909141005503405486e+00 2.507606505527347096e+00 1.341829136324274918e+00
1.011464941874002488e+00 2.838627213686115702e+00 1.912763796196067734e+00 2.469119961279201636e+00 1.351265363593079138e+00
1.016562654640159602e+00 2.831083548152005136e+00 1.908260285511279131e+00 2.436226846141239744e+00 1.371776205213355526e+00
1.037906683754214576e+00 2.842094735218900770e+00 1.918890767962022181e+00 2.431957135828718641e+00 1.381065315262768767e+00
1.053932065218764702e+00 2.837649419266105699e+00 1.935358027680324833e+00 2.425548301568283271e+00 1.359851281368216647e+00
1.065529160716040646e+00 2.817508775545220612e+00 1.947272682313221370e+00 2.412703217687187873e+00 1.335568404627185402e+00
1.070764722506745592e+00 2.786461224270757153e+00 1.955106258923014151e+00 2.409355232559248439e+00 1.308218341788669470e+00
1.069871659909863659e+00 2.748672335404737765e+00 1.958885452620514833e+00 2.412891553180736004e+00 1.281392391650706619e+00
1.069828341438308517e+00 2.703846856082823713e+00 1.959281608784186002e+00 2.410691870282243965e+00 1.258376318185048692e+00
1.081619736128463183e+00 2.657932826816609584e+00 1.958976411450533250e+00 2.395403676674213500e+00 1.243459264226110195e+00
1.105154575982574272e+00 2.622886351480078204e+00 1.960761212173615542e+00 2.374799696470742738e+00 1.235693047326326788e+00
1.132075335063322363e+00 2.594279501120512421e+00 1.964118985529640593e+00 2.355821028514752502e+00 1.226997837584106410e+00
1.159934977582635973e+00 2.567180858963541201e+00 1.968637136567011003e+00 2.338253718761376554e+00 1.218668615829561208e+00
1.190053130307784590e+00 2.541266495551293580e+00 1.976669317133690429e+00 2.326645232976973787e+00 1.216751262076709805e+00
1.215280365263279760e+00 2.523740025404141996e+00 1.993824919041663701e+00 2.323263186032584304e+00 1.223859025722733973e+00
1.222688473903736028e+00 2.521356822455342872e+00 2.018440891590566721e+00 2.321066436066910210e+00 1.234890787785734023e+00
1.225684388196687680e+00 2.519205753496433164e+00 2.042606699125989689e+00 2.311875262032210721e+00 1.246996569811604116e+00
1.236063374854642127e+00 2.508796888157232896e+00 2.062963222368293437e+00 2.299183594911236472e+00 1.263223348174866700e+00
1.248912642065521883e+00 2.492995979627116832e+00 2.080007513800024466e+00 2.285240016368878635e+00 1.282353113384513188e+00
1.257066895422402908e+00 2.465739936300193058e+00 2.080483388127957411e+00 2.277432891701128614e+00 1.310362365220801406e+00
1.255600004060716035e+00 2.449542469118992649e+00 2.078474923419669551e+00 2.285046025526678459e+00 1.343039678382399238e+00
1.252365946124835538e+00 2.442432674301117768e+00 2.085471114474396703e+00 2.293281500319774846e+00 1.375459952210130732e+00
1.245034953681669831e+00 2.397941331664399822e+00 2.089104856639805607e+00 2.276949067798732962e+00 1.385352077493494427e+00
1.242494624961887784e+00 2.375911367267090846e+00 2.092168418811666708e+00 2.242528353645730554e+00 1.401679017984993614e+00
1.239304999076969338e+00 2.361227609731543886e+00 2.093853133082823170e+00 2.214594116907266041e+00 1.426798503867995782e+00
1.236442311148953976e+00 2.341746542792894736e+00 2.091727429139131011e+00 2.191771176890049411e+00 1.454133313645477488e+00
1.234282712935732107e+00 2.314079529847013372e+00 2.084936960198989109e+00 2.171434241094849948e+00 1.479106140334591313e+00
1.241039772387570128e+00 2.272237834948032997e+00 2.077998858300451168e+00 2.150288027638258104e+00 1.486993461281006734e+00
1.245187277277348459e+00 2.262040939649028637e+00 2.072362886584433461e+00 2.164920539066714333e+00 1.517867687797313403e+00
1.232827810688629455e+00 2.260868562710710794e+00 2.069961350621356555e+00 2.169209896437043650e+00 1.548452178140997670e+00
1.232846733851867160e+00 2.233888121855367892e+00 2.091977366510688885e+00 2.168824751555224140e+00 1.556464922342016610e+00
1.251276081248133831e+00 2.219729583146320628e+00 2.113328878658406129e+00 2.173300251317471510e+00 1.549609087633673887e+00
1.270905110047900521e+00 2.194530462088531308e+00 2.132277162369050405e+00 2.179133728750678234e+00 1.553490439021907310e+00
1.287266687103957308e+00 2.171867304762798767e+00 2.145914675254919857e+00 2.190882861009936455e+00 1.573545134897602615e+00
1.300000000000000044e+00 2.169999999999999929e+00 2.154999999999999805e+00 2.209999999999999964e+00 1.600000000000000089e+00
