8.699999999999999956e-01 2.740000000000000213e+00 1.850000000000000089e+00 2.629999999999999893e+00 1.350000000000000089e+00
8.918022418499814696e-01 2.756521152052689327e+00 1.867772756176229842e+00 2.619937298396429526e+00 1.354835474042074939e+00
9.139473664415588283e-01 2.772922583361987936e+00 1.885295195675360524e+00 2.609660912627886908e+00 1.359578330076290920e+00
9.448731471033482432e-01 2.780319926878609849e+00 1.890133216053374143e+00 2.593413183707866221e+00 1.356284110257229836e+00
9.551818084677609066e-01 2.764341373062344953e+00 1.873725482810344900e+00 2.586646000632975895e+00 1.334895286386756252e+00
9.626836226801638308e-01 2.750244346672734874e+00 1.865803275465862221e+00 2.581950134805494290e+00 1.302394524700286826e+00
9.688349367607489437e-01 2.764426023025376988e+00 1.881861758153744679e+00 2.562004282514926512e+00 1.286811071979079069e+00
9.792039154649087029e-01 2.741748211640314903e+00 1.894215358843958530e+00 2.542610984325030188e+00 1.268280069369414509e+00
9.932768277028678483e-01 2.728169817154026955e+00 1.909528532983577387e+00 2.521139006024138762e+00 1.254901645013661859e+00
1.007316972219267415e+00 2.718883955986437062e+00 1.926778564356834256e+00 2.498747089676470967e+00 1.246406871069136502e+00
1.021399066239331299e+00 2.708557650942604145e+00 1.943253187436885687e+00 2.474940978973636962e+00 1.239215600195570088e+00
1.035638450737136118e+00 2.698372797073219420e+00 1.959379615651545725e+00 2.450777329697036766e+00 1.231848935093730280e+00
1.051723129593478356e+00 2.690260114346686660e+00 1.971686386934245583e+00 2.423473766433950960e+00 1.223207238693359011e+00
1.074541673743049319e+00 2.693906016420496208e+00 1.961237725842615465e+00 2.398571811003956000e+00 1.223217300969239529e+00
1.074949279586244089e+00 2.676641422005368476e+00 1.982314118150502180e+00 2.395292697849199293e+00 1.213327210038086523e+00
1.077605971292149967e+00 2.649399960845520319e+00 1.993552356740544207e+00 2.389266685638564258e+00 1.187238261218725555e+00
1.089736370930011411e+00 2.625564130692458420e+00 2.010402127730239297e+00 2.378616919570048616e+00 1.173923091431063215e+00
1.108640436305836197e+00 2.612339372765720480e+00 2.028703280459868363e+00 2.363234029718005669e+00 1.175736817274974255e+00
1.133004499117115316e+00 2.598895767927385414e+00 2.040274641209792517e+00 2.343764140378965966e+00 1.180466534545875135e+00
1.159774465635098117e+00 2.583355604989258314e+00 2.046135192063629926e+00 2.323095550486894201e+00 1.185410079845414577e+00
1.187356547203435753e+00 2.565877694730628544e+00 2.049181807359881091e+00 2.303402047919353990e+00 1.191079058424932891e+00
1.215601246501593957e+00 2.544826724974861953e+00 2.050493486816429289e+00 2.287623561157262397e+00 1.198632313457189680e+00
1.241403385433957673e+00 2.515181173391471514e+00 2.048207450224345916e+00 2.279759076687001063e+00 1.209309895346439401e+00
1.254856546108064297e+00 2.474198047168223891e+00 2.042149245867830754e+00 2.278627215508458814e+00 1.224896057220621781e+00
1.257327504301618770e+00 2.433036480255619693e+00 2.041702403715255798e+00 2.278818297308366603e+00 1.247496522841351707e+00
1.257471262401609335e+00 2.398776602213418041e+00 2.047642187587949802e+00 2.280274156362969595e+00 1.274130334039605073e+00
1.256937438039777311e+00 2.370968387241923381e+00 2.058188893591239133e+00 2.282456575635970264e+00 1.301575872823712343e+00
1.256394218019210030e+00 2.347780410875833557e+00 2.073677882999558353e+00 2.282303439545500190e+00 1.326558987819479452e+00
1.257717813185667222e+00 2.323070709937962608e+00 2.090357682411921214e+00 2.274150319346219806e+00 1.347482283416714610e+00
1.259988536914003365e+00 2.293917363540229903e+00 2.098198240178730689e+00 2.254412816823779142e+00 1.368414738520862040e+00
1.257783057205450694e+00 2.272276670178418723e+00 2.094789704470971348e+00 2.233259868943961113e+00 1.394544531411931132e+00
1.251745586435462743e+00 2.260368611518168702e+00 2.088531193334747016e+00 2.215839073268202508e+00 1.424374631542966174e+00
1.246624579001585520e+00 2.253226257988710568e+00 2.087407236096630037e+00 2.197460170769974130e+00 1.455657271069871417e+00
1.248052072741812291e+00 2.259130765451100586e+00 2.103900953974024102e+00 2.182732554168014261e+00 1.479734769316505272e+00
1.255350573006218440e+00 2.273778975385774448e+00 2.128676909390073035e+00 2.184108445726383074e+00 1.482550994331026439e+00
1.268080088749571566e+00 2.271901533118111161e+00 2.151832071224777820e+00 2.191786421576606969e+00 1.482373582136603307e+00
1.281063233514914579e+00 2.245428698645767884e+00 2.161322558101352431e+00 2.196693853340323965e+00 1.507277660193752089e+00
1.285618015615054732e+00 2.217460953221380038e+00 2.160816330271071006e+00 2.200729543346501949e+00 1.537902375996337945e+00
1.289357273447910623e+00 2.189501973088789466e+00 2.159298134562934735e+00 2.205816402880297566e+00 1.568400204479107662e+00
1.300000000000000044e+00 2.169999999999999929e+00 2.154999999999999805e+00 2.209999999999999964e+00 1.600000000000000089e+00
