8.699999999999999956e-01 2.740000000000000213e+00 1.850000000000000089e+00 2.629999999999999893e+00 1.350000000000000089e+00
8.944947384544311708e-01 2.764050408784243906e+00 1.874882193406837372e+00 2.624537248356770824e+00 1.329189410764417989e+00
9.189894769088623461e-01 2.788100817568487155e+00 1.899764386813674655e+00 2.619074496713541311e+00 1.308378821528835667e+00
9.440826087342004680e-01 2.809613443157422008e+00 1.924874698536798379e+00 2.613058727439456774e+00 1.287545974452758868e+00
9.727903280172370826e-01 2.807784756560529171e+00 1.942379456827763917e+00 2.585194325328782128e+00 1.268572774526418812e+00
9.803741647357614442e-01 2.783988344459516817e+00 1.921400269270633343e+00 2.553547441172664634e+00 1.255616105530657833e+00
9.926422602478900403e-01 2.776972882301766976e+00 1.912708754688307256e+00 2.515622421050894175e+00 1.228579319141286819e+00
1.015516021249404766e+00 2.777644314424731142e+00 1.940108573994386187e+00 2.496012321820043844e+00 1.217516018645831810e+00
1.039700451504837142e+00 2.763758352332812418e+00 1.968754437709629102e+00 2.474951718224854602e+00 1.211740884929214612e+00
1.064224072044067437e+00 2.746140142199504641e+00 1.996614019519719729e+00 2.452279546401560761e+00 1.211079517411175255e+00
1.080707264782973631e+00 2.693240556508833983e+00 2.005398117757282161e+00 2.427317202677239827e+00 1.206612012222673780e+00
1.104326612559313858e+00 2.637908855627062454e+00 2.012834909729681154e+00 2.405595525107004473e+00 1.209280208839216497e+00
1.136297817798191723e+00 2.606802571519179601e+00 2.029469624291022178e+00 2.381424178513248613e+00 1.213669175623364849e+00
1.170737184542238740e+00 2.577128668677697743e+00 2.044868576681655448e+00 2.355913921866023220e+00 1.215190225714918304e+00
1.205300784865125596e+00 2.546793312901277417e+00 2.059688667577707744e+00 2.330104478625994346e+00 1.215217387159738482e+00
1.243777759987217291e+00 2.527286769138919809e+00 2.066489553062973439e+00 2.301437967908302795e+00 1.207246690237618880e+00
1.273358954736259818e+00 2.487560103082609331e+00 2.077316581666975637e+00 2.287581147815761273e+00 1.219665541359805871e+00
1.280923723440271056e+00 2.444983861228891442e+00 2.087088515848951609e+00 2.291457587221320757e+00 1.252423594682517960e+00
1.289007308609791513e+00 2.413187277060340197e+00 2.088554179330444072e+00 2.300534010679265773e+00 1.290718999683824864e+00
1.305027640573307224e+00 2.395749577252884066e+00 2.098094674291556938e+00 2.313810251532065099e+00 1.328054470596110814e+00
1.325997243151175731e+00 2.388249782262168441e+00 2.116908014248677361e+00 2.328269083052817212e+00 1.359262754502779336e+00
1.337280441443000401e+00 2.381213900975291953e+00 2.132443907929291171e+00 2.328929012867108295e+00 1.397671823181286355e+00
1.321482124857423113e+00 2.366395598438861825e+00 2.138839135762557131e+00 2.301038310422536703e+00 1.429451508351361477e+00
1.295523329249124167e+00 2.348707032060743938e+00 2.142549453773856083e+00 2.262881092689008167e+00 1.448792121271196498e+00
1.269426214605226866e+00 2.330067125909586867e+00 2.141894151804096591e+00 2.221932685345274994e+00 1.464239322363989571e+00
1.253069511255286983e+00 2.301716810502534738e+00 2.141227227442231928e+00 2.176660688995391446e+00 1.475382194956006199e+00
1.260762693998414008e+00 2.270111558747852865e+00 2.167522656576737372e+00 2.152793662673722963e+00 1.473977210661745030e+00
1.270173221864177027e+00 2.244227216797530566e+00 2.191223657354958387e+00 2.133858992348205863e+00 1.468428059710608302e+00
1.263710570394074750e+00 2.263702956895986773e+00 2.172920046047261966e+00 2.161745276270940153e+00 1.495364388235887576e+00
1.273050343243642857e+00 2.240878382826958060e+00 2.160810547035131535e+00 2.181653792252658430e+00 1.530526039382689163e+00
1.286138272712205044e+00 2.206919806085867908e+00 2.155348158911801537e+00 2.196737762657843707e+00 1.565392125446025684e+00
1.300000000000000044e+00 2.169999999999999929e+00 2.154999999999999805e+00 2.209999999999999964e+00 1.600000000000000089e+00
