8.699999999999999956e-01 2.740000000000000213e+00 1.850000000000000089e+00 2.629999999999999893e+00 1.350000000000000089e+00
8.855751482779370409e-01 2.744849430137786150e+00 1.865792803034592939e+00 2.620540446223566633e+00 1.333622447142454259e+00
9.036537638678603379e-01 2.749904498719826229e+00 1.879411613577003815e+00 2.612870595671795915e+00 1.315678869523633221e+00
9.214743871016023435e-01 2.741322173476409496e+00 1.889727343893400802e+00 2.596261930306735355e+00 1.300860046512210655e+00
9.422898569879513131e-01 2.759425036414059118e+00 1.901522999313743689e+00 2.586719710823158991e+00 1.289453383823235377e+00
9.591990353365535960e-01 2.796844774810112177e+00 1.909999637594863797e+00 2.577146871606826650e+00 1.286209726055905778e+00
9.750349501181521106e-01 2.834145579161535533e+00 1.917886088552786195e+00 2.565446382569101402e+00 1.291377227594475263e+00
9.960742173615160233e-01 2.843071836679020414e+00 1.923735085369885578e+00 2.546193857587267573e+00 1.282846422399331443e+00
1.006299421019400731e+00 2.809476437277298899e+00 1.925663442693208882e+00 2.533888289990093856e+00 1.264991632216952766e+00
1.017610838891574332e+00 2.773170618427656997e+00 1.929906448426979226e+00 2.520963192379313433e+00 1.249917219038011007e+00
1.030227382730736885e+00 2.740813048320831502e+00 1.936302305333253537e+00 2.506269513489484790e+00 1.235594736910241798e+00
1.043226828351544677e+00 2.717010957020092654e+00 1.946507664011503103e+00 2.490171067751936640e+00 1.220935179999424136e+00
1.054648394323801641e+00 2.702727716054211804e+00 1.960961928438342605e+00 2.472717791420126154e+00 1.208345808715917569e+00
1.062777450540096869e+00 2.683006929662769657e+00 1.975964110609455426e+00 2.453204561622235325e+00 1.201230437423272512e+00
1.067818008201668167e+00 2.660533297070817760e+00 1.991437534754115335e+00 2.433526806975671697e+00 1.204559146703860106e+00
1.075315838146663872e+00 2.642057421951950591e+00 2.007584925929749353e+00 2.415013449128659229e+00 1.212258269056658566e+00
1.086764815446121579e+00 2.625916794354738570e+00 2.023482264907538575e+00 2.396524105326593101e+00 1.217453848188223775e+00
1.100847608892179252e+00 2.608397639983770500e+00 2.036301188453172983e+00 2.377160659107975693e+00 1.225002034786955019e+00
1.116702942214303551e+00 2.586240113576224076e+00 2.041398164969883577e+00 2.357616926033986537e+00 1.237169373235051939e+00
1.134730825951597133e+00 2.561046302050078438e+00 2.041309437577044417e+00 2.337563966689370609e+00 1.244566207334229402e+00
1.155654867637850858e+00 2.538968987887300077e+00 2.042271601554660698e+00 2.317785368346596542e+00 1.243590346675419456e+00
1.179764954935668575e+00 2.523683360452268154e+00 2.047494215460249123e+00 2.301195378026869243e+00 1.238902802293699423e+00
1.205959285284539995e+00 2.515246720041706574e+00 2.058254543987032115e+00 2.292901310520193192e+00 1.234133504115510815e+00
1.230746943789549519e+00 2.509696641795274630e+00 2.071474363027112187e+00 2.299524131611240918e+00 1.229611821869811106e+00
1.247822580409637894e+00 2.484711185909368680e+00 2.068633738206159478e+00 2.310419375735045744e+00 1.238629396818108130e+00
1.247942646087628837e+00 2.463078540379820325e+00 2.068917055113516312e+00 2.299680738987556428e+00 1.265263013445762086e+00
1.252775600368622122e+00 2.448069677253842169e+00 2.083147639063426926e+00 2.289926350663953780e+00 1.287225336347674665e+00
1.259313462648831594e+00 2.438506991334016494e+00 2.102639637845288068e+00 2.281042817718335503e+00 1.302531897453562904e+00
1.266566072694461198e+00 2.431323721122914172e+00 2.122447549778262221e+00 2.272410935189693504e+00 1.316874578515746963e+00
1.273820363732690808e+00 2.422202077354690175e+00 2.131802509451597327e+00 2.264689563473001765e+00 1.343203766213929562e+00
1.272162011066284570e+00 2.408519107414059057e+00 2.117222744170785820e+00 2.263308804170148569e+00 1.367210052096822892e+00
1.272216771369650612e+00 2.380110617412529272e+00 2.120078121019980166e+00 2.251797154904692455e+00 1.390934445364490735e+00
1.273599649522886734e+00 2.366125413475760997e+00 2.136041509496150237e+00 2.239177399429439497e+00 1.409879655810504673e+00
1.269092983814161135e+00 2.351545177948096477e+00 2.145157017556464929e+00 2.227129791621405008e+00 1.435398814730424855e+00
1.259845346991149917e+00 2.334407368260452920e+00 2.150287168201779675e+00 2.216839969373058050e+00 1.461561105652066317e+00
1.247326231266989272e+00 2.307286182624106452e+00 2.145565302494675031e+00 2.213267263099919724e+00 1.484960871777991631e+00
1.238356544957845751e+00 2.276952932212762626e+00 2.128853194195335696e+00 2.216139035285328518e+00 1.496479411915542013e+00
1.237125803539729008e+00 2.243259374023839570e+00 2.123754753446412735e+00 2.220300142539559207e+00 1.518687636067794333e+00
1.248001569356453233e+00 2.235221148875090602e+00 2.138383306593700794e+00 2.217526229636268553e+00 1.541465055696028763e+00
1.267978659064371127e+00 2.231220597418972051e+00 2.150389602189899829e+00 2.215539515378258884e+00 1.560677545554109980e+00
1.283803052475864348e+00 2.206128810642956406e+00 2.155746604967005098e+00 2.212626790377981489e+00 1.582968573870119133e+00
1.300000000000000044e+00 2.169999999999999929e+00 2.154999999999999805e+00 2.209999999999999964e+00 1.600000000000000089e+00
