8.699999999999999956e-01 2.740000000000000213e+00 1.850000000000000089e+00 2.629999999999999893e+00 1.350000000000000089e+00
8.923956109135049442e-01 2.781942647889264375e+00 1.861504578927830167e+00 2.623645512559704240e+00 1.350151385430253592e+00
9.159020701259156239e-01 2.812399138378600227e+00 1.876195703078558541e+00 2.611575755930073850e+00 1.355844895743291811e+00
9.321999237530252946e-01 2.803360152459187571e+00 1.892238285038188694e+00 2.591829520821585575e+00 1.371358671166396981e+00
9.499411374106510042e-01 2.780863124400194231e+00 1.912863634816373670e+00 2.579205528155765315e+00 1.369163867196808493e+00
9.552331466589026876e-01 2.770883791070696489e+00 1.915718150335408376e+00 2.574542659321211069e+00 1.335137794534432043e+00
9.514597642033275626e-01 2.741109632004765650e+00 1.907448710407763315e+00 2.565097903664666834e+00 1.307132661434189824e+00
9.492565996213311319e-01 2.723088186424852619e+00 1.896784376889316448e+00 2.554290751855785135e+00 1.277208782930087327e+00
9.598582214921059785e-01 2.761664966059144355e+00 1.889152843537247550e+00 2.541416116158260685e+00 1.259931482939369296e+00
9.779477599587816927e-01 2.749481184711119575e+00 1.906582845581395125e+00 2.521905145979216112e+00 1.256954849155759391e+00
1.004222034989603829e+00 2.730338205056634493e+00 1.914446623866768116e+00 2.498997539762396691e+00 1.249242438115480525e+00
1.029313575770216316e+00 2.711998205987340871e+00 1.925070689421300330e+00 2.475171051152433410e+00 1.244695705452380396e+00
1.050334035749864281e+00 2.697441140596562814e+00 1.940171758267447588e+00 2.450684395970897711e+00 1.238405274954961444e+00
1.059942832189125994e+00 2.689172597967381506e+00 1.958840656393054935e+00 2.424255186046646138e+00 1.226641104230973500e+00
1.063598008300853159e+00 2.665521111579707725e+00 1.978308567240822047e+00 2.399229064271898526e+00 1.226672349341255241e+00
1.073229020105003872e+00 2.626125573191106621e+00 1.992324471298465127e+00 2.391569951413385020e+00 1.244793968960788089e+00
1.084389184289459074e+00 2.597592849194568565e+00 2.016298646431746278e+00 2.390741143335746166e+00 1.250607423890265135e+00
1.100186858523614086e+00 2.580879498724825361e+00 2.032857041188679492e+00 2.376365334865802481e+00 1.246273998371616898e+00
1.117168088505064771e+00 2.546050269650918185e+00 2.028379422862171211e+00 2.351530747324666937e+00 1.252560916796973345e+00
1.146921302723233005e+00 2.523228874184297865e+00 2.028127042864869445e+00 2.331899705738773143e+00 1.248346000479956253e+00
1.178660543535809291e+00 2.506380984239918952e+00 2.028926200813390590e+00 2.314462073019865951e+00 1.241312755145727031e+00
1.211402183306679703e+00 2.495378611472637065e+00 2.029911727531922505e+00 2.297521343300163998e+00 1.233594245960833780e+00
1.241724056335425708e+00 2.467237743077657086e+00 2.037345225165211549e+00 2.287776932942211072e+00 1.228569646413651073e+00
1.252587831852481015e+00 2.413922169298914344e+00 2.038567203953318252e+00 2.286549833700711076e+00 1.240662710553641634e+00
1.255790650708492384e+00 2.372361208553373402e+00 2.039331925963605130e+00 2.287229805943040706e+00 1.266278124966669250e+00
1.258427033007522455e+00 2.344897842429675805e+00 2.043132573194765378e+00 2.284909629750159876e+00 1.297334521641715810e+00
1.263944780507144428e+00 2.327278774549507823e+00 2.055499653751354128e+00 2.274141334388807056e+00 1.325550241723004508e+00
1.265504228754554594e+00 2.339053562893718130e+00 2.081906494493304116e+00 2.270845726007161058e+00 1.335583835350934390e+00
1.265385169981302127e+00 2.345496020812820159e+00 2.103646183538757430e+00 2.264565558936121992e+00 1.358147880724666523e+00
1.266714302464971409e+00 2.350372133074769110e+00 2.124858882694623308e+00 2.251899357199071527e+00 1.380153735642703383e+00
1.268757475649995969e+00 2.353406939045330493e+00 2.145251135298799738e+00 2.236448968901025403e+00 1.402183849195009602e+00
1.270979267972468740e+00 2.355239715492398744e+00 2.165079251883402112e+00 2.220169661834045183e+00 1.424578144475380226e+00
1.270895650398245147e+00 2.333775620573719678e+00 2.173305015006800289e+00 2.202252370303996010e+00 1.447751865980454244e+00
1.267757728464578459e+00 2.295084559400204949e+00 2.152737331929425846e+00 2.200304056378526329e+00 1.459393088312753273e+00
1.269684324533681297e+00 2.259351189466770826e+00 2.136077814506627703e+00 2.188723096382652056e+00 1.477338858547846856e+00
1.261092713403036747e+00 2.226320075004729393e+00 2.128525355950289466e+00 2.176650379267718094e+00 1.492822396275992336e+00
1.252601475000921338e+00 2.234506062676549831e+00 2.145107983078059277e+00 2.188176397580033239e+00 1.516373090838483151e+00
1.264721199669971208e+00 2.221047407298919030e+00 2.153509493514438766e+00 2.198163728777780879e+00 1.545763549584136198e+00
1.282335214375296184e+00 2.195589363406913908e+00 2.154297091586718338e+00 2.204120029815694881e+00 1.572909715504984707e+00
1.300000000000000044e+00 2.169999999999999929e+00 2.154999999999999805e+00 2.209999999999999964e+00 1.600000000000000089e+00
