8.699999999999999956e-01 2.740000000000000213e+00 1.850000000000000089e+00 2.629999999999999893e+00 1.350000000000000089e+00
8.929482708509299815e-01 2.749907729145400381e+00 1.860743871050688947e+00 2.608182831569895832e+00 1.343442799209352945e+00
9.133173113296839674e-01 2.750098944481683461e+00 1.872588651067781385e+00 2.582818972922597656e+00 1.342148857834353226e+00
9.303655070781683412e-01 2.741179357261531280e+00 1.878783240315153202e+00 2.557935484190049458e+00 1.357334363364054219e+00
9.382612319311132154e-01 2.776518796549219736e+00 1.893529170908328174e+00 2.553201565189154199e+00 1.370788111330447201e+00
9.608342388054563754e-01 2.790035097349571558e+00 1.910936314185775142e+00 2.542341947877597264e+00 1.364592464735405075e+00
9.851340799937469139e-01 2.775958969539359167e+00 1.921804338337235629e+00 2.525039825831259410e+00 1.355033959572659708e+00
1.008812660498035418e+00 2.754634681083551584e+00 1.929290743495464255e+00 2.505373402424749152e+00 1.348059709154099561e+00
1.030312104524569339e+00 2.728094475376217076e+00 1.926058545431579061e+00 2.482823602558714704e+00 1.351187527473109107e+00
1.045547262357215512e+00 2.708027384051303166e+00 1.941467764235480065e+00 2.462586565493825042e+00 1.345294550809889245e+00
1.048377003945790253e+00 2.683515307015867712e+00 1.948667631447886128e+00 2.440574183691116339e+00 1.325162891890452110e+00
1.050660289010660442e+00 2.672183551127885082e+00 1.949380532408053535e+00 2.422870813010607360e+00 1.297175065890480594e+00
1.055060000436278456e+00 2.672204328804057116e+00 1.954809781259068568e+00 2.414658984006033737e+00 1.265946354860983947e+00
1.063252451952779509e+00 2.661783372889499510e+00 1.964599347364919257e+00 2.408636370769048352e+00 1.237202383694111729e+00
1.073087395526931109e+00 2.632910552353741274e+00 1.974162136169927528e+00 2.393081866899164911e+00 1.217521524233995400e+00
1.078965828367581814e+00 2.595417390602203334e+00 1.973238064451293017e+00 2.368761632748402235e+00 1.208501583601528040e+00
1.077775578207394114e+00 2.560216885117953645e+00 1.959068326144155714e+00 2.348166369208962045e+00 1.205730558023542676e+00
1.090107817152492498e+00 2.559524012568795026e+00 1.979996417604796610e+00 2.343443336159517720e+00 1.208418841791207399e+00
1.109639274576940782e+00 2.567545469080585896e+00 2.002416186305298940e+00 2.343035564831388751e+00 1.210243590662036572e+00
1.138228657347384543e+00 2.568494556789968630e+00 2.017776593943785723e+00 2.338661638571239987e+00 1.213034656282455659e+00
1.170872065603059564e+00 2.558472982292717024e+00 2.023116655704484401e+00 2.331111273963500707e+00 1.218285370578819693e+00
1.200990623018848513e+00 2.537264558887733834e+00 2.023689410399611699e+00 2.322441317215619971e+00 1.226941020916372693e+00
1.223124003035110263e+00 2.508937527531310607e+00 2.030099315358139922e+00 2.312629741244866199e+00 1.242590819254401957e+00
1.233504540073529832e+00 2.487234220111110172e+00 2.045412888830723031e+00 2.302680849207067393e+00 1.263030850710390895e+00
1.238926247417633020e+00 2.473298007723794711e+00 2.063776779588870625e+00 2.292826428160783969e+00 1.283914844732747085e+00
1.243553792149702408e+00 2.461440442214844815e+00 2.080889148076802364e+00 2.283204101406808739e+00 1.306902226252245169e+00
1.243001286212699341e+00 2.455136246722519289e+00 2.084028033863542628e+00 2.284444839372238079e+00 1.338461923637264128e+00
1.239020105500239888e+00 2.456468420599425606e+00 2.107173358704319099e+00 2.286663174244173646e+00 1.353517705028497442e+00
1.241047088553174360e+00 2.452240289732842360e+00 2.133373239571629387e+00 2.280308055314701043e+00 1.352744289303257963e+00
1.249048926653496094e+00 2.426393078975331630e+00 2.150181912547201257e+00 2.274360291820157087e+00 1.367330827859002174e+00
1.252757705647977060e+00 2.395554781892382135e+00 2.141427964433370246e+00 2.274369198027039296e+00 1.392299021609147536e+00
1.253184570090140948e+00 2.375773714425700955e+00 2.123710710720829287e+00 2.274649308104680578e+00 1.414728069693539370e+00
1.253665579333166580e+00 2.362733345742267232e+00 2.104460017739731903e+00 2.269579964088807689e+00 1.436520766580003050e+00
1.256086129822113540e+00 2.344316308479818201e+00 2.084819826332083625e+00 2.256078723355554150e+00 1.452801743030738280e+00
1.257565656652668729e+00 2.312278512478417536e+00 2.070795247172046771e+00 2.235657572461244413e+00 1.463672541700800522e+00
1.255153882115917163e+00 2.283585095858127634e+00 2.072737260610577170e+00 2.217315645685211223e+00 1.486489279386373985e+00
1.252652021612147948e+00 2.266190741429679800e+00 2.086888704906925796e+00 2.215856616550568869e+00 1.512377157217106305e+00
1.251684094489642574e+00 2.215601390000959459e+00 2.094933639902628375e+00 2.211576826375329041e+00 1.522728907242174134e+00
1.258826368202918822e+00 2.178239292558413087e+00 2.101323420544240150e+00 2.198993094668106441e+00 1.540462022291564370e+00
1.270407432752261201e+00 2.181391323884654732e+00 2.120454160721449988e+00 2.195360591055776300e+00 1.561071200747712773e+00
1.286475656032689319e+00 2.184360240475670345e+00 2.138988719689709495e+00 2.203824125442693127e+00 1.578545456498960942e+00
1.300000000000000044e+00 2.169999999999999929e+00 2.154999999999999805e+00 2.209999999999999964e+00 1.600000000000000089e+00
