8.699999999999999956e-01 2.740000000000000213e+00 1.850000000000000089e+00 2.629999999999999893e+00 1.350000000000000089e+00
9.080425553236102232e-01 2.811158033419352886e+00 1.858857901807837276e+00 2.611556979853326688e+00 1.331249577069840484e+00
9.442602370522018562e-01 2.808659359430966340e+00 1.886056513911520627e+00 2.593064360532411072e+00 1.298014207147653476e+00
9.761602724340203707e-01 2.778757260148270181e+00 1.917277450144457829e+00 2.566540098838252071e+00 1.311314733993008463e+00
9.920932631233393417e-01 2.757689731277721101e+00 1.919157354582032626e+00 2.529351849654696949e+00 1.260336476972182096e+00
9.974532155503006425e-01 2.730123763195367204e+00 1.912897038126242455e+00 2.493193141403767132e+00 1.206132710766429916e+00
9.924704193080349235e-01 2.661611720295580241e+00 1.909613869561187283e+00 2.446919607273247976e+00 1.184323202622053595e+00
9.990347863483306501e-01 2.607447881546826274e+00 1.933667886272771419e+00 2.423702411025921322e+00 1.217737625715771266e+00
1.037927831459695582e+00 2.617607029684115627e+00 1.967815608266556326e+00 2.420156608183692271e+00 1.220078146493671190e+00
1.087994120395178621e+00 2.621697848535762709e+00 1.995899262382350159e+00 2.408819064144203548e+00 1.211323618257248436e+00
1.142426395894384328e+00 2.608244797854753383e+00 2.017895549326908622e+00 2.388773356554671601e+00 1.205683065614614913e+00
1.196582420591559837e+00 2.580446463487269249e+00 2.033837201740224643e+00 2.360656450279294827e+00 1.206482301628448051e+00
1.240210188044558626e+00 2.532564162443327938e+00 2.050860314478926139e+00 2.328085411226773260e+00 1.207693645356063161e+00
1.262115596340538159e+00 2.485136488910566044e+00 2.074618640036510087e+00 2.310451367386186838e+00 1.241294184471267492e+00
1.275852071121899467e+00 2.431445465297390029e+00 2.106333987786388917e+00 2.285154254738146484e+00 1.246627698587556621e+00
1.295702878017953363e+00 2.357404790197621836e+00 2.127725734669982494e+00 2.267563964933215104e+00 1.254225242709227972e+00
1.317411465894575029e+00 2.300650579964659048e+00 2.120464499209420151e+00 2.265756883225092722e+00 1.303691678070704185e+00
1.324138053812482507e+00 2.249788983347568383e+00 2.102789518371128707e+00 2.267207200706513159e+00 1.353477481319828923e+00
1.285523657170494438e+00 2.217841891225057260e+00 2.097634611672248184e+00 2.240596690885840570e+00 1.396149008623846388e+00
1.275585505672338638e+00 2.199825999722990311e+00 2.099407327338388640e+00 2.183276712045283841e+00 1.432087561613998306e+00
1.276353711022590431e+00 2.200740011579525035e+00 2.111191312003052989e+00 2.173887695488910587e+00 1.495501724770616159e+00
1.284938484411587423e+00 2.199737190444094992e+00 2.133423694516356495e+00 2.197869730552575618e+00 1.548232880706714276e+00
1.300000000000000044e+00 2.169999999999999929e+00 2.154999999999999805e+00 2.209999999999999964e+00 1.600000000000000089e+00
