8.699999999999999956e-01 2.740000000000000213e+00 1.850000000000000089e+00 2.629999999999999893e+00 1.350000000000000089e+00
8.962750555881771053e-01 2.743354565445314197e+00 1.867241586240556694e+00 2.604834344745597718e+00 1.324397244401328333e+00
9.247622939562873956e-01 2.761802605035216907e+00 1.886278554839209587e+00 2.593292151875755902e+00 1.297621004338165518e+00
9.499416613312384738e-01 2.793594163024554433e+00 1.908903320696969885e+00 2.580039485436651514e+00 1.279531837710336184e+00
9.713262296812269492e-01 2.811864883785919922e+00 1.903193172370803099e+00 2.554546754501720862e+00 1.248639916763674584e+00
9.762790501809717192e-01 2.778406833494295292e+00 1.881223134044201606e+00 2.528148135772094740e+00 1.230936318904246152e+00
9.978419403539607879e-01 2.757646297777469169e+00 1.899616064625557987e+00 2.495076199804887818e+00 1.220971344473648523e+00
1.020414835937976328e+00 2.741411503636806302e+00 1.922749151392102673e+00 2.463694817458362607e+00 1.212543952096642341e+00
1.043373107716031090e+00 2.718434282988408945e+00 1.947591245394589166e+00 2.436455485050496250e+00 1.208405038636812590e+00
1.064295409120578295e+00 2.694558642023177519e+00 1.974615583424702780e+00 2.424772602759446727e+00 1.189945629225172219e+00
1.087810080460460460e+00 2.645757309107761301e+00 1.987847680880070467e+00 2.403082714287385180e+00 1.192758172924572202e+00
1.122254850933620318e+00 2.605602385518744235e+00 1.996096467827734644e+00 2.380004268985580040e+00 1.198796702424329563e+00
1.159082808973446621e+00 2.570570155936290568e+00 2.004924943828432227e+00 2.356346731071878864e+00 1.205009138234018451e+00
1.196036320628829142e+00 2.536578108555027633e+00 2.014316212517094140e+00 2.332478999074423243e+00 1.211245087442227808e+00
1.228823258115363082e+00 2.504354729575531291e+00 2.028691700264415143e+00 2.307713052798613163e+00 1.220691473829531359e+00
1.254412235632560657e+00 2.479076294617168053e+00 2.051594196321054664e+00 2.288356813871095241e+00 1.236856901022333144e+00
1.271364634470201649e+00 2.452755406622239676e+00 2.075006118241980779e+00 2.281941739417740589e+00 1.263852155799622512e+00
1.280018005759280708e+00 2.420538749295224168e+00 2.093773962895491447e+00 2.282703052443816993e+00 1.296903043762413388e+00
1.288178182957655515e+00 2.385738892843593639e+00 2.112270746934943766e+00 2.284565569929136064e+00 1.329493763065126899e+00
1.307833420967130955e+00 2.354454034855980371e+00 2.130975938235736500e+00 2.293548872450321241e+00 1.357850511119589099e+00
1.337217524218093923e+00 2.335411079543597612e+00 2.133390942225402931e+00 2.317013411302327075e+00 1.384668359591658016e+00
1.342895226918618956e+00 2.333915062934539097e+00 2.107489075413872204e+00 2.335545509765839522e+00 1.408688478043536030e+00
1.327445329955130982e+00 2.337490515800098478e+00 2.080403821405984566e+00 2.327752611616082046e+00 1.435321187712796931e+00
1.317249991672483578e+00 2.337036582646734750e+00 2.097951812370994151e+00 2.291977059874721778e+00 1.447989605193532592e+00
1.304238510253548755e+00 2.337522544832251636e+00 2.122203601123605843e+00 2.259761996973649101e+00 1.465594019221588162e+00
1.288841811211599131e+00 2.339235879645307659e+00 2.145675796568966121e+00 2.228004137392514128e+00 1.484036014726609842e+00
1.261960916494588192e+00 2.322315564873022709e+00 2.154157184669038827e+00 2.189517970229609478e+00 1.494617207406433668e+00
1.255138115167909962e+00 2.277097416641921779e+00 2.167496483407422847e+00 2.155861567762028308e+00 1.490223372087779552e+00
1.275345972486709556e+00 2.252818418745347273e+00 2.189504654298231490e+00 2.178220458522261538e+00 1.486520879630271130e+00
1.287864770884552534e+00 2.221951602469860454e+00 2.181851692032626744e+00 2.193991305672648551e+00 1.522781748059306661e+00
1.293932385442276178e+00 2.195975801234930191e+00 2.168425846016313052e+00 2.201995652836324258e+00 1.561390874029653375e+00
1.300000000000000044e+00 2.169999999999999929e+00 2.154999999999999805e+00 2.209999999999999964e+00 1.600000000000000089e+00
