8.699999999999999956e-01 2.740000000000000213e+00 1.850000000000000089e+00 2.629999999999999893e+00 1.350000000000000089e+00
9.224944936468995049e-01 2.778776964585168763e+00 1.869033824275998512e+00 2.614333015151930173e+00 1.351765710361210404e+00
9.498568448726156799e-01 2.784069858832597610e+00 1.898608623160512598e+00 2.568558853439084189e+00 1.356421935515291999e+00
9.630400242617033202e-01 2.790895982603594838e+00 1.920657002257253554e+00 2.561236882696635853e+00 1.364930749972647739e+00
9.614049204339158994e-01 2.796301827446365351e+00 1.914594584880139561e+00 2.575257246951262680e+00 1.325003079284944763e+00
9.591560165923340708e-01 2.779471804020015036e+00 1.903308638094658889e+00 2.576071093997965189e+00 1.299675771804546409e+00
9.669116348038981901e-01 2.748287305520922263e+00 1.885011006898682728e+00 2.539975140599080472e+00 1.281168657547854473e+00
9.707916408845805867e-01 2.736466620752299850e+00 1.870678125106066902e+00 2.530428275973160002e+00 1.273505431251124920e+00
9.895893240494914034e-01 2.727210673378234862e+00 1.877009215486417526e+00 2.514449639138268910e+00 1.256785619102724016e+00
9.983687111776534673e-01 2.725186120957216129e+00 1.887041036838520425e+00 2.507987924935777269e+00 1.251622852469583602e+00
1.005864330492329817e+00 2.722342849943859999e+00 1.896773587968608510e+00 2.501539461386406593e+00 1.248623448542644843e+00
1.015615565123698660e+00 2.717086778941816050e+00 1.910924673811706498e+00 2.491803823096748527e+00 1.246598744302593431e+00
1.028956625215590170e+00 2.706808645549031667e+00 1.932570868532891728e+00 2.475600120245290636e+00 1.247124256051166835e+00
1.065942066029424540e+00 2.668521341995787388e+00 1.999492910674457002e+00 2.420325316383673098e+00 1.257374477816113778e+00
1.073137689793421279e+00 2.660561653195157028e+00 2.015085148281553717e+00 2.407294097953946110e+00 1.254971498718801870e+00
1.080889493775051280e+00 2.651656502667105730e+00 2.037910320368041095e+00 2.390366353154592005e+00 1.237822721502407575e+00
1.084606185259664679e+00 2.647571482550769684e+00 2.055459374441226839e+00 2.378750087607311769e+00 1.221400941350992531e+00
1.084885048875923630e+00 2.641604137481645243e+00 2.058148942965229544e+00 2.370737732072080828e+00 1.213415634120161180e+00
1.089824965503029652e+00 2.623093362317778787e+00 2.036543444493287058e+00 2.368121334609387230e+00 1.224699796438097010e+00
1.137847350257334744e+00 2.566826303838291246e+00 2.023177840542706551e+00 2.343294316791808107e+00 1.245853746898349712e+00
1.162047624244102018e+00 2.554127569885644711e+00 2.025310088701104405e+00 2.331033554200392821e+00 1.243759843591546677e+00
1.180404302728521149e+00 2.541766923454706451e+00 2.026796836878853814e+00 2.321192467063890597e+00 1.241469917368046572e+00
1.196013546178385178e+00 2.529748116480454723e+00 2.028745490302288346e+00 2.312951910937774080e+00 1.239537520889853806e+00
1.251288587806288710e+00 2.478575977213865578e+00 2.041788321631075931e+00 2.287757894243869217e+00 1.235829093961141156e+00
1.261286563683118089e+00 2.449417505534237094e+00 2.056503967793800403e+00 2.289098714472487917e+00 1.245091765587535981e+00
1.261648474004833265e+00 2.439944361945517670e+00 2.059856759564424600e+00 2.287253109043568156e+00 1.251812058548541495e+00
1.262475032574393641e+00 2.380232634371904687e+00 2.079334386101023391e+00 2.273407150951370692e+00 1.296857330494861626e+00
1.262494959205044065e+00 2.359562564586457967e+00 2.080707214999297783e+00 2.265181849615826692e+00 1.317762076316587816e+00
1.262570678762473086e+00 2.341082680979054143e+00 2.073796764582664043e+00 2.257824143919244797e+00 1.345294519448886339e+00
1.261131109787261728e+00 2.320452710932458196e+00 2.072671075495929216e+00 2.250284586074886573e+00 1.389113970966921352e+00
1.260406086441940854e+00 2.313413848236606896e+00 2.078260472136549630e+00 2.244331162537202218e+00 1.402384852990929298e+00
1.260139765301472980e+00 2.302292698863375175e+00 2.086237170735808721e+00 2.234069391455077103e+00 1.418010736884091072e+00
1.256833947376957195e+00 2.285722117128031527e+00 2.110826813692885828e+00 2.212452918217195030e+00 1.446265891612790400e+00
1.252501766089683777e+00 2.281653357694140904e+00 2.123864972092733616e+00 2.198529302194512702e+00 1.447899548599800745e+00
1.251199596449772411e+00 2.250655674089554914e+00 2.123082109781333493e+00 2.181077949049480047e+00 1.447346979807822898e+00
1.236468211872519429e+00 2.243424105533258661e+00 2.135663375494835314e+00 2.165565389232112281e+00 1.465635786501623183e+00
1.231189038510045908e+00 2.239229559043714346e+00 2.140238575423578649e+00 2.164181429885012165e+00 1.482116399881666435e+00
1.243275100557476254e+00 2.221602171468384679e+00 2.138490086080691910e+00 2.177393671461539171e+00 1.505319827024875323e+00
1.269712407077399297e+00 2.200113692239873409e+00 2.144348454004825655e+00 2.201420235669280689e+00 1.536783393419930199e+00
1.278476703271753889e+00 2.191729108466230702e+00 2.147892182837404462e+00 2.204066739757725379e+00 1.555085649618655363e+00
1.300000000000000044e+00 2.169999999999999929e+00 2.154999999999999805e+00 2.209999999999999964e+00 1.600000000000000089e+00
