8.699999999999999956e-01 2.740000000000000213e+00 1.850000000000000089e+00 2.629999999999999893e+00 1.350000000000000089e+00
8.995827738753680025e-01 2.758328731736558126e+00 1.861020454582019701e+00 2.618257037359438488e+00 1.358263335187505083e+00
9.295224966866131311e-01 2.783957736827160190e+00 1.869593405043712853e+00 2.607641377903556545e+00 1.360277698588441719e+00
9.542301907026087271e-01 2.792287720566116960e+00 1.882734500725377735e+00 2.587927433554582990e+00 1.349154946194040416e+00
9.619984478755752022e-01 2.776400727058378592e+00 1.901503803196689990e+00 2.567819294570994337e+00 1.332830260841235459e+00
9.682392855540458143e-01 2.767633690871923235e+00 1.929538719752022846e+00 2.559657631407434852e+00 1.329969979719611173e+00
9.784196143314439764e-01 2.773005504919810793e+00 1.947054217771527762e+00 2.554330677436788211e+00 1.354176544955648431e+00
9.936525827186015736e-01 2.745778417108776459e+00 1.949868589941775365e+00 2.525997797253672239e+00 1.360374229122924605e+00
1.010951788744546498e+00 2.711831325604244558e+00 1.949040955913789785e+00 2.499324521755041495e+00 1.357280263608721782e+00
1.034389709282571568e+00 2.678120510508454011e+00 1.951921548656434968e+00 2.480319895925756413e+00 1.362938322434338767e+00
1.061072561903883660e+00 2.653650955752018703e+00 1.960411805663133888e+00 2.464804289445470697e+00 1.355753943817890494e+00
1.062144111666689872e+00 2.659042801213051810e+00 1.960716375962474167e+00 2.453528353059797329e+00 1.322522803966782678e+00
1.057235751191452744e+00 2.668203899806122603e+00 1.958703501068352670e+00 2.445689476616780489e+00 1.290118319064399222e+00
1.062925842272442800e+00 2.640255104192967828e+00 1.971503859185623320e+00 2.427594594784563409e+00 1.270664150781415369e+00
1.076149932268243070e+00 2.608850141740245654e+00 1.984966717075981713e+00 2.405433647597950753e+00 1.261928605269476478e+00
1.088882430813828961e+00 2.584771780264005336e+00 1.992830698317946903e+00 2.379159353301274482e+00 1.245254177473941626e+00
1.099132267292890486e+00 2.559221772726384181e+00 1.994080852204016097e+00 2.352416239017338651e+00 1.226817474195502022e+00
1.122079640387143806e+00 2.531461092557656833e+00 1.992868582160305824e+00 2.332441525633800694e+00 1.221532253062435736e+00
1.155111143080548075e+00 2.539027061993478274e+00 2.003777428568498831e+00 2.334285489997558471e+00 1.230562623575335968e+00
1.188163302909390318e+00 2.543605631398803357e+00 2.015913162395035485e+00 2.329811810690646912e+00 1.237032000429855172e+00
1.214477459996321507e+00 2.536176475142178255e+00 2.033580792696537909e+00 2.320701224167589949e+00 1.247776381740903329e+00
1.223155553671917861e+00 2.515697473186963684e+00 2.057991176764886188e+00 2.317061021196974657e+00 1.261322847020728499e+00
1.227624821635962205e+00 2.480002300735846710e+00 2.074102403138633033e+00 2.319650156723818135e+00 1.280139034950508181e+00
1.236168727882251073e+00 2.456998357449000192e+00 2.096285633940216275e+00 2.319773222932429491e+00 1.297175902690683502e+00
1.248883605551794229e+00 2.438891387162980262e+00 2.114077417567302053e+00 2.315456785258281691e+00 1.319815764753398790e+00
1.259802170261083321e+00 2.415284322982878873e+00 2.112420660812162510e+00 2.307611351778217301e+00 1.348750194561308513e+00
1.263341081929380216e+00 2.394697598363487057e+00 2.097576774336955108e+00 2.303781968220619536e+00 1.375868331110930987e+00
1.256671472879799634e+00 2.372287400024831072e+00 2.109508722919884782e+00 2.277411932084763446e+00 1.388281951993316499e+00
1.252948595007120858e+00 2.361540355568022775e+00 2.130807390717194050e+00 2.251023219357708882e+00 1.395927455847190357e+00
1.250211869626279393e+00 2.352469489763242105e+00 2.152138041878651986e+00 2.225680304791127995e+00 1.405986096958328213e+00
1.251388974425020173e+00 2.350801748890229081e+00 2.174652930902920556e+00 2.204514681363953343e+00 1.402526607795872460e+00
1.259912617497176646e+00 2.345737311843389072e+00 2.186053621996981722e+00 2.203127866941901658e+00 1.388699673111806643e+00
1.270209828687348219e+00 2.317396422827589397e+00 2.174884444085630530e+00 2.218167751133747423e+00 1.408582105224177594e+00
1.275449667171665746e+00 2.286814787656105352e+00 2.163488998279781139e+00 2.212687555515924664e+00 1.433526351114939201e+00
1.276125170710861845e+00 2.253472821731372644e+00 2.151707348776191076e+00 2.201925270155017156e+00 1.455590461857489970e+00
1.264485113818935247e+00 2.222102464338327366e+00 2.148478269461772339e+00 2.195164554517245126e+00 1.479654806584540516e+00
1.241942314634930433e+00 2.197630884087427461e+00 2.158054781005365186e+00 2.184393289467406518e+00 1.492748770824890325e+00
1.246681382307652353e+00 2.181241597496917706e+00 2.141315290318015041e+00 2.166021750667121104e+00 1.510646859298844014e+00
1.257605378982391775e+00 2.205496005608821974e+00 2.144559715719837278e+00 2.188727099668071219e+00 1.532453158814063743e+00
1.254934872990506101e+00 2.199774388316072748e+00 2.133263226096643095e+00 2.187374343690114298e+00 1.562713629175922048e+00
1.275365703685962693e+00 2.171804609342395054e+00 2.142495799125041511e+00 2.194464708778962603e+00 1.582352375796478139e+00
1.300000000000000044e+00 2.169999999999999929e+00 2.154999999999999805e+00 2.209999999999999964e+00 1.600000000000000089e+00
