8.699999999999999956e-01 2.740000000000000213e+00 1.850000000000000089e+00 2.629999999999999893e+00 1.350000000000000089e+00
8.925136820359663714e-01 2.740616567718311192e+00 1.862738035530865366e+00 2.607734058512773956e+00 1.349743802314798957e+00
9.154260345592423187e-01 2.752673828274228907e+00 1.875063854345985881e+00 2.590375493614627267e+00 1.339669534861131606e+00
9.297729600720008314e-01 2.778115735006851494e+00 1.892469097175222936e+00 2.575497615417601693e+00 1.337908071086783224e+00
9.507175595814734148e-01 2.774069188293025512e+00 1.902991356692784963e+00 2.553934444540469695e+00 1.350161662516334182e+00
9.780055102216866914e-01 2.759152442442869280e+00 1.905161219267779371e+00 2.532730392079594051e+00 1.351193431932226074e+00
1.004389770253730330e+00 2.755221037087025593e+00 1.912869219815801269e+00 2.510643177176083540e+00 1.351690866986971384e+00
1.026857508172554834e+00 2.751231416487340375e+00 1.926403119804348751e+00 2.490389871166164948e+00 1.356136419173693763e+00
1.042375542155444812e+00 2.717960593855146101e+00 1.935327324421402651e+00 2.469536842891018935e+00 1.361276240645321156e+00
1.049289865418642664e+00 2.685055933478983192e+00 1.940384898123258095e+00 2.455321212026240651e+00 1.338787535119690508e+00
1.052778056793199024e+00 2.660337114756930355e+00 1.945477241661841772e+00 2.445380500527581269e+00 1.309478351340507718e+00
1.055895461492846410e+00 2.640036811516664805e+00 1.951089487682687640e+00 2.434629081714617005e+00 1.279248652603557801e+00
1.059861824670276675e+00 2.627334862117476355e+00 1.960530162691193290e+00 2.420528012164246512e+00 1.250607555561220385e+00
1.065403492260682761e+00 2.607382401668583150e+00 1.973193947121574476e+00 2.401486162036528427e+00 1.229672908635940809e+00
1.074074559737357104e+00 2.582601303246163660e+00 1.987224503508442375e+00 2.380141536015123460e+00 1.216743665719277390e+00
1.088749868352398620e+00 2.564854841663581464e+00 1.998654407297316915e+00 2.355517747336354883e+00 1.204863087806183897e+00
1.115596247207830682e+00 2.547931063371313698e+00 1.998555573444511513e+00 2.335400982633736966e+00 1.203717995441967892e+00
1.145687523618809989e+00 2.532105440063329826e+00 1.991986384824249612e+00 2.327528742279823870e+00 1.212195724191100998e+00
1.176876965434493716e+00 2.515099275633950082e+00 1.988169183550863917e+00 2.322635159230646451e+00 1.221298471313176037e+00
1.205280822134873864e+00 2.495918539239278644e+00 1.993648714934917354e+00 2.316896893162282201e+00 1.234427644457631201e+00
1.222640420141405393e+00 2.480344284608774874e+00 2.008852149450797153e+00 2.310956760506702956e+00 1.252825169963355023e+00
1.231980967325518428e+00 2.470033795319400483e+00 2.026721685329543110e+00 2.306197017808897076e+00 1.274406241223870806e+00
1.238682000106816616e+00 2.462375732967058806e+00 2.043998345676790951e+00 2.302404170344408030e+00 1.298455870022927394e+00
1.244186644566911415e+00 2.455439063379025733e+00 2.060784027013121467e+00 2.298706856272923815e+00 1.323578080308118743e+00
1.248376979888930816e+00 2.447865205682632439e+00 2.078749072466236747e+00 2.293957719778648485e+00 1.347101389258754889e+00
1.251264756972306769e+00 2.437990664128077078e+00 2.098458632014975844e+00 2.287338904005433271e+00 1.367126088271716000e+00
1.253317766069443673e+00 2.421448276254857923e+00 2.115958175601889479e+00 2.279288200967806155e+00 1.388967231972933147e+00
1.253812190299403495e+00 2.396224787199133566e+00 2.116588303403908355e+00 2.273029853684785717e+00 1.418062922829083305e+00
1.253142850990391466e+00 2.377730774475296904e+00 2.098554358646321560e+00 2.264880178046206005e+00 1.437575017257435528e+00
1.253583819313121239e+00 2.362005865582509578e+00 2.078480200770538744e+00 2.246997080871348640e+00 1.447259547300926430e+00
1.254425625928892618e+00 2.340886670564862548e+00 2.060535067675923759e+00 2.224202651280670739e+00 1.451249211914098947e+00
1.253681074566281195e+00 2.310560940002577723e+00 2.048673807716195228e+00 2.198936702034293589e+00 1.460332441748625643e+00
1.250670755370700160e+00 2.290532128489750185e+00 2.058260217338665043e+00 2.182862098703472586e+00 1.484608217162660670e+00
1.249725026150028118e+00 2.285985187662479490e+00 2.079117764130690826e+00 2.183384768700169509e+00 1.504238640086453138e+00
1.244191556599482551e+00 2.263091509890404307e+00 2.087141632789172974e+00 2.181663890922691973e+00 1.532693730218062989e+00
1.234106976946151235e+00 2.225374204593407068e+00 2.073336028204491477e+00 2.171339538425737903e+00 1.543597748358422228e+00
1.226892644993589521e+00 2.174416466765789036e+00 2.072424877977317337e+00 2.163377281888017922e+00 1.543289329095188567e+00
1.239307947948678379e+00 2.186734938772510350e+00 2.094411424892322682e+00 2.173520405232813424e+00 1.544095782842603626e+00
1.258179550697387850e+00 2.195839271838980977e+00 2.111977112378811583e+00 2.188788769806191858e+00 1.547298023504868780e+00
1.276853312711313970e+00 2.162282792927123776e+00 2.115496318110115403e+00 2.197353682806481689e+00 1.565377223652020477e+00
1.289177460574501000e+00 2.163562430501545286e+00 2.134396706479792183e+00 2.203373921755150011e+00 1.584351670194347861e+00
1.300000000000000044e+00 2.169999999999999929e+00 2.154999999999999805e+00 2.209999999999999964e+00 1.600000000000000089e+00
