8.699999999999999956e-01 2.740000000000000213e+00 1.850000000000000089e+00 2.629999999999999893e+00 1.350000000000000089e+00
8.914134712234047520e-01 2.766524070165425897e+00 1.876923828513832326e+00 2.609170165293979604e+00 1.327747563880904647e+00
9.221714548366328756e-01 2.792899221471909499e+00 1.898618680913295442e+00 2.593916961307608737e+00 1.307095573300063096e+00
9.506198892093532526e-01 2.813137647072451841e+00 1.931740616051869752e+00 2.588005201490501062e+00 1.309439975010802337e+00
9.799795618867153113e-01 2.839443380226541969e+00 1.958742099225220246e+00 2.585835801588010963e+00 1.291015598975345124e+00
9.691769794747611133e-01 2.804959392240899518e+00 1.939587295708117498e+00 2.566046493253665961e+00 1.264955423809651647e+00
9.738905928117114197e-01 2.758891581881635080e+00 1.914439894340220993e+00 2.537426247679887670e+00 1.253963878711319868e+00
9.897213985830751737e-01 2.728490326532992061e+00 1.904688529430604849e+00 2.503372816477608787e+00 1.226468873494920730e+00
1.015981087400945171e+00 2.719048654434065071e+00 1.923539238834684362e+00 2.476325788093034497e+00 1.199375766581212366e+00
1.043445018799169954e+00 2.711234232014755108e+00 1.944873819777356072e+00 2.449945017251054846e+00 1.175655937278336616e+00
1.071306826776690091e+00 2.710023714127608674e+00 1.977577591936812151e+00 2.429587235521696531e+00 1.175736071698464613e+00
1.077671254295731407e+00 2.675284624808071055e+00 2.006137732034297461e+00 2.397432672235991991e+00 1.187696624378009158e+00
1.069579272635991396e+00 2.641808101083832128e+00 1.988372368518422695e+00 2.392077226388941824e+00 1.227295278318268013e+00
1.112527521479132586e+00 2.623483215211400044e+00 1.999280127071016544e+00 2.376815172467101167e+00 1.224803196290433549e+00
1.151113341704576687e+00 2.591139143901198150e+00 2.006203366862608473e+00 2.355344395627206655e+00 1.220204016077669262e+00
1.187894250581528643e+00 2.554660489712035520e+00 2.011623486768227220e+00 2.332272172372352514e+00 1.215618854778380165e+00
1.226497023917464402e+00 2.526655077655034720e+00 2.027001178641924639e+00 2.314946516513632702e+00 1.212083337940477179e+00
1.266899019412463856e+00 2.502376441805592044e+00 2.031316243420269618e+00 2.292064513596352882e+00 1.206452429324037734e+00
1.272181126404344109e+00 2.444279691632842422e+00 2.044772053315572879e+00 2.266725080867203701e+00 1.220645730886717573e+00
1.274023760603970157e+00 2.413549157795291222e+00 2.070764689424664962e+00 2.270112649952690909e+00 1.256651834856440608e+00
1.278872280760050106e+00 2.385021754372855796e+00 2.104843586320947590e+00 2.266540117426376177e+00 1.282685298116488237e+00
1.279054589888199533e+00 2.369606818815793936e+00 2.128410820905270562e+00 2.259241728626120604e+00 1.324376971339392473e+00
1.277221305944192364e+00 2.367602900492423057e+00 2.147470086608639139e+00 2.240741319226629891e+00 1.367533155168701553e+00
1.273928561617861943e+00 2.362447559424023957e+00 2.167572222137733817e+00 2.213226876530015375e+00 1.405705877946216376e+00
1.264103889584884843e+00 2.349229647916835084e+00 2.182445401051760214e+00 2.182438133121334278e+00 1.442847876916476091e+00
1.239099794360775331e+00 2.336647202296623149e+00 2.189476113268996382e+00 2.147133818312709330e+00 1.470308951774079720e+00
1.261422970378046626e+00 2.330105518751886429e+00 2.226361443484942804e+00 2.145614646553671623e+00 1.470057080383592174e+00
1.270270307104541363e+00 2.327780773819538851e+00 2.189512366398662646e+00 2.162428101330065466e+00 1.474199924310623189e+00
1.264432446627230533e+00 2.325656836411083450e+00 2.145867211543407649e+00 2.171847704920862210e+00 1.479345506305061342e+00
1.271437060442626166e+00 2.273366544897921226e+00 2.123511038782295302e+00 2.161557955725324831e+00 1.500200510379090302e+00
1.284960786948854849e+00 2.222456145393869154e+00 2.144237831485555024e+00 2.153675630988458156e+00 1.525335904054068159e+00
1.295345235565043440e+00 2.185597111412574733e+00 2.156133789038765070e+00 2.173183296016737209e+00 1.562690990253824186e+00
1.300000000000000044e+00 2.169999999999999929e+00 2.154999999999999805e+00 2.209999999999999964e+00 1.600000000000000089e+00
