8.699999999999999956e-01 2.740000000000000213e+00 1.850000000000000089e+00 2.629999999999999893e+00 1.350000000000000089e+00
8.973365881952580780e-01 2.754894465185754537e+00 1.857753809910328568e+00 2.604585391431575303e+00 1.352806172313836486e+00
9.206934972939097017e-01 2.773556769614460737e+00 1.871105219755038629e+00 2.585041729308880765e+00 1.362000651807083074e+00
9.369982114732613443e-01 2.796048785691716887e+00 1.891506383121790424e+00 2.574305917655905329e+00 1.360877909157452326e+00
9.462558451391468450e-01 2.798523085918504627e+00 1.904935413922075105e+00 2.568053388534573322e+00 1.333028109697187880e+00
9.651708284798817816e-01 2.761993939388828867e+00 1.916154341243977877e+00 2.568435933230562185e+00 1.329693319956438913e+00
9.924629008123218021e-01 2.755279432566041020e+00 1.922510219379497398e+00 2.545519299758270293e+00 1.319701915791697378e+00
1.009828168385101144e+00 2.750530860576835490e+00 1.937265855393708769e+00 2.520943949954410623e+00 1.304746028526453161e+00
1.024649048872334101e+00 2.744541310875653117e+00 1.951396817654083016e+00 2.496786599529854378e+00 1.286316263388522341e+00
1.039315544943759884e+00 2.734189533510099857e+00 1.963478370349549085e+00 2.472734788732800393e+00 1.266271736048186325e+00
1.053578076231940441e+00 2.712657226606109084e+00 1.971112226580112203e+00 2.449490591375470760e+00 1.245284985262302246e+00
1.064829557702122287e+00 2.677720709121452547e+00 1.976216529834313951e+00 2.428425790456747002e+00 1.227188364173996016e+00
1.071777122489134815e+00 2.637400443936788186e+00 1.987007869203773369e+00 2.409634174009877228e+00 1.216343925294545159e+00
1.078210008269860465e+00 2.602150045994717775e+00 2.004857462717517080e+00 2.394258460237269404e+00 1.212707956697964828e+00
1.090670913200356695e+00 2.570467060876671983e+00 2.023143074591592150e+00 2.381121434993510366e+00 1.214146772173207989e+00
1.112065355022543223e+00 2.539818250674318101e+00 2.035966488934070728e+00 2.366632549262603913e+00 1.220317233926064837e+00
1.138929866439160943e+00 2.512210727974791613e+00 2.042480248180349456e+00 2.349115375000624173e+00 1.227236208866411049e+00
1.167365294507145768e+00 2.486496938536847612e+00 2.046771687518271321e+00 2.329498879799805078e+00 1.230549644584260083e+00
1.195270794545015391e+00 2.459917183478281810e+00 2.051676226826345317e+00 2.309697090950987963e+00 1.232403130347899944e+00
1.221109751463295590e+00 2.431050223734587679e+00 2.058246130845308830e+00 2.290880807713959300e+00 1.238294373562873529e+00
1.242364416293459950e+00 2.401617820103782996e+00 2.067278118677631671e+00 2.274276399583079922e+00 1.251814791517846581e+00
1.256390002474140122e+00 2.376131841465260131e+00 2.075955869854885005e+00 2.263355148823474217e+00 1.276146292392909887e+00
1.262606996713443674e+00 2.355734515983266331e+00 2.080710721609879688e+00 2.263417691673258680e+00 1.307949295881014384e+00
1.265030053975120250e+00 2.335927049759670027e+00 2.085050564212586277e+00 2.271051213810768576e+00 1.339974143141590579e+00
1.268952687260753276e+00 2.318592687402350805e+00 2.091486429616444376e+00 2.271434569450483831e+00 1.372082534835302958e+00
1.272354039467149978e+00 2.313332617501774102e+00 2.100437828118832506e+00 2.255233152947447195e+00 1.402394642163709904e+00
1.270213451588694475e+00 2.311917798427484794e+00 2.105422150236940126e+00 2.225745215704135305e+00 1.428488889654136118e+00
1.266571171462803180e+00 2.309419274472275685e+00 2.113490248348794509e+00 2.193290129575216074e+00 1.450609675206351978e+00
1.259382277702023822e+00 2.297434894553029849e+00 2.122028110470564055e+00 2.166935935335950525e+00 1.475036571722881718e+00
1.249695888895609786e+00 2.274953428269323119e+00 2.125425478702993587e+00 2.156468483231684274e+00 1.504829945233819632e+00
1.243209028019723217e+00 2.252075719308757051e+00 2.128129272453360699e+00 2.146287129084770040e+00 1.535454591858545825e+00
1.251158177636253477e+00 2.220625899577207907e+00 2.126637090265440122e+00 2.129783067383447026e+00 1.558915532482072042e+00
1.275328587208571118e+00 2.199715242515925873e+00 2.126868044785734657e+00 2.157878243007651520e+00 1.566955428702366149e+00
1.288307927577207135e+00 2.184188181403819318e+00 2.140217518062160984e+00 2.184205260283960559e+00 1.583638553341992328e+00
1.300000000000000044e+00 2.169999999999999929e+00 2.154999999999999805e+00 2.209999999999999964e+00 1.600000000000000089e+00
