8.699999999999999956e-01 2.740000000000000213e+00 1.850000000000000089e+00 2.629999999999999893e+00 1.350000000000000089e+00
9.108454908114568260e-01 2.804888434031585831e+00 1.849106930648765523e+00 2.597703485285748570e+00 1.346135042344343447e+00
9.422228275263473396e-01 2.800251938549997544e+00 1.877191538835747409e+00 2.577578213847871336e+00 1.307345012631386139e+00
9.660539171792659197e-01 2.771695250457280935e+00 1.913683575595599207e+00 2.580890712926848352e+00 1.283703130844083162e+00
9.808817194793409966e-01 2.744961999364278427e+00 1.915183950854301376e+00 2.549011743365234839e+00 1.224571088750542991e+00
9.944101781574499199e-01 2.713131229718822812e+00 1.915008233753608291e+00 2.503823167029237240e+00 1.174206264082093387e+00
1.018411611503730940e+00 2.669961092922118251e+00 1.927213020387771314e+00 2.451064731039851008e+00 1.164983466202124340e+00
1.043404683971808078e+00 2.644496073582808471e+00 1.955047335760639715e+00 2.432103865673052923e+00 1.205650820047065697e+00
1.075168844622327757e+00 2.618128567532979734e+00 1.991402041539245049e+00 2.413164528844548240e+00 1.209690158215670497e+00
1.128276905195354285e+00 2.602649836575528397e+00 2.016214471310717293e+00 2.402382530428352592e+00 1.202878340766171616e+00
1.185244550140532205e+00 2.589775569040857928e+00 2.032567033789038469e+00 2.379101221091904250e+00 1.198811569719375747e+00
1.231382676616895822e+00 2.550306876644005349e+00 2.050292842981500385e+00 2.346579277418497256e+00 1.206095491541855136e+00
1.249942833577564638e+00 2.502327910482720075e+00 2.084927768980013862e+00 2.325095122125721669e+00 1.222917702390232897e+00
1.267539103698776648e+00 2.419816124567676585e+00 2.074268184717144692e+00 2.326939535184040952e+00 1.193366926786222137e+00
1.267799151336833630e+00 2.400663543023540569e+00 2.076539161135026568e+00 2.292848469052183091e+00 1.252967223926047646e+00
1.284934028504078896e+00 2.353334634908739620e+00 2.072265109713562925e+00 2.297373168615550298e+00 1.311599509102569172e+00
1.300760722246930845e+00 2.298908962152292457e+00 2.064018434417387748e+00 2.294132908273756044e+00 1.366505170802059910e+00
1.287028298621789579e+00 2.231493225747081866e+00 2.091745503190879152e+00 2.289360519655853299e+00 1.370413358455633057e+00
1.275095028132359865e+00 2.205373650101583483e+00 2.098627913646854637e+00 2.221502999189697736e+00 1.390816697815796310e+00
1.270610567632828980e+00 2.206142781876841319e+00 2.096115087244106334e+00 2.163370507076367133e+00 1.433150063721774892e+00
1.270710045911602526e+00 2.219112995789824350e+00 2.119119263847142776e+00 2.158705363959512624e+00 1.492985372152846102e+00
1.283939416760768726e+00 2.210809238559243717e+00 2.143534486873448053e+00 2.188995839324375137e+00 1.543777988316650029e+00
1.300000000000000044e+00 2.169999999999999929e+00 2.154999999999999805e+00 2.209999999999999964e+00 1.600000000000000089e+00
