8.699999999999999956e-01 2.740000000000000213e+00 1.850000000000000089e+00 2.629999999999999893e+00 1.350000000000000089e+00
8.966405747280465910e-01 2.758595110252865190e+00 1.859410590340518254e+00 2.622414118775885150e+00 1.349825524024510282e+00
9.217969326449551026e-01 2.777489038929969567e+00 1.865820747910179600e+00 2.611363545306013556e+00 1.340943411675160180e+00
9.473357024487861766e-01 2.789405013090854091e+00 1.877525265740354055e+00 2.601935691216836322e+00 1.335833910066384078e+00
9.621821429392473091e-01 2.820781743050331691e+00 1.875751662574859147e+00 2.587274537444067768e+00 1.321763891946916569e+00
9.607105879484099109e-01 2.838875313166234537e+00 1.870956899870165335e+00 2.585654648669161393e+00 1.292744432603012861e+00
9.635740382677039362e-01 2.816079492684276708e+00 1.876025019400405336e+00 2.577519419785695654e+00 1.266454158365130089e+00
9.772924122916968326e-01 2.812691960604282393e+00 1.899396912894356415e+00 2.575051875680500313e+00 1.267946491321414015e+00
9.906234693904533151e-01 2.816847364173497681e+00 1.920114629079893165e+00 2.563435037263659844e+00 1.260103875922933270e+00
1.003645256816080522e+00 2.807917609852188079e+00 1.936049426309849109e+00 2.544501693207015691e+00 1.249765353499585618e+00
1.016020966676735027e+00 2.794353624829135185e+00 1.949353524328710119e+00 2.523484244757212558e+00 1.238694425861942783e+00
1.028030316384454412e+00 2.779312032230328633e+00 1.961513982202434114e+00 2.501710324038640465e+00 1.227338447410198041e+00
1.039454032587060039e+00 2.764041667992723106e+00 1.972355066052045469e+00 2.478900498735666424e+00 1.215439214675723134e+00
1.049529584847793240e+00 2.749501764168988061e+00 1.980750440769448950e+00 2.454184951571033224e+00 1.202684188470955151e+00
1.059676287998497779e+00 2.735995826985453849e+00 1.990664420280275237e+00 2.429474158294942843e+00 1.191226959707072153e+00
1.072670239245212098e+00 2.723406295996749549e+00 2.010072320238584176e+00 2.414220182209455334e+00 1.187422889802504100e+00
1.085743424939818347e+00 2.705905151246922546e+00 2.030166798815527418e+00 2.401947248492824816e+00 1.187235673740970165e+00
1.094188218245720323e+00 2.673562896317821735e+00 2.040798747824016601e+00 2.381625659095318426e+00 1.189351754510456827e+00
1.092118362250862784e+00 2.638929747118925029e+00 2.041317113226550628e+00 2.363777474045241522e+00 1.205357995086228096e+00
1.098256950203277071e+00 2.613859288254552826e+00 2.028613282072341928e+00 2.351831734737363622e+00 1.222160119349551044e+00
1.125167889490472195e+00 2.604252691738838887e+00 2.018509004900021164e+00 2.344801809984891960e+00 1.217050034520043011e+00
1.154598124480328281e+00 2.591945392623594469e+00 2.022307550480765492e+00 2.337312001177979326e+00 1.220796120610526891e+00
1.180218171330797539e+00 2.576511538999390893e+00 2.030124489986014247e+00 2.329097752555875811e+00 1.231779016499415347e+00
1.204280404995876408e+00 2.560165368968568167e+00 2.039376031751319207e+00 2.320110613154578338e+00 1.243538519093043471e+00
1.227572325492601202e+00 2.545728395058424631e+00 2.051884967098922985e+00 2.312084134607544694e+00 1.253812024280622550e+00
1.246867922416413421e+00 2.532690260996409037e+00 2.069870950761016903e+00 2.307067814515664228e+00 1.262825613548920201e+00
1.259770974102257357e+00 2.508935222038513047e+00 2.089802868187855545e+00 2.302262691838136810e+00 1.268464120280009322e+00
1.267567135617170937e+00 2.463574764205499257e+00 2.096298516616132979e+00 2.292622471993429389e+00 1.260750804143485171e+00
1.262395130961980305e+00 2.424001224457636550e+00 2.098879925948110348e+00 2.277714167502486564e+00 1.274118435735958732e+00
1.258574115087753409e+00 2.403625658051455893e+00 2.104991002811239298e+00 2.267595331708267992e+00 1.300349151543647164e+00
1.255923150534234978e+00 2.391621437103417236e+00 2.111047540023167635e+00 2.262638223475283539e+00 1.329782837278197016e+00
1.254114721812891187e+00 2.384218409270661532e+00 2.116143965981994945e+00 2.261830656128854145e+00 1.360425449759466776e+00
1.255829273478958452e+00 2.368079123369914996e+00 2.124324353161119117e+00 2.258875759783092185e+00 1.388357572841472320e+00
1.261808955906886798e+00 2.340371854024700937e+00 2.138507694941591097e+00 2.248358833769849241e+00 1.405709311532548522e+00
1.266391641367907939e+00 2.317670992175616895e+00 2.154893317386293194e+00 2.236992506093507860e+00 1.422594061773831076e+00
1.266815716032795303e+00 2.299499206447186861e+00 2.167101337833202468e+00 2.230683654580089215e+00 1.447502658079714344e+00
1.263673410365472094e+00 2.278995228313729804e+00 2.166487290061734683e+00 2.227999589578418593e+00 1.476236356923797510e+00
1.265419539362530266e+00 2.256598902122457950e+00 2.155202209463843666e+00 2.220611482425810301e+00 1.500082735412528345e+00
1.279120042463258500e+00 2.229010206803347049e+00 2.151602552507706712e+00 2.206812508533519068e+00 1.518632201494837686e+00
1.292036863737506147e+00 2.202936818623042026e+00 2.156330880268585215e+00 2.201597080526718653e+00 1.541755917686006283e+00
1.298899716455210296e+00 2.183745170664404878e+00 2.158015060135006102e+00 2.203387226661704279e+00 1.570326979304690340e+00
1.300000000000000044e+00 2.169999999999999929e+00 2.154999999999999805e+00 2.209999999999999964e+00 1.600000000000000089e+00
