8.699999999999999956e-01 2.740000000000000213e+00 1.850000000000000089e+00 2.629999999999999893e+00 1.350000000000000089e+00
8.937337556506329550e-01 2.761280824312281279e+00 1.865687827222309192e+00 2.622039082015061418e+00 1.341925798098329237e+00
9.193281811152943517e-01 2.749705185594510048e+00 1.882071842262261985e+00 2.611549700228062765e+00 1.339011823954144864e+00
9.453512032569574286e-01 2.764578752033634235e+00 1.886704392360311733e+00 2.613196825498841136e+00 1.358432820971366972e+00
9.610746591218914947e-01 2.806637331381724554e+00 1.896993800253953477e+00 2.600062645407776873e+00 1.357346324786994129e+00
9.690026447184314495e-01 2.811051337922751081e+00 1.916806264235727308e+00 2.573469455588834442e+00 1.352099468905434421e+00
9.777877464639928018e-01 2.788501419004425941e+00 1.932846987557625962e+00 2.546722113930883324e+00 1.345761334438774215e+00
9.927184877944906782e-01 2.761013830198918217e+00 1.941220919848578363e+00 2.522407143140138697e+00 1.332449140936930121e+00
1.012216314524019278e+00 2.741090278201251174e+00 1.944090084435287524e+00 2.500494439442247696e+00 1.314238059314223772e+00
1.035552149652523513e+00 2.764679365445443793e+00 1.942206454551535622e+00 2.497143926412854764e+00 1.308291317360827932e+00
1.022025988060187629e+00 2.792107216360738331e+00 1.942535679563708984e+00 2.512652296486296954e+00 1.325795821496183802e+00
1.023266458184941552e+00 2.788705738373493226e+00 1.959384414766167204e+00 2.482987293074175206e+00 1.329297659050230562e+00
1.038099968974168563e+00 2.768870364853390775e+00 1.967957321909421298e+00 2.456475844619845361e+00 1.315272957438834656e+00
1.051048962726410130e+00 2.740707025695915178e+00 1.969637450632776954e+00 2.439056352207489287e+00 1.292682565493506575e+00
1.057220298987904039e+00 2.702596716336017835e+00 1.965701216353781922e+00 2.431277388123544547e+00 1.268879051194802043e+00
1.059407162556917692e+00 2.654345254504081097e+00 1.960605996444247268e+00 2.421749382208910895e+00 1.253951487178257773e+00
1.064894781318253214e+00 2.616170469955927835e+00 1.951118152448484633e+00 2.401294330057115900e+00 1.240367334804298727e+00
1.072596961258566406e+00 2.585767586620870695e+00 1.953493278413619638e+00 2.376862126936837960e+00 1.221136992787233977e+00
1.087733574856699859e+00 2.563777320819646377e+00 1.961019063320697642e+00 2.362331638179884230e+00 1.197231931165154695e+00
1.112818580557269676e+00 2.553102113898918724e+00 1.977395184556419050e+00 2.349239158470573408e+00 1.195205448225874933e+00
1.135403090599081954e+00 2.548700390503864988e+00 1.995529598560715989e+00 2.339485036716452360e+00 1.206852963478199481e+00
1.156960179739119798e+00 2.543991257893158497e+00 2.013461067110486447e+00 2.333052945432888770e+00 1.222168236539320718e+00
1.179491296989013227e+00 2.534439578438615115e+00 2.029133006788241822e+00 2.329104889857252836e+00 1.239502719553798205e+00
1.202214542637302097e+00 2.516223430405092998e+00 2.040682062931880481e+00 2.326490087729013112e+00 1.258933250416201854e+00
1.221718060072118028e+00 2.490144307086145758e+00 2.053133517555076004e+00 2.322545568852111497e+00 1.277484704489233680e+00
1.235176411444826261e+00 2.460569124281347886e+00 2.068379410289236997e+00 2.315546056572496791e+00 1.295601894765541218e+00
1.243839473126191031e+00 2.431252171812152696e+00 2.080541241359895821e+00 2.307679042925454560e+00 1.319355642372682658e+00
1.253398596393753284e+00 2.407186997050465571e+00 2.091910836307883326e+00 2.301594562992573145e+00 1.345993668052495984e+00
1.261684961067929489e+00 2.395400474616018016e+00 2.115743737214744513e+00 2.288899610499541826e+00 1.350855203903624790e+00
1.262860326514787301e+00 2.382304606304105565e+00 2.138666442544288060e+00 2.267337300511608866e+00 1.354375361497707431e+00
1.260303674165059951e+00 2.366751664412153566e+00 2.157781868405683312e+00 2.242353529059243566e+00 1.364847258896734195e+00
1.255386326107510664e+00 2.353400733147038792e+00 2.170382562010154448e+00 2.218506439316161316e+00 1.386441931575378872e+00
1.249295814811100858e+00 2.343764988506657154e+00 2.161187242649595497e+00 2.207266939402981354e+00 1.415607174340562935e+00
1.244610165334934626e+00 2.324845200668002043e+00 2.142107689329816100e+00 2.199508966683019651e+00 1.437449895822368040e+00
1.241436905197709439e+00 2.293939963057854303e+00 2.122931627871211369e+00 2.187248270041118658e+00 1.451012478995976407e+00
1.243382063699786988e+00 2.268267142231459310e+00 2.102046236214295316e+00 2.189340870864600941e+00 1.441447539728658800e+00
1.254607062565769704e+00 2.264108526968283464e+00 2.123492406098153040e+00 2.206899282520764949e+00 1.452466700121494592e+00
1.261521088901013110e+00 2.245614817360279236e+00 2.139984469866120342e+00 2.208097602184766028e+00 1.477465080362019734e+00
1.268457125513760886e+00 2.216775965763625234e+00 2.144130905889662930e+00 2.206265725474615635e+00 1.506542340259761970e+00
1.276063387994191389e+00 2.200597189276183308e+00 2.141418808675436214e+00 2.202118150356791926e+00 1.539185781384297069e+00
1.287351977091154787e+00 2.188912484545128656e+00 2.147107897104166163e+00 2.204167191650444835e+00 1.571135795395234513e+00
1.300000000000000044e+00 2.169999999999999929e+00 2.154999999999999805e+00 2.209999999999999964e+00 1.600000000000000089e+00
