8.699999999999999956e-01 2.740000000000000213e+00 1.850000000000000089e+00 2.629999999999999893e+00 1.350000000000000089e+00
8.935410229545880378e-01 2.749843677005050058e+00 1.865108156655905125e+00 2.619346924338332716e+00 1.355243424011897568e+00
9.168513875285880799e-01 2.756511695465657219e+00 1.880033866828307199e+00 2.605408619352420185e+00 1.356891169737278524e+00
9.375796560786620049e-01 2.768668861587171737e+00 1.896261820708665446e+00 2.590633896413699677e+00 1.357626652010574642e+00
9.533898806564373718e-01 2.780347745931602166e+00 1.914558303622686086e+00 2.572584165748842189e+00 1.358073215715524418e+00
9.666533238382646331e-01 2.788955833002507489e+00 1.932930540408421827e+00 2.551633482712690526e+00 1.359764878470179905e+00
9.828634841657906129e-01 2.790208014688109639e+00 1.947959243609502789e+00 2.528666429914526503e+00 1.363583924081838150e+00
1.003422204976668120e+00 2.777866856722397859e+00 1.955976428686896584e+00 2.506002519034689513e+00 1.366283243061361619e+00
1.023605071114977338e+00 2.755437728813149079e+00 1.958899923273129895e+00 2.485554970159664645e+00 1.360847819793155056e+00
1.037743069540651764e+00 2.734530346169688375e+00 1.961204302254317522e+00 2.468063261408615983e+00 1.343081359065749769e+00
1.044087569687599082e+00 2.723597471250741364e+00 1.961929259013463822e+00 2.454302129156365808e+00 1.317228118892259436e+00
1.046530067821580534e+00 2.717679798939888869e+00 1.958108249392965794e+00 2.441480212266666339e+00 1.289952790209055067e+00
1.049052904711080814e+00 2.704140581005296529e+00 1.952198088517332897e+00 2.425483882530563129e+00 1.265524372962191224e+00
1.054852784017137557e+00 2.676694927509456701e+00 1.953184897074345949e+00 2.406230412181775247e+00 1.248298888019949482e+00
1.063788862864777585e+00 2.645379394391691008e+00 1.961274737916838262e+00 2.387334957600730778e+00 1.236999560116658348e+00
1.075025237932983213e+00 2.615569996190873603e+00 1.970446588926881848e+00 2.367869700650297116e+00 1.227385519606852382e+00
1.089877391354835412e+00 2.588161185601866254e+00 1.980728313866324308e+00 2.349979321970775636e+00 1.218758916501459399e+00
1.110900554122444372e+00 2.559905710796299694e+00 1.990497961325715659e+00 2.340687182800566202e+00 1.213489023983538306e+00
1.135871897244957740e+00 2.533384474191338498e+00 1.987231189635960682e+00 2.339698691557750454e+00 1.217389094070933986e+00
1.158530237086353276e+00 2.518720185156792635e+00 1.994238877375640540e+00 2.333374570925214275e+00 1.232417241100908667e+00
1.175330889917179489e+00 2.511901509024034862e+00 2.010944639006766899e+00 2.324362098202378490e+00 1.248043300667346145e+00
1.190715755650390228e+00 2.506229315094763876e+00 2.029403403687669805e+00 2.315368482319045462e+00 1.263022365771874433e+00
1.206722064696035046e+00 2.500590247256234022e+00 2.048586044951197671e+00 2.307371029037542431e+00 1.276722061166170707e+00
1.223562571547233357e+00 2.487708227312948051e+00 2.067239076469261416e+00 2.304536244686076429e+00 1.289943016525130437e+00
1.236840821156686587e+00 2.464999554333200837e+00 2.081306321058027820e+00 2.306792814402513603e+00 1.307618077738026630e+00
1.245347483512610820e+00 2.439235565615319956e+00 2.089220869006914505e+00 2.310947811832978704e+00 1.330073608304512822e+00
1.251061822819202307e+00 2.414338905878874453e+00 2.092793847221630088e+00 2.314301543098318259e+00 1.355056191082596895e+00
1.255362563918242857e+00 2.390891198484849323e+00 2.095597839535781937e+00 2.314566645911795728e+00 1.381098467758072434e+00
1.258845840177216013e+00 2.369212003950868617e+00 2.104525824635492093e+00 2.303736296557746144e+00 1.403852692260344481e+00
1.257643380316117998e+00 2.353767826067173274e+00 2.118749234488430222e+00 2.277943302558730121e+00 1.408590311775010706e+00
1.253185211488569539e+00 2.342218192359646345e+00 2.132873112848871600e+00 2.249738330354640770e+00 1.404470324512716584e+00
1.251759992949913691e+00 2.329808787966179739e+00 2.150217054428276597e+00 2.223918452418745417e+00 1.404836663554488219e+00
1.257034181788148075e+00 2.316672344443537312e+00 2.170522249649469604e+00 2.207357049087085077e+00 1.415464104327870176e+00
1.264930200544612582e+00 2.306897889964552917e+00 2.188061392828805740e+00 2.202403699214001698e+00 1.435998308903339460e+00
1.267132684929930031e+00 2.287160023413333576e+00 2.182369075393722824e+00 2.189363507420368560e+00 1.457935539651745716e+00
1.260833099060628237e+00 2.270120086429228135e+00 2.158291979633885305e+00 2.189300292692280436e+00 1.464744021014214859e+00
1.258571541152196938e+00 2.260725900731495486e+00 2.148377732623695469e+00 2.201441581196215580e+00 1.489809505706110482e+00
1.267146609667860968e+00 2.254119541894643586e+00 2.154274072166290299e+00 2.216447744209907089e+00 1.514430898751721211e+00
1.283632671286620175e+00 2.224692897556451499e+00 2.163324574975211245e+00 2.225431043478597992e+00 1.526547045912205691e+00
1.282688075207944145e+00 2.193359322471672090e+00 2.153258848113569712e+00 2.214328244620479058e+00 1.544541019493496536e+00
1.290592449741209347e+00 2.178862680125525753e+00 2.150969276655812834e+00 2.212266567061424993e+00 1.572159735704345973e+00
1.300000000000000044e+00 2.169999999999999929e+00 2.154999999999999805e+00 2.209999999999999964e+00 1.600000000000000089e+00
