8.699999999999999956e-01 2.740000000000000213e+00 1.850000000000000089e+00 2.629999999999999893e+00 1.350000000000000089e+00
8.996710496519626510e-01 2.744378676698265185e+00 1.846870227846610701e+00 2.610928153429304288e+00 1.361611645004885629e+00
9.265933452227328448e-01 2.756900184925112907e+00 1.852348833996444011e+00 2.587061814200271037e+00 1.366688076847661693e+00
9.488371238685563425e-01 2.777544962932921191e+00 1.865458129015440392e+00 2.566460242335623310e+00 1.362548012741351178e+00
9.615591477988091329e-01 2.774006103834342429e+00 1.876192153813550645e+00 2.550773354659471082e+00 1.336703365468685956e+00
9.626614813180990327e-01 2.748545600351473439e+00 1.878148937330209156e+00 2.543476461349143403e+00 1.306364556038351887e+00
9.620603933748682612e-01 2.721285534652159388e+00 1.890228296513329909e+00 2.538674831713285673e+00 1.279937383660818107e+00
9.707458873305030433e-01 2.715063698094284828e+00 1.914117483685856991e+00 2.531990435568066911e+00 1.265681264626886460e+00
9.871175123206867852e-01 2.717295686744185090e+00 1.937185818527721093e+00 2.518645045705460106e+00 1.259438863848947543e+00
1.006577648752700949e+00 2.717630225828450818e+00 1.956644845616327233e+00 2.499316138183122149e+00 1.254085567705456539e+00
1.026495964430317764e+00 2.716616796107839793e+00 1.974210042933270737e+00 2.477360051362919702e+00 1.247795782084466287e+00
1.045168681726138749e+00 2.716299947997327990e+00 1.991707495537933470e+00 2.454484526228578378e+00 1.240244781774849647e+00
1.062133165183334560e+00 2.710742971898964626e+00 2.008441248945583180e+00 2.428554817415550016e+00 1.235887433539927915e+00
1.078328607391512151e+00 2.688142372169144423e+00 2.016529244691673384e+00 2.400021549352009398e+00 1.238802746478873340e+00
1.089748372643108976e+00 2.654201320657325169e+00 2.005571723020634689e+00 2.378629206118149320e+00 1.243049569701697665e+00
1.099941059626722950e+00 2.622941788258041473e+00 1.987237595208133145e+00 2.363283332280001314e+00 1.236832179664229869e+00
1.121708978981131644e+00 2.596088709482247125e+00 1.989528966915132591e+00 2.345244897663871786e+00 1.225922000961262581e+00
1.144856164756918204e+00 2.578971832786439933e+00 2.005486137281666803e+00 2.330053576060125309e+00 1.217586961452518768e+00
1.167957633626263148e+00 2.562430629389543579e+00 2.021805870024544927e+00 2.315243624343028994e+00 1.209207638954546749e+00
1.191573088553743887e+00 2.544346750063270157e+00 2.037665944321497946e+00 2.300582221570428132e+00 1.202001830862176046e+00
1.216707813795379067e+00 2.518154523666726874e+00 2.050011555876681602e+00 2.286887062479765476e+00 1.200526722319352757e+00
1.239610457663807397e+00 2.480635274621149300e+00 2.053810185384351339e+00 2.278202127845816438e+00 1.209726959395499124e+00
1.257011239387119117e+00 2.443263933561746981e+00 2.057815179804274308e+00 2.276634113974742579e+00 1.228899527105083322e+00
1.267434686052236081e+00 2.416428410002478433e+00 2.070475428313655275e+00 2.278271871485479494e+00 1.253332098758369373e+00
1.271231727685402824e+00 2.397075119406667731e+00 2.086451092504034488e+00 2.279850289147261844e+00 1.279661076174859913e+00
1.272022848988395349e+00 2.380534086747752465e+00 2.102796145975064146e+00 2.281019847132021550e+00 1.306774702820426182e+00
1.272029891857820560e+00 2.369963913678832412e+00 2.119525101383922916e+00 2.280262252530650180e+00 1.334727716144291643e+00
1.271869747228033809e+00 2.370026202810820326e+00 2.133908683129186912e+00 2.272023584906690097e+00 1.364266659598587283e+00
1.271463271269411610e+00 2.373258775008187715e+00 2.140232947118217766e+00 2.252920399391467488e+00 1.393934685826269559e+00
1.269760854311635434e+00 2.364823284327902453e+00 2.138232034359711875e+00 2.229422324528922417e+00 1.421620018741218683e+00
1.267077150805369534e+00 2.338539917042809613e+00 2.133080589995270060e+00 2.209331827312284169e+00 1.445921433457772798e+00
1.266166183168048631e+00 2.301075665751107113e+00 2.132312111090793216e+00 2.194059393848763140e+00 1.467931443009430126e+00
1.265020626352297617e+00 2.275785990195492214e+00 2.133188915263685370e+00 2.180091378311161510e+00 1.496468146797145016e+00
1.272211548079593690e+00 2.251776573788231151e+00 2.114656425099999293e+00 2.180141257413230171e+00 1.500884863746290154e+00
1.288082963143555304e+00 2.229595474484772133e+00 2.132590060942603394e+00 2.197359239184229374e+00 1.508015000088797963e+00
1.295914959917415343e+00 2.207769930670219427e+00 2.144880574913837101e+00 2.206024920137329204e+00 1.534619251406894147e+00
1.298409910939041900e+00 2.188549855730405280e+00 2.150520156725324927e+00 2.208532163227324929e+00 1.567039576466303208e+00
1.300000000000000044e+00 2.169999999999999929e+00 2.154999999999999805e+00 2.209999999999999964e+00 1.600000000000000089e+00
