8.699999999999999956e-01 2.740000000000000213e+00 1.850000000000000089e+00 2.629999999999999893e+00 1.350000000000000089e+00
8.920197608045548066e-01 2.763270017188252936e+00 1.854054681158652684e+00 2.617855119601276037e+00 1.332229895324886115e+00
9.145835095667489423e-01 2.792365445921285882e+00 1.856952244070382063e+00 2.609237585732994802e+00 1.316383176677305533e+00
9.381920087605278846e-01 2.808036287148407695e+00 1.871858223640805896e+00 2.595888010195515516e+00 1.320910486760792146e+00
9.541413741678905769e-01 2.820995655554580761e+00 1.892303621135028813e+00 2.588339519582620873e+00 1.334551354025200975e+00
9.660247505626907705e-01 2.829696441363995341e+00 1.916520593717431220e+00 2.581919742552642116e+00 1.325477888633586732e+00
9.720947599292931729e-01 2.810311563372871912e+00 1.930834526671190821e+00 2.571572364068180239e+00 1.302338496397458467e+00
9.784250130808522794e-01 2.765417926208856070e+00 1.921764165924235934e+00 2.559715937425476540e+00 1.298533194767937493e+00
9.896149022995421873e-01 2.727412563962981373e+00 1.913345761234404030e+00 2.539517783984672761e+00 1.294707257644766019e+00
1.004321547598691300e+00 2.702904470273029158e+00 1.912526553087638526e+00 2.513012241485795606e+00 1.285512326947370720e+00
1.021758063638940284e+00 2.690133838182348303e+00 1.918485867335198325e+00 2.486748180098408589e+00 1.273920665540066333e+00
1.042433248565947990e+00 2.686835070973723205e+00 1.935105017487683376e+00 2.469746885292629202e+00 1.266052678808778476e+00
1.058631391172059510e+00 2.691002753595334251e+00 1.955211923415090869e+00 2.453695286767566763e+00 1.256734921772735492e+00
1.063335442425241473e+00 2.675424379437964184e+00 1.951200952454642756e+00 2.426025699310178751e+00 1.243684691456954372e+00
1.070683848837900465e+00 2.648683886057922710e+00 1.947530706658211486e+00 2.397471698101943272e+00 1.234486382627217882e+00
1.081738827619612930e+00 2.617810617546862506e+00 1.951807269573686998e+00 2.373098069260307419e+00 1.224221390938711629e+00
1.094863877327483248e+00 2.589758051987020693e+00 1.965923755657737804e+00 2.357000760491611668e+00 1.212367316957359664e+00
1.114358268449247458e+00 2.566150713800519512e+00 1.984156607390690219e+00 2.349313680051388964e+00 1.212010593407100156e+00
1.141321495042966205e+00 2.546236198943131246e+00 1.996493632793546746e+00 2.347272172875096707e+00 1.219005367483892766e+00
1.172469805156348688e+00 2.529450336965813229e+00 2.004369296881519436e+00 2.346500125872208020e+00 1.221873471494238972e+00
1.201989782451811095e+00 2.517028694537076117e+00 2.016193342255254706e+00 2.342848501584807952e+00 1.217307992828307484e+00
1.218449689039127648e+00 2.513134317848616739e+00 2.038131603402058900e+00 2.334470979286607850e+00 1.209282449952594041e+00
1.224026718721636708e+00 2.510877828127356270e+00 2.064295018433704332e+00 2.324558032260647611e+00 1.213373044719639138e+00
1.230539979490590019e+00 2.499705464039871483e+00 2.084569575777857509e+00 2.317104982229148735e+00 1.232676659002151176e+00
1.239306656211932145e+00 2.483189927884683623e+00 2.098528230647693782e+00 2.311924681655777913e+00 1.258052505161890933e+00
1.247621254163884918e+00 2.467007222218819962e+00 2.108263075379064766e+00 2.308628205155942581e+00 1.286549791631867778e+00
1.252830097508275564e+00 2.453388999727370567e+00 2.114980767658205085e+00 2.307415175998345003e+00 1.317467217522911183e+00
1.253177285325743462e+00 2.441527251566054879e+00 2.120576464196527233e+00 2.307076112937512580e+00 1.349388506360482465e+00
1.249935958222698762e+00 2.429419706907693488e+00 2.125264641775433283e+00 2.303516081458230502e+00 1.381158643951829967e+00
1.248231244001204443e+00 2.405534557228058201e+00 2.124056858695271721e+00 2.293868871592399827e+00 1.409169309357243272e+00
1.248569576798117087e+00 2.367847006316607494e+00 2.115565893587624480e+00 2.276828156193236641e+00 1.422365788453982871e+00
1.248353937561837990e+00 2.328479729311951907e+00 2.110671412236745592e+00 2.253630235784900737e+00 1.428733559387353136e+00
1.248268622860819299e+00 2.293065786953780716e+00 2.113312857191291361e+00 2.228614248804358766e+00 1.438589193975724045e+00
1.249662665852275367e+00 2.262641844215725229e+00 2.121531257044113161e+00 2.207320506314736530e+00 1.455286529776628424e+00
1.254065864235710315e+00 2.253784454244055269e+00 2.132932328540873890e+00 2.201390705826147265e+00 1.482918809569835128e+00
1.256545016540469906e+00 2.282418711322411475e+00 2.124465614436612970e+00 2.209280381274556504e+00 1.500307867065801881e+00
1.256719352752627028e+00 2.235970823536041596e+00 2.133306531668702544e+00 2.195123745646895053e+00 1.503706145222271973e+00
1.258483930118798888e+00 2.203855625997368062e+00 2.155036880315619463e+00 2.196071193481589301e+00 1.497680474506681181e+00
1.271236796827752924e+00 2.206853732302903381e+00 2.176822972503358766e+00 2.197855610711930918e+00 1.513709906719920673e+00
1.287158668135801820e+00 2.201653213917822427e+00 2.175527402509884745e+00 2.202504869942515597e+00 1.542705282835864278e+00
1.295085937140457499e+00 2.187041385953013783e+00 2.163375446786460543e+00 2.206669941200228635e+00 1.570302176879813771e+00
1.300000000000000044e+00 2.169999999999999929e+00 2.154999999999999805e+00 2.209999999999999964e+00 1.600000000000000089e+00
