8.699999999999999956e-01 2.740000000000000213e+00 1.850000000000000089e+00 2.629999999999999893e+00 1.350000000000000089e+00
8.904139119779754807e-01 2.726039122673373782e+00 1.861092511456121201e+00 2.599312831262760248e+00 1.360774711603896625e+00
9.128195403291798904e-01 2.724805665728462056e+00 1.879110235658619343e+00 2.577634595186012234e+00 1.367671969349117500e+00
9.298003643477900093e-01 2.765085834572551526e+00 1.889408543806088359e+00 2.559016756475074317e+00 1.371395535674339028e+00
9.393762938961538467e-01 2.770430184605420898e+00 1.877379596313805354e+00 2.552804703265366015e+00 1.340739423933849039e+00
9.626679656900993809e-01 2.781591782179152705e+00 1.885953595170987596e+00 2.540248104009595664e+00 1.315501383734555274e+00
9.787937982416292648e-01 2.778861125454555214e+00 1.898462760908921521e+00 2.524921712908380300e+00 1.288095932602525862e+00
9.948684467727478831e-01 2.756970624770295863e+00 1.910995190471741711e+00 2.502212930395357304e+00 1.269104183052115697e+00
1.011511810733878525e+00 2.729436495213153790e+00 1.923930746531615554e+00 2.477755262808269077e+00 1.256970507822594785e+00
1.028550138282141369e+00 2.704772921528661556e+00 1.938689829835748446e+00 2.452466802294002157e+00 1.248169221758945069e+00
1.045588540219613671e+00 2.679141660929193591e+00 1.955124599602857671e+00 2.429758498341352713e+00 1.241860089867801831e+00
1.061261524228872544e+00 2.649772987316489470e+00 1.973879386720524431e+00 2.414300577582729090e+00 1.237460974969463612e+00
1.075364967347199663e+00 2.623058507657945793e+00 1.995608928676932736e+00 2.405722535963741304e+00 1.234225127814601253e+00
1.092292511637954711e+00 2.604059654623045450e+00 2.018189647609857751e+00 2.396958402561883084e+00 1.231394441870015788e+00
1.116135669585349044e+00 2.592748677964428428e+00 2.037363639396831072e+00 2.382417497521941208e+00 1.228088751990360494e+00
1.145742004979388717e+00 2.586505595941449798e+00 2.050343671365918663e+00 2.362982949469432103e+00 1.223416182406526387e+00
1.177723795685925001e+00 2.578612924095010861e+00 2.057300623141913753e+00 2.341184886397711384e+00 1.217091972570182090e+00
1.207310253335624139e+00 2.558618878147923770e+00 2.059999319029494735e+00 2.317300778411090612e+00 1.210630642936306289e+00
1.228090154638681986e+00 2.520807334918435227e+00 2.061547809202980197e+00 2.293340844036274362e+00 1.208465627944244059e+00
1.239897386210893293e+00 2.471570377543299113e+00 2.060590374210659270e+00 2.277994176525939274e+00 1.216942432904055682e+00
1.248098085803813095e+00 2.428252000276857281e+00 2.056409874145342709e+00 2.277058138873549353e+00 1.239269740743540904e+00
1.256732776106975091e+00 2.398072261458815913e+00 2.057539625446232368e+00 2.279362405957528370e+00 1.270233920104575809e+00
1.270417253454841688e+00 2.370940208722067677e+00 2.070903059642580146e+00 2.274005912036259680e+00 1.293114751522223660e+00
1.269785647364354730e+00 2.355227849606117640e+00 2.078905372868532719e+00 2.274943582018417398e+00 1.328033711842889542e+00
1.266923502013365788e+00 2.335984573387666963e+00 2.084247500882056237e+00 2.267027399295450607e+00 1.362395101330851288e+00
1.266812297238108176e+00 2.323188123470613764e+00 2.091135794966783923e+00 2.244700315876442698e+00 1.393377947479260026e+00
1.266435724558647946e+00 2.317102402354711987e+00 2.096812652541279576e+00 2.222730775385100888e+00 1.425837043448085151e+00
1.269965453403324451e+00 2.305951041133685209e+00 2.108340303971457885e+00 2.206940648267807337e+00 1.456979432011800135e+00
1.271274005937042872e+00 2.290895392496399730e+00 2.120046607351976586e+00 2.184098914709793338e+00 1.484307791558358236e+00
1.268018503752819770e+00 2.266816984820482439e+00 2.122689826818819903e+00 2.154353353865903209e+00 1.508484425318836086e+00
1.267826699396489953e+00 2.229029966219986836e+00 2.115535179551185863e+00 2.137515178621890666e+00 1.531563592777999361e+00
1.266524512519601409e+00 2.196498151755996719e+00 2.103556107677337028e+00 2.139212631849444879e+00 1.558049475544165619e+00
1.264780854034461832e+00 2.182914721353419019e+00 2.108043923364328442e+00 2.137240576724711794e+00 1.592723134154982345e+00
1.275919403325451285e+00 2.207196844036119820e+00 2.119737042647519498e+00 2.163847237215793307e+00 1.575153408672889110e+00
1.289908587510034899e+00 2.193911606577296780e+00 2.137513441372138612e+00 2.192481877488741571e+00 1.581908898940531216e+00
1.300000000000000044e+00 2.169999999999999929e+00 2.154999999999999805e+00 2.209999999999999964e+00 1.600000000000000089e+00
