8.699999999999999956e-01 2.740000000000000213e+00 1.850000000000000089e+00 2.629999999999999893e+00 1.350000000000000089e+00
9.126971673531102391e-01 2.754024389207565537e+00 1.871069599878807832e+00 2.615443346027951144e+00 1.371041656530912478e+00
9.432827463312852823e-01 2.761500857648300666e+00 1.900419483863896142e+00 2.588537691310989874e+00 1.388434758349659903e+00
9.609888626169135195e-01 2.829645462285859558e+00 1.920262438386211912e+00 2.584394634035837690e+00 1.393053938678721071e+00
9.702168052137463139e-01 2.847269627892103916e+00 1.914186648786058820e+00 2.589084782684795805e+00 1.343664304463358938e+00
9.679482947461727216e-01 2.837470509838073252e+00 1.905334905770013965e+00 2.582299954058978386e+00 1.293404795681327712e+00
9.628483609308657876e-01 2.801501181248268857e+00 1.915552820470250106e+00 2.583650047716790521e+00 1.248131904566139205e+00
9.762131727631332412e-01 2.775018786747041055e+00 1.954240087491627254e+00 2.567480208166284417e+00 1.260906720918980817e+00
9.986934057471323900e-01 2.732838730769469926e+00 1.971278187636216650e+00 2.529195041103679209e+00 1.247454606554599943e+00
1.018396894960001298e+00 2.684074084373108793e+00 1.981474643459419704e+00 2.490849852219941596e+00 1.230731895312896729e+00
1.038157775619528600e+00 2.635128969495613482e+00 1.992235133149333981e+00 2.452991439641087457e+00 1.213899630786365647e+00
1.058798217192435720e+00 2.577414814364986206e+00 2.003523258806966911e+00 2.420873397345908451e+00 1.200710890679476339e+00
1.087288225982360634e+00 2.546428535806924742e+00 2.032206471690320093e+00 2.394188078543887599e+00 1.206550368944731666e+00
1.133212921896435299e+00 2.522599127104423467e+00 2.048227221811756760e+00 2.373740461437338745e+00 1.217025347963706094e+00
1.183239589590092233e+00 2.499866150950274868e+00 2.058337740538954019e+00 2.355799352482278675e+00 1.227896338335047854e+00
1.232678341621353812e+00 2.479742501086210638e+00 2.066909286571306570e+00 2.332921989519451955e+00 1.237752924342820471e+00
1.272089970609377563e+00 2.453518344409496788e+00 2.080889569646431347e+00 2.310213145108710897e+00 1.260441431934592904e+00
1.298989423756250261e+00 2.438393492729470147e+00 2.097770847589130572e+00 2.304163282357769127e+00 1.299974149045268534e+00
1.322061390813107140e+00 2.422481878483907280e+00 2.104077533644542974e+00 2.309130065864545500e+00 1.345522761889111685e+00
1.320907818449986504e+00 2.396101250877325839e+00 2.119287793077929472e+00 2.302612095639051226e+00 1.389942491976668304e+00
1.305669078816146689e+00 2.370372627095109763e+00 2.142171394694126985e+00 2.265615012155326458e+00 1.412671209336907818e+00
1.295186490021791759e+00 2.342917930925354941e+00 2.162372006323052265e+00 2.225410497182247482e+00 1.437713203013730734e+00
1.285508963690222384e+00 2.315657530422457366e+00 2.182327574575322338e+00 2.185685552084768446e+00 1.463990169356395032e+00
1.273532722955874830e+00 2.294592129243760770e+00 2.206034516280784619e+00 2.151480889863564894e+00 1.493058040476694881e+00
1.239639883740920157e+00 2.306752043587454448e+00 2.188376632508263420e+00 2.152288280806778253e+00 1.500714086256199842e+00
1.251009338826339468e+00 2.260143276975923765e+00 2.170423940685956232e+00 2.170506342879188644e+00 1.534030847974954703e+00
1.275415822588080061e+00 2.215137109860776832e+00 2.162743506747996314e+00 2.190245504710822466e+00 1.567115564099883729e+00
1.300000000000000044e+00 2.169999999999999929e+00 2.154999999999999805e+00 2.209999999999999964e+00 1.600000000000000089e+00
