8.699999999999999956e-01 2.740000000000000213e+00 1.850000000000000089e+00 2.629999999999999893e+00 1.350000000000000089e+00
8.937627838972259653e-01 2.776513679494976294e+00 1.863765601142642003e+00 2.619949493237434091e+00 1.354705213203153846e+00
9.182529659375806563e-01 2.802896326378981229e+00 1.880836476881426522e+00 2.610206239519092364e+00 1.359747673215975450e+00
9.416421025924535115e-01 2.796549369056023249e+00 1.893690182148473511e+00 2.584227266885011254e+00 1.362447780462755054e+00
9.686176664256077595e-01 2.818958052370786227e+00 1.909427494806220871e+00 2.591198102480093635e+00 1.365727200918377626e+00
9.907174332956574236e-01 2.797574408544687863e+00 1.905063547584448402e+00 2.567710521839108306e+00 1.382236927831399953e+00
1.004130564737572229e+00 2.779487894992346497e+00 1.904352785325936548e+00 2.534709531222421042e+00 1.397203907113350851e+00
1.016606091854861171e+00 2.768394907161950247e+00 1.905509240928106918e+00 2.500885957257446890e+00 1.413614570378530111e+00
1.029173298111892176e+00 2.759000095863379354e+00 1.906215864006066685e+00 2.466505921604920992e+00 1.429562946709780347e+00
1.037531587546661971e+00 2.768853166007051225e+00 1.891958783935030697e+00 2.439760928616909297e+00 1.421437175691022459e+00
1.034275845711110753e+00 2.798024095846268988e+00 1.882476649657587320e+00 2.444389862824859705e+00 1.403266464305636507e+00
1.045226450760710524e+00 2.809363299949778181e+00 1.899242561595730683e+00 2.458618966834295705e+00 1.416838413671461572e+00
1.054091789081727848e+00 2.782266071256420226e+00 1.923492162454460308e+00 2.456438734245692146e+00 1.412915112160977538e+00
1.061173567044645161e+00 2.754857136842310261e+00 1.946845075057794139e+00 2.451142027021849135e+00 1.403391587876138491e+00
1.068790968214414772e+00 2.727549231903612537e+00 1.964907000636056722e+00 2.445880916929902060e+00 1.388410360973626911e+00
1.070749185215886579e+00 2.717969310157713814e+00 1.957142102377947168e+00 2.438100162944332627e+00 1.355785445821854784e+00
1.070235990334436726e+00 2.711971163492031156e+00 1.949562183584242270e+00 2.428925106559799652e+00 1.323520070874803611e+00
1.069263151504298071e+00 2.699102338015123337e+00 1.953540454224638623e+00 2.417392758295941579e+00 1.291307899352458932e+00
1.066990946094064308e+00 2.678797636342659771e+00 1.966199838887972895e+00 2.405498799914453922e+00 1.264059633503774371e+00
1.064408466973133738e+00 2.648246230364323939e+00 1.970851469606674788e+00 2.391541916696529047e+00 1.237661052483118196e+00
1.082808293866997618e+00 2.613944457503203367e+00 1.969774338097307176e+00 2.364798035143981458e+00 1.230052651826140542e+00
1.114520720119507313e+00 2.586427686703851148e+00 1.964423302435366114e+00 2.349759181082591741e+00 1.230749316389379233e+00
1.150929956674175081e+00 2.567398659137607009e+00 1.960732586958143342e+00 2.341146915680301088e+00 1.229679886370591557e+00
1.187999620358772157e+00 2.551359317912502700e+00 1.962058271894808303e+00 2.333438983043259363e+00 1.227921420440182265e+00
1.214845443677041947e+00 2.544988982690908674e+00 1.980438187173161779e+00 2.324636282713144375e+00 1.234938493559824435e+00
1.223640875044088361e+00 2.533543240774354999e+00 2.003186113730732743e+00 2.314889189648647427e+00 1.250874345167726664e+00
1.230561098392119579e+00 2.517833682709557763e+00 2.026706351869286937e+00 2.305807231274204838e+00 1.264848291063349839e+00
1.234685439453092393e+00 2.503807569204060890e+00 2.051586667411810616e+00 2.298755034388036744e+00 1.277224117839204531e+00
1.236347029898607230e+00 2.493282244289642513e+00 2.073767196081106157e+00 2.289152764338893142e+00 1.296063649723418587e+00
1.239540427727548799e+00 2.491469241118636990e+00 2.088542795651798567e+00 2.277435050716928977e+00 1.323668974844497415e+00
1.256127740504109580e+00 2.476419630963903717e+00 2.091812881737808105e+00 2.273781981163212507e+00 1.349730795287005902e+00
1.251468424041330518e+00 2.451551223033626492e+00 2.079654434813799302e+00 2.282563621256178621e+00 1.376927958169193111e+00
1.247059725777385886e+00 2.417783394240005101e+00 2.072488200971180472e+00 2.287099766405813472e+00 1.403570686296116810e+00
1.248641304755655490e+00 2.387028081791175094e+00 2.072243283690398563e+00 2.266579655951959538e+00 1.428707979279038476e+00
1.250257755419276862e+00 2.362703977565552727e+00 2.076145856934702660e+00 2.236587060077677158e+00 1.448698749440499034e+00
1.248071168020341570e+00 2.334599661115678515e+00 2.082024168433199485e+00 2.208095301824900769e+00 1.467744476454377001e+00
1.246118866483975740e+00 2.294354740168592421e+00 2.086002443350414293e+00 2.189418980152365357e+00 1.489263796417302554e+00
1.250135801574863592e+00 2.247631108775488329e+00 2.089074962098079524e+00 2.184669091712531319e+00 1.511961179679385703e+00
1.259662142838510412e+00 2.217193118809696717e+00 2.103799242808877867e+00 2.189278833100754884e+00 1.534162541363717214e+00
1.275726232006548777e+00 2.212851062467240393e+00 2.123169565539610559e+00 2.196130118840988299e+00 1.554007221641292791e+00
1.287547185198342881e+00 2.198466961301142941e+00 2.138890113270381921e+00 2.203888894592316738e+00 1.579089453094052908e+00
1.300000000000000044e+00 2.169999999999999929e+00 2.154999999999999805e+00 2.209999999999999964e+00 1.600000000000000089e+00
