8.699999999999999956e-01 2.740000000000000213e+00 1.850000000000000089e+00 2.629999999999999893e+00 1.350000000000000089e+00
8.985832820585815117e-01 2.749243481341568263e+00 1.880924869221586970e+00 2.612537703233580366e+00 1.335481466053300759e+00
9.271665641171629169e-01 2.758486962683136312e+00 1.911849738443173852e+00 2.595075406467161283e+00 1.320962932106601428e+00
9.537118507769668518e-01 2.725964231127989024e+00 1.938480969617670580e+00 2.573077497298760896e+00 1.319273141388644488e+00
9.707156168943485985e-01 2.740777725543785515e+00 1.942289152567151733e+00 2.553147339240945168e+00 1.275818141830097119e+00
9.912492648411856955e-01 2.710301783725309388e+00 1.942198800523419866e+00 2.505901253492446301e+00 1.264448771575856112e+00
1.014611659482711037e+00 2.669774394935536144e+00 1.941449570975787076e+00 2.465861053541890779e+00 1.249380178683324072e+00
1.039650865966394999e+00 2.634987131358951906e+00 1.949948350498533767e+00 2.432931018984666238e+00 1.221364288383586905e+00
1.059418140865364233e+00 2.620333586678288640e+00 1.967171834746471282e+00 2.416354913261547388e+00 1.177157765129412725e+00
1.104480151629771756e+00 2.598733362085337895e+00 1.961822597701777582e+00 2.391806851980623261e+00 1.161338538702928469e+00
1.148615020101421580e+00 2.569025321237798476e+00 1.967742161607746176e+00 2.369875438565465675e+00 1.183121293606600455e+00
1.188609679785904483e+00 2.537931304511489738e+00 1.985109631892986615e+00 2.355287232486449334e+00 1.204897581784961424e+00
1.221325710264019149e+00 2.503241469647484063e+00 2.008491752427310484e+00 2.342390039135708868e+00 1.223163688457762133e+00
1.246779247378803079e+00 2.463194046733824916e+00 2.032816104930219581e+00 2.325137137943026122e+00 1.238800078346966371e+00
1.268827839332197005e+00 2.418928433186417148e+00 2.053805880652834759e+00 2.304601655172270114e+00 1.257816440067918151e+00
1.291293532252124621e+00 2.379746347222803315e+00 2.070794991665227514e+00 2.289954409019689940e+00 1.291643599300686951e+00
1.312379311826301187e+00 2.354364183826254120e+00 2.085557023191206394e+00 2.286701497763356183e+00 1.337980240089289952e+00
1.329540854379450465e+00 2.330344589676216494e+00 2.105018263222787844e+00 2.286165255066110014e+00 1.382081005406654794e+00
1.335175138848061716e+00 2.302845053568693956e+00 2.135199814336447677e+00 2.275261884577324256e+00 1.409756603748046011e+00
1.320560745862453311e+00 2.297900394341473529e+00 2.157398942818681942e+00 2.246036931354511434e+00 1.443404649528497563e+00
1.290407566458344313e+00 2.295867404474739359e+00 2.149930083711872442e+00 2.213762696969758803e+00 1.480381859184079385e+00
1.282200105459730510e+00 2.266873119719716279e+00 2.139709567396060219e+00 2.184504250682690163e+00 1.520152982951405995e+00
1.293192651094698498e+00 2.213919622604215487e+00 2.145036167422502693e+00 2.193843786977679233e+00 1.558400830362359990e+00
1.300000000000000044e+00 2.169999999999999929e+00 2.154999999999999805e+00 2.209999999999999964e+00 1.600000000000000089e+00
