8.699999999999999956e-01 2.740000000000000213e+00 1.850000000000000089e+00 2.629999999999999893e+00 1.350000000000000089e+00
8.965636686359786944e-01 2.770609703263067658e+00 1.849816054436148605e+00 2.623193693066844023e+00 1.333248027105913058e+00
9.214955063025070947e-01 2.793085155858372026e+00 1.864075754972359666e+00 2.614057474524160707e+00 1.320768522819739221e+00
9.361422163678193575e-01 2.797908529729564719e+00 1.880020393463242900e+00 2.603621684697070116e+00 1.295442638315088768e+00
9.449451472361674043e-01 2.801896166461355975e+00 1.895002300281673380e+00 2.582297723236268272e+00 1.272625466059693400e+00
9.610148681352224109e-01 2.823068120096183797e+00 1.904079322793540197e+00 2.562592844897710886e+00 1.251739336875510977e+00
9.827650946435589896e-01 2.818995045223397167e+00 1.923813303983446188e+00 2.551861763259086757e+00 1.248688501606826318e+00
9.969370370789913949e-01 2.805994943187748003e+00 1.930713692495580558e+00 2.525083968074151475e+00 1.230650480704979399e+00
1.012502440995389996e+00 2.785689306160050727e+00 1.931959535545765494e+00 2.499175139871702811e+00 1.211609560451574197e+00
1.036081471922623010e+00 2.775129464982559746e+00 1.942501104613997720e+00 2.477853963058068487e+00 1.198630826511278169e+00
1.061695540551574890e+00 2.774545108607879840e+00 1.962458396799174665e+00 2.469740527781036921e+00 1.196551403205367237e+00
1.075041202441179511e+00 2.772141072074278956e+00 1.988781358918334963e+00 2.462886730346983022e+00 1.202270203397249881e+00
1.069920836845272394e+00 2.737118247578654184e+00 1.992595186779638539e+00 2.438639734020317640e+00 1.199094734274010143e+00
1.057935476043982748e+00 2.701926972745138045e+00 1.976531832836112779e+00 2.421093108077490008e+00 1.194732437984688866e+00
1.051576051909927978e+00 2.667626486142502085e+00 1.958141864057574733e+00 2.401933929626490993e+00 1.193516589569882047e+00
1.062671700902874328e+00 2.627757590588208902e+00 1.951209872039152415e+00 2.380120187931063835e+00 1.187261171084921685e+00
1.088168279039239073e+00 2.606245502322197094e+00 1.968206102250380285e+00 2.377679740950960241e+00 1.191301576687049391e+00
1.094359982290924016e+00 2.600923525855997731e+00 1.971107061316516917e+00 2.375675909968135713e+00 1.227248510386954372e+00
1.093961177447463573e+00 2.614862702490402313e+00 1.997037069363529982e+00 2.364981748001764750e+00 1.231205156611836271e+00
1.095106307590227424e+00 2.621832566502296125e+00 2.021992547144033647e+00 2.355707391235788428e+00 1.214766869588005616e+00
1.100431965004603052e+00 2.594592250988069004e+00 2.010975861724443980e+00 2.352811552158910580e+00 1.190463061839384995e+00
1.115309606435536560e+00 2.571634800499455142e+00 1.989644329144863777e+00 2.348238475370433065e+00 1.197964353918002267e+00
1.145533703717602103e+00 2.561863031634620924e+00 2.000038580077985628e+00 2.337438324830138026e+00 1.207518685199638009e+00
1.171712533047771787e+00 2.556421591543599270e+00 2.019907891715639447e+00 2.328922437515548616e+00 1.207745641883896770e+00
1.197793289622538282e+00 2.549881235075432517e+00 2.039984931942475210e+00 2.321436416681545101e+00 1.207049304240977117e+00
1.225347721892660058e+00 2.539075976370173571e+00 2.058410194278183170e+00 2.315564761817411998e+00 1.208814495606361783e+00
1.250144833031095359e+00 2.515177990877930370e+00 2.072677380491087185e+00 2.310584142169511246e+00 1.219951929226624765e+00
1.260054132180347786e+00 2.485239283486209150e+00 2.080499397321612598e+00 2.303974327547282819e+00 1.247770289935805854e+00
1.265330484977753578e+00 2.475265649297285986e+00 2.088137878926181301e+00 2.297058868941483034e+00 1.282310826976597928e+00
1.267050646224324284e+00 2.451353172486133492e+00 2.093441243163562504e+00 2.286186751619708968e+00 1.314001884257828490e+00
1.269014175511006703e+00 2.420626997665930258e+00 2.105829530533643634e+00 2.269611853741716256e+00 1.336127393484098924e+00
1.265961503890792095e+00 2.417491284603279666e+00 2.121435550309258566e+00 2.264978346339320936e+00 1.366982762437243482e+00
1.267533951460295905e+00 2.399675972411031033e+00 2.108748469038948414e+00 2.260295854358040035e+00 1.398659556762869682e+00
1.263016455776989622e+00 2.375651347738833685e+00 2.114830219968007796e+00 2.248368994660864484e+00 1.429534154728895778e+00
1.259349525793536539e+00 2.359915834435671655e+00 2.134237152519302683e+00 2.232940068935286071e+00 1.450696895710364087e+00
1.261363387818861259e+00 2.358592663203202378e+00 2.159319461793963502e+00 2.219992402388448305e+00 1.465402701401100849e+00
1.267850094735370359e+00 2.318958108961566733e+00 2.158763887670158255e+00 2.213809200238168629e+00 1.486537561445637312e+00
1.270591551667937580e+00 2.270575174775387062e+00 2.143972090642558559e+00 2.208761624846946603e+00 1.496043295352704749e+00
1.274462226272365051e+00 2.228208780542022094e+00 2.130913638936152932e+00 2.200022239856604056e+00 1.503025132742172421e+00
1.285523463992489734e+00 2.218078124530530548e+00 2.136784178570296344e+00 2.204564961392180944e+00 1.537122885585434640e+00
1.292939164877794589e+00 2.194545345311071038e+00 2.145916220896709081e+00 2.207539199537887686e+00 1.568642340906650778e+00
1.300000000000000044e+00 2.169999999999999929e+00 2.154999999999999805e+00 2.209999999999999964e+00 1.600000000000000089e+00
