8.699999999999999956e-01 2.740000000000000213e+00 1.850000000000000089e+00 2.629999999999999893e+00 1.350000000000000089e+00
8.984159107929149402e-01 2.748302890468490300e+00 1.860727496707024198e+00 2.616158107152847023e+00 1.355273449063264524e+00
9.187410386248723304e-01 2.773356317443609331e+00 1.874450924656393624e+00 2.598994456133523201e+00 1.358111032681569075e+00
9.381745184758319978e-01 2.768213062368075406e+00 1.892765791167729583e+00 2.578534934995904582e+00 1.355856866305207742e+00
9.510501888289091266e-01 2.781040850723607072e+00 1.903916372580029881e+00 2.559738326306137068e+00 1.377487096288645851e+00
9.657930592169106099e-01 2.774197328495951353e+00 1.909155056393751604e+00 2.530374468024475743e+00 1.392292280424008100e+00
9.860804187242229180e-01 2.760210745771052743e+00 1.922585257054458152e+00 2.510239385642893062e+00 1.383174273524190756e+00
1.006403475994138041e+00 2.741622296321300833e+00 1.938409224169220346e+00 2.494570433685395994e+00 1.373229191123980009e+00
1.026065341918243057e+00 2.719273888107923476e+00 1.954168455617082412e+00 2.479110192230647769e+00 1.365122011366553423e+00
1.043688430190059080e+00 2.696151240401709615e+00 1.963455616372047796e+00 2.460953644866566314e+00 1.349117500556532345e+00
1.052459166765852938e+00 2.680419262984468975e+00 1.960781651225761202e+00 2.445293511160117284e+00 1.321360844259308998e+00
1.056075558299742312e+00 2.674297268488680768e+00 1.956739354148583576e+00 2.432558221048676916e+00 1.289186608408756207e+00
1.059277393495552388e+00 2.673637126582599333e+00 1.957677271497768823e+00 2.420187216718124201e+00 1.256259070533118249e+00
1.065426718696892872e+00 2.671120696437244924e+00 1.965262037978175558e+00 2.406262005428036144e+00 1.225616937075343360e+00
1.076025283690180467e+00 2.659078597535686317e+00 1.978129886964514750e+00 2.389358963851003104e+00 1.201814963251932378e+00
1.088404183363243183e+00 2.632895408758513689e+00 1.990935360599091819e+00 2.369027417099482058e+00 1.188960994037417063e+00
1.097018446109631284e+00 2.593358512935160398e+00 1.995739516540057990e+00 2.348193753256278438e+00 1.188785125868363712e+00
1.099267806205019404e+00 2.549160017228398356e+00 1.990188632231266297e+00 2.331431870987982879e+00 1.183593135888866055e+00
1.121098607746443765e+00 2.560267189836960000e+00 1.999752147467493080e+00 2.328370526281696939e+00 1.184394228776695090e+00
1.147077276019782932e+00 2.563549871558105764e+00 2.009368928638596508e+00 2.328284794683691761e+00 1.203027768762577665e+00
1.172687190415445002e+00 2.551855199215095737e+00 2.015702143167168892e+00 2.326544514148572329e+00 1.223180466525626509e+00
1.196061557166343547e+00 2.535136494024693210e+00 2.022422132923686000e+00 2.324583604646318413e+00 1.244261220117040434e+00
1.213703027026502124e+00 2.517485993385425225e+00 2.034139232794832886e+00 2.320846207411384476e+00 1.267348713166772223e+00
1.222347619211260117e+00 2.501701487144431635e+00 2.051404647377546464e+00 2.313456547667521956e+00 1.291690921664335301e+00
1.227166035956092749e+00 2.482988160414676848e+00 2.068805713232624299e+00 2.305574262957648557e+00 1.315942170164407177e+00
1.231808012896171478e+00 2.457483375662134151e+00 2.081327658478482334e+00 2.297258044737375826e+00 1.340543250480306536e+00
1.234102166317872840e+00 2.428222671105300545e+00 2.080311480087596809e+00 2.282682339354188628e+00 1.365857288385266877e+00
1.245965395889606198e+00 2.402984664980126084e+00 2.080059146735294906e+00 2.273331590367076771e+00 1.392206796924347456e+00
1.257550310925949155e+00 2.371330095028259421e+00 2.088958785220403236e+00 2.261935518678359625e+00 1.412609993582053969e+00
1.265200007960993300e+00 2.337322742756680061e+00 2.097242846439234754e+00 2.248618367009954433e+00 1.432603610302537689e+00
1.267371543804085121e+00 2.305588296535526993e+00 2.102626072600894069e+00 2.236515214848073807e+00 1.457177644013597284e+00
1.266442265925625144e+00 2.280830053934027379e+00 2.109805225182672217e+00 2.228606894226786928e+00 1.485720467756049157e+00
1.269811194613436944e+00 2.269091827788339177e+00 2.131137124862937160e+00 2.226087297199174753e+00 1.508102382763852889e+00
1.279293288740984247e+00 2.271554189299719528e+00 2.160206066946433801e+00 2.224082582190688218e+00 1.506052471910957147e+00
1.285973576747172942e+00 2.269391528263936308e+00 2.186475714189632047e+00 2.213841133503529957e+00 1.494199334972677207e+00
1.280625966586731446e+00 2.243437804495354460e+00 2.192112571145048872e+00 2.187338397766999787e+00 1.480452248854720931e+00
1.271909170809566225e+00 2.217204992794168383e+00 2.171792694626000664e+00 2.169497837339707580e+00 1.479006235073145437e+00
1.265799946119031683e+00 2.200918784346666879e+00 2.147319908811300415e+00 2.164545600727494357e+00 1.493119751730580091e+00
1.264081429470574225e+00 2.199009307945698932e+00 2.133815217802405240e+00 2.176100337563864340e+00 1.522260195955516426e+00
1.265898997209796706e+00 2.193364378534772285e+00 2.136080110508411956e+00 2.192168480336913028e+00 1.553516096195057372e+00
1.274666980256401905e+00 2.172682437271670874e+00 2.147688264189589358e+00 2.201798567832386144e+00 1.579651343995394086e+00
1.300000000000000044e+00 2.169999999999999929e+00 2.154999999999999805e+00 2.209999999999999964e+00 1.600000000000000089e+00
