8.699999999999999956e-01 2.740000000000000213e+00 1.850000000000000089e+00 2.629999999999999893e+00 1.350000000000000089e+00
9.110765989321536473e-01 2.741975749743035706e+00 1.858005441031109095e+00 2.614022409929767754e+00 1.356090807670339071e+00
9.482078488415308648e-01 2.751648230818769303e+00 1.865020368157993769e+00 2.590469506557551593e+00 1.366202880741586245e+00
9.632245814000492956e-01 2.762336005176335707e+00 1.893814653157846584e+00 2.580865342950223074e+00 1.366419521426720296e+00
9.595578357741710862e-01 2.779580653470884233e+00 1.909471828277515160e+00 2.576901922528218147e+00 1.330931611473007425e+00
9.533055719341663181e-01 2.794224253829675764e+00 1.908036858859817997e+00 2.571988632628428917e+00 1.289846303937155936e+00
9.749743531004482211e-01 2.780202891611187166e+00 1.908302629772950176e+00 2.535463914565711185e+00 1.274075282598616354e+00
1.001159176588683364e+00 2.751822963806794142e+00 1.919480758681349375e+00 2.504265863041775120e+00 1.270842720035746165e+00
1.024680353338173644e+00 2.724818523787607916e+00 1.932914766694442399e+00 2.474245574549061022e+00 1.258926205560270795e+00
1.047468682412606267e+00 2.693999645184110392e+00 1.946415450446508100e+00 2.451101113098311135e+00 1.242910333731365391e+00
1.066597880980870494e+00 2.656941467976522198e+00 1.960627526959051403e+00 2.440452693768481396e+00 1.224973493884823794e+00
1.083047597375606852e+00 2.625842784466695168e+00 1.980809744173382958e+00 2.414824095854636532e+00 1.229000812799544429e+00
1.099280471558538252e+00 2.597675005191070419e+00 2.005905623123546810e+00 2.400488749785135045e+00 1.220312046891443014e+00
1.119744951376435260e+00 2.570786034921850316e+00 2.026886430052455168e+00 2.383194223380103782e+00 1.207708336536099880e+00
1.149641989722833380e+00 2.537206399814473823e+00 2.038838060012845954e+00 2.361272077673016945e+00 1.204553022340458135e+00
1.180004162274628676e+00 2.505342374522999016e+00 2.047663374329651731e+00 2.335074777517800904e+00 1.202306363798268940e+00
1.210339579763424656e+00 2.476728629826787209e+00 2.059227487579461169e+00 2.309280531329735986e+00 1.204402407211211612e+00
1.242282407597174121e+00 2.458956807153198643e+00 2.070816956801637687e+00 2.282877178333488910e+00 1.212645735536754810e+00
1.255145087922465041e+00 2.415847604024038198e+00 2.055611032378023229e+00 2.270880146972291236e+00 1.233123235701480525e+00
1.256295948693033848e+00 2.368167043654334503e+00 2.049679293196598806e+00 2.267977705434074842e+00 1.262295973333168453e+00
1.258523868008524227e+00 2.333243595021144312e+00 2.049072442994163357e+00 2.266380245759119116e+00 1.298957950165119835e+00
1.250583023661036020e+00 2.333600714427430667e+00 2.061897985163137825e+00 2.273660953170676180e+00 1.337522393132347442e+00
1.254292070912121471e+00 2.336317112933476992e+00 2.087891346993706154e+00 2.271435068836027860e+00 1.363416086927073723e+00
1.252259666421943862e+00 2.328763696595105515e+00 2.091408737866160994e+00 2.280170855310442501e+00 1.404292953451561132e+00
1.245768751759370518e+00 2.345739432812844694e+00 2.094979723072180278e+00 2.258171683882040259e+00 1.435879893502990390e+00
1.249895411356738650e+00 2.366034821601261218e+00 2.122052385511556949e+00 2.232904287723637804e+00 1.438090529609898249e+00
1.253686019907324978e+00 2.381890613591643113e+00 2.145298292804270091e+00 2.209004296863375849e+00 1.441620085992624922e+00
1.253830129717064645e+00 2.342722171031633049e+00 2.122362682701676384e+00 2.203897456971494417e+00 1.459000083652470803e+00
1.257456106022827758e+00 2.291879118434540175e+00 2.104182215687751434e+00 2.198992478368865022e+00 1.470447275788246966e+00
1.251154939685130252e+00 2.265555185691892959e+00 2.088705312281070814e+00 2.175185940842939480e+00 1.497282555681372251e+00
1.243430504769911016e+00 2.250850048194400266e+00 2.086809203756119668e+00 2.150028483972750148e+00 1.532475048021666897e+00
1.240435732841512095e+00 2.231993823427950829e+00 2.103116070054455555e+00 2.136558679740382605e+00 1.565512357189823511e+00
1.251728198747448895e+00 2.208593577671047026e+00 2.126976366158454645e+00 2.143433406923891837e+00 1.586646835163467717e+00
1.279860900913404542e+00 2.189004186707058430e+00 2.140679167104488911e+00 2.171611796476226708e+00 1.597572308687105869e+00
1.300000000000000044e+00 2.169999999999999929e+00 2.154999999999999805e+00 2.209999999999999964e+00 1.600000000000000089e+00
