8.699999999999999956e-01 2.740000000000000213e+00 1.850000000000000089e+00 2.629999999999999893e+00 1.350000000000000089e+00
8.883580329122727770e-01 2.738804943196590624e+00 1.861446792133957029e+00 2.620627548285335617e+00 1.325878322288168709e+00
9.086360831921145298e-01 2.728798154838638634e+00 1.863784686348647357e+00 2.609023487815016917e+00 1.300804326934179356e+00
9.308339743526043986e-01 2.736509331250441157e+00 1.874130831050542012e+00 2.601597835378333556e+00 1.279647006131890530e+00
9.438421934792239343e-01 2.765453583796323667e+00 1.891035987709497102e+00 2.601704023576279390e+00 1.267414918081755770e+00
9.540967251987130249e-01 2.795451402488490888e+00 1.903420835650880827e+00 2.591934636436561412e+00 1.284545739873016457e+00
9.660527415161783704e-01 2.789605656593076244e+00 1.887886418211866646e+00 2.573124829985795614e+00 1.302361222287059306e+00
9.766337136293481436e-01 2.785265124371328671e+00 1.886681085927875978e+00 2.556994089132461845e+00 1.275093115428252100e+00
9.916568287567788520e-01 2.779649039764784835e+00 1.909172943035479797e+00 2.545962628778581927e+00 1.279037475432925230e+00
1.009012813061370917e+00 2.774933012053022896e+00 1.929920728021367715e+00 2.532920715926430422e+00 1.273536130299067537e+00
1.026553086771727852e+00 2.770807829383602705e+00 1.947007279363959675e+00 2.518795099765503309e+00 1.258255494636771665e+00
1.043903641652087932e+00 2.766254175011387151e+00 1.961389951125547482e+00 2.504113764224925820e+00 1.238989233746078833e+00
1.061080040367740507e+00 2.758112348315854945e+00 1.973000065327558783e+00 2.487062459579012064e+00 1.218630098036324494e+00
1.073610063424829564e+00 2.737443372376128004e+00 1.975864951055696928e+00 2.462989347885518931e+00 1.200445758526107909e+00
1.065355884611062010e+00 2.708336930945945742e+00 1.977572343999415283e+00 2.436232623923863638e+00 1.205265333962618701e+00
1.068180885322264073e+00 2.684322400787869878e+00 1.994046435812613982e+00 2.412663656796410372e+00 1.207965986005415493e+00
1.077786405568577521e+00 2.662255760093282131e+00 2.004050113342116912e+00 2.384620740516494752e+00 1.199752251395925562e+00
1.094034171967101177e+00 2.636680662308667600e+00 2.012799492910668064e+00 2.360891049266327535e+00 1.193230773879386142e+00
1.108797369973886005e+00 2.609443467860724564e+00 2.029263840737378644e+00 2.346635374538970531e+00 1.195577619240867362e+00
1.120021460248795897e+00 2.601307511499587832e+00 2.052849241764805654e+00 2.343332282649975173e+00 1.202564064578140801e+00
1.138168412424462206e+00 2.579795354934481644e+00 2.066069823723513110e+00 2.352221090153058469e+00 1.219450783004110583e+00
1.160153576381404594e+00 2.553877045856962624e+00 2.069690329389635597e+00 2.351151390769957938e+00 1.238280897271558878e+00
1.184640839544331081e+00 2.523672508491081157e+00 2.067314993243699828e+00 2.340721698305993304e+00 1.247689183632538112e+00
1.208935551146334886e+00 2.493351723750159010e+00 2.066866445123763718e+00 2.328918449334850038e+00 1.256016773932056907e+00
1.229241572283068296e+00 2.462179540738949068e+00 2.070846526113251151e+00 2.319151773664726690e+00 1.271274698075470555e+00
1.244494352168211915e+00 2.436965679303428001e+00 2.082180977457138038e+00 2.310386805481503991e+00 1.291235256275754084e+00
1.256972880687115879e+00 2.423498321571163405e+00 2.098321860171206588e+00 2.300488391796624565e+00 1.312386798159566936e+00
1.266757651973915877e+00 2.413037242483329070e+00 2.106816841566952370e+00 2.289910196468127435e+00 1.340587449159599931e+00
1.269003048712213921e+00 2.397015353582898634e+00 2.098738581565028127e+00 2.281779602709387511e+00 1.370991333922271238e+00
1.265228598628664880e+00 2.374627241182784232e+00 2.087913059545003946e+00 2.273344168825782941e+00 1.397462073171690466e+00
1.261475173594332810e+00 2.345403997510992600e+00 2.088526100392454676e+00 2.261670452967904144e+00 1.423396284041090532e+00
1.262588703333722417e+00 2.321101603398541879e+00 2.101898151243617452e+00 2.249451772619937007e+00 1.446141008549949758e+00
1.266542353250752040e+00 2.304730752339195554e+00 2.117742020076691212e+00 2.239564233166772222e+00 1.469940999534280257e+00
1.269086549884511417e+00 2.288386858905150145e+00 2.121891642917666410e+00 2.230579412948267670e+00 1.500374024042991028e+00
1.270225373543673708e+00 2.262705687673057131e+00 2.102711202907389776e+00 2.220604384438371603e+00 1.514378726815261977e+00
1.265854762551431367e+00 2.230376049533577376e+00 2.084906162353851400e+00 2.208932683454061685e+00 1.509729218654280558e+00
1.255541975762198614e+00 2.205048465357653864e+00 2.094487957422754842e+00 2.184166971950770808e+00 1.501563318141439396e+00
1.253155551851387495e+00 2.206056745954382503e+00 2.120179350574875610e+00 2.178972469055869610e+00 1.507449924296308641e+00
1.256807606043839121e+00 2.212135057867413490e+00 2.140401982300224049e+00 2.190375273393549094e+00 1.526892426173519279e+00
1.259994787818389916e+00 2.210679012986059178e+00 2.153155615362487119e+00 2.200455790725740268e+00 1.555644199955138918e+00
1.272350166569661489e+00 2.189388135850553585e+00 2.155151312705182232e+00 2.204412572423574357e+00 1.584396671513890187e+00
1.300000000000000044e+00 2.169999999999999929e+00 2.154999999999999805e+00 2.209999999999999964e+00 1.600000000000000089e+00
