8.699999999999999956e-01 2.740000000000000213e+00 1.850000000000000089e+00 2.629999999999999893e+00 1.350000000000000089e+00
9.062548762277223835e-01 2.750427113982455651e+00 1.862927507243949510e+00 2.608432634972262854e+00 1.355973024439983021e+00
9.330032423277090370e-01 2.782799142045697671e+00 1.856755216475639569e+00 2.575956829004690363e+00 1.358375851963942393e+00
9.455750816310907192e-01 2.772018345738421097e+00 1.883946456959009419e+00 2.583303909925386055e+00 1.355723170682276546e+00
9.520080581020893273e-01 2.757428162257406612e+00 1.908780743387525458e+00 2.574366074563067208e+00 1.329814012396045797e+00
9.542199841187070097e-01 2.762858075569669225e+00 1.918917656467682642e+00 2.577567689588316391e+00 1.287559501432609110e+00
9.639566003792132687e-01 2.804133872315927700e+00 1.902587037450984120e+00 2.568192769321980151e+00 1.275634902594414477e+00
9.896313535555416596e-01 2.787683490140342446e+00 1.905315687533015723e+00 2.529099980912715928e+00 1.266937933722143583e+00
1.013069216282500351e+00 2.755169834656741479e+00 1.917943633693459660e+00 2.499556248019721316e+00 1.255781813304854166e+00
1.036265538333442038e+00 2.719732885516204846e+00 1.932316074048608723e+00 2.474126869980533883e+00 1.244547179785376212e+00
1.054922302173033399e+00 2.670948235034992901e+00 1.941769645497718022e+00 2.452049014155636364e+00 1.230066814132297681e+00
1.059376415959877082e+00 2.616558583285740092e+00 1.948600803703014028e+00 2.430514658923858207e+00 1.217306826356742366e+00
1.070165407738756569e+00 2.610250228489638502e+00 1.973661400276784272e+00 2.400707608762250089e+00 1.219234163043612762e+00
1.089189994482353319e+00 2.572359035756861090e+00 1.994964157352657752e+00 2.386118001839842684e+00 1.214755720837273456e+00
1.107438339639528868e+00 2.523692803633994952e+00 2.004926482429540968e+00 2.364276830413182928e+00 1.214889637299857883e+00
1.133833219653064717e+00 2.507364771251728630e+00 2.024295445784349390e+00 2.337965960744617266e+00 1.213245591141610236e+00
1.166790181823341932e+00 2.493703492935667398e+00 2.040822670153617846e+00 2.315557604300998218e+00 1.212307565928418152e+00
1.201315831726847527e+00 2.479148892740639099e+00 2.055128691756565651e+00 2.293393889227239857e+00 1.209821659567948959e+00
1.237577387107516858e+00 2.458502087286178917e+00 2.061903679329606387e+00 2.273514250257123948e+00 1.207653460611458174e+00
1.254490259910681527e+00 2.419704101521049200e+00 2.068183291134591872e+00 2.260455309079862030e+00 1.238005471642412703e+00
1.259995994140096887e+00 2.392359041475914161e+00 2.078164175149185500e+00 2.246283419098531464e+00 1.274569224317226634e+00
1.260523414878602644e+00 2.362710252131446254e+00 2.088312105163983912e+00 2.254566138533962594e+00 1.312260001884624439e+00
1.262643348986665970e+00 2.332364440035770592e+00 2.096854001813695412e+00 2.258735062399399585e+00 1.350901440583161861e+00
1.262161459176188938e+00 2.329713764882922256e+00 2.097499408937553156e+00 2.278004328357202901e+00 1.392169375461926872e+00
1.249416447692487830e+00 2.328025133178686978e+00 2.087206448343441600e+00 2.280368336571275023e+00 1.430137266893783288e+00
1.249481028813237860e+00 2.337412378127625701e+00 2.096695075084072712e+00 2.232832206068668945e+00 1.443206155304321614e+00
1.250387882784252280e+00 2.334776633331529627e+00 2.106197245233615511e+00 2.186546064649315113e+00 1.460108983044815956e+00
1.247359083826704795e+00 2.304617531650390738e+00 2.103752365181932316e+00 2.161564332130623711e+00 1.493307935195097080e+00
1.241389242692252814e+00 2.273786544951064581e+00 2.094222096472601713e+00 2.149877198790621335e+00 1.529473586976357158e+00
1.227581972742627814e+00 2.247597257062042164e+00 2.077740205708627830e+00 2.140655890702851671e+00 1.560301427209098035e+00
1.226412200200538649e+00 2.248973129866073783e+00 2.081221721193264873e+00 2.152900871213393685e+00 1.535119089812530646e+00
1.248567915546589857e+00 2.240080003896744998e+00 2.103229894743569695e+00 2.151175204038873190e+00 1.557020361118895746e+00
1.262266912914658423e+00 2.230064040274701842e+00 2.125969960829484862e+00 2.148970387555991124e+00 1.583872962355730385e+00
1.280907578637766608e+00 2.207994977320533625e+00 2.148184029414231144e+00 2.174320389009414711e+00 1.591223784779946859e+00
1.300000000000000044e+00 2.169999999999999929e+00 2.154999999999999805e+00 2.209999999999999964e+00 1.600000000000000089e+00
