8.699999999999999956e-01 2.740000000000000213e+00 1.850000000000000089e+00 2.629999999999999893e+00 1.350000000000000089e+00
8.910444346091582757e-01 2.752023612192200819e+00 1.863055288229774842e+00 2.625355103799884571e+00 1.362247149758088582e+00
9.123884031552318419e-01 2.768227144961424191e+00 1.875406970733880074e+00 2.619563727098328965e+00 1.373595505735146993e+00
9.320851478178948657e-01 2.800559082087782592e+00 1.886972500758438365e+00 2.618159816121375716e+00 1.377886365139904923e+00
9.474653981825414961e-01 2.817061793492984467e+00 1.895583694713795175e+00 2.596929263579541569e+00 1.389324782421550664e+00
9.577805018680076721e-01 2.822998068659100745e+00 1.905402190508701299e+00 2.567569545693928923e+00 1.387488470318030132e+00
9.698471861497188762e-01 2.841061722086677843e+00 1.917356460269321383e+00 2.543194489241854317e+00 1.385989277414152676e+00
9.841277144960345336e-01 2.863269699999600792e+00 1.928977503298180629e+00 2.521313094470320593e+00 1.387289487541890631e+00
1.007551178799689140e+00 2.877454664155199460e+00 1.931506045950747597e+00 2.500400181227956597e+00 1.382990532326882072e+00
1.018898562205693192e+00 2.856375267476449764e+00 1.915524539335325738e+00 2.487791283860738556e+00 1.384582214768078412e+00
1.016158898552030454e+00 2.828054202801341344e+00 1.902233679212177453e+00 2.467966850249291966e+00 1.384350216403877454e+00
1.028378136364373363e+00 2.825609772676425102e+00 1.910482934767449903e+00 2.440978906780395086e+00 1.374912901930889664e+00
1.041224474978276193e+00 2.837631544748323797e+00 1.924052107997635375e+00 2.425088288307073014e+00 1.361168028468951574e+00
1.052227979551987991e+00 2.834119930306890023e+00 1.940017739282976272e+00 2.409515834922620225e+00 1.349179999163383714e+00
1.060424983264975030e+00 2.808576243874438383e+00 1.955625368288545385e+00 2.396657576826187075e+00 1.340097279625517501e+00
1.063294192846490294e+00 2.769135175129605386e+00 1.966198775881878635e+00 2.390857882541009616e+00 1.326949935086764176e+00
1.061860555175233811e+00 2.729367798433002257e+00 1.969462501656874309e+00 2.392412386697301052e+00 1.307723392177412292e+00
1.064197313577412762e+00 2.690142331190552571e+00 1.968826623346666249e+00 2.394051940173136384e+00 1.288322189543106955e+00
1.079093217552107298e+00 2.651755668973166724e+00 1.972814393467998473e+00 2.391101683268035405e+00 1.274646437683703226e+00
1.101785929076457782e+00 2.624825691986337084e+00 1.982315412187800829e+00 2.385014498244866665e+00 1.267410502978026710e+00
1.126078706799527263e+00 2.599928113579442979e+00 1.989783091393311887e+00 2.375857196074368627e+00 1.260548044631844444e+00
1.150842130015803377e+00 2.575288600646749693e+00 1.996079437699489478e+00 2.365143428694075567e+00 1.254401966782331845e+00
1.176013243238185346e+00 2.551920235002712367e+00 2.002761473221433164e+00 2.353598964737498633e+00 1.250264061192645659e+00
1.201599156705170479e+00 2.529994344695359221e+00 2.007271172159175610e+00 2.339593434863238119e+00 1.248205203124459706e+00
1.215998086450447602e+00 2.497585585833896449e+00 2.010516865161389610e+00 2.319639725032842215e+00 1.247411139431730653e+00
1.219750615900816904e+00 2.469812760346408176e+00 2.020236649595462453e+00 2.305358314380059337e+00 1.264873140994692280e+00
1.225075651111141806e+00 2.452772795834316621e+00 2.033586366471965334e+00 2.296595842999450632e+00 1.284485042280788747e+00
1.232039483866011587e+00 2.440020781113369619e+00 2.049201476681578260e+00 2.289283276390798427e+00 1.302240455177613221e+00
1.241235696732138294e+00 2.431035092595054348e+00 2.066207208421683372e+00 2.282246553087204255e+00 1.317805693147314772e+00
1.250940544181518899e+00 2.422816660518054110e+00 2.081464368027396539e+00 2.275875958644405284e+00 1.335163589229050762e+00
1.254589614485944971e+00 2.408399087582464126e+00 2.087491525625817079e+00 2.268069989899796468e+00 1.360441708822335505e+00
1.252927170528723266e+00 2.391980406065780329e+00 2.088169333965323116e+00 2.254325982269791417e+00 1.385218027740504843e+00
1.251769887444127649e+00 2.377413886059364767e+00 2.091772112600045030e+00 2.234734313922948079e+00 1.407197869806196877e+00
1.253870086983714938e+00 2.365554526211336661e+00 2.100373336328606122e+00 2.214784722565580566e+00 1.427134907817312559e+00
1.259469050622301634e+00 2.353973387293348818e+00 2.111838321938783736e+00 2.199484442010599228e+00 1.446982797939490695e+00
1.267830016491827472e+00 2.338525197760145335e+00 2.123063385384675872e+00 2.191312686562573386e+00 1.468260231839867647e+00
1.276534600432018607e+00 2.315287671760768884e+00 2.131649385601981805e+00 2.189391958038144015e+00 1.490421565135927606e+00
1.281955982909114722e+00 2.282544349568005781e+00 2.136755662858729643e+00 2.190315083105088600e+00 1.511958045018495289e+00
1.283183949109544475e+00 2.244418946137530568e+00 2.138685880389285643e+00 2.192115888572199633e+00 1.532440898577477117e+00
1.285190588033762626e+00 2.209815204341442296e+00 2.139418924314814063e+00 2.196136545207334034e+00 1.554350380057858416e+00
1.292851424252546622e+00 2.186791694848783774e+00 2.144020536522096343e+00 2.202354943229907658e+00 1.578220411152783775e+00
1.300000000000000044e+00 2.169999999999999929e+00 2.154999999999999805e+00 2.209999999999999964e+00 1.600000000000000089e+00
