8.699999999999999956e-01 2.740000000000000213e+00 1.850000000000000089e+00 2.629999999999999893e+00 1.350000000000000089e+00
8.909167413887534304e-01 2.751665121090133947e+00 1.850993816724849639e+00 2.621213951150414445e+00 1.325771413544482247e+00
9.106061931933165932e-01 2.761232494556788541e+00 1.855727738532243043e+00 2.605338612183743408e+00 1.304218256592714731e+00
9.265090864548291005e-01 2.764028509426184055e+00 1.866114842426903397e+00 2.582503124029891239e+00 1.288516845323827820e+00
9.466919283762323944e-01 2.772120965785434876e+00 1.875903294292484702e+00 2.563232840788160161e+00 1.273672281815023011e+00
9.539189783829233882e-01 2.796400598852249786e+00 1.894635069090817581e+00 2.574574959526305662e+00 1.274540644005748735e+00
9.616968635810907440e-01 2.823744041676532035e+00 1.915574317083694744e+00 2.578002072664084210e+00 1.272952844211406864e+00
9.791585707311428743e-01 2.830360743114508359e+00 1.931821181303895685e+00 2.562459364746412227e+00 1.261271504795048015e+00
9.972184211268146914e-01 2.817000867427737809e+00 1.939683821202466296e+00 2.540059827544743243e+00 1.246871453971594379e+00
1.013963939753404819e+00 2.796639732777705056e+00 1.943472277637872336e+00 2.516668666387314346e+00 1.232449005494634209e+00
1.030003530129401934e+00 2.776335825086404530e+00 1.944975992145625332e+00 2.492335341069211285e+00 1.217774910352555473e+00
1.045093305207003720e+00 2.757463517670126762e+00 1.943429480239609708e+00 2.466624744640929734e+00 1.203355989687989291e+00
1.058815084958748098e+00 2.736976723928816302e+00 1.938629527756188242e+00 2.440240081710716602e+00 1.190853371229168234e+00
1.071397705828026625e+00 2.710463805195826303e+00 1.932916485296640285e+00 2.414354857807981425e+00 1.181858272092028095e+00
1.082199274941131106e+00 2.675763263677941595e+00 1.929946146285138164e+00 2.389698028068479196e+00 1.177445940367703781e+00
1.087143573002689934e+00 2.628470712012546784e+00 1.930881943758919750e+00 2.373369947028852511e+00 1.179602236184682074e+00
1.092582542244423527e+00 2.593438989757319568e+00 1.947521993455112899e+00 2.377275974488318955e+00 1.187829346822761423e+00
1.103824186432293741e+00 2.599108557808495590e+00 1.971096142985969468e+00 2.370776130482337596e+00 1.185450185059796269e+00
1.111163141861022385e+00 2.610464267274386962e+00 1.994912027309920122e+00 2.366476386086879824e+00 1.179771851844222175e+00
1.133331457247726881e+00 2.590849265736880902e+00 2.009203196717636253e+00 2.363955946915465400e+00 1.191154890292650759e+00
1.160312393744107329e+00 2.571061508571470533e+00 2.015797940887388062e+00 2.359357744831862114e+00 1.203680540580550851e+00
1.188341603709271999e+00 2.556636251804396576e+00 2.025499403090709638e+00 2.352677500256830534e+00 1.211598167187432740e+00
1.216158031988136656e+00 2.541156643505249502e+00 2.035564044454595933e+00 2.345208235023910071e+00 1.217939145603235351e+00
1.237969567695749173e+00 2.516344996942547318e+00 2.046413824805402015e+00 2.329737358656462920e+00 1.220213564702519182e+00
1.246468973204658326e+00 2.481271876291265777e+00 2.054140493967701708e+00 2.305915775858451422e+00 1.220014789461821403e+00
1.250597479385122224e+00 2.451351430867983794e+00 2.061720409482883376e+00 2.286189407283020891e+00 1.237533017596722074e+00
1.255464747765848488e+00 2.438358338593900498e+00 2.071234945869490307e+00 2.278390736536115568e+00 1.266819667030987917e+00
1.259836579757382058e+00 2.426347177588281667e+00 2.079307860181669909e+00 2.274557661988145796e+00 1.297766667844718613e+00
1.261277286277432852e+00 2.409810983225725955e+00 2.086822164935539181e+00 2.271326104285327663e+00 1.328431615451229009e+00
1.257900882895433670e+00 2.389915843331879231e+00 2.091751220998752991e+00 2.264874275912788892e+00 1.358539233571292915e+00
1.259296187780316156e+00 2.383629072035279961e+00 2.100869113190266813e+00 2.259936926875380170e+00 1.389770759257150434e+00
1.261098878011899238e+00 2.371496065961113064e+00 2.108959495746053570e+00 2.249037133917366926e+00 1.419453580206377463e+00
1.258028662356931671e+00 2.364539813077874530e+00 2.112347543270324479e+00 2.235608696847124932e+00 1.450206308357246510e+00
1.251650097952328400e+00 2.347919883204460323e+00 2.102474040627712704e+00 2.220592935249588784e+00 1.475173202416704132e+00
1.245556590518145823e+00 2.324339125338753309e+00 2.113878332631106360e+00 2.207065333179931699e+00 1.497230974421191352e+00
1.243138084554652911e+00 2.276686226889233389e+00 2.120418543191488148e+00 2.192920947341457705e+00 1.496233133725491049e+00
1.251605703814548498e+00 2.243268628322905300e+00 2.137498833424992029e+00 2.186350197493371894e+00 1.489032346303015730e+00
1.262944379535167805e+00 2.253380124163629539e+00 2.160374837795049352e+00 2.188841573378887961e+00 1.491410944028223495e+00
1.275112256090674911e+00 2.252384109851050642e+00 2.169513498428116804e+00 2.198385927887372304e+00 1.518589450969984211e+00
1.284088365213384764e+00 2.227268794805178143e+00 2.165936679879810534e+00 2.203319602797240595e+00 1.546631065078144074e+00
1.292044182606692404e+00 2.198634397402589258e+00 2.160468339939905391e+00 2.206659801398620502e+00 1.573315532539072192e+00
1.300000000000000044e+00 2.169999999999999929e+00 2.154999999999999805e+00 2.209999999999999964e+00 1.600000000000000089e+00
