8.699999999999999956e-01 2.740000000000000213e+00 1.850000000000000089e+00 2.629999999999999893e+00 1.350000000000000089e+00
9.169490134763045308e-01 2.792454024789019051e+00 1.892511234957999999e+00 2.604852464344153962e+00 1.378521170277530850e+00
9.433190297802248603e-01 2.860265180088177761e+00 1.915183814824907182e+00 2.570289168212510855e+00 1.337839321144701943e+00
9.490106173155496982e-01 2.843462128650492637e+00 1.914077409256365048e+00 2.573766747735692473e+00 1.316993623333940544e+00
9.608732695857857831e-01 2.800003705786453967e+00 1.910213214995039932e+00 2.583423582093366200e+00 1.277557818831612568e+00
9.656105864944602990e-01 2.732456429847701429e+00 1.899228425967497191e+00 2.575055349023560591e+00 1.310672185777083776e+00
9.815716095182024370e-01 2.701228938842642702e+00 1.895896941456952867e+00 2.545689057038055481e+00 1.296463066021123822e+00
9.992049263620985666e-01 2.676239610207632680e+00 1.905814845290015214e+00 2.506557111125387927e+00 1.269360445705329354e+00
1.031578727099553561e+00 2.637678837220803985e+00 1.936132571817157144e+00 2.457930059047552351e+00 1.244839229572104022e+00
1.106218756224667477e+00 2.591250245366849114e+00 2.017663537416347186e+00 2.400446320362718655e+00 1.220710562865104487e+00
1.140168860300415421e+00 2.603982824293029186e+00 2.030986587902870344e+00 2.388289263906089310e+00 1.211782327747952692e+00
1.212195638819009158e+00 2.591867782817889765e+00 2.034262023702964051e+00 2.365580770872087957e+00 1.215362764326931799e+00
1.237710501341505953e+00 2.584146381718778418e+00 2.041718633283272410e+00 2.350966614040473690e+00 1.209310145033344996e+00
1.249167760142803951e+00 2.491758626430384815e+00 2.054722349052300334e+00 2.323148393166857950e+00 1.226152941631945881e+00
1.252299145766739841e+00 2.453902995227376760e+00 2.055300741150726473e+00 2.311305293844065467e+00 1.246631757160781451e+00
1.261970167904705065e+00 2.422562559017194417e+00 2.058704579712823612e+00 2.302659137883293905e+00 1.275530520087780673e+00
1.283350866378864197e+00 2.404187038350918293e+00 2.076171555811163305e+00 2.304057869455295116e+00 1.311772167239617870e+00
1.306546613365426879e+00 2.399963977896825362e+00 2.105124375157691574e+00 2.309302420535025213e+00 1.336755002570874762e+00
1.337375769005998194e+00 2.381402265652690975e+00 2.147067392219504267e+00 2.305713474857386647e+00 1.374877133817990149e+00
1.332079705723677066e+00 2.347955997745761803e+00 2.162289196652386725e+00 2.277388286108335436e+00 1.409917383256611645e+00
1.316907935246733663e+00 2.339778869043291465e+00 2.175252332526638632e+00 2.256349738596362009e+00 1.428087532410027727e+00
1.270158761975885175e+00 2.320365657609392507e+00 2.218626520046913075e+00 2.185388228472397554e+00 1.479933324508341475e+00
1.254668071426690901e+00 2.293482242984225650e+00 2.217450130761696059e+00 2.155674467271361472e+00 1.491529212716049102e+00
1.234893208801872699e+00 2.241422913512771675e+00 2.193535933557039908e+00 2.120259462590187827e+00 1.499149558868130505e+00
1.246740069029790066e+00 2.242645737246022453e+00 2.185733739894944350e+00 2.133813787818155117e+00 1.502229985491896791e+00
1.266246028663983836e+00 2.241231952996145083e+00 2.184151075082939819e+00 2.160077772768479232e+00 1.522391719946662336e+00
1.275444807015013282e+00 2.222759974532815264e+00 2.176609575393273932e+00 2.173629493849365435e+00 1.543001238954728294e+00
1.300000000000000044e+00 2.169999999999999929e+00 2.154999999999999805e+00 2.209999999999999964e+00 1.600000000000000089e+00
