8.699999999999999956e-01 2.740000000000000213e+00 1.850000000000000089e+00 2.629999999999999893e+00 1.350000000000000089e+00
8.926696277950458835e-01 2.755895553783843877e+00 1.864584591863744700e+00 2.616568999067182766e+00 1.354130528821387403e+00
9.153828829168010328e-01 2.771774328614235561e+00 1.879122576050695548e+00 2.603117152181647853e+00 1.358254648038682566e+00
9.419152438099199776e-01 2.783871596760227884e+00 1.886385168009200308e+00 2.585802848739583215e+00 1.362932611638940639e+00
9.568088203552497228e-01 2.810886368825808113e+00 1.904188599013833638e+00 2.580734547940041423e+00 1.357487295393635218e+00
9.625954615539031867e-01 2.825625120752291775e+00 1.927498468539726284e+00 2.569461976795403224e+00 1.360272178748427319e+00
9.740207369420288419e-01 2.802131005699771471e+00 1.938772016355745365e+00 2.547722482748003614e+00 1.371012716690043431e+00
9.978835019975443865e-01 2.788301723388979525e+00 1.944817105245289612e+00 2.528274664370340208e+00 1.362543899814590898e+00
1.022033803119799522e+00 2.769389595381804181e+00 1.947832391207015901e+00 2.508799394321872711e+00 1.353985189543973400e+00
1.042030900492928902e+00 2.744882522936531011e+00 1.955629187089221954e+00 2.487128571013016209e+00 1.353482926917138229e+00
1.053305992303118499e+00 2.729395617578173727e+00 1.967422768084248652e+00 2.467086553692712236e+00 1.335660995378947113e+00
1.054233744600187483e+00 2.726164553066096730e+00 1.966424358087333957e+00 2.456027114718725812e+00 1.304074634642173880e+00
1.052833996191507637e+00 2.719672187700974408e+00 1.953779653838104036e+00 2.445188028432114358e+00 1.276733721077145445e+00
1.049384943613658416e+00 2.702395456416534003e+00 1.943964683282503048e+00 2.426627756266196645e+00 1.253117291021585311e+00
1.050423149637505826e+00 2.670550797787139885e+00 1.953806631139866301e+00 2.405645333624628179e+00 1.239591679442971106e+00
1.061417877092821094e+00 2.632725960781313823e+00 1.965016747490944793e+00 2.389151576657767784e+00 1.235124450524989648e+00
1.076445431346120918e+00 2.596049977881130122e+00 1.971924432903596980e+00 2.370470320860443181e+00 1.231648395530767770e+00
1.094689794992743437e+00 2.569002628155330648e+00 1.979687651218101863e+00 2.351909049530554796e+00 1.220392252890035056e+00
1.115246052598127369e+00 2.547594418456789356e+00 1.992222019557207124e+00 2.337257020849483613e+00 1.210878871016666913e+00
1.138161306961052333e+00 2.558769352281389242e+00 2.009617136376882662e+00 2.334751536464652055e+00 1.205224811095726434e+00
1.162929951727090128e+00 2.566245829667897826e+00 2.025504514611971896e+00 2.330049396638624870e+00 1.212347768424584471e+00
1.184965689832783386e+00 2.554887160930752188e+00 2.037689365750823711e+00 2.319454163314080386e+00 1.228174296983417513e+00
1.202259687340223593e+00 2.535727346224259549e+00 2.049522182984499619e+00 2.309937165394362335e+00 1.247609357693182597e+00
1.216577410884990940e+00 2.512407506369571664e+00 2.062583026367287520e+00 2.305856849465835801e+00 1.267948903296216123e+00
1.228408787701601224e+00 2.485719970159552705e+00 2.076074511115979515e+00 2.306294942644779855e+00 1.288148334960278030e+00
1.236949984213863596e+00 2.461165892808845790e+00 2.090382598689201288e+00 2.307583907806661561e+00 1.310059329721610322e+00
1.242260978102941671e+00 2.442296343021804983e+00 2.104656776534110207e+00 2.308003545018898262e+00 1.335003227433150252e+00
1.246908663348166524e+00 2.424047180524876222e+00 2.113251284754325887e+00 2.308610136097002385e+00 1.364017461340069293e+00
1.250945592582382693e+00 2.401744484421532100e+00 2.113268146591636754e+00 2.308446711267730933e+00 1.393975072879057642e+00
1.252377372576928494e+00 2.370046037152939267e+00 2.111350806202493935e+00 2.297037934294527961e+00 1.418353929612184761e+00
1.252131093529994743e+00 2.339843026837347129e+00 2.113936485400954357e+00 2.267749268381138883e+00 1.421397422790683596e+00
1.253749189692077604e+00 2.320221782330250448e+00 2.120338435354096607e+00 2.234343419926254182e+00 1.420032596082680065e+00
1.257679613655806161e+00 2.311182926937564996e+00 2.132358370086405941e+00 2.202790064545463888e+00 1.425551120131458571e+00
1.264795962309439581e+00 2.313755539356287194e+00 2.151904680066508924e+00 2.192302259535860109e+00 1.443326044638977734e+00
1.268281245286218439e+00 2.295848618030436050e+00 2.168317381039644332e+00 2.195227942617710593e+00 1.461949546182963466e+00
1.256860070026527332e+00 2.270778425041955373e+00 2.147697749708366466e+00 2.195174138272780073e+00 1.466725503610052384e+00
1.250257130102496950e+00 2.260846384831368905e+00 2.135163885105608728e+00 2.199189221825465168e+00 1.493877018827690639e+00
1.270680634436495371e+00 2.236474355979867656e+00 2.140419050753375796e+00 2.212904601224208179e+00 1.509309145164436483e+00
1.282252078222489988e+00 2.230956295779960019e+00 2.163171392069914933e+00 2.218619913039936442e+00 1.515276118056365640e+00
1.285558356213126974e+00 2.209307509398902081e+00 2.170623539385995393e+00 2.212394544742092517e+00 1.543356226133166142e+00
1.290246717639070173e+00 2.188027137389850552e+00 2.164311850615589172e+00 2.209392334831397076e+00 1.572479580496150664e+00
1.300000000000000044e+00 2.169999999999999929e+00 2.154999999999999805e+00 2.209999999999999964e+00 1.600000000000000089e+00
