8.699999999999999956e-01 2.740000000000000213e+00 1.850000000000000089e+00 2.629999999999999893e+00 1.350000000000000089e+00
8.885344604624985099e-01 2.763237438204641183e+00 1.868688175180702515e+00 2.622664699015562650e+00 1.355947532943375000e+00
9.070689209249971352e-01 2.786474876409282153e+00 1.887376350361405164e+00 2.615329398031124963e+00 1.361895065886750134e+00
9.263489122326097336e-01 2.805429128577676678e+00 1.906603426572131443e+00 2.606707290284568490e+00 1.367093549779976547e+00
9.545117020619868775e-01 2.818965487764276467e+00 1.917084940657071357e+00 2.593626059088482094e+00 1.363699352113067365e+00
9.697160813664198464e-01 2.815872284910267531e+00 1.905388097936341785e+00 2.574017041312756326e+00 1.346000047726504389e+00
9.709828808137304090e-01 2.798272496162530931e+00 1.888198416534552893e+00 2.556552759626676607e+00 1.327649896983809308e+00
9.719811519544916401e-01 2.770222401054695638e+00 1.873186230968247878e+00 2.541943847745187668e+00 1.309079742773798571e+00
9.812504181781004364e-01 2.743475619852428160e+00 1.869661609093661081e+00 2.522742631457459694e+00 1.286727723047014882e+00
9.956385143024568674e-01 2.734096392912308549e+00 1.882254765714911571e+00 2.501957685161870337e+00 1.268713579197952690e+00
1.008957678685004078e+00 2.731560870603475966e+00 1.900136177547799177e+00 2.482607857160983755e+00 1.255076377106316032e+00
1.021546486672114229e+00 2.730686426908998321e+00 1.919637803969384438e+00 2.463922858558483586e+00 1.243755766484129222e+00
1.034050782380654621e+00 2.733968215739777552e+00 1.940549241653326096e+00 2.446846726934421845e+00 1.234948531633762725e+00
1.045358156586207343e+00 2.741026631771444233e+00 1.961761012733633791e+00 2.431245091614341547e+00 1.224482156334441019e+00
1.058160266024819496e+00 2.735605619202856609e+00 1.975363524510286517e+00 2.412863121642080166e+00 1.204368693326989037e+00
1.074027975940390345e+00 2.694589480844305829e+00 1.969390962992457972e+00 2.406405608664633267e+00 1.202966305652092283e+00
1.087744387550188652e+00 2.658548384869571457e+00 1.983974988702980058e+00 2.398849081578452669e+00 1.210590712900369681e+00
1.105672916613800405e+00 2.629767125491405899e+00 1.992293452435636159e+00 2.377309330769026730e+00 1.214074123146708262e+00
1.132111080786825097e+00 2.606502149650064659e+00 1.996818085107230800e+00 2.361438705242469460e+00 1.212240312529363040e+00
1.156553468812612229e+00 2.590353282155430037e+00 2.010180254895618912e+00 2.346503724980573136e+00 1.205726744043273291e+00
1.181130795133324085e+00 2.573545678617191967e+00 2.023222083759777856e+00 2.331062296983305693e+00 1.200384627865477061e+00
1.205583675281130196e+00 2.554859359294344934e+00 2.035934364818884568e+00 2.315374961977221702e+00 1.196781693949060088e+00
1.228758943438841289e+00 2.530368248401480447e+00 2.047549502543080102e+00 2.300183115121640753e+00 1.197977587228618912e+00
1.244833372885242539e+00 2.494054319197916758e+00 2.054051488460293395e+00 2.288845450263601755e+00 1.210680647732762738e+00
1.250226163991118078e+00 2.453887581275252749e+00 2.055744959711436337e+00 2.285358839910968776e+00 1.231303037358511876e+00
1.262173073429005088e+00 2.423256371565511991e+00 2.070820459819119108e+00 2.284879637248171669e+00 1.248371867445851269e+00
1.268687538927720126e+00 2.402660272666540031e+00 2.085089761992496182e+00 2.286309917724006269e+00 1.273903341681815959e+00
1.270454195940803555e+00 2.383341831762385343e+00 2.096789548439296880e+00 2.282708183428978188e+00 1.302556982662657736e+00
1.269855238202881598e+00 2.360615863444902374e+00 2.105374721243518543e+00 2.274624368863744195e+00 1.331258175802918720e+00
1.266209027559334510e+00 2.337158446753813568e+00 2.107889957567744332e+00 2.262868355540289755e+00 1.360327384136102769e+00
1.259410778412933363e+00 2.323958385374189195e+00 2.106718371045314342e+00 2.244409143968348896e+00 1.388594722456813368e+00
1.254782674901789186e+00 2.322024153164355287e+00 2.110190819844236731e+00 2.220577357964047760e+00 1.414677526688119524e+00
1.257158380054131275e+00 2.316912409117129368e+00 2.120786458042156042e+00 2.201177707151360963e+00 1.440646970447049924e+00
1.265264528318481796e+00 2.297037452224662157e+00 2.132634806389007487e+00 2.191737275393365714e+00 1.466606753636485072e+00
1.272670246001866623e+00 2.262741700546290424e+00 2.141557867755226940e+00 2.187662706228501452e+00 1.489798133558570825e+00
1.271621524028200279e+00 2.226436299644696248e+00 2.143427992509088664e+00 2.184160203015081958e+00 1.515603156495759940e+00
1.273147052771576471e+00 2.204769422751486907e+00 2.140075256230981271e+00 2.185855956917957421e+00 1.547011969694241484e+00
1.286005272699611179e+00 2.186392631761046701e+00 2.146360455202144912e+00 2.196968873211028850e+00 1.574451758334549201e+00
1.300000000000000044e+00 2.169999999999999929e+00 2.154999999999999805e+00 2.209999999999999964e+00 1.600000000000000089e+00
