8.699999999999999956e-01 2.740000000000000213e+00 1.850000000000000089e+00 2.629999999999999893e+00 1.350000000000000089e+00
8.965137243883056772e-01 2.745253766840558551e+00 1.865628228181446024e+00 2.601050235705595792e+00 1.347316702780056552e+00
9.125669679767182130e-01 2.749100252452568949e+00 1.883380417950281993e+00 2.567998876660253060e+00 1.357205518251630494e+00
9.189686394715762541e-01 2.751020305520673226e+00 1.890097720565159900e+00 2.556677242495828839e+00 1.357766609548138881e+00
9.289756333480846395e-01 2.755520073548407112e+00 1.894006715509930494e+00 2.549568959832707815e+00 1.347140970190694231e+00
9.405589067827287986e-01 2.762006524291907628e+00 1.892785892172219597e+00 2.547553789363071086e+00 1.329590988017141484e+00
9.566219330891834183e-01 2.776638864176708577e+00 1.895631907067036215e+00 2.547018135183493293e+00 1.290189509489488406e+00
9.611909863411889354e-01 2.792547641224096822e+00 1.884447383356463668e+00 2.544265902062999185e+00 1.269034042687745112e+00
9.690064228536190427e-01 2.773431444271768243e+00 1.886109082975633733e+00 2.531967017705011092e+00 1.261937561111981632e+00
9.844364898338074932e-01 2.752105297320380117e+00 1.901453446148313686e+00 2.516346649809805935e+00 1.266417193048428258e+00
1.002875425235958406e+00 2.745512950903711058e+00 1.911670208853501363e+00 2.496542716709030163e+00 1.263785041751575910e+00
1.038637015695028643e+00 2.690417108629117759e+00 1.936168921878745453e+00 2.448823195821759668e+00 1.261538779355143358e+00
1.051185073984421514e+00 2.663402880740456169e+00 1.960992706233822824e+00 2.428491577785537370e+00 1.249692860969418229e+00
1.059361651074047117e+00 2.647073644470814280e+00 1.983527249945024717e+00 2.416532638710670700e+00 1.236856434102293401e+00
1.071675202471586097e+00 2.630607555419127497e+00 2.006268503552542271e+00 2.400086064825835308e+00 1.228872933403702739e+00
1.081389624513601655e+00 2.619809631717379350e+00 2.025900821823235276e+00 2.394770007034660697e+00 1.227276950080972151e+00
1.092639470188297546e+00 2.601070966111554306e+00 2.040733550432248578e+00 2.391834896723032067e+00 1.220443353886323967e+00
1.109243708989574140e+00 2.579504170629212112e+00 2.043401543920550179e+00 2.380625029620822897e+00 1.210034874439950503e+00
1.127067956676934379e+00 2.565836558911866572e+00 2.043343307038348211e+00 2.368568023941702627e+00 1.204653122545825017e+00
1.196203690754331861e+00 2.524215613305559103e+00 2.049165039070671490e+00 2.321246963356861315e+00 1.200479753408203454e+00
1.212065970388978231e+00 2.514579776467812167e+00 2.050634154695662570e+00 2.310191319104770269e+00 1.199796538979456262e+00
1.219218659936506910e+00 2.510150346239418351e+00 2.051311285952307273e+00 2.305115510751753582e+00 1.199526836588166390e+00
1.239710306807398688e+00 2.494933959759664255e+00 2.054460268904599207e+00 2.291887420867592784e+00 1.199926768551921041e+00
1.263635225261732220e+00 2.451637731296117284e+00 2.065887266419670354e+00 2.282063158680075698e+00 1.219573081955060756e+00
1.268561916040984006e+00 2.436832202498366406e+00 2.069692902813216495e+00 2.280712071257596119e+00 1.228560070572883189e+00
1.273683428950819874e+00 2.401550320966277852e+00 2.074666072523245308e+00 2.276429966841942321e+00 1.258523771805520663e+00
1.269220005367577286e+00 2.366231102190238467e+00 2.081671782123986070e+00 2.272970209726956181e+00 1.309485613100741741e+00
1.261474974817471173e+00 2.352694307074517877e+00 2.088406330328772764e+00 2.268026764906722281e+00 1.343791245793511946e+00
1.250917840631293743e+00 2.348818375985255447e+00 2.096641395321530155e+00 2.256926985780690842e+00 1.374350922979745482e+00
1.241649690407763185e+00 2.350720169176987451e+00 2.104207160607713512e+00 2.243435133883505017e+00 1.395192793090896055e+00
1.237914160142297382e+00 2.336017905475576306e+00 2.111973071267168045e+00 2.205594909130716541e+00 1.434541058500312882e+00
1.242111749775228091e+00 2.318796179129027024e+00 2.111356769465435601e+00 2.186039711819721454e+00 1.458324874264727233e+00
1.250580173943069306e+00 2.289363804740924380e+00 2.111953150209610719e+00 2.168981883506372110e+00 1.497852288637127049e+00
1.263354786703231980e+00 2.243869627101059638e+00 2.130297555577469470e+00 2.179748564647662867e+00 1.528512009745086164e+00
1.271642534188488716e+00 2.204944289278470304e+00 2.123001179254095483e+00 2.174540764611919919e+00 1.561731246738705670e+00
1.282270672294616887e+00 2.192411755844236421e+00 2.132750450383142926e+00 2.184236440099130316e+00 1.575166920173345364e+00
1.300000000000000044e+00 2.169999999999999929e+00 2.154999999999999805e+00 2.209999999999999964e+00 1.600000000000000089e+00
