8.699999999999999956e-01 2.740000000000000213e+00 1.850000000000000089e+00 2.629999999999999893e+00 1.350000000000000089e+00
8.931488726795768773e-01 2.747144982510460576e+00 1.861002879867386328e+00 2.599380126897299803e+00 1.340341691251740297e+00
9.160357452168920167e-01 2.750128629116955103e+00 1.879802888500821556e+00 2.576270653292470403e+00 1.342298667680212221e+00
9.342043423034686045e-01 2.755151708179623071e+00 1.904077938382265689e+00 2.565466203077285012e+00 1.350780634089519872e+00
9.460455301504400172e-01 2.765567699452914585e+00 1.930972128364050411e+00 2.564757918032283257e+00 1.358942724775221267e+00
9.467174572020951029e-01 2.771793659211281735e+00 1.938824086384981271e+00 2.557219496780223977e+00 1.334073627236884274e+00
9.493398680050135763e-01 2.770463327664136166e+00 1.926327167549144459e+00 2.537172888572227336e+00 1.305297248075252714e+00
9.613294230778967053e-01 2.774081840918964481e+00 1.929411785827377601e+00 2.512141347764071941e+00 1.276792377214896357e+00
9.808370425834209705e-01 2.771763683362040265e+00 1.944098816559652443e+00 2.489721010176185079e+00 1.256920640163545988e+00
1.005170707701078303e+00 2.759339575636681641e+00 1.961374425932936649e+00 2.472397067830718775e+00 1.243849317070069072e+00
1.031881836355787341e+00 2.740190926483563327e+00 1.977413858758565679e+00 2.458082169620618540e+00 1.232853028035141518e+00
1.057545234413997504e+00 2.715739523180054960e+00 1.992996671824036614e+00 2.444220840513507742e+00 1.222657113448160304e+00
1.075464912803924866e+00 2.675267438213253968e+00 2.004652420962588000e+00 2.424317566987599371e+00 1.220098566745685620e+00
1.091766004756775876e+00 2.651410392437316244e+00 2.010787545802820375e+00 2.388891204721010020e+00 1.224332718526792485e+00
1.114081907096076574e+00 2.622776301652042008e+00 2.009251492256111771e+00 2.358124790376475932e+00 1.226060282704113380e+00
1.142206873247300969e+00 2.590270926567874721e+00 2.012923342032582497e+00 2.337987055808800729e+00 1.220156835201214651e+00
1.170510412753190455e+00 2.566694877065008651e+00 2.025445575722351954e+00 2.321920615549254219e+00 1.210214538955723285e+00
1.199694373880896947e+00 2.538000770905298964e+00 2.035415848364134916e+00 2.305563681094193296e+00 1.204631285424486054e+00
1.222232497114613681e+00 2.492197252802931029e+00 2.036574312071746551e+00 2.294118695742806580e+00 1.212195179859633321e+00
1.239071423404040084e+00 2.444421645089569939e+00 2.044832528262532811e+00 2.284351190612523563e+00 1.220157733945963274e+00
1.249246371004342882e+00 2.468715950708399109e+00 2.066188696314657403e+00 2.283065529725826881e+00 1.212800764383571206e+00
1.247787926993559449e+00 2.473672591276347532e+00 2.042508559743324348e+00 2.300696634493981207e+00 1.215014824218771272e+00
1.253172693012651884e+00 2.445830804259751190e+00 2.029343580406106184e+00 2.293093078563150478e+00 1.237672980484483487e+00
1.259671132173488584e+00 2.410025467767851204e+00 2.048291124681105302e+00 2.284495427216993502e+00 1.253526261955610233e+00
1.265294908067454482e+00 2.379942451997062225e+00 2.068804564727072304e+00 2.288133620462835083e+00 1.272696143768405452e+00
1.272003582249899178e+00 2.359371556606915554e+00 2.086014802685077552e+00 2.287677651891293795e+00 1.300956334203664522e+00
1.276022965863387038e+00 2.341641316752236524e+00 2.101463161457588935e+00 2.284035515783134684e+00 1.331995966059481562e+00
1.274569911210397199e+00 2.321906504561955575e+00 2.112920587465139111e+00 2.274699383632013294e+00 1.364747869986823403e+00
1.266273916886404338e+00 2.303710879499023534e+00 2.113150275763043151e+00 2.255838605832932497e+00 1.396820125969749027e+00
1.254043285476390768e+00 2.297869660043069917e+00 2.099498962115394107e+00 2.232153996385063621e+00 1.420808492260004163e+00
1.241236122157022059e+00 2.304973019725573113e+00 2.083146108790788542e+00 2.209394113182807207e+00 1.442929672428381771e+00
1.242263269879069210e+00 2.308173997155614110e+00 2.094985700736379464e+00 2.197406497021670013e+00 1.471312458082501440e+00
1.249796969863424145e+00 2.297510674587559976e+00 2.117185696345651902e+00 2.188134178258834162e+00 1.493628331306762203e+00
1.263879223348784997e+00 2.266196110886136150e+00 2.128385697249641773e+00 2.192562788425118203e+00 1.519717863069808717e+00
1.272903509561956303e+00 2.222624233947149364e+00 2.135394686541808085e+00 2.191851912931180646e+00 1.543359657028883003e+00
1.286288624365075961e+00 2.191391987388843443e+00 2.141409447271726663e+00 2.198168232533238342e+00 1.572734384099668592e+00
1.300000000000000044e+00 2.169999999999999929e+00 2.154999999999999805e+00 2.209999999999999964e+00 1.600000000000000089e+00
