8.699999999999999956e-01 2.740000000000000213e+00 1.850000000000000089e+00 2.629999999999999893e+00 1.350000000000000089e+00
9.019631681235580345e-01 2.774018267341392896e+00 1.862077500842291622e+00 2.614553241463812405e+00 1.356751999928945018e+00
9.314624275907162909e-01 2.793627168919541326e+00 1.879077314634658213e+00 2.597116074959391341e+00 1.345299762438452396e+00
9.427539625706599091e-01 2.821809942758425560e+00 1.901884230661915032e+00 2.577768767719703646e+00 1.331205666448522340e+00
9.586951954925343466e-01 2.848544257558839554e+00 1.921509656805665545e+00 2.565514809266788987e+00 1.308608147197066973e+00
9.800413402294025911e-01 2.822366995381898391e+00 1.936939240529198969e+00 2.538782573931998243e+00 1.313164802594072977e+00
9.983552677711422518e-01 2.789485047030824560e+00 1.951426355995009132e+00 2.506948043826866979e+00 1.303859431281304548e+00
1.015422911059069122e+00 2.759328433572783901e+00 1.965826038075920712e+00 2.475371103776051296e+00 1.289233205829184215e+00
1.033623864622331023e+00 2.728729043245181174e+00 1.979198933658890880e+00 2.445273737345690979e+00 1.272546127333692878e+00
1.054971640282078349e+00 2.684401091233843406e+00 1.979311282372113734e+00 2.420670910118366770e+00 1.255835119336815575e+00
1.054438233253814694e+00 2.679060595580655235e+00 1.950904044535011872e+00 2.420474797299384306e+00 1.248049483207526400e+00
1.069230897050362339e+00 2.660728132594610162e+00 1.949982784923832480e+00 2.403805971596005620e+00 1.216488923694458268e+00
1.085864664765930465e+00 2.632231716908940644e+00 1.973497296037400650e+00 2.400321763220160776e+00 1.201194509965084478e+00
1.099826482621858226e+00 2.607301558951785392e+00 2.000977755185675999e+00 2.399659623918479312e+00 1.196772226177135190e+00
1.116634864255987347e+00 2.587603685556726152e+00 2.027012088759623687e+00 2.392331043231820331e+00 1.198224481958734655e+00
1.148508801371303845e+00 2.557947097906538403e+00 2.036989107154138168e+00 2.367941402043701071e+00 1.199229976946412757e+00
1.178352169712302722e+00 2.525363581686402625e+00 2.044334965716589458e+00 2.339538740039611930e+00 1.196143913055198071e+00
1.208205639212166504e+00 2.492128001206799226e+00 2.052326805391159859e+00 2.312248515705650487e+00 1.195573111676011102e+00
1.235454289436729081e+00 2.456434891654270203e+00 2.063240659516186959e+00 2.294154614158237848e+00 1.211234309536032949e+00
1.250424596924955889e+00 2.413848700700752303e+00 2.067422717657323439e+00 2.288106406398424220e+00 1.241648597712095015e+00
1.253653141915000546e+00 2.372479505858386961e+00 2.062006618337061337e+00 2.283924457186560453e+00 1.275508969620480659e+00
1.254818704571036614e+00 2.337806590908497739e+00 2.060851404988725211e+00 2.276387920546580013e+00 1.312341081125711906e+00
1.259370456083869882e+00 2.335007425744099141e+00 2.084572994416229452e+00 2.269732229308753180e+00 1.336709432637131156e+00
1.259203910225938916e+00 2.339934129291687537e+00 2.111549094172932683e+00 2.270146250086719331e+00 1.358042949137198807e+00
1.252843972932275785e+00 2.316218914584632138e+00 2.092296865084005919e+00 2.281054545067615624e+00 1.373110832399098147e+00
1.249382430236629427e+00 2.286553165583479430e+00 2.067957974375474350e+00 2.295232741255893494e+00 1.389729006427044000e+00
1.251073574460058069e+00 2.292196305597791195e+00 2.059885968329677741e+00 2.273056730767821332e+00 1.369992593560009464e+00
1.250840825920914723e+00 2.312245321251899188e+00 2.080204647746678681e+00 2.242492776030839963e+00 1.383568850607357348e+00
1.250341047666750693e+00 2.318855319029064610e+00 2.097091048630813415e+00 2.224512037250137020e+00 1.416168527770050867e+00
1.251077642889440789e+00 2.322427650845837022e+00 2.110744996682665686e+00 2.205463761047298465e+00 1.451191334120078613e+00
1.254208238288257782e+00 2.322680741648572411e+00 2.119608807021729824e+00 2.182415077067013431e+00 1.487414804274056479e+00
1.261248051327613640e+00 2.313133452633848286e+00 2.123044787165961900e+00 2.158533500971584917e+00 1.523695804250616792e+00
1.271197712670363966e+00 2.272861495511739882e+00 2.125042232289213295e+00 2.144522107921776666e+00 1.555040358830820368e+00
1.270156783130275358e+00 2.209001016297658104e+00 2.133062063035733757e+00 2.139630894768226987e+00 1.568793763060922775e+00
1.284608746575187421e+00 2.180318889273194838e+00 2.152211853593758661e+00 2.165302354719841116e+00 1.583372932817113554e+00
1.300000000000000044e+00 2.169999999999999929e+00 2.154999999999999805e+00 2.209999999999999964e+00 1.600000000000000089e+00
