8.699999999999999956e-01 2.740000000000000213e+00 1.850000000000000089e+00 2.629999999999999893e+00 1.350000000000000089e+00
8.858878044202993518e-01 2.756001530159898572e+00 1.853870812306854132e+00 2.618245209666858031e+00 1.328107014792203833e+00
9.032632741807864463e-01 2.762699567735067863e+00 1.859107639678733159e+00 2.602613421372264924e+00 1.308414169227757773e+00
9.225344971753066670e-01 2.764166381543858186e+00 1.867169575252788816e+00 2.587639494270126850e+00 1.292009175288748590e+00
9.423274095380824722e-01 2.776220711545422049e+00 1.878507947676414824e+00 2.582594767208977515e+00 1.276834134197352810e+00
9.540324723409577823e-01 2.793752719438706400e+00 1.872516207914507014e+00 2.565251486985708151e+00 1.261469999814302190e+00
9.724600742555922217e-01 2.779829942873433879e+00 1.874599333605224460e+00 2.545804299202819365e+00 1.248629691269449005e+00
9.884943366503040618e-01 2.769391444276215974e+00 1.887128994854384345e+00 2.531222457331589570e+00 1.235509707060891582e+00
1.002380262764277497e+00 2.758978877657547457e+00 1.901510438457828522e+00 2.517090247196900776e+00 1.223017469425822012e+00
1.015513337672565353e+00 2.746896729032492157e+00 1.915770416636776385e+00 2.502360897432961195e+00 1.210682616229634911e+00
1.027222261666949299e+00 2.732185436024728631e+00 1.929573479508578382e+00 2.485959247963766661e+00 1.199036559295781901e+00
1.036668988630523369e+00 2.716155554120337712e+00 1.942413199205831331e+00 2.465553023059279703e+00 1.190114857387533753e+00
1.046434883272328253e+00 2.706006922494252898e+00 1.953681721812688732e+00 2.440422974761299990e+00 1.187205604029638817e+00
1.062901302995033381e+00 2.704877085649664004e+00 1.963650143625110367e+00 2.417466116016338873e+00 1.190579292272724521e+00
1.080075329697652853e+00 2.688025713278258788e+00 1.974501984254882991e+00 2.399931866314959361e+00 1.195876933675716236e+00
1.092516072869164523e+00 2.657699961890703122e+00 1.983568738631743100e+00 2.383736088946201370e+00 1.199464212653489348e+00
1.098743082254435066e+00 2.621768905866143751e+00 1.982379910989865657e+00 2.366747756217319143e+00 1.190263126206486444e+00
1.100987369744643285e+00 2.595089939348539154e+00 1.971098726011003777e+00 2.358997522380679168e+00 1.171126848235466422e+00
1.123340040095124559e+00 2.565881198160871346e+00 1.969792864852717207e+00 2.358164666352083216e+00 1.165413788583888222e+00
1.145004945142431119e+00 2.541676887944452012e+00 1.979152621410587676e+00 2.354078285909971591e+00 1.172264660730492514e+00
1.163829976260787546e+00 2.516269804596105608e+00 1.989677402224780733e+00 2.346525297313152070e+00 1.180193001651377527e+00
1.182146677521765721e+00 2.493110058641310633e+00 2.000353731606291596e+00 2.338064766645444159e+00 1.190859664019993103e+00
1.199820851361375507e+00 2.481972865263327055e+00 2.012434236877417515e+00 2.330372237248664824e+00 1.207319727183993496e+00
1.214118795700165565e+00 2.491555713077196810e+00 2.027729004328552076e+00 2.324857062322418955e+00 1.223038381082499626e+00
1.224870690690839314e+00 2.483345164600875510e+00 2.038947182955127335e+00 2.314620383924041569e+00 1.239592934977925998e+00
1.230693510373991995e+00 2.447512781362466860e+00 2.040531057001307769e+00 2.303949604494351266e+00 1.256070092121878146e+00
1.238689193170552150e+00 2.415760691943003025e+00 2.049053888361198617e+00 2.293137648469660839e+00 1.271664626585573776e+00
1.247206614382155632e+00 2.389853727595308897e+00 2.059461655468074248e+00 2.281758850185671594e+00 1.288948853219331170e+00
1.254564167722285628e+00 2.373049751960638165e+00 2.070037664748712203e+00 2.270602012856889118e+00 1.310952750060127459e+00
1.257933875556693781e+00 2.368222330964751432e+00 2.080452893236353518e+00 2.263555721753580219e+00 1.337713283346305237e+00
1.255388174121495615e+00 2.366077818065140281e+00 2.084834363589941120e+00 2.262431458581238175e+00 1.369330701777586867e+00
1.251981744711299527e+00 2.362520645349881487e+00 2.086788909859521368e+00 2.259530235990780067e+00 1.401143245739318699e+00
1.249589815439991369e+00 2.352067110264020489e+00 2.092496345206564801e+00 2.251880448826569570e+00 1.429431725204915793e+00
1.250659518127253289e+00 2.330475619041707969e+00 2.107916583603075544e+00 2.239814313582301875e+00 1.442625223943548196e+00
1.252916840972008172e+00 2.308958984241551882e+00 2.125491235012695768e+00 2.229822828042052230e+00 1.445825276289985029e+00
1.250498571886859756e+00 2.282094873268355695e+00 2.128404170959533381e+00 2.211434063669094563e+00 1.463510836142112526e+00
1.248036193717255271e+00 2.257787793185349834e+00 2.119164456860531232e+00 2.195257440130184534e+00 1.480906165473672598e+00
1.255324730010982659e+00 2.232786525840955161e+00 2.117872124562937053e+00 2.186709097306657412e+00 1.505284069402479830e+00
1.268758321546709089e+00 2.209623041769424034e+00 2.123651747952630675e+00 2.190319344172275251e+00 1.527853418135976860e+00
1.279157596460750224e+00 2.194289076625436596e+00 2.133678997732516791e+00 2.196389849424473795e+00 1.551849418897930155e+00
1.289578798230375245e+00 2.182144538312718041e+00 2.144339498866258520e+00 2.203194924712236880e+00 1.575924709448965233e+00
1.300000000000000044e+00 2.169999999999999929e+00 2.154999999999999805e+00 2.209999999999999964e+00 1.600000000000000089e+00
