8.699999999999999956e-01 2.740000000000000213e+00 1.850000000000000089e+00 2.629999999999999893e+00 1.350000000000000089e+00
8.957330205014094604e-01 2.757088927215648688e+00 1.863257245125971240e+00 2.611849807830903369e+00 1.353432603307464843e+00
9.183058793414569099e-01 2.777283635888457169e+00 1.880364699422879315e+00 2.596504055168366243e+00 1.350277116652435438e+00
9.376143516391151067e-01 2.798674205418597793e+00 1.901918878557887105e+00 2.588775561811711423e+00 1.348138167466791604e+00
9.516325691302136569e-01 2.786323421394836242e+00 1.923369614922682880e+00 2.574026521566252779e+00 1.338526309030851680e+00
9.459452909564390888e-01 2.766583105225519645e+00 1.907736180442816565e+00 2.561988149188970443e+00 1.318683042344513723e+00
9.500274903926552161e-01 2.745000698003205120e+00 1.882534390709293959e+00 2.554149950238503219e+00 1.311182238858351390e+00
9.591165883432056782e-01 2.724885651494942440e+00 1.871455721163665542e+00 2.544531653110056357e+00 1.311678810646097704e+00
9.718976896608068072e-01 2.723489383206453951e+00 1.888089506812997254e+00 2.535536096387801308e+00 1.286901235195229143e+00
9.871630645684235095e-01 2.723904179278615167e+00 1.907603805558832244e+00 2.522997843198868217e+00 1.268417955215239701e+00
1.002764229685350950e+00 2.718794571629942869e+00 1.925746323785515468e+00 2.503381470520266827e+00 1.253328117784208828e+00
1.018097478293399361e+00 2.711582180233853556e+00 1.942713336103251587e+00 2.481215791361425449e+00 1.239122841787306584e+00
1.033554431238087767e+00 2.704414695716448325e+00 1.959697673978314514e+00 2.459027449237916940e+00 1.225094251816104984e+00
1.050069444750436620e+00 2.697538683359145040e+00 1.976313605247939531e+00 2.436662424199589783e+00 1.212503764574002663e+00
1.073949720192849178e+00 2.696938480447829800e+00 1.987652023668557977e+00 2.415805996371063191e+00 1.217234572793863379e+00
1.075826393156833038e+00 2.682711566713989360e+00 2.010186723186474289e+00 2.404397226426487677e+00 1.227607767210474154e+00
1.080545922635915757e+00 2.636682816649478234e+00 2.016640777409095975e+00 2.392781760911041999e+00 1.242882175543651213e+00
1.093149251738309680e+00 2.587769748494241906e+00 2.019594959053970129e+00 2.383437882164872068e+00 1.251010023786969017e+00
1.115657932764396287e+00 2.549730355090991551e+00 2.024791957538963683e+00 2.369506220252002304e+00 1.247113043582534830e+00
1.141746802830828189e+00 2.529371092362819873e+00 2.030082168520698449e+00 2.349621257647960260e+00 1.236725854640156275e+00
1.168331082541079757e+00 2.516244796380111559e+00 2.035415293451241947e+00 2.328053644781163278e+00 1.225760240279339497e+00
1.196768974756487358e+00 2.505539902246840533e+00 2.041355476624374443e+00 2.306814086041660605e+00 1.218642040296059159e+00
1.227719995570299094e+00 2.493089239952140712e+00 2.047335392194372883e+00 2.289651873719996011e+00 1.223330829168715272e+00
1.252552034985171092e+00 2.465040134226907487e+00 2.050315211599287313e+00 2.282745610614401066e+00 1.241158137816734675e+00
1.263383608125719482e+00 2.422530435856073971e+00 2.049278836774216739e+00 2.281771948131963157e+00 1.262110110459292889e+00
1.266377353696145347e+00 2.381115666455625668e+00 2.047816460691572527e+00 2.278360736769587280e+00 1.286053829451594410e+00
1.266082882170048940e+00 2.349825914907149205e+00 2.051537439689404163e+00 2.272238562134215822e+00 1.314593491473810882e+00
1.266323573851313666e+00 2.335516844502025346e+00 2.066785953265742659e+00 2.265205715077949211e+00 1.342048314285952948e+00
1.267696182039619757e+00 2.334695184575467763e+00 2.089277153041236179e+00 2.257286995431225129e+00 1.363116977801114516e+00
1.268068240450512585e+00 2.337541974487669538e+00 2.113041661264528859e+00 2.247166919051882150e+00 1.381632079282139713e+00
1.265748948317348521e+00 2.338139631733120005e+00 2.135427318306365674e+00 2.234416610156878757e+00 1.401185972857543316e+00
1.258058546015591528e+00 2.332884162788002591e+00 2.150840761440159898e+00 2.216131366975604866e+00 1.424251908039918746e+00
1.247423199977990338e+00 2.322508087270381605e+00 2.146155163400742971e+00 2.195280936383906756e+00 1.448765100710153408e+00
1.245085350816993675e+00 2.308393179988255106e+00 2.126125056365175237e+00 2.183806415514842225e+00 1.469320323285654206e+00
1.249804746108057030e+00 2.276676371797401899e+00 2.108632732040990998e+00 2.178728802651664243e+00 1.487905214791960917e+00
1.251477636188264020e+00 2.229416864085820738e+00 2.110267532702523319e+00 2.177486951935655668e+00 1.504853898024676173e+00
1.253569779256016092e+00 2.222344256214577207e+00 2.133760513694577199e+00 2.186471633161133798e+00 1.520488072884742525e+00
1.278729789296669583e+00 2.214179934660069904e+00 2.138301382896115932e+00 2.196145849873619937e+00 1.542863967943468584e+00
1.288222266157859508e+00 2.189589598318366637e+00 2.146466125471024000e+00 2.202384161498176507e+00 1.571295095839302824e+00
1.300000000000000044e+00 2.169999999999999929e+00 2.154999999999999805e+00 2.209999999999999964e+00 1.600000000000000089e+00
