8.699999999999999956e-01 2.740000000000000213e+00 1.850000000000000089e+00 2.629999999999999893e+00 1.350000000000000089e+00
8.877062302893601320e-01 2.738041299784595317e+00 1.857158310814391422e+00 2.618676622419273681e+00 1.327882655776212451e+00
9.036495303403946355e-01 2.736977246239983508e+00 1.868670345770985675e+00 2.612190019505151728e+00 1.306250839450780576e+00
9.184663341903491762e-01 2.737466561719505975e+00 1.882734329048171507e+00 2.601063448882434237e+00 1.288652487019647186e+00
9.369468156026012906e-01 2.733682197955446647e+00 1.889856409350442634e+00 2.578269512603645008e+00 1.278624915605502954e+00
9.536349834388188063e-01 2.768603019135694510e+00 1.894622962833739654e+00 2.564579329374832906e+00 1.281681520794314189e+00
9.670891721505053829e-01 2.812699154998183015e+00 1.899086318385690308e+00 2.554992919573637167e+00 1.283393691965443617e+00
9.832556739157211068e-01 2.845667746194392222e+00 1.910492438169225204e+00 2.547112410675725247e+00 1.276883751719914972e+00
9.994742289730783602e-01 2.850714320148281189e+00 1.927588002041974446e+00 2.538372953065914928e+00 1.266626044846117294e+00
1.015934150903101685e+00 2.842562868709582524e+00 1.942641695064452279e+00 2.526080036351576297e+00 1.254019649699291694e+00
1.032888403985446679e+00 2.830670413061967761e+00 1.954233568044623670e+00 2.510098527519008194e+00 1.239907229831766822e+00
1.048477216173543169e+00 2.813515876894189027e+00 1.963172231069995499e+00 2.490398377054280132e+00 1.226721930411504458e+00
1.061849341062151231e+00 2.794563921087669378e+00 1.974512197928389279e+00 2.470577526481846586e+00 1.215855144366182472e+00
1.071616419534972442e+00 2.776189914719056073e+00 1.990943301546707733e+00 2.455502933489111417e+00 1.207127863251636013e+00
1.075386960402345160e+00 2.744744241704565102e+00 2.003668391544541016e+00 2.438762389295861865e+00 1.199277799197518979e+00
1.075296275838414140e+00 2.706395646839124591e+00 2.007044643816425555e+00 2.417115820300834717e+00 1.193896146093949895e+00
1.080276608779253689e+00 2.676786439452259803e+00 2.016885801588127247e+00 2.394383446143693472e+00 1.189819362427235294e+00
1.087976801321812514e+00 2.653886004061654535e+00 2.030789048191071089e+00 2.373152665339442358e+00 1.190129409277381534e+00
1.093838695132936634e+00 2.630196333088489880e+00 2.044061387839309685e+00 2.353535977836902937e+00 1.199726823775201012e+00
1.096919316443470294e+00 2.603909805073343797e+00 2.046504310689415185e+00 2.335589697330324732e+00 1.219716187366098437e+00
1.114687486776172021e+00 2.571552970644717995e+00 2.041723308637451328e+00 2.343253286665203827e+00 1.229551929769528318e+00
1.130023116923453586e+00 2.546116919729482841e+00 2.055391144246323076e+00 2.356057469577589103e+00 1.227614757755854713e+00
1.147952509133306709e+00 2.546381250299825094e+00 2.069059935413493978e+00 2.352841911969031141e+00 1.212248336703168228e+00
1.172361759293703898e+00 2.525291224670171530e+00 2.074459892411399053e+00 2.340460733361013457e+00 1.213389922872620152e+00
1.195484890931205690e+00 2.506943259146777514e+00 2.078328537785895769e+00 2.331066380795076221e+00 1.229408775061980874e+00
1.216618077130930731e+00 2.488956194596395388e+00 2.082311332253575120e+00 2.321526849928337466e+00 1.247854608295354550e+00
1.233733040524372049e+00 2.469387076305591400e+00 2.085601807155594845e+00 2.312394104163063346e+00 1.269456499971724828e+00
1.242996165745815951e+00 2.446539933918917331e+00 2.084731759999298273e+00 2.308283581487703184e+00 1.295484166526944314e+00
1.245949764834756834e+00 2.424668866397087452e+00 2.081002640110634516e+00 2.309529034100632039e+00 1.322995130525015828e+00
1.253375685966778397e+00 2.407085815678730700e+00 2.084299376326575803e+00 2.304268021246940634e+00 1.350920343950564817e+00
1.262325008623590872e+00 2.389161823603596080e+00 2.090899099659319749e+00 2.295240931332338530e+00 1.376436552380426059e+00
1.269170674059434178e+00 2.371332916909323352e+00 2.099055993423421640e+00 2.284878279628237419e+00 1.401324408005120814e+00
1.272623199031452934e+00 2.355133591286574735e+00 2.108133424762962616e+00 2.273991950121218686e+00 1.426519053082569100e+00
1.273171273927213187e+00 2.339666049391056823e+00 2.117647452333531355e+00 2.262324039795959862e+00 1.451489600810336178e+00
1.272133442290999561e+00 2.317955437158317533e+00 2.126375163754142594e+00 2.247852837530474268e+00 1.473754202391171386e+00
1.269581464105312252e+00 2.279744127950191324e+00 2.126240033658142181e+00 2.227239676621564080e+00 1.483616493678113324e+00
1.259124975879497566e+00 2.253176111827324135e+00 2.117168667498043000e+00 2.210719693554807908e+00 1.498265922752133772e+00
1.250589451603621338e+00 2.243741207112232683e+00 2.121839504535890431e+00 2.205872199399291578e+00 1.526919598969628034e+00
1.247090299182656015e+00 2.212395110514750574e+00 2.119923187650814889e+00 2.200030387134759735e+00 1.549070924154847484e+00
1.269964771282985794e+00 2.200550701190064018e+00 2.128680814970941970e+00 2.211512891199348019e+00 1.562102744477404270e+00
1.284929300387318563e+00 2.187966797439553357e+00 2.143793155447064613e+00 2.209815335646300394e+00 1.579307343997445656e+00
1.300000000000000044e+00 2.169999999999999929e+00 2.154999999999999805e+00 2.209999999999999964e+00 1.600000000000000089e+00
