8.699999999999999956e-01 2.740000000000000213e+00 1.850000000000000089e+00 2.629999999999999893e+00 1.350000000000000089e+00
8.946169413482579769e-01 2.754665333443546693e+00 1.864103966920941158e+00 2.626049672587453365e+00 1.354402780348924251e+00
9.181103752345669555e-01 2.770298332691828236e+00 1.879103701749909483e+00 2.621328155300306939e+00 1.358406460595396270e+00
9.388945533401036325e-01 2.786477604062798541e+00 1.895852499786097045e+00 2.613760556868477192e+00 1.362158235158937636e+00
9.495552387023366014e-01 2.794661949678995505e+00 1.911535119516501569e+00 2.590609335356390375e+00 1.366900831424625151e+00
9.503438590183458379e-01 2.792595568195815225e+00 1.903920073958447423e+00 2.559036065131355286e+00 1.367898890839066128e+00
9.627252325738123728e-01 2.781388984910203366e+00 1.900176235269728897e+00 2.529413219582754113e+00 1.361460860550947061e+00
9.809782704853130531e-01 2.762891076816190061e+00 1.904861123806845802e+00 2.506611527740379319e+00 1.353055852324488217e+00
9.997395405996312157e-01 2.740711542548462720e+00 1.911284269451014373e+00 2.486745981686771856e+00 1.344654361781226548e+00
1.018630401177918143e+00 2.719539007362286043e+00 1.919533189950959784e+00 2.468715778989665210e+00 1.334368803244892598e+00
1.036217008115581706e+00 2.704965531717095306e+00 1.930947401601806224e+00 2.453354578861243418e+00 1.318941466401677198e+00
1.048105699416284287e+00 2.699375885404815101e+00 1.943874363978104425e+00 2.439493632031821679e+00 1.297177063467193303e+00
1.053680015208811493e+00 2.698259121951951833e+00 1.955830778713694595e+00 2.423974235854579717e+00 1.272592544621105493e+00
1.059771310979978898e+00 2.693661164691544485e+00 1.967835133459196584e+00 2.406744708647869491e+00 1.249352410319864548e+00
1.070366368905510956e+00 2.678348040930080387e+00 1.979358522598247516e+00 2.389644730224326441e+00 1.230015869458452871e+00
1.083149363579448909e+00 2.655922638812167946e+00 1.990053430878766960e+00 2.373703130183133059e+00 1.213399840272970875e+00
1.096050410024223876e+00 2.634235464090897594e+00 2.002123985658508687e+00 2.359831239352835563e+00 1.196202857879280490e+00
1.106937270287753572e+00 2.600317054609392997e+00 2.009866302765570989e+00 2.346891621802960959e+00 1.183222183942794326e+00
1.108519671764414127e+00 2.558294780672763391e+00 2.003625985184098734e+00 2.338164051749284322e+00 1.194438973605350451e+00
1.130694169485081613e+00 2.555036867555587232e+00 2.015453307856360787e+00 2.330135167236230487e+00 1.209055721272933592e+00
1.159664000317980115e+00 2.551506187026164607e+00 2.020795302399585935e+00 2.322053309799936738e+00 1.218185323556300714e+00
1.189262588256341679e+00 2.544497503970315044e+00 2.023038227933943389e+00 2.314529348059874536e+00 1.226268895373961332e+00
1.216956956151492575e+00 2.546078632661689767e+00 2.033692523775352257e+00 2.309776397822833172e+00 1.232626805891644972e+00
1.231273442657198736e+00 2.546063777931592664e+00 2.053397795328788966e+00 2.308840515008301786e+00 1.242867136471875744e+00
1.226416267101566149e+00 2.511447915158597333e+00 2.057846366750859080e+00 2.305802313188102026e+00 1.265159079479838411e+00
1.222930689259080106e+00 2.476415867757075340e+00 2.061013393319396592e+00 2.299956637797242021e+00 1.286809493695640905e+00
1.226407125492048555e+00 2.455388130348684861e+00 2.076145667148011409e+00 2.293127301924872796e+00 1.308369131672378005e+00
1.232059955466374923e+00 2.452427930702447245e+00 2.090155277067572648e+00 2.294049110996637886e+00 1.335578820103727749e+00
1.236233705550486839e+00 2.449934537246191812e+00 2.099332824727767832e+00 2.299811655656191167e+00 1.365710461688774080e+00
1.239369681164489201e+00 2.431305869203717496e+00 2.104525932209857064e+00 2.304364255302640441e+00 1.395196325162002982e+00
1.245327762467258959e+00 2.398515463804899550e+00 2.107803228863845302e+00 2.290471569426113962e+00 1.414795690003240347e+00
1.247784445724528402e+00 2.365591865559398599e+00 2.111737169995039132e+00 2.272149305890271531e+00 1.431338795064365899e+00
1.249489331113641910e+00 2.333392176609743629e+00 2.114454169227543368e+00 2.250905554752147708e+00 1.445629326986263452e+00
1.253951466738348675e+00 2.304761594662190660e+00 2.119523299258444737e+00 2.229899299154987080e+00 1.461804577155467300e+00
1.263717641163922156e+00 2.284561421108115109e+00 2.134306546884715328e+00 2.210376701085599471e+00 1.471629368240579883e+00
1.263725792205868004e+00 2.278052860656801126e+00 2.154564577518942148e+00 2.195297769449338521e+00 1.457845484135711134e+00
1.266484598959412899e+00 2.265392764671384729e+00 2.173617406780533834e+00 2.187905319547498895e+00 1.475548505137027622e+00
1.267651641438301446e+00 2.255629471462414770e+00 2.164563550306084938e+00 2.199382587781315568e+00 1.503630791528351995e+00
1.271110113455590884e+00 2.229634399506951414e+00 2.148176220643188028e+00 2.204236385417746913e+00 1.520358738311068159e+00
1.277203898866740905e+00 2.194996830871020155e+00 2.150111756021900078e+00 2.200465760596119313e+00 1.542537702027300561e+00
1.286883805491189081e+00 2.177910524106464685e+00 2.151141229106948938e+00 2.201296819076715927e+00 1.571874095247817404e+00
1.300000000000000044e+00 2.169999999999999929e+00 2.154999999999999805e+00 2.209999999999999964e+00 1.600000000000000089e+00
