8.699999999999999956e-01 2.740000000000000213e+00 1.850000000000000089e+00 2.629999999999999893e+00 1.350000000000000089e+00
8.985325141855007303e-01 2.765020731231609297e+00 1.875819051750764022e+00 2.621929978424851093e+00 1.354177677303247229e+00
9.261981584209408869e-01 2.790145257268459744e+00 1.901898776145248604e+00 2.612411403201674087e+00 1.357251983965389597e+00
9.574769970382701612e-01 2.783022849404165111e+00 1.917482373803729656e+00 2.586825820090413064e+00 1.337622535333964802e+00
9.639040323433383239e-01 2.761461496803741866e+00 1.928919157342968260e+00 2.568185774564145873e+00 1.298514484166106042e+00
9.671312622962018324e-01 2.778662338218309102e+00 1.932509049491844211e+00 2.546888058840752311e+00 1.256500334776276429e+00
9.719077457584351931e-01 2.810494991618274874e+00 1.916701933502590327e+00 2.524655457804136027e+00 1.228490519841873407e+00
9.905794666959183425e-01 2.786235279454958302e+00 1.927564437559422306e+00 2.494576397713634819e+00 1.201492542186749723e+00
1.009358673923423266e+00 2.767025137331881712e+00 1.950859081464623168e+00 2.472005903023938522e+00 1.181839049446944623e+00
1.029532110951774326e+00 2.743204903666728534e+00 1.974453848472735196e+00 2.448687284049346768e+00 1.168614249733083144e+00
1.050836763079875169e+00 2.709313811351864665e+00 1.996533725150810401e+00 2.425570925357180663e+00 1.172212056684619252e+00
1.070429909259887458e+00 2.672583919349367676e+00 2.016743069084092621e+00 2.407336147421184513e+00 1.190417599972926732e+00
1.094810698310985764e+00 2.640331476866699223e+00 2.038058625981461258e+00 2.391740849627255638e+00 1.206612705191813628e+00
1.130940300359531303e+00 2.614463205160145076e+00 2.055424418493496663e+00 2.374014934714089087e+00 1.213302702982987036e+00
1.172586102743765180e+00 2.593777644319961606e+00 2.066468705987663412e+00 2.352684887500799960e+00 1.215873383472016345e+00
1.214514654614190947e+00 2.572339283230492324e+00 2.074930892696890794e+00 2.330265051133741050e+00 1.220929230021087886e+00
1.252561014480342294e+00 2.541098419558738719e+00 2.085758230894289689e+00 2.311183551239279765e+00 1.230726367774662044e+00
1.279271127164949728e+00 2.491540647117437057e+00 2.097608536495276788e+00 2.297792447936067628e+00 1.244615968019940011e+00
1.296197039134065587e+00 2.433999032561426468e+00 2.103842835391395383e+00 2.292038465167092198e+00 1.266992595833776658e+00
1.315988395985199899e+00 2.400807189832689925e+00 2.110766549122378599e+00 2.297370575614840149e+00 1.304404737219759580e+00
1.335583542639313892e+00 2.382332076759598571e+00 2.122096062926633664e+00 2.305350718521856468e+00 1.343947929213477499e+00
1.352036387897982417e+00 2.358053199642403008e+00 2.130495410588457261e+00 2.310679622796297572e+00 1.384914496787464255e+00
1.350357162243380094e+00 2.336249040506791275e+00 2.106058694406387488e+00 2.306522384011338467e+00 1.416129419366690012e+00
1.334380208250307120e+00 2.318237135915965030e+00 2.091246147753864637e+00 2.290921434348466956e+00 1.452835667434268174e+00
1.328236354771310967e+00 2.309617105950744431e+00 2.118062292389971901e+00 2.259529727177774117e+00 1.456911152278318022e+00
1.305704959455157521e+00 2.315732689185031390e+00 2.136074615626359030e+00 2.223996580324716366e+00 1.469203877672831560e+00
1.272024106757644990e+00 2.313549502875455133e+00 2.144580476529021507e+00 2.186987150867360619e+00 1.471467889415048358e+00
1.267218913523366908e+00 2.266282765208702976e+00 2.158378072160449523e+00 2.169281913067560019e+00 1.493502110446043973e+00
1.269464683029503771e+00 2.227779923875167878e+00 2.140522521976309545e+00 2.186102860825450911e+00 1.521343035007292510e+00
1.284384420651783376e+00 2.197830779719377681e+00 2.146409566586672035e+00 2.198439634523572384e+00 1.560814353316854364e+00
1.300000000000000044e+00 2.169999999999999929e+00 2.154999999999999805e+00 2.209999999999999964e+00 1.600000000000000089e+00
