8.699999999999999956e-01 2.740000000000000213e+00 1.850000000000000089e+00 2.629999999999999893e+00 1.350000000000000089e+00
8.969240618561289402e-01 2.755115154580880521e+00 1.867302295288935987e+00 2.623677311256811251e+00 1.355108376493126210e+00
9.256551512208059940e-01 2.758953065988537290e+00 1.881986945587281745e+00 2.609310270087676464e+00 1.358555297966305808e+00
9.471153602578785691e-01 2.771069036121780904e+00 1.902041078339026914e+00 2.595389503042676793e+00 1.359773572942049036e+00
9.656759404089275689e-01 2.794589525325045454e+00 1.894553676338339265e+00 2.579031106506992632e+00 1.343645154740437331e+00
9.529044544835902908e-01 2.780753297225008414e+00 1.884599536676599962e+00 2.561231044977724913e+00 1.317810757660526022e+00
9.629853577473510562e-01 2.756744984315380620e+00 1.885691788344320052e+00 2.550292701318590538e+00 1.287981011023694000e+00
9.846559788059411344e-01 2.733455811956063464e+00 1.887844599847182891e+00 2.523265376930599047e+00 1.288102211547496267e+00
1.008064798512557259e+00 2.722442882954327459e+00 1.898012668559690974e+00 2.499490281716783002e+00 1.278096589672388150e+00
1.030506207262686047e+00 2.716469867969157903e+00 1.910739293374467573e+00 2.479253479073129096e+00 1.263045029866127100e+00
1.051902555474746315e+00 2.714237991078400469e+00 1.925043488678102488e+00 2.458188327080235602e+00 1.249507858429941276e+00
1.069799239038619509e+00 2.712802252549283644e+00 1.941557179244260967e+00 2.436194058798204054e+00 1.236587590743928322e+00
1.079376994399049883e+00 2.695405959294989717e+00 1.954811311553027897e+00 2.414735219319621873e+00 1.216363003576950153e+00
1.076806975050911719e+00 2.664869210076028061e+00 1.946558819853481559e+00 2.400107945578792812e+00 1.193759925748760109e+00
1.072077730878706170e+00 2.693952424905243781e+00 1.936610469074661056e+00 2.403112278719999662e+00 1.213696966242991060e+00
1.073934740124702136e+00 2.716318808847581145e+00 1.951249786775580031e+00 2.404252011211157392e+00 1.237297814672065233e+00
1.079910099512479071e+00 2.693187432307839302e+00 1.974765409105854630e+00 2.393340597058181363e+00 1.242661112387938083e+00
1.091133170230494054e+00 2.656450562316243769e+00 1.992382341937005252e+00 2.383253166519196498e+00 1.242225381732656730e+00
1.112719264187963297e+00 2.623925772154489966e+00 2.007021902773707733e+00 2.376177848492845524e+00 1.243971052680571843e+00
1.138242434609257447e+00 2.607934439245207070e+00 2.024146292248884205e+00 2.364443010243630905e+00 1.243344683025168873e+00
1.162361198405627905e+00 2.593249573489784243e+00 2.040046240343516892e+00 2.347479660672541435e+00 1.238679408810228866e+00
1.186408720265434535e+00 2.573858936723118163e+00 2.052800753662861410e+00 2.328544002465593454e+00 1.232378246668495603e+00
1.210248264651944572e+00 2.548182887229274662e+00 2.062405711590409307e+00 2.309308704660958167e+00 1.227523727845718948e+00
1.231963580893467913e+00 2.512474623822571917e+00 2.068391382097117148e+00 2.292296124695920145e+00 1.227930645604656368e+00
1.249105207501730597e+00 2.470532223624448687e+00 2.074858460885044664e+00 2.282883605845831276e+00 1.238522238095861816e+00
1.262122908245798758e+00 2.439538582366172825e+00 2.086660760066546327e+00 2.284311819571950508e+00 1.261651744093716054e+00
1.271939937404497067e+00 2.418600576118679957e+00 2.096550909342115965e+00 2.289587614358402412e+00 1.291609767169503487e+00
1.276373583393530131e+00 2.391902074419400392e+00 2.099870719960226229e+00 2.290575292354279924e+00 1.323566718630628358e+00
1.275290016162424322e+00 2.364190989352568106e+00 2.104601665253440057e+00 2.282842713462084117e+00 1.354187780866303203e+00
1.271765737881530356e+00 2.351515900372467716e+00 2.119518094854563106e+00 2.268620697888524607e+00 1.381405785362562977e+00
1.268336597070100158e+00 2.355775305006079900e+00 2.136237700730443390e+00 2.251322370495571601e+00 1.406376349639139489e+00
1.266763004590538699e+00 2.351605327254537414e+00 2.144758417093312275e+00 2.229970195546126632e+00 1.435374962872412175e+00
1.264783933310463349e+00 2.339838260553824156e+00 2.146970195530749415e+00 2.206858283702248791e+00 1.464087221966611230e+00
1.259074548824163919e+00 2.311518040541532315e+00 2.137073981530471123e+00 2.196923681658378147e+00 1.488246315780362039e+00
1.275457625225856262e+00 2.267976833830398942e+00 2.142945618120704054e+00 2.208690931153198811e+00 1.487842036236318499e+00
1.287182366104230313e+00 2.232711432937549922e+00 2.156731873186112924e+00 2.202425683919904120e+00 1.505247667976048920e+00
1.296362972596288632e+00 2.212073683135911573e+00 2.167468923121001367e+00 2.199466271258620154e+00 1.535039269348288160e+00
1.301930515970573854e+00 2.189421985476715626e+00 2.163947028551437057e+00 2.201768034248110517e+00 1.568122373137368353e+00
1.300000000000000044e+00 2.169999999999999929e+00 2.154999999999999805e+00 2.209999999999999964e+00 1.600000000000000089e+00
