8.699999999999999956e-01 2.740000000000000213e+00 1.850000000000000089e+00 2.629999999999999893e+00 1.350000000000000089e+00
8.971481172005947302e-01 2.739471662260006379e+00 1.860180870790018703e+00 2.617413869154994188e+00 1.351391427219605479e+00
9.229939276678837956e-01 2.740074833238253404e+00 1.866083254778300615e+00 2.601374250997030568e+00 1.341600768422079870e+00
9.385199012032878763e-01 2.755468313748173248e+00 1.865127099521000975e+00 2.583697824326979031e+00 1.322209555887975840e+00
9.555260597789190236e-01 2.789278490547112632e+00 1.875471459331717661e+00 2.582316355656720130e+00 1.318647055784289313e+00
9.653190520315473311e-01 2.772314006866688718e+00 1.872166519363007042e+00 2.567481526483967880e+00 1.296122471365295681e+00
9.704340124617334418e-01 2.742181626081299228e+00 1.869108180569797995e+00 2.548261215973999239e+00 1.280281922950315954e+00
9.764017242033343758e-01 2.711561086044186553e+00 1.871839298384373018e+00 2.525686107947064496e+00 1.268738612421852929e+00
9.858112479947356288e-01 2.690935219924824207e+00 1.882109944707160309e+00 2.502363965382378819e+00 1.258604283154553194e+00
9.975089764483177079e-01 2.682022555708336586e+00 1.896989156760122697e+00 2.481311356822868852e+00 1.249233679359646132e+00
1.010300713083265078e+00 2.680299047948966340e+00 1.913561548045133565e+00 2.462518345576358847e+00 1.240258673036942927e+00
1.024274637779057029e+00 2.681976593061131453e+00 1.930371131437415677e+00 2.445129830836130225e+00 1.231349479476176789e+00
1.039384132764312962e+00 2.684397019366477011e+00 1.947785151479793697e+00 2.429449647145024205e+00 1.223757173606352611e+00
1.053855359492742449e+00 2.684921422720609296e+00 1.967440571972933094e+00 2.417228198329407718e+00 1.220976830860112328e+00
1.063954829897026277e+00 2.682679691595357685e+00 1.989110987714158618e+00 2.410708811873427226e+00 1.226504468248730273e+00
1.068095535516629280e+00 2.682464807182142863e+00 2.010498317463955686e+00 2.409519406605639347e+00 1.239132475880494910e+00
1.075576586775177645e+00 2.682242051745678424e+00 2.029608344664487252e+00 2.412981505245211711e+00 1.255568619925006679e+00
1.086760541030511673e+00 2.639065915620924407e+00 2.029880953859427350e+00 2.407757387124037418e+00 1.255669157890644705e+00
1.092506161582627477e+00 2.606901579861585994e+00 2.031192662853067432e+00 2.391971175400866123e+00 1.241419753214835664e+00
1.107040495122048052e+00 2.592195748368764985e+00 2.044755847564699636e+00 2.373377671169038194e+00 1.233156681397707510e+00
1.128650332630139586e+00 2.582393999950248542e+00 2.057134001259996570e+00 2.356334884501483096e+00 1.234550424681235992e+00
1.153881930257641963e+00 2.570252135449845987e+00 2.064325395437284438e+00 2.340036253517661091e+00 1.240201561269580477e+00
1.180017739608157923e+00 2.555783809617982349e+00 2.069248749275658827e+00 2.324791623251976080e+00 1.246181970544428363e+00
1.205545156837292353e+00 2.536020368827132998e+00 2.073853173177764297e+00 2.310352384469751552e+00 1.249226432029973521e+00
1.228105668547712526e+00 2.507947519853020335e+00 2.078249599500792577e+00 2.297174406915679423e+00 1.250497923785244492e+00
1.245447650786404292e+00 2.472664285185025346e+00 2.081438831397142586e+00 2.285675915752788612e+00 1.256287525775552139e+00
1.256176610098449942e+00 2.436780592876750084e+00 2.082354949206891792e+00 2.276022316198389905e+00 1.271216563721108805e+00
1.261012556513730232e+00 2.406430314835528605e+00 2.081718926149652038e+00 2.268082599800477439e+00 1.293174591732777934e+00
1.262761607887288751e+00 2.381867683396777569e+00 2.081555698629292905e+00 2.260998225817407725e+00 1.318434779170327031e+00
1.263864754115635147e+00 2.362262373258525283e+00 2.083378464121652840e+00 2.253653138648296750e+00 1.345211873505347322e+00
1.265326312532934150e+00 2.348070254088652664e+00 2.087869881364559532e+00 2.244883713538979197e+00 1.372490669002653485e+00
1.266595639396921102e+00 2.339478318823348779e+00 2.095170347860676685e+00 2.234000187209599364e+00 1.399197056426028984e+00
1.266676374486537471e+00 2.334253888705552171e+00 2.104980566223106475e+00 2.221342468294797090e+00 1.424418345766878646e+00
1.265623634279462006e+00 2.327297085393108311e+00 2.116567259518008282e+00 2.207911604426549879e+00 1.447884538846236024e+00
1.264783866219854946e+00 2.312618054488182917e+00 2.128904692652367814e+00 2.194782162918078150e+00 1.469341470705144204e+00
1.265419202182119118e+00 2.287336330896802217e+00 2.140880761992431491e+00 2.183702188297849123e+00 1.487917241841928417e+00
1.267452371444448556e+00 2.254183932468075913e+00 2.151352013409544295e+00 2.178461466144515857e+00 1.504661733318867878e+00
1.271451809667064170e+00 2.221994909197280155e+00 2.157596479794238853e+00 2.184481697571259318e+00 1.524574912515223257e+00
1.280284204104905399e+00 2.203415252321069495e+00 2.157589197077929288e+00 2.198283943653533967e+00 1.548539295380592762e+00
1.292558320970977226e+00 2.192609482686403322e+00 2.156919213419095982e+00 2.208419249776472082e+00 1.574295852363694515e+00
1.300000000000000044e+00 2.169999999999999929e+00 2.154999999999999805e+00 2.209999999999999964e+00 1.600000000000000089e+00
