8.699999999999999956e-01 2.740000000000000213e+00 1.850000000000000089e+00 2.629999999999999893e+00 1.350000000000000089e+00
9.233906454834088784e-01 2.745344415765951229e+00 1.873300805710476080e+00 2.603557321003879377e+00 1.355321543036323240e+00
9.654792685363976501e-01 2.760020860927947073e+00 1.890166155160947881e+00 2.578612538922639086e+00 1.314349927823411424e+00
9.765448256348012723e-01 2.752996441463789079e+00 1.891875392312625248e+00 2.541082885422038196e+00 1.256833823820432627e+00
9.832124070119327985e-01 2.721717136290626282e+00 1.893653834092168919e+00 2.491175776256263408e+00 1.216061015389573452e+00
1.005858193110215737e+00 2.679560938652995716e+00 1.913852633545355397e+00 2.446333767796216918e+00 1.203204251382912426e+00
1.037732829054657024e+00 2.668320462486303057e+00 1.952138930146657625e+00 2.437038928132463589e+00 1.188212637186812692e+00
1.083447619278100404e+00 2.651161858184044817e+00 1.983759944636156458e+00 2.426540444384671424e+00 1.174292488313703586e+00
1.136338321558032938e+00 2.614275300693398307e+00 1.998488040196143789e+00 2.401395610760953758e+00 1.169244274659842819e+00
1.188025387239163955e+00 2.570595108192441636e+00 2.005185368512742539e+00 2.371633714634585832e+00 1.168341759497214083e+00
1.236159826223001801e+00 2.529349650360355639e+00 2.019744727030555520e+00 2.340910797892584494e+00 1.162593208527016531e+00
1.256316811371468223e+00 2.489090323990732490e+00 2.049349949261604298e+00 2.305334207249305045e+00 1.158094727114486799e+00
1.258472187991763080e+00 2.438679847802312395e+00 2.065092811832325737e+00 2.282448667576084667e+00 1.202182476060099203e+00
1.266607532527484370e+00 2.407090023030612702e+00 2.093950172938821019e+00 2.269600224208405681e+00 1.248217781819055627e+00
1.286068577108366640e+00 2.359605644596546092e+00 2.118055731932287244e+00 2.262340655309763360e+00 1.290179512527791728e+00
1.310137918689972647e+00 2.310603199260276686e+00 2.111531637107757930e+00 2.268994210013318025e+00 1.340855623952786901e+00
1.311532266942553981e+00 2.251107165587812986e+00 2.098373466637450946e+00 2.289893985838227231e+00 1.383926188062887697e+00
1.284784840903729686e+00 2.214204904963797738e+00 2.127751351706044236e+00 2.258739413762771431e+00 1.400188554921136586e+00
1.270544872776241840e+00 2.209041869201469943e+00 2.140804783451640603e+00 2.203780253706686842e+00 1.432904968402475276e+00
1.261854519684294740e+00 2.216341796348704651e+00 2.126677978951355019e+00 2.175118195614876626e+00 1.491942302235936157e+00
1.277327096992573185e+00 2.200537478591741536e+00 2.127777417714918684e+00 2.190982405285049950e+00 1.557722112643677104e+00
1.300000000000000044e+00 2.169999999999999929e+00 2.154999999999999805e+00 2.209999999999999964e+00 1.600000000000000089e+00
