8.699999999999999956e-01 2.740000000000000213e+00 1.850000000000000089e+00 2.629999999999999893e+00 1.350000000000000089e+00
8.879899868974293620e-01 2.739461056535762218e+00 1.864200325724525431e+00 2.616386309325295034e+00 1.335234699377130685e+00
9.068692436902017207e-01 2.737634336219969988e+00 1.876563833586628371e+00 2.605283666426966960e+00 1.316541572942177662e+00
9.255299807060264339e-01 2.752344392468460299e+00 1.888589367342129899e+00 2.600951035971340364e+00 1.296790490970102683e+00
9.463278855998882300e-01 2.784852416538738495e+00 1.896712876177055085e+00 2.593839190814478890e+00 1.290048772341468641e+00
9.671067233902195248e-01 2.811781060590615944e+00 1.903145768802750881e+00 2.577006924503350227e+00 1.289766392738803225e+00
9.877521403256083188e-01 2.824063573764821200e+00 1.910963853535954771e+00 2.556185709849076559e+00 1.283264095938540850e+00
1.006917031269792151e+00 2.818855929738077748e+00 1.918866827953005227e+00 2.536542230804413656e+00 1.268853832432629281e+00
1.023263516646474303e+00 2.798728943443548278e+00 1.925031806646527732e+00 2.519380869507081400e+00 1.250995623627909392e+00
1.037004520189266810e+00 2.769643177069355922e+00 1.929693244865400947e+00 2.503405023116667572e+00 1.233525710791689267e+00
1.049037801301771822e+00 2.736821774358473291e+00 1.934476941108464132e+00 2.486641684787568085e+00 1.218407494235345334e+00
1.059483722726790811e+00 2.704605553974000820e+00 1.941686373866172488e+00 2.467447621375640665e+00 1.207342303668227590e+00
1.067030050538351649e+00 2.679152559586938764e+00 1.954194788015371609e+00 2.446638822736328489e+00 1.200904541287275640e+00
1.068485867587427141e+00 2.668147760424502302e+00 1.971774291733103812e+00 2.427482773624156653e+00 1.192831458006535561e+00
1.067246686402222311e+00 2.650630749463296798e+00 1.984619479747369297e+00 2.408941325983912751e+00 1.202626105862446337e+00
1.079192573911015085e+00 2.619447679652275873e+00 1.984976627595188559e+00 2.395294329611972639e+00 1.222928484453817743e+00
1.092746485095241527e+00 2.585291324138168090e+00 1.987574944998558468e+00 2.379397672439589329e+00 1.234987127434544307e+00
1.105657945726166824e+00 2.563476014422695570e+00 2.002942109889514377e+00 2.366398848229710694e+00 1.240210617253652670e+00
1.115767236235243764e+00 2.562877280123598389e+00 2.024315797358350544e+00 2.356160845582084828e+00 1.236866501657731821e+00
1.126810123474172087e+00 2.566030466644654950e+00 2.044819676504109562e+00 2.346279862781660785e+00 1.236039643077766925e+00
1.146037315148576097e+00 2.555766729845317276e+00 2.059601783481349813e+00 2.342056406828803894e+00 1.241817170418582528e+00
1.176646005546727380e+00 2.541718198941471218e+00 2.061076241011159382e+00 2.336485508729100324e+00 1.239129810980303503e+00
1.206139407428830523e+00 2.524209769470815878e+00 2.060248203064251271e+00 2.328715834686642783e+00 1.236024769102541665e+00
1.233874010088931605e+00 2.507548416176845318e+00 2.066760467952936331e+00 2.322247409022191622e+00 1.232121818023135473e+00
1.253240771499091855e+00 2.492280328695489544e+00 2.082922965389845338e+00 2.314399641573798849e+00 1.230898300483409535e+00
1.262441621776479117e+00 2.469862856998438438e+00 2.096394399870314285e+00 2.299935157747870829e+00 1.244192375579351584e+00
1.263696891820551782e+00 2.447071634590074041e+00 2.098550511116326067e+00 2.290241384473980180e+00 1.273475796361369428e+00
1.263383546199689400e+00 2.428059585408209209e+00 2.096807663605865013e+00 2.287376327011799493e+00 1.305683429495707371e+00
1.264032501513255413e+00 2.411198657498718756e+00 2.100282691530368506e+00 2.281528263237436072e+00 1.337591737889281651e+00
1.265306688133912782e+00 2.408316778570441130e+00 2.107062700327720250e+00 2.270457842015338290e+00 1.368750418532670432e+00
1.269558008827244677e+00 2.410921509646868355e+00 2.119925985934638213e+00 2.262616687912289315e+00 1.395395336624448701e+00
1.267314875277949060e+00 2.392069808075961035e+00 2.141925778721196050e+00 2.259922895235022100e+00 1.393432619737724698e+00
1.261960072912943653e+00 2.361495740647704178e+00 2.151894305229562043e+00 2.247624654051707971e+00 1.413601546888686444e+00
1.259388655878241892e+00 2.334381614324002374e+00 2.156298437183407302e+00 2.233798782135413497e+00 1.438919915489299761e+00
1.259252125142837686e+00 2.305323373954781818e+00 2.159562613605579440e+00 2.219078149589756244e+00 1.463242390795619130e+00
1.267075269091155088e+00 2.263148293838437741e+00 2.159260627258007936e+00 2.206236964493196506e+00 1.476729722622601715e+00
1.268465720602802049e+00 2.233181430894906505e+00 2.144201716754699838e+00 2.213823829629963047e+00 1.490623448827497421e+00
1.255529109110801844e+00 2.231568580101227273e+00 2.129774514718048017e+00 2.222291292231047599e+00 1.512569819756451661e+00
1.253062434820456428e+00 2.215019817385055489e+00 2.118902579245919959e+00 2.219852353303718218e+00 1.538783347015435066e+00
1.275204039177906701e+00 2.196893574135470928e+00 2.129695159221649536e+00 2.215273587745075101e+00 1.554020959284060144e+00
1.290106249414739059e+00 2.190745674719789982e+00 2.143669991003812392e+00 2.219414771543204878e+00 1.576505722469641935e+00
1.300000000000000044e+00 2.169999999999999929e+00 2.154999999999999805e+00 2.209999999999999964e+00 1.600000000000000089e+00
