8.699999999999999956e-01 2.740000000000000213e+00 1.850000000000000089e+00 2.629999999999999893e+00 1.350000000000000089e+00
8.886660464286794125e-01 2.744860237469597841e+00 1.860443189617589033e+00 2.621360860658710656e+00 1.330939412457795568e+00
9.068063780593428325e-01 2.749900625015560873e+00 1.873530118671130174e+00 2.614664534998218937e+00 1.313871909169207930e+00
9.271943380155940329e-01 2.755782611656623082e+00 1.885554230780828178e+00 2.605738727664689502e+00 1.298902137722407479e+00
9.448263894415735997e-01 2.771616924022285211e+00 1.894927332437455147e+00 2.587440629507461232e+00 1.288709009867324173e+00
9.593254621862351561e-01 2.792023765931419543e+00 1.903693364809697419e+00 2.565306185633057900e+00 1.283490237156354352e+00
9.771476728233932096e-01 2.816799416299839098e+00 1.907559992570714957e+00 2.550751247368626018e+00 1.269324961920949679e+00
9.949345972493576218e-01 2.802589205174347509e+00 1.913068883335495407e+00 2.533775287726181435e+00 1.255366891960542297e+00
1.009678803478450293e+00 2.773374561375868019e+00 1.920233003235517044e+00 2.516374004103888673e+00 1.246248566469441377e+00
1.023732683810402611e+00 2.742834910088490119e+00 1.927942015959946298e+00 2.498839635857752928e+00 1.238528189035138949e+00
1.036863271346295745e+00 2.712057144135426867e+00 1.935495211266840432e+00 2.480569012567814369e+00 1.230897072430006123e+00
1.047622424119424522e+00 2.681125177336365351e+00 1.942177071913489872e+00 2.460495662277920825e+00 1.222755634544751224e+00
1.054755093957899348e+00 2.652195636486504249e+00 1.947320194908205959e+00 2.437540826814425632e+00 1.213435247868828171e+00
1.061783383675661829e+00 2.659120881124443780e+00 1.955143608238429698e+00 2.411731895510020429e+00 1.206359820548502215e+00
1.063473530362797570e+00 2.684284454037369372e+00 1.972358069882439890e+00 2.419273689666584293e+00 1.208466703595610037e+00
1.063158377942988730e+00 2.690194858019381741e+00 1.994351201486290304e+00 2.422947819510776757e+00 1.204650229274224715e+00
1.070631468500083061e+00 2.676330678602196755e+00 2.011001662663831180e+00 2.406910114990027161e+00 1.208414563933581709e+00
1.084386875692278984e+00 2.644639463085739717e+00 2.011342354670848209e+00 2.389868578810389277e+00 1.218642742197587392e+00
1.101861525201535574e+00 2.609671512674786253e+00 2.013294511494893690e+00 2.374298554982912091e+00 1.219719613368215105e+00
1.121351606955445446e+00 2.589937144543554837e+00 2.026690217480297651e+00 2.364484039848434804e+00 1.218756401093680442e+00
1.136223829273123265e+00 2.585135630928451000e+00 2.044065484992301229e+00 2.360525769513744265e+00 1.230507326913432786e+00
1.159554212590500510e+00 2.566718295668817262e+00 2.049971367005355205e+00 2.350163784493702224e+00 1.235710446020242603e+00
1.183759107965701940e+00 2.548175880033966223e+00 2.044071082200368039e+00 2.338486800980547287e+00 1.227242002518225128e+00
1.211226339975404631e+00 2.533612485465458697e+00 2.048977684240452124e+00 2.327329567058616711e+00 1.225948581361753442e+00
1.234137861865245211e+00 2.521578499705730003e+00 2.062673780733363049e+00 2.319407103473453358e+00 1.228323122542154922e+00
1.251286107603644115e+00 2.510945632769253422e+00 2.080556871200627267e+00 2.315097670966447030e+00 1.233112787678607658e+00
1.262529339697892050e+00 2.490338064314228550e+00 2.090835555713560723e+00 2.307993696263582972e+00 1.250177726568481473e+00
1.266024041621794938e+00 2.465530302563085030e+00 2.087714531593250822e+00 2.297657266978489599e+00 1.275087814557559707e+00
1.267497190171604116e+00 2.444140533376865765e+00 2.085254033166312304e+00 2.289755557924993745e+00 1.301874758381162733e+00
1.269230673076568339e+00 2.425361313497471194e+00 2.088704883048893901e+00 2.286440650140064257e+00 1.330201453287322977e+00
1.270644000280643393e+00 2.407734743120100607e+00 2.096396119502234257e+00 2.285388089857891991e+00 1.357404571782433012e+00
1.271812551255496970e+00 2.389241927514619501e+00 2.108071818132936315e+00 2.281001216548251609e+00 1.381052388448531953e+00
1.272376024074970413e+00 2.367284876891974754e+00 2.122205901093120239e+00 2.270087264486538192e+00 1.398531728364591498e+00
1.272857852657243605e+00 2.336872661034776311e+00 2.133847223002674376e+00 2.255698271326374016e+00 1.412192104726761155e+00
1.273641597195134034e+00 2.302412806159941816e+00 2.139530854502245116e+00 2.242066251180712566e+00 1.429613417587423552e+00
1.273539105555346662e+00 2.274245535423160547e+00 2.139113975785903676e+00 2.229232661267068316e+00 1.452473091877795719e+00
1.270623714812519012e+00 2.259186521319196839e+00 2.133236646594525165e+00 2.217461885867876514e+00 1.478628787808518252e+00
1.264666390219800762e+00 2.250818829972259572e+00 2.125722365445626316e+00 2.211665232593493791e+00 1.505890874533759582e+00
1.263460836639839435e+00 2.227786940336744959e+00 2.130464892246471287e+00 2.212313443095290211e+00 1.532428536818778664e+00
1.276009036758594117e+00 2.213928483825254201e+00 2.143920239337735456e+00 2.210938262333208559e+00 1.552702227376987709e+00
1.291667051219517637e+00 2.198167957751848700e+00 2.152246687948344395e+00 2.212321591185810288e+00 1.575417318766206165e+00
1.300000000000000044e+00 2.169999999999999929e+00 2.154999999999999805e+00 2.209999999999999964e+00 1.600000000000000089e+00
