8.699999999999999956e-01 2.740000000000000213e+00 1.850000000000000089e+00 2.629999999999999893e+00 1.350000000000000089e+00
9.013499144855140477e-01 2.731910456341184457e+00 1.862634597719523555e+00 2.594405022477856093e+00 1.375117002276510902e+00
9.313001969066222463e-01 2.743459379926525443e+00 1.894510876572341518e+00 2.570155851460430796e+00 1.390076712842166273e+00
9.496334745519640075e-01 2.792372433319613378e+00 1.926565543118520685e+00 2.571218513465436839e+00 1.378031561660053139e+00
9.518962344885587568e-01 2.824619567990356739e+00 1.934795299180630090e+00 2.580492524875313887e+00 1.333463469916570610e+00
9.523768034310157171e-01 2.837395589312588839e+00 1.920394409189025042e+00 2.591010460081055733e+00 1.286452150719466614e+00
9.651569388681555672e-01 2.821887270511442836e+00 1.916430422441186554e+00 2.583766314205715009e+00 1.238539320698873514e+00
9.863029436263213157e-01 2.783143024745530880e+00 1.937067589504349652e+00 2.554167229278041962e+00 1.218020887444282163e+00
1.007345406535069099e+00 2.742408216085486572e+00 1.961874802077990365e+00 2.520781867712973856e+00 1.213551321362683844e+00
1.028309587519341095e+00 2.698690078182597762e+00 1.984721990809192205e+00 2.487004021622257088e+00 1.211768745727635377e+00
1.048130911071426086e+00 2.644576566832184561e+00 1.998626588331563925e+00 2.453552517542548106e+00 1.209920058903669604e+00
1.069759278016265913e+00 2.587130844938525076e+00 2.000426551677966902e+00 2.420859189036772996e+00 1.203782883135046555e+00
1.101598672947930790e+00 2.539514171057530856e+00 2.001767546674789511e+00 2.388357783674162071e+00 1.197991925557322590e+00
1.143456139895256074e+00 2.509960572757070185e+00 2.014569097495682914e+00 2.360853066182771798e+00 1.203773559414234029e+00
1.186530148902272375e+00 2.493115780623746502e+00 2.034304109146093609e+00 2.340925690191595354e+00 1.219237516723645998e+00
1.229320749893351383e+00 2.478964112264181008e+00 2.053743074588860740e+00 2.325816635395950183e+00 1.240327431847563222e+00
1.270578905186581897e+00 2.464381878113790947e+00 2.070655753443033653e+00 2.314162497339657065e+00 1.267100293555400992e+00
1.305943952224966731e+00 2.450257889487592600e+00 2.089935928898105200e+00 2.305642140899486492e+00 1.299297701631217272e+00
1.328797289391600245e+00 2.438200879254207809e+00 2.117194500093063869e+00 2.297523060195763911e+00 1.334246209642908632e+00
1.335902503307667688e+00 2.424912180907016435e+00 2.147944901686283714e+00 2.282087914250314764e+00 1.369264231751785799e+00
1.330918890836390478e+00 2.403884779818380668e+00 2.172455339959099785e+00 2.254864846887415286e+00 1.402892806028362527e+00
1.318393201128668313e+00 2.375007958728832413e+00 2.188304946833043552e+00 2.221338095066036633e+00 1.434070699882260769e+00
1.300185111325916631e+00 2.346357712241146309e+00 2.205313090124203068e+00 2.189634814124381545e+00 1.464056199810824133e+00
1.272166347615673487e+00 2.303256807534924011e+00 2.218239337624475560e+00 2.168503365339181865e+00 1.489301874258263325e+00
1.260833278117450273e+00 2.247815056864934213e+00 2.196349844847372612e+00 2.148175687096309794e+00 1.498289809673575945e+00
1.297288647292294650e+00 2.242608187517977303e+00 2.199226554726720906e+00 2.167258924029845879e+00 1.532510749669413697e+00
1.303197103660266087e+00 2.208318875894598854e+00 2.178918524058203854e+00 2.189533549742517682e+00 1.567865735404790906e+00
1.300000000000000044e+00 2.169999999999999929e+00 2.154999999999999805e+00 2.209999999999999964e+00 1.600000000000000089e+00
