8.699999999999999956e-01 2.740000000000000213e+00 1.850000000000000089e+00 2.629999999999999893e+00 1.350000000000000089e+00
8.953428875455714531e-01 2.785748002297998127e+00 1.862042415108892790e+00 2.630681867205717062e+00 1.352745244772749267e+00
9.255976732827874143e-01 2.810915226859811433e+00 1.876570930975548279e+00 2.619571799760696429e+00 1.360107828246220008e+00
9.435261039920497250e-01 2.819229406359444745e+00 1.895964362945911086e+00 2.597757170232136037e+00 1.375397321018991592e+00
9.725248771494824362e-01 2.828239335052929793e+00 1.908481749160257257e+00 2.574659954763109049e+00 1.367685044946200801e+00
9.911863073733163665e-01 2.821641565281090891e+00 1.908012846661410133e+00 2.534371217973717894e+00 1.379594220579668518e+00
1.005510894782919218e+00 2.821356370632584376e+00 1.905148210273065468e+00 2.496988309457822020e+00 1.399816824880439681e+00
1.009697925297025956e+00 2.829575866022712383e+00 1.897532626908312592e+00 2.476090642682263088e+00 1.431793079481608055e+00
1.028772450007140682e+00 2.830779259765217937e+00 1.912707237025994100e+00 2.454215886986763184e+00 1.423511369451881281e+00
1.039570286905107999e+00 2.821870250431492089e+00 1.927748866068283107e+00 2.432655042057303429e+00 1.397454067133345523e+00
1.048980010832326171e+00 2.819124378537957387e+00 1.942706720749193927e+00 2.415524945076145347e+00 1.369289991625255443e+00
1.064550359325365569e+00 2.811672278586891061e+00 1.954612271394950751e+00 2.410906933892532855e+00 1.341790223879372190e+00
1.064883071584872720e+00 2.771389869792153959e+00 1.952525479349086046e+00 2.407649765430392108e+00 1.311519945347831451e+00
1.059177665944486257e+00 2.734562168429060414e+00 1.948284630411238005e+00 2.404761681403402740e+00 1.280694829551491276e+00
1.056207519591989774e+00 2.703228253801434722e+00 1.943838952954572541e+00 2.410590597264441470e+00 1.248645406875261710e+00
1.069271436523991037e+00 2.664898142064457520e+00 1.952686852277884633e+00 2.411570441157766975e+00 1.228015077668243249e+00
1.093642924960518625e+00 2.636663617368415480e+00 1.970664315806546441e+00 2.397240296870225329e+00 1.234311408792127640e+00
1.124265750202446901e+00 2.609826115135520652e+00 1.982978370521512490e+00 2.380955176713863253e+00 1.237475037691465163e+00
1.155275819888581967e+00 2.577613299463838104e+00 1.990108826074930004e+00 2.364322765523328762e+00 1.229554707738846897e+00
1.186645609618611985e+00 2.547882074430759758e+00 1.997097959173026460e+00 2.346579132554579505e+00 1.221118718336738018e+00
1.211599749332651577e+00 2.521522224999201534e+00 2.002315651676733754e+00 2.315324415913146971e+00 1.228809291510920998e+00
1.226437552005534837e+00 2.493488868458852092e+00 2.021913647813164960e+00 2.305154275734075942e+00 1.247228695135269572e+00
1.241441365237541117e+00 2.474782566332940803e+00 2.045229681151961021e+00 2.299868635887323709e+00 1.263440000641348204e+00
1.251803715939319384e+00 2.454567977452323913e+00 2.065486059223457183e+00 2.288750450349327448e+00 1.285689663655692927e+00
1.248655926371573965e+00 2.432616525349651226e+00 2.080233863497447100e+00 2.260676721877551199e+00 1.305993856712217349e+00
1.251401755215029166e+00 2.424048417737846517e+00 2.106170251851208874e+00 2.251064388449732334e+00 1.321715729866642208e+00
1.257479369358696530e+00 2.407217592759706370e+00 2.115392230097184356e+00 2.259563830821155417e+00 1.355532329859302720e+00
1.258778386652729786e+00 2.392028056941042813e+00 2.104601692773343746e+00 2.277316899075723988e+00 1.387175120175226040e+00
1.254346160740863692e+00 2.397377891126004634e+00 2.083698329178157227e+00 2.297883262407011351e+00 1.408844131753028028e+00
1.253600363161132547e+00 2.393098020826595729e+00 2.079757419363565063e+00 2.294338690908124256e+00 1.446696651891846042e+00
1.251218975271612077e+00 2.390906086543366449e+00 2.078762686179445041e+00 2.256577805640435308e+00 1.470628300147571288e+00
1.248576654933164498e+00 2.371010080935940234e+00 2.084250196268881972e+00 2.213717183064188632e+00 1.482067598666619634e+00
1.252085209109907948e+00 2.337047540431874015e+00 2.101741822772933865e+00 2.188290620190823432e+00 1.493964617607585588e+00
1.260511409693257923e+00 2.300187005572365884e+00 2.122791860021791877e+00 2.182902167478816935e+00 1.507848325175198623e+00
1.270794338388461675e+00 2.254158658186229847e+00 2.133367793477357388e+00 2.179018248165404348e+00 1.528856759418404820e+00
1.273123365681135155e+00 2.222036046336373083e+00 2.116885753292820915e+00 2.166536254493089508e+00 1.545168901345848500e+00
1.265794829258612975e+00 2.214349838796935810e+00 2.090289649022669671e+00 2.151819361298167532e+00 1.546182498317711262e+00
1.257863719199178387e+00 2.242349915023557294e+00 2.069917288281852841e+00 2.160288544403377475e+00 1.548612647704252998e+00
1.268759450384090881e+00 2.256108719771714011e+00 2.091846801244575005e+00 2.182550627787684050e+00 1.562850014737942939e+00
1.278699711901929215e+00 2.241897713762799338e+00 2.118523736518068024e+00 2.191209417769951262e+00 1.569898685902499924e+00
1.286974112700902229e+00 2.190707692339335821e+00 2.132086051797845716e+00 2.199840919635606795e+00 1.583586111760458159e+00
1.300000000000000044e+00 2.169999999999999929e+00 2.154999999999999805e+00 2.209999999999999964e+00 1.600000000000000089e+00
