8.699999999999999956e-01 2.740000000000000213e+00 1.850000000000000089e+00 2.629999999999999893e+00 1.350000000000000089e+00
8.932192241577493474e-01 2.758516698658225685e+00 1.872310745267627752e+00 2.619653970902664497e+00 1.326944826337863592e+00
9.150435434331462003e-01 2.780491124440383821e+00 1.895433247928079989e+00 2.612583899823007094e+00 1.304275209383538359e+00
9.368059248592296440e-01 2.804419644140347057e+00 1.920311473418280235e+00 2.609918453413674566e+00 1.284267645355836818e+00
9.618793309670452540e-01 2.839706651382832181e+00 1.926585966161276531e+00 2.587006590958770502e+00 1.264205846408853695e+00
9.651428957937955300e-01 2.851531899255216107e+00 1.901071968902636966e+00 2.556066850282106451e+00 1.253653179252953498e+00
9.681891714306034569e-01 2.819699785338653175e+00 1.882289418108306300e+00 2.524245598357450326e+00 1.239848490477893250e+00
9.859521277756995161e-01 2.780336711679653572e+00 1.893118615703002883e+00 2.493039503251561761e+00 1.230626258828179997e+00
1.010309972056284700e+00 2.768109736631883422e+00 1.920731749177377434e+00 2.473123410230864128e+00 1.228615144832132522e+00
1.034842561889943946e+00 2.761982415722506357e+00 1.950036713772341557e+00 2.456076776368449455e+00 1.227979420896207596e+00
1.059759282876497233e+00 2.736961410310346565e+00 1.971094010607421732e+00 2.434531766264280250e+00 1.214494312107358365e+00
1.076324864085207000e+00 2.685015096531429002e+00 1.987111597290485587e+00 2.428205617129764793e+00 1.200604049986530031e+00
1.098710957787193854e+00 2.631846044826271935e+00 1.992771849949967145e+00 2.411449481648547888e+00 1.189436997497378190e+00
1.131506009567167848e+00 2.598365192576819638e+00 2.001933921849688325e+00 2.385304212326316620e+00 1.186331046345274309e+00
1.167042306453443645e+00 2.578213265975656032e+00 2.016721405032816605e+00 2.360225533733526948e+00 1.188980037961280045e+00
1.202806195014772817e+00 2.561731550123148349e+00 2.033160951901014091e+00 2.336281570319371337e+00 1.193252189630530591e+00
1.235879123749974440e+00 2.536794296303530150e+00 2.048849805006985658e+00 2.314626229614172637e+00 1.204080062016652297e+00
1.257509874047275211e+00 2.497989981140965376e+00 2.061355572306748929e+00 2.300693396256018097e+00 1.226775889099008809e+00
1.269851653019419935e+00 2.457509607181888267e+00 2.072357959834952190e+00 2.294366011346614442e+00 1.256018362931454080e+00
1.284466319367554288e+00 2.424961021566384378e+00 2.085287623906908028e+00 2.291711421730412646e+00 1.287534854622642611e+00
1.304592528544250118e+00 2.403808880463284670e+00 2.099270803158792997e+00 2.292927777411105872e+00 1.319927850437722094e+00
1.328031213794005128e+00 2.389731911080925641e+00 2.113652813114227147e+00 2.299209696535702285e+00 1.351596043743068520e+00
1.343661150736731980e+00 2.367912294716648880e+00 2.133896688543648779e+00 2.298999803952420873e+00 1.380866729338167564e+00
1.324987444043984608e+00 2.354446159098816604e+00 2.143350654896503560e+00 2.268334911452323688e+00 1.403458720375796664e+00
1.299178975758995325e+00 2.352210675849875088e+00 2.144080457677162155e+00 2.236599784585246553e+00 1.427912442934140547e+00
1.273765393451709471e+00 2.347845850082206809e+00 2.147185477452415725e+00 2.204739270381941285e+00 1.452331409020178432e+00
1.255417248854365342e+00 2.323619154303254053e+00 2.160724402520234566e+00 2.171818744117880673e+00 1.469405622568434877e+00
1.253459700074499805e+00 2.269969535515249159e+00 2.158970467280085348e+00 2.146414337931101812e+00 1.473879822699736941e+00
1.252885018878054257e+00 2.254705379069255500e+00 2.138746892781547615e+00 2.170618396098322300e+00 1.500152883162224615e+00
1.265664568031840354e+00 2.232076286880068761e+00 2.140400354558135820e+00 2.188931084031486840e+00 1.535127157557684141e+00
1.282710256401344395e+00 2.202412789283639150e+00 2.147119836473126764e+00 2.200472538294278468e+00 1.568044287182215335e+00
1.300000000000000044e+00 2.169999999999999929e+00 2.154999999999999805e+00 2.209999999999999964e+00 1.600000000000000089e+00
