8.699999999999999956e-01 2.740000000000000213e+00 1.850000000000000089e+00 2.629999999999999893e+00 1.350000000000000089e+00
8.947688280361547619e-01 2.757426288516896307e+00 1.862705496872898880e+00 2.620155877353022689e+00 1.360735019459593076e+00
9.134225735020067294e-01 2.778882701856717041e+00 1.882279012172936472e+00 2.616673472789704746e+00 1.360995718228694251e+00
9.303791278047722768e-01 2.786112355682185182e+00 1.895900777933707815e+00 2.603496524280128011e+00 1.342511768335318045e+00
9.519426442333571714e-01 2.796805422748332326e+00 1.902454951425538887e+00 2.587905050651020389e+00 1.323047071392588814e+00
9.690321590650716743e-01 2.840667451390192166e+00 1.897626726024987942e+00 2.582278422409502117e+00 1.327512540840370292e+00
9.690659690949893212e-01 2.882220129774153428e+00 1.888628891563735257e+00 2.601563420156046469e+00 1.338854301859413676e+00
9.658889411291443627e-01 2.865428537466701897e+00 1.878889186986207882e+00 2.597447949055591288e+00 1.313988445825148510e+00
9.686100597537763424e-01 2.839436775378322952e+00 1.886601140636372520e+00 2.578745915397272270e+00 1.296192953764543354e+00
9.814593810243653627e-01 2.842483422318311970e+00 1.908641488808803910e+00 2.570376408162968751e+00 1.286762748533409884e+00
9.970928793546918190e-01 2.844420021922827946e+00 1.926170922447957290e+00 2.561061101948639784e+00 1.272090709319126711e+00
1.011722323270591861e+00 2.827167735393507186e+00 1.935133497425642668e+00 2.540729980588646075e+00 1.253832450818294530e+00
1.024929512266073095e+00 2.803465881577128727e+00 1.940678797464422400e+00 2.516888197533445837e+00 1.237908514676688609e+00
1.038136701261554329e+00 2.779764027760750267e+00 1.946224097503202355e+00 2.493046414478246042e+00 1.221984578535082688e+00
1.051111397720090546e+00 2.755329631734987128e+00 1.951682249046466255e+00 2.468986970985989959e+00 1.206597481695375951e+00
1.061450849681513375e+00 2.724637583959994558e+00 1.956359626044928079e+00 2.443495224461415649e+00 1.197168802550631073e+00
1.064095470764548690e+00 2.685236933625946065e+00 1.960293967981431074e+00 2.418694438458646179e+00 1.205133609683604279e+00
1.064604848043040342e+00 2.651083297331140454e+00 1.969538008964717868e+00 2.398858135481720222e+00 1.221815126029654364e+00
1.069625453772642176e+00 2.612321638273290336e+00 1.983074263196404674e+00 2.380526280864290189e+00 1.228251861986787263e+00
1.079560913305835479e+00 2.589406090118910875e+00 1.999901987935593040e+00 2.359947387675943808e+00 1.231953160721550811e+00
1.094037042950754657e+00 2.594867638218884665e+00 2.022956066005717091e+00 2.353486206395301039e+00 1.232108199205287358e+00
1.106743842838450398e+00 2.598427275085187560e+00 2.046305887428139680e+00 2.350327001143265981e+00 1.239568979705390372e+00
1.131414596039671316e+00 2.589511713168276774e+00 2.062793373504629990e+00 2.343283723671699015e+00 1.238187029693423424e+00
1.159980188450331129e+00 2.572301584098787952e+00 2.054614123670325920e+00 2.330560875576107804e+00 1.243509408267551963e+00
1.185594043997059588e+00 2.540871783657498550e+00 2.049795686835143904e+00 2.319376910173863937e+00 1.251938167247614420e+00
1.211658761345553836e+00 2.510664963141976624e+00 2.049294117676713434e+00 2.308444227218882094e+00 1.262681702186108756e+00
1.234472290398859196e+00 2.485067794466245150e+00 2.058167418958757544e+00 2.298422743174941996e+00 1.277359708299699692e+00
1.247456153175465099e+00 2.471494630419230010e+00 2.077602786922588152e+00 2.293019139698193598e+00 1.292838539706224976e+00
1.254519729916173887e+00 2.460707137187918114e+00 2.099013725312409040e+00 2.288326054911819174e+00 1.309114105886346247e+00
1.256328753804644593e+00 2.438825266521367663e+00 2.111930602827361891e+00 2.279063934909341782e+00 1.333425909471337656e+00
1.257556154526289216e+00 2.419472256636477692e+00 2.108185368132285298e+00 2.276533930494232472e+00 1.364143057145472460e+00
1.265101103361174317e+00 2.406564318574321959e+00 2.114758046437606787e+00 2.276474623622342097e+00 1.394343247018011489e+00
1.264970609842231308e+00 2.377998545962155763e+00 2.109023113981049580e+00 2.264712557179619168e+00 1.420722229948397475e+00
1.256666955804495611e+00 2.348823241072355295e+00 2.106459704366860031e+00 2.247318236439036276e+00 1.438123276214369639e+00
1.249672515933641481e+00 2.332903932915018963e+00 2.126495223784281130e+00 2.236481667265794115e+00 1.453478387004385919e+00
1.246071750226395825e+00 2.315654479795496101e+00 2.142894062607935357e+00 2.224397054811737995e+00 1.469653349971402845e+00
1.244983825278499934e+00 2.279307540466735116e+00 2.137598241014541767e+00 2.200941652520542746e+00 1.477995773057176887e+00
1.241698588898365818e+00 2.241428909664826552e+00 2.130958678409637930e+00 2.197727262139883564e+00 1.502142983543895749e+00
1.243990421332592966e+00 2.212845352707632163e+00 2.130447113082443167e+00 2.199172702674207169e+00 1.531923445685704488e+00
1.255616660335826307e+00 2.188718645266981344e+00 2.132235609148242172e+00 2.201005768957085440e+00 1.560534166817889812e+00
1.276592204152988241e+00 2.174596691050300290e+00 2.141065676633316706e+00 2.204743413498337912e+00 1.583472287194875205e+00
1.300000000000000044e+00 2.169999999999999929e+00 2.154999999999999805e+00 2.209999999999999964e+00 1.600000000000000089e+00
