8.699999999999999956e-01 2.740000000000000213e+00 1.850000000000000089e+00 2.629999999999999893e+00 1.350000000000000089e+00
8.960381073348444581e-01 2.772364158553137337e+00 1.860669940840576020e+00 2.610222220889502065e+00 1.359000977071906480e+00
9.285919844931389555e-01 2.780907751425501839e+00 1.875573523604733950e+00 2.596569119097466238e+00 1.366258676380957438e+00
9.446076497702069474e-01 2.791828934974658782e+00 1.892597341503148956e+00 2.588970299273296138e+00 1.340599782245274207e+00
9.540297251559096692e-01 2.797011183877196494e+00 1.902754799798125118e+00 2.569565732642157929e+00 1.308905958903041400e+00
9.748394345496499414e-01 2.792746557543845931e+00 1.919773298342579260e+00 2.542542158539098374e+00 1.296477917964576676e+00
9.979661077810516590e-01 2.783365628098301681e+00 1.940307176046560667e+00 2.521117417515028158e+00 1.296077508968856096e+00
1.021677650875135956e+00 2.767005237250621530e+00 1.958916318616632068e+00 2.498280643136930657e+00 1.294268338331597379e+00
1.042294852036961039e+00 2.741280407547335152e+00 1.971024960527252068e+00 2.469809296184921621e+00 1.283400064349598191e+00
1.054262310379995293e+00 2.704291916152188779e+00 1.965840091063703499e+00 2.441525211503817516e+00 1.267022977900007064e+00
1.072286898811558142e+00 2.661974778851554202e+00 1.973165937515006574e+00 2.423866173003480728e+00 1.251881765271046554e+00
1.086031997774042468e+00 2.654914040388198337e+00 1.999937570951657362e+00 2.422081654124725869e+00 1.243199816969276617e+00
1.098400654590916403e+00 2.648417640619917801e+00 2.027380363020908405e+00 2.421662835281289450e+00 1.234159671028569827e+00
1.108695763960068303e+00 2.600487175501115189e+00 2.028010811107915146e+00 2.411109185146837142e+00 1.216545929925163527e+00
1.133244150760301494e+00 2.579541091674017572e+00 2.038255669492006206e+00 2.380606330336499266e+00 1.209408480966260413e+00
1.158727581842086130e+00 2.550020901922871897e+00 2.050691930430560639e+00 2.357969958212731587e+00 1.214777238698582007e+00
1.184742897553496377e+00 2.516762481980026500e+00 2.060277477739159036e+00 2.336013559264041195e+00 1.221177510115693865e+00
1.209920795709303221e+00 2.478685504787010441e+00 2.067836767074546778e+00 2.314453464631642809e+00 1.225384926414665454e+00
1.233321042271244394e+00 2.434948241883566844e+00 2.070190539991124457e+00 2.293336399244687573e+00 1.229387039652206193e+00
1.249724834274339891e+00 2.386971625104334471e+00 2.065346922788330986e+00 2.276803770640710045e+00 1.242991643655178668e+00
1.254917157544714668e+00 2.347481681810234200e+00 2.059952922066622172e+00 2.267766908808168669e+00 1.271005686724407946e+00
1.252247535926677813e+00 2.329007138267928045e+00 2.054984151565258266e+00 2.265433218515439329e+00 1.307348823306495156e+00
1.248896171351054019e+00 2.304233866675581055e+00 2.058479163993812033e+00 2.271415597760628735e+00 1.342223679792925894e+00
1.246609969061768242e+00 2.281948013967801447e+00 2.065559004976873503e+00 2.273675986780953728e+00 1.377167031862153390e+00
1.247195635583633777e+00 2.277956855739565967e+00 2.086390333050082813e+00 2.269506799622563076e+00 1.404090970629276125e+00
1.252310366366260475e+00 2.301753659939379304e+00 2.113174545887778866e+00 2.260352815653949410e+00 1.405912499011597427e+00
1.259398259355279492e+00 2.328698879275451272e+00 2.136490655693272345e+00 2.246244039689536010e+00 1.413575181250211532e+00
1.253384906106201235e+00 2.315227276094241393e+00 2.144665124184559790e+00 2.219401118105091442e+00 1.442584821557891361e+00
1.254480114130753332e+00 2.296766207109766533e+00 2.144113801898807736e+00 2.195369385645304483e+00 1.472940943224264165e+00
1.248196508392378945e+00 2.297213299980849666e+00 2.119041698953398445e+00 2.177919702775052091e+00 1.487278280579028999e+00
1.246025962526370989e+00 2.277615877469057359e+00 2.100823684136112757e+00 2.157760532979093870e+00 1.509935292768411985e+00
1.259549623423096953e+00 2.243247811770171296e+00 2.096592983724312020e+00 2.131966476236553998e+00 1.530560743658955891e+00
1.262793109646726419e+00 2.201288735457849199e+00 2.106393571593571323e+00 2.127168208784909531e+00 1.555415115333212528e+00
1.266655370499510713e+00 2.185802553050737895e+00 2.120538298709230496e+00 2.147503199751223502e+00 1.583552507156499312e+00
1.284779477884068211e+00 2.171502040552491408e+00 2.135814266460079214e+00 2.176854456717796982e+00 1.598045752498849392e+00
1.300000000000000044e+00 2.169999999999999929e+00 2.154999999999999805e+00 2.209999999999999964e+00 1.600000000000000089e+00
