8.699999999999999956e-01 2.740000000000000213e+00 1.850000000000000089e+00 2.629999999999999893e+00 1.350000000000000089e+00
9.129222144182662646e-01 2.747129054934423387e+00 1.860331698295589753e+00 2.595263177458328130e+00 1.362747261673293409e+00
9.399366159419387801e-01 2.764443677867419957e+00 1.886401983672974403e+00 2.578566752057124489e+00 1.333289903330039161e+00
9.623677274855731989e-01 2.745402729007531573e+00 1.919853027470769469e+00 2.570690362165569454e+00 1.306844306910902143e+00
9.533421109780808589e-01 2.718575570196379410e+00 1.895782572258504883e+00 2.564345239295455325e+00 1.272949410566440731e+00
9.679455459857668753e-01 2.655100323484758107e+00 1.878195362844248040e+00 2.548583415806156438e+00 1.272041123328699896e+00
9.964156382264374168e-01 2.633495127379871015e+00 1.895873717075810649e+00 2.510843851015244432e+00 1.257426867144327165e+00
1.024584408423804938e+00 2.617005670084392221e+00 1.915797531848873581e+00 2.472883973606640584e+00 1.241864249226692696e+00
1.046534307337841474e+00 2.605147487167264408e+00 1.939384938685636772e+00 2.434027960971418825e+00 1.225628980177149607e+00
1.085130113069602276e+00 2.596758492059070722e+00 1.963230134463979759e+00 2.403911114707431906e+00 1.218111453927885224e+00
1.134759155127839980e+00 2.605126641439188706e+00 1.968402474711077987e+00 2.377193969418252895e+00 1.204869750272347551e+00
1.185857272396212192e+00 2.605152268226884171e+00 1.981505780323498112e+00 2.356606190323968342e+00 1.189705158312444500e+00
1.217607818198778613e+00 2.586373579418762780e+00 2.016844852468968607e+00 2.344860880249545421e+00 1.190496461584513499e+00
1.234734663440544500e+00 2.543353971197965802e+00 2.048743598762780227e+00 2.334162331571271398e+00 1.205780056512009146e+00
1.247219001580546882e+00 2.488882506868486999e+00 2.068968643133182184e+00 2.323401029923140459e+00 1.230306378795102962e+00
1.264524822247448110e+00 2.435510138586138851e+00 2.079387667664331918e+00 2.317817530937114512e+00 1.262237128763713301e+00
1.292914224500666398e+00 2.387501883551053528e+00 2.083666697648464794e+00 2.317886902081695677e+00 1.294655396398190605e+00
1.325069643628098426e+00 2.353712087664725949e+00 2.088657569895758126e+00 2.321246770846124186e+00 1.332339003819587697e+00
1.337583380621897966e+00 2.357085996327202171e+00 2.106821540639855606e+00 2.315954036986240361e+00 1.377320335667436835e+00
1.326002844342958342e+00 2.368434792646302967e+00 2.133896887595787550e+00 2.290475469588182378e+00 1.409794529251370721e+00
1.312614467859778644e+00 2.362278741895918799e+00 2.159518282132509182e+00 2.257278725969769972e+00 1.437629346299003963e+00
1.296422677668539691e+00 2.346451585068171752e+00 2.179083428476357387e+00 2.226435139302446409e+00 1.470848255368263136e+00
1.284428979601701659e+00 2.323624074137183193e+00 2.198666999710436887e+00 2.205800778198053536e+00 1.504471371044890482e+00
1.277328667247346727e+00 2.272102811068769324e+00 2.173076385518501574e+00 2.201581759313449460e+00 1.528582240434936290e+00
1.284132160016976609e+00 2.219548083306949415e+00 2.159554397022303451e+00 2.203342529071086631e+00 1.563058677473093461e+00
1.300000000000000044e+00 2.169999999999999929e+00 2.154999999999999805e+00 2.209999999999999964e+00 1.600000000000000089e+00
