8.699999999999999956e-01 2.740000000000000213e+00 1.850000000000000089e+00 2.629999999999999893e+00 1.350000000000000089e+00
8.977115170652854026e-01 2.761196634910499714e+00 1.850188883346804980e+00 2.615178766655499754e+00 1.352896637553468340e+00
9.243903998729926519e-01 2.784834770691298367e+00 1.856784104041427463e+00 2.605463365952688903e+00 1.358975569026803720e+00
9.468708132510840203e-01 2.806358772280990621e+00 1.869626339200002763e+00 2.595526295909475145e+00 1.353604753102420455e+00
9.601722182867666877e-01 2.824462580190376215e+00 1.884122267621229030e+00 2.588541672087722567e+00 1.335935858676847721e+00
9.697789963448731898e-01 2.796639672195888160e+00 1.892642328793693762e+00 2.564954841476514424e+00 1.336171500715404692e+00
9.824088374108231880e-01 2.778429235882248882e+00 1.905402384927555870e+00 2.542697252492276849e+00 1.344724524639017371e+00
9.973468067035139439e-01 2.767070397368573964e+00 1.923594110238383337e+00 2.528074065905384415e+00 1.339594084960186393e+00
1.011841863713125012e+00 2.755437564388324656e+00 1.942315469717973864e+00 2.516764658891254669e+00 1.331467521750927085e+00
1.026450036360538665e+00 2.743588256934699210e+00 1.960628689239872768e+00 2.505062546375553367e+00 1.322492545720027834e+00
1.041281597040000673e+00 2.730958917445239553e+00 1.976968165112316100e+00 2.491854710726195687e+00 1.309966629408086503e+00
1.054839917895647794e+00 2.717546021967609970e+00 1.986893424080805159e+00 2.476302544791888050e+00 1.289626660005469327e+00
1.062507253636858717e+00 2.705841166105257045e+00 1.985595956238848991e+00 2.461361012560869810e+00 1.263065797927076073e+00
1.063292112015629787e+00 2.693410603183103103e+00 1.974651891950413019e+00 2.447047131663589337e+00 1.239335643374465334e+00
1.064011582312011983e+00 2.667400850575366800e+00 1.966010374615220435e+00 2.418831505087132960e+00 1.242446730004060473e+00
1.070137228710244415e+00 2.647710772223065057e+00 1.973239733103610005e+00 2.387195023515774839e+00 1.244112291222365441e+00
1.074765359164392642e+00 2.622685719119902004e+00 1.976120669042705114e+00 2.356581401337140225e+00 1.236380218042418377e+00
1.083077455366718400e+00 2.583613909514068219e+00 1.978889872540936734e+00 2.334171156883810827e+00 1.231812142628487150e+00
1.106657189023362076e+00 2.550957521857706300e+00 1.984225019784922939e+00 2.338546777938634413e+00 1.237902468762251074e+00
1.139082565113278989e+00 2.548240514712101223e+00 1.982403067174381306e+00 2.345677868156400780e+00 1.236075012097763048e+00
1.169913252973566298e+00 2.545635438360549951e+00 1.985981401111586608e+00 2.347429500171931416e+00 1.225246137915188882e+00
1.197841095129318800e+00 2.531888683294245990e+00 1.995279766221166318e+00 2.351458827508560390e+00 1.216793760094732502e+00
1.219725773437224436e+00 2.520162084250435974e+00 2.012202917254084067e+00 2.353450579031024503e+00 1.214653810586277194e+00
1.232035637538577255e+00 2.511949788704854303e+00 2.033290861102999170e+00 2.345991849118056027e+00 1.219254393023312844e+00
1.245015055283348104e+00 2.493765948271893684e+00 2.050762187311581997e+00 2.333745042062645325e+00 1.229100854775368790e+00
1.253795520057091606e+00 2.475540804405514272e+00 2.068227968372325254e+00 2.322915969726310426e+00 1.243291599267183134e+00
1.258794329031894588e+00 2.455747700731350847e+00 2.086806210365400815e+00 2.310948588201551690e+00 1.255014769387929663e+00
1.259328040853246788e+00 2.438185558831017730e+00 2.100726590254105020e+00 2.300160627036583527e+00 1.276134411840743610e+00
1.255569674457028384e+00 2.437968963924828980e+00 2.101336909111505502e+00 2.298844935774251752e+00 1.307153059615755453e+00
1.254282978643850743e+00 2.434346386700668052e+00 2.104519076672378475e+00 2.294988666663580368e+00 1.337859079314002164e+00
1.254181552129161048e+00 2.420211874051207968e+00 2.108834827982809745e+00 2.286347183320820431e+00 1.366588810711596214e+00
1.254079226578370898e+00 2.398093869214346974e+00 2.113522951740129496e+00 2.273348648343095135e+00 1.392235197310599526e+00
1.253866200613972470e+00 2.371593496100820708e+00 2.119083979683046959e+00 2.257144996086553057e+00 1.414746067014686748e+00
1.253527125349678695e+00 2.341704672050421099e+00 2.124169368023377302e+00 2.239330209306034991e+00 1.435119715262252349e+00
1.253028168147314769e+00 2.306272952921900821e+00 2.126202645398676427e+00 2.221739576346515754e+00 1.453524573363421446e+00
1.251204439323378770e+00 2.266227288126474448e+00 2.126185749885005194e+00 2.205794651529942030e+00 1.470056035797520533e+00
1.245283381775352805e+00 2.227221476066820749e+00 2.122285799642800175e+00 2.190299491421568767e+00 1.485917208327820482e+00
1.250912583348153362e+00 2.215778242907486817e+00 2.112020802717398560e+00 2.190953460436408484e+00 1.507149869978257284e+00
1.265974341198425002e+00 2.220684558957096044e+00 2.124879994122232052e+00 2.202055563420138640e+00 1.526805160330438227e+00
1.277361705887211318e+00 2.207569759325693770e+00 2.135056894673742267e+00 2.205899349723069669e+00 1.551760050288349513e+00
1.288680852943605792e+00 2.188784879662846627e+00 2.145028447336871036e+00 2.207949674861534817e+00 1.575880025144174912e+00
1.300000000000000044e+00 2.169999999999999929e+00 2.154999999999999805e+00 2.209999999999999964e+00 1.600000000000000089e+00
