8.699999999999999956e-01 2.740000000000000213e+00 1.850000000000000089e+00 2.629999999999999893e+00 1.350000000000000089e+00
9.042476657280545949e-01 2.770621782061162275e+00 1.864743221151746955e+00 2.614964993740999333e+00 1.368400560900666196e+00
9.325524609862930747e-01 2.779136138463587535e+00 1.889602910396900537e+00 2.598504241845625451e+00 1.378816757830349848e+00
9.535574022570724173e-01 2.769729539623846826e+00 1.917667839255642548e+00 2.583686283116829241e+00 1.371084341018241837e+00
9.708733417520263309e-01 2.764436007518551897e+00 1.935356390073468713e+00 2.575721120877944692e+00 1.337223236746909905e+00
9.838239979691376647e-01 2.771956136721366093e+00 1.940185007984107646e+00 2.576072642772128773e+00 1.294368700826477037e+00
9.856861299131417509e-01 2.805624254718395605e+00 1.943668554725515696e+00 2.575588451773577425e+00 1.254703579206590813e+00
9.743351116492944275e-01 2.800634012616728175e+00 1.934006858374771820e+00 2.548359840987900249e+00 1.233189398861699537e+00
9.899007398580761397e-01 2.758074656322340612e+00 1.954084767649459042e+00 2.527158488104569667e+00 1.234457533421134956e+00
1.010996706611711149e+00 2.736360126908283341e+00 1.978604640760217137e+00 2.507337694022012897e+00 1.225035764882985490e+00
1.030835381530887496e+00 2.705472011659823206e+00 1.995591964326384415e+00 2.478590114501460384e+00 1.212320572349294023e+00
1.050811997558296795e+00 2.669306574396632215e+00 2.008756629305679109e+00 2.446731097178305170e+00 1.203524942020155919e+00
1.077005800726067442e+00 2.641392518425793146e+00 2.023359862193898184e+00 2.415319866168466945e+00 1.200275778037607433e+00
1.112291761631683196e+00 2.631527079688733117e+00 2.038825606363293907e+00 2.386574526312906119e+00 1.204841640370470701e+00
1.151661103148703624e+00 2.619838076627874379e+00 2.052397400830189955e+00 2.360881461476492138e+00 1.210759647102638281e+00
1.187472149304351410e+00 2.587481851762892582e+00 2.065003896919627380e+00 2.336345544706556865e+00 1.210595371245861696e+00
1.223891394147247791e+00 2.552350395654187309e+00 2.076332015766378269e+00 2.313215957986423099e+00 1.214219932236499266e+00
1.255061113406082063e+00 2.508342664798699939e+00 2.085333646893369419e+00 2.291553486106757465e+00 1.225112701871073684e+00
1.268855482297927884e+00 2.456085514889807531e+00 2.094368065462502315e+00 2.267070748438756667e+00 1.238538394169363732e+00
1.299127177776962849e+00 2.428631320461757781e+00 2.101554824031961033e+00 2.256884509241583903e+00 1.268138084547532740e+00
1.319764683420456164e+00 2.429189076714382445e+00 2.116636378720856193e+00 2.270350038399860271e+00 1.302532823309743959e+00
1.339420308093111300e+00 2.428957665798212151e+00 2.129426878880920082e+00 2.284023161168581950e+00 1.338091764914768333e+00
1.348984893994724432e+00 2.419606735351201632e+00 2.121792203488960027e+00 2.297519022504211694e+00 1.378441726958708369e+00
1.357442713491150199e+00 2.366640581310429425e+00 2.111688784432969701e+00 2.302080090213603381e+00 1.402279018301247460e+00
1.338623043295046333e+00 2.337107724497448302e+00 2.131840817315271863e+00 2.280000990798416893e+00 1.416091015866634217e+00
1.307974819919895282e+00 2.347143356400736902e+00 2.141595808492890995e+00 2.255873905879523189e+00 1.442447961161558823e+00
1.280740870011286336e+00 2.347345080942407236e+00 2.147220829556254262e+00 2.231533574099572981e+00 1.473164570990360467e+00
1.264102984747186076e+00 2.316493206041918551e+00 2.150655330405318200e+00 2.210459565833515327e+00 1.505594686579502239e+00
1.269007165940772452e+00 2.262359874061110165e+00 2.152260092220188437e+00 2.200582106464836318e+00 1.534798978048197426e+00
1.284325436019952527e+00 2.212628722656782898e+00 2.151474923897068958e+00 2.203137817815836286e+00 1.566053701141980836e+00
1.300000000000000044e+00 2.169999999999999929e+00 2.154999999999999805e+00 2.209999999999999964e+00 1.600000000000000089e+00
