8.699999999999999956e-01 2.740000000000000213e+00 1.850000000000000089e+00 2.629999999999999893e+00 1.350000000000000089e+00
8.935517320831246613e-01 2.754020305083117570e+00 1.869050189431012310e+00 2.617142700380594267e+00 1.352205842259834201e+00
9.272030571155898127e-01 2.768436687379679739e+00 1.876763806064472240e+00 2.607371751808636340e+00 1.351409763407835918e+00
9.480029764581641150e-01 2.809862254172793783e+00 1.878435392037335561e+00 2.609546909493277056e+00 1.334384773447301997e+00
9.540697070423420634e-01 2.848906883428440562e+00 1.880826190215589611e+00 2.609322389700257094e+00 1.306347057995776550e+00
9.577695251703159940e-01 2.860773648154558924e+00 1.898416820236812352e+00 2.591326766658933245e+00 1.287851174306486213e+00
9.632829001920673040e-01 2.839985577455019783e+00 1.920451708616142339e+00 2.570086392702338962e+00 1.290347345370844723e+00
9.789965024879310196e-01 2.798830966128611042e+00 1.927214801919872045e+00 2.551289649307650897e+00 1.293379269155118472e+00
9.741720738542302138e-01 2.775349625006768406e+00 1.903479044532092379e+00 2.552432686430006203e+00 1.305512050767547727e+00
9.634793084849293532e-01 2.743581236881283303e+00 1.886246286542188955e+00 2.541090145809517864e+00 1.313648598185996663e+00
9.703988246693933117e-01 2.722047710095317541e+00 1.888352957414141997e+00 2.513244558517460092e+00 1.291005184062719247e+00
9.884844505949654803e-01 2.707469931875940539e+00 1.897514466385964216e+00 2.486483696503958729e+00 1.274886320235279147e+00
1.012146482944762615e+00 2.695673340466340662e+00 1.911044045423062165e+00 2.463967002217890112e+00 1.266931336006051900e+00
1.037925894915018077e+00 2.685359535451404156e+00 1.929303586332204778e+00 2.452373396564682562e+00 1.265684132763265524e+00
1.057251712500554053e+00 2.676953481913915578e+00 1.952694953570335290e+00 2.452211193389205679e+00 1.261385698283287171e+00
1.069451551356918273e+00 2.662626963301898186e+00 1.974718145061632457e+00 2.442975528297341548e+00 1.247378507267693948e+00
1.082888801226529196e+00 2.639152245707460320e+00 1.983259318088667067e+00 2.411691259614474614e+00 1.235909964066992162e+00
1.097046316718497838e+00 2.614952707174371671e+00 1.986999439484561814e+00 2.376843244152123447e+00 1.230727640566100289e+00
1.101528678705323339e+00 2.587067175563352084e+00 1.980169030005737518e+00 2.342300696765550416e+00 1.221920104819796959e+00
1.117195969435600400e+00 2.579221357256563429e+00 1.992839882603205437e+00 2.326811526466690427e+00 1.200423475978567023e+00
1.148580980200755608e+00 2.567553580335474983e+00 2.007101485698095100e+00 2.324393837830291076e+00 1.201366529734663402e+00
1.179713564163640038e+00 2.550753136034553670e+00 2.019023194261311271e+00 2.320830369338821697e+00 1.209866418517558939e+00
1.208190375942521655e+00 2.534732641439407352e+00 2.032786563302320548e+00 2.317013477377262376e+00 1.221957805204459069e+00
1.232278718508534876e+00 2.522577384692991309e+00 2.049246127785378846e+00 2.314762863425634087e+00 1.237947229841391383e+00
1.250040177579731626e+00 2.513592276740024722e+00 2.069846418246764408e+00 2.315973307691773897e+00 1.254000590457172271e+00
1.263789261082512105e+00 2.499371614696555888e+00 2.092023615243184587e+00 2.316228627847003452e+00 1.269431266969786254e+00
1.262030544595742487e+00 2.493457385009452132e+00 2.090099964494498863e+00 2.307546669399793249e+00 1.290481975362146594e+00
1.248775663637640143e+00 2.478223835431802247e+00 2.067470398629936312e+00 2.301182473846582255e+00 1.302804172590289689e+00
1.252705123096197637e+00 2.465284549962924121e+00 2.073428173244561190e+00 2.300290794985514253e+00 1.336838781870509196e+00
1.256886883526151744e+00 2.439816473052595303e+00 2.083220751053597386e+00 2.297917807240243526e+00 1.367184590782271947e+00
1.255891937121807356e+00 2.409011285908743361e+00 2.094395943566264684e+00 2.295425021363342033e+00 1.395469607643950560e+00
1.254185307427526208e+00 2.366369189963728470e+00 2.106106981970270908e+00 2.287342937859420111e+00 1.417045171959828043e+00
1.261291246051377879e+00 2.319290473461760094e+00 2.111300420523696708e+00 2.262505908986848002e+00 1.425245362211284395e+00
1.263985131121867500e+00 2.292305931751432269e+00 2.122784420397036964e+00 2.238818936732271059e+00 1.445479637001419571e+00
1.270051834449183570e+00 2.277718595405882063e+00 2.138948643839602592e+00 2.226684693471066456e+00 1.470547311737865126e+00
1.261309223568638949e+00 2.253267069035299386e+00 2.153956177121556514e+00 2.204103951968455100e+00 1.483315623031544739e+00
1.249416772419194244e+00 2.214608184356728238e+00 2.154368727432758757e+00 2.179429120286264787e+00 1.476131766596422867e+00
1.253567193329248042e+00 2.209061491996996640e+00 2.158820502852964118e+00 2.187382071699333519e+00 1.486835188777789307e+00
1.267537987916885101e+00 2.240426842242924987e+00 2.163900780227855147e+00 2.202259556704706078e+00 1.510917263365448848e+00
1.283252636839269600e+00 2.240041495381158043e+00 2.163292090813308644e+00 2.209066289401368177e+00 1.541924306381249110e+00
1.291671483285929956e+00 2.205176782547302761e+00 2.159146678926938900e+00 2.209580674641252518e+00 1.571004516877588797e+00
1.300000000000000044e+00 2.169999999999999929e+00 2.154999999999999805e+00 2.209999999999999964e+00 1.600000000000000089e+00
