8.699999999999999956e-01 2.740000000000000213e+00 1.850000000000000089e+00 2.629999999999999893e+00 1.350000000000000089e+00
8.869184385356374545e-01 2.769753073735214066e+00 1.861318649533506786e+00 2.621385766673276940e+00 1.334547303747300573e+00
9.107538474246706928e-01 2.774816862349362978e+00 1.868698305252615377e+00 2.605204906101305617e+00 1.318815031156882034e+00
9.294251030251603485e-01 2.776166631081373293e+00 1.876065669200101205e+00 2.591657094438367448e+00 1.294698944122931294e+00
9.448138290294676445e-01 2.782979066458499240e+00 1.888469691979539178e+00 2.581902319547768165e+00 1.270840407453895260e+00
9.599496488542226258e-01 2.791291288047342167e+00 1.906123162609017596e+00 2.571495582685923154e+00 1.255546972490159785e+00
9.745019115650165320e-01 2.802271283360938003e+00 1.924513558534357349e+00 2.555219076933151978e+00 1.250955615489094619e+00
9.934692608681218173e-01 2.809426213191237309e+00 1.938303972301484546e+00 2.533898796520121621e+00 1.248342567253924340e+00
1.014650603992961031e+00 2.792147834540373186e+00 1.948124002590106096e+00 2.515083493784920243e+00 1.242570981601816227e+00
1.035901808107053457e+00 2.766275829647435458e+00 1.956141301187256598e+00 2.497172153166029140e+00 1.236121194728847517e+00
1.058371743399190823e+00 2.757791864743003085e+00 1.957500208282984211e+00 2.478761325009698702e+00 1.221445103792106135e+00
1.064910885881436009e+00 2.744117393773685354e+00 1.956256670947485565e+00 2.450139520174772212e+00 1.206922436759707784e+00
1.063358937729760090e+00 2.711302645916218168e+00 1.952914987854574180e+00 2.426200558982588795e+00 1.193410253870442084e+00
1.064497607509651278e+00 2.670261229821595528e+00 1.953309861749956911e+00 2.403906906228357343e+00 1.190273613152578180e+00
1.074228322437065453e+00 2.639022225331930649e+00 1.959079056004574326e+00 2.385150646105177685e+00 1.205559809364302071e+00
1.087721856215104088e+00 2.618949273723493398e+00 1.971640098169326727e+00 2.368198427259896821e+00 1.221690782499291750e+00
1.094331430639104763e+00 2.607143733976774236e+00 1.992380464093698400e+00 2.359081173177330459e+00 1.216025820854289785e+00
1.100363171628715886e+00 2.594946458102890929e+00 2.005521816938407476e+00 2.360950412275277799e+00 1.190373382151367787e+00
1.112758355508759678e+00 2.598556354916991662e+00 2.023251452839572639e+00 2.359330482768878579e+00 1.201187687902403267e+00
1.131775200397341807e+00 2.603363916080132956e+00 2.041587300916428482e+00 2.347375229056750889e+00 1.207493891714416234e+00
1.158925079000490355e+00 2.592348827856489013e+00 2.054168074695676083e+00 2.337745877396761429e+00 1.209966799089385203e+00
1.186046989137514940e+00 2.571343415409331090e+00 2.064412667715599614e+00 2.331912852304567352e+00 1.215648462111494688e+00
1.213559032189886366e+00 2.550828638080013810e+00 2.073973466410968136e+00 2.324393894307961617e+00 1.220544131867041804e+00
1.240978261954064799e+00 2.523740593326108339e+00 2.078614038754486248e+00 2.315438218282609206e+00 1.220208951664213171e+00
1.264364019676586626e+00 2.504591860909709311e+00 2.092218437830671629e+00 2.305142111432624041e+00 1.219386084340523313e+00
1.274845961276184880e+00 2.484952688640531981e+00 2.104688196367130892e+00 2.291674583946701205e+00 1.238643092866376749e+00
1.274321053164974016e+00 2.463102739499512417e+00 2.106448056040083561e+00 2.280286873313547957e+00 1.267972949099587909e+00
1.273310650129420463e+00 2.441675355170560557e+00 2.108962997486885982e+00 2.270339517117313743e+00 1.298630330451370218e+00
1.272442209928829060e+00 2.407000178557127334e+00 2.105688912892721198e+00 2.271224150925334140e+00 1.323412671083228132e+00
1.273933222667306797e+00 2.378876837069387129e+00 2.089488011547127932e+00 2.270886822464380117e+00 1.338955599039548305e+00
1.276158280540478529e+00 2.373887932942277068e+00 2.096908229655902289e+00 2.263647391846586032e+00 1.371390135295193602e+00
1.274821621524200754e+00 2.376918353010813334e+00 2.111655494032318003e+00 2.256557228508251356e+00 1.398779587497148702e+00
1.268435834499296977e+00 2.373818473885797697e+00 2.121880643287506363e+00 2.239749639649728064e+00 1.425579632913060779e+00
1.259794834793478646e+00 2.364787701160090183e+00 2.127033085756109276e+00 2.217845402332543348e+00 1.450457227350475886e+00
1.250425662024133189e+00 2.353590493057295063e+00 2.133723593573262800e+00 2.195969028010614110e+00 1.473932796041465654e+00
1.243657983490722874e+00 2.321623565382968213e+00 2.145433818016241112e+00 2.199464402734690349e+00 1.462385442411575420e+00
1.248469253052959083e+00 2.277590618137129042e+00 2.134102586826993164e+00 2.206167154028941813e+00 1.467908729811409740e+00
1.257886256231589561e+00 2.239936086254802561e+00 2.126251890903082309e+00 2.206403376525741589e+00 1.487816464580706599e+00
1.269311375449219126e+00 2.209320355028698390e+00 2.125601411116869066e+00 2.207793445635290563e+00 1.514045033408208507e+00
1.280351847355739814e+00 2.188574538485026366e+00 2.130658930017350627e+00 2.209179096726952896e+00 1.543600012817589073e+00
1.290447582970704055e+00 2.175817237820851791e+00 2.140537320662875942e+00 2.208674996468508400e+00 1.573140384328125307e+00
1.300000000000000044e+00 2.169999999999999929e+00 2.154999999999999805e+00 2.209999999999999964e+00 1.600000000000000089e+00
