8.699999999999999956e-01 2.740000000000000213e+00 1.850000000000000089e+00 2.629999999999999893e+00 1.350000000000000089e+00
8.880154974255244360e-01 2.755852685714418104e+00 1.861968427916108171e+00 2.620198449004692343e+00 1.330007478956643396e+00
9.102729725085779711e-01 2.768439446558080164e+00 1.876181977862944494e+00 2.613962442620491711e+00 1.314622479991834458e+00
9.398621280546499701e-01 2.762402043990740630e+00 1.887120809886576378e+00 2.620552895013006811e+00 1.309419492870509405e+00
9.569629435422782882e-01 2.791110362179651805e+00 1.876398435883608551e+00 2.607592479030594212e+00 1.298819763365969715e+00
9.708713150087254773e-01 2.824889060461078572e+00 1.884870511109095093e+00 2.586280589790563855e+00 1.292039427292912102e+00
9.724355305654676096e-01 2.860670545274468957e+00 1.890988737488522808e+00 2.580807401875730100e+00 1.268359737995983449e+00
9.876825907200431631e-01 2.852837483513801509e+00 1.904073746767903419e+00 2.564197597071169010e+00 1.250111754018936372e+00
1.005096002767891683e+00 2.830008381906287340e+00 1.917674749467329853e+00 2.545883770083185560e+00 1.241694046516324201e+00
1.022501301154977282e+00 2.804256444296954864e+00 1.931229168076892488e+00 2.527549632605050167e+00 1.235739250090297503e+00
1.039887251480289043e+00 2.778200990514297697e+00 1.944772609507273486e+00 2.509226941027751678e+00 1.230060812341930765e+00
1.054204612515916129e+00 2.751623184937968869e+00 1.956080380192618318e+00 2.487408847916324106e+00 1.221597712838162542e+00
1.063304380482406941e+00 2.721741013237611639e+00 1.964416268139843824e+00 2.463307395893575169e+00 1.210733492463782479e+00
1.071306945191827342e+00 2.678438181164881193e+00 1.971080909928477176e+00 2.444313053784576084e+00 1.207998567406841861e+00
1.077579097094575777e+00 2.637720274848394553e+00 1.981193704372095521e+00 2.427735645481255755e+00 1.217454128984205353e+00
1.079661375338033524e+00 2.616861714282380458e+00 1.997445661436244135e+00 2.406374295336239477e+00 1.228515861825487443e+00
1.081495295698570835e+00 2.618026454345902199e+00 2.016999041631442502e+00 2.382556087660620214e+00 1.231193557880962963e+00
1.091586440626619137e+00 2.622527281407789346e+00 2.037351419719202639e+00 2.362026214703659477e+00 1.228816481677974970e+00
1.110914212077726893e+00 2.612983488423218592e+00 2.055205942616153525e+00 2.346288122144104982e+00 1.227915076330976074e+00
1.135039261586498816e+00 2.589952500280773062e+00 2.066971252478762899e+00 2.333039065719709981e+00 1.228938273634022860e+00
1.161745487659345155e+00 2.561872186388448824e+00 2.070572198151550580e+00 2.320677030261509177e+00 1.229435954757361005e+00
1.188036944750258117e+00 2.534109717754373214e+00 2.064014353375081878e+00 2.309944064116175255e+00 1.227959511400290582e+00
1.213585583366135534e+00 2.512316371017835337e+00 2.053390656011508053e+00 2.299301083148455493e+00 1.220802408426410635e+00
1.229270881966482820e+00 2.503570445131985345e+00 2.069029817046452280e+00 2.290664924849167505e+00 1.221647871677725483e+00
1.240692471086085380e+00 2.494109709316407297e+00 2.092036533880277549e+00 2.286139802400934506e+00 1.232588017973091699e+00
1.252605200460873203e+00 2.483376563902573331e+00 2.110948129713024368e+00 2.283764609942192436e+00 1.251486835128642117e+00
1.264336693617073681e+00 2.474787391214360532e+00 2.123134756255814715e+00 2.282045327536603718e+00 1.277355185928305437e+00
1.274222252554016555e+00 2.464359859228452798e+00 2.130010023974262534e+00 2.280009368772096146e+00 1.306532603248316216e+00
1.278382564394456189e+00 2.455638245659022445e+00 2.135568906359617269e+00 2.279036365401643227e+00 1.337484376646672635e+00
1.266954838458571153e+00 2.431245197432022831e+00 2.126271483452236044e+00 2.277744469970737207e+00 1.355402248549383959e+00
1.263492625666959190e+00 2.420373926584741486e+00 2.120840943455966965e+00 2.270410900724927572e+00 1.385560598828251777e+00
1.260786837380591052e+00 2.411265346726930936e+00 2.117004881524718662e+00 2.262603278975975130e+00 1.416379584403171021e+00
1.255955855026908985e+00 2.383328733789012333e+00 2.112509408931431576e+00 2.242131878896275854e+00 1.436361737732157362e+00
1.249167898313216618e+00 2.344083800129609152e+00 2.116294385695774771e+00 2.218794759681750328e+00 1.443079462986686323e+00
1.243517409517537420e+00 2.303671807843036490e+00 2.124261066688111654e+00 2.203109273977299942e+00 1.457411221802661583e+00
1.239510401326574085e+00 2.265897351378333813e+00 2.128925764143664523e+00 2.194150317003299211e+00 1.479305419753170980e+00
1.229108332417135685e+00 2.253418838380683020e+00 2.133036780829736134e+00 2.200821973723993796e+00 1.507658629360781433e+00
1.239428748485668308e+00 2.213590911767300717e+00 2.146476307317946031e+00 2.197172149577766742e+00 1.517973644100208741e+00
1.256650104465279583e+00 2.190623693591390531e+00 2.165783214164148429e+00 2.195575502714014249e+00 1.518915938837024582e+00
1.271718045060346469e+00 2.183386052935472943e+00 2.171590166173678060e+00 2.197502759478507706e+00 1.546671238332789189e+00
1.284501803887487359e+00 2.177540702121474325e+00 2.166174506189751270e+00 2.203600343826167762e+00 1.575337896319883857e+00
1.300000000000000044e+00 2.169999999999999929e+00 2.154999999999999805e+00 2.209999999999999964e+00 1.600000000000000089e+00
