8.699999999999999956e-01 2.740000000000000213e+00 1.850000000000000089e+00 2.629999999999999893e+00 1.350000000000000089e+00
9.145846603614004033e-01 2.755051922239974527e+00 1.877136168166023689e+00 2.604753500309467729e+00 1.360707804299990720e+00
9.579952726825610165e-01 2.777772484588638235e+00 1.885953157221929022e+00 2.583375812010171746e+00 1.323830915416115861e+00
9.666754803265947826e-01 2.777874649884708447e+00 1.886689378930552552e+00 2.574849761504040657e+00 1.304877883512193915e+00
9.697830119397989890e-01 2.765446322652727051e+00 1.886200969493722512e+00 2.554762437065570602e+00 1.288572328275725098e+00
9.769437569622242412e-01 2.752542262789969829e+00 1.891260351479767454e+00 2.530316070961595720e+00 1.279049765083550172e+00
9.905501284126543293e-01 2.742764493523898395e+00 1.901162697040225558e+00 2.505466389851438880e+00 1.269202921533861383e+00
9.971527915430766775e-01 2.739225585301327648e+00 1.905934204414138966e+00 2.495257370467850677e+00 1.264667850012904271e+00
9.999492125559578115e-01 2.737882090524983880e+00 1.907950570848707228e+00 2.491178628445262166e+00 1.262750606447053281e+00
1.007040275184009515e+00 2.735086835385562409e+00 1.913861133753991250e+00 2.482039984503957353e+00 1.257768802341471703e+00
1.052112436276808838e+00 2.719647582878082837e+00 1.958427380845676913e+00 2.426999884384005934e+00 1.231122159520926740e+00
1.059807812499012236e+00 2.717330175614418586e+00 1.965682054676472834e+00 2.417566217383245952e+00 1.226667358799334639e+00
1.071438484954070791e+00 2.719511101568725220e+00 1.965793065075944757e+00 2.402308087580661500e+00 1.216258065388512666e+00
1.077048811956902385e+00 2.676857676131935815e+00 1.959008456444141233e+00 2.395129045320536498e+00 1.202798069996014796e+00
1.077064984074961762e+00 2.647863618930064611e+00 1.973824783492734047e+00 2.388942466803301912e+00 1.206941764952053520e+00
1.079388695671969822e+00 2.624438966779771398e+00 1.990235461866367350e+00 2.372515607956662276e+00 1.193063618555168182e+00
1.091317984637981686e+00 2.604831852473592946e+00 1.977526190571437859e+00 2.363463824813294423e+00 1.195795019959127847e+00
1.112100647954437305e+00 2.590132772255954841e+00 1.979504419741201726e+00 2.351328195625896900e+00 1.197592057503038543e+00
1.124363460244758972e+00 2.585384205252095224e+00 1.984957499452689511e+00 2.344081132142755930e+00 1.197634112811352569e+00
1.147186839412833503e+00 2.577905855327178752e+00 1.996505437492654744e+00 2.330175162917840659e+00 1.197802496235852443e+00
1.171798393085301537e+00 2.571823346106627106e+00 2.011392618714902714e+00 2.314402430804418653e+00 1.198395624027341677e+00
1.226742048880320901e+00 2.555548067792873468e+00 2.047914930345160034e+00 2.278216357486891219e+00 1.202879273018732542e+00
1.233106915190587571e+00 2.543936864015881483e+00 2.052534967646411079e+00 2.274511694724356659e+00 1.207805288470103822e+00
1.241244157439791218e+00 2.523092490160116608e+00 2.055037250701539531e+00 2.271299461521596008e+00 1.214936791499742430e+00
1.259498429197926095e+00 2.467497833887271064e+00 2.052320456222169742e+00 2.267672620838173891e+00 1.231863934592484666e+00
1.267248952464908429e+00 2.428092263334107326e+00 2.049200346869826994e+00 2.270542864180370213e+00 1.253043749989183331e+00
1.267919732688006063e+00 2.389648700459356068e+00 2.070637732125121033e+00 2.285843661550956085e+00 1.297406789674343086e+00
1.267550665297482171e+00 2.375064923212206303e+00 2.083209543722522206e+00 2.285493403096327203e+00 1.319502655881049868e+00
1.267819730276241064e+00 2.363570279476034930e+00 2.090709926666514118e+00 2.281571814826618194e+00 1.333733046902074060e+00
1.269857910384540656e+00 2.331726541429674171e+00 2.099616375086577058e+00 2.267634190810007500e+00 1.360565077406124201e+00
1.269568140435469950e+00 2.310889880371949978e+00 2.104005938868719117e+00 2.253991717251627502e+00 1.383780961591168479e+00
1.269285977205713234e+00 2.306291345513811208e+00 2.104909989906133205e+00 2.250410862114472277e+00 1.389750003446407867e+00
1.262817098690690809e+00 2.280304136009803528e+00 2.107829749451720858e+00 2.221036885031624664e+00 1.434793426607263056e+00
1.260162971358793627e+00 2.268994417367354188e+00 2.109151090846378196e+00 2.208732455898825275e+00 1.453192058454686464e+00
1.265335327057197645e+00 2.251330321257718925e+00 2.127252169840149421e+00 2.194149226624773075e+00 1.484830197771920712e+00
1.270385516056807829e+00 2.245757788721415515e+00 2.138099752792310237e+00 2.192110142758023184e+00 1.495557768362887341e+00
1.280671922753459757e+00 2.228958631401231294e+00 2.146626809921225565e+00 2.199058887474274915e+00 1.516169974367953532e+00
1.282679859552773749e+00 2.206850311123860653e+00 2.144188970829270957e+00 2.194110380191843568e+00 1.532973177341501625e+00
1.288781013894858107e+00 2.184375900353881406e+00 2.146032560089877972e+00 2.196093223292514551e+00 1.561391704123479940e+00
1.300000000000000044e+00 2.169999999999999929e+00 2.154999999999999805e+00 2.209999999999999964e+00 1.600000000000000089e+00
