8.699999999999999956e-01 2.740000000000000213e+00 1.850000000000000089e+00 2.629999999999999893e+00 1.350000000000000089e+00
8.957050399277073360e-01 2.770281057985933160e+00 1.862600689132483556e+00 2.633317216965247010e+00 1.346707379817883021e+00
9.199301019227673626e-01 2.783032022983879195e+00 1.874552536170358774e+00 2.621236506367330410e+00 1.331477914466358436e+00
9.386782422186648045e-01 2.800188699048660190e+00 1.891261901970312076e+00 2.601349894666846740e+00 1.326314242878868788e+00
9.531706806962058076e-01 2.795349000675487972e+00 1.893521342254148365e+00 2.566885982002221400e+00 1.332675975678254021e+00
9.730234724050326189e-01 2.799867128345979062e+00 1.903858832613998242e+00 2.538857788032198748e+00 1.326231338968494322e+00
9.933733892009041222e-01 2.814486527110542369e+00 1.920536180473374044e+00 2.520040950257644852e+00 1.320836935126885381e+00
1.016545347911340658e+00 2.822351640766302960e+00 1.937985680263734967e+00 2.503854730334007073e+00 1.321194147362666937e+00
1.039871263052153605e+00 2.801463315551550703e+00 1.947223846633229671e+00 2.492720553884186785e+00 1.335789969623364160e+00
1.050339746712978251e+00 2.767948076474540109e+00 1.943149749795487491e+00 2.485574560932249266e+00 1.359304660687910005e+00
1.050382475636865598e+00 2.739108484754015027e+00 1.931757797058411441e+00 2.472782319876018597e+00 1.382305388297389248e+00
1.042810027946765361e+00 2.714486715140185691e+00 1.917248532068875688e+00 2.449760930877040277e+00 1.374524653050749112e+00
1.044331000187104008e+00 2.718350205223617255e+00 1.920123524732591624e+00 2.444354533610946234e+00 1.341906710215718057e+00
1.047650505395837151e+00 2.710124260052718448e+00 1.919464286171184808e+00 2.438199691535393399e+00 1.309459667645756387e+00
1.050834328263427375e+00 2.690507428914132415e+00 1.919435781776460903e+00 2.430937960897058936e+00 1.278760613724183592e+00
1.053618975495209220e+00 2.662753325773686619e+00 1.920157338487637810e+00 2.417742125143025778e+00 1.251623853364663086e+00
1.058490444713332979e+00 2.641669397202386804e+00 1.934800222472383702e+00 2.399994800947746310e+00 1.231761788847953065e+00
1.062980361419828768e+00 2.640691731996145375e+00 1.959749640296455819e+00 2.390020317057994781e+00 1.221492613150606754e+00
1.069337485909215291e+00 2.597246762097545236e+00 1.970394223256182409e+00 2.372248002773361897e+00 1.225620487300130623e+00
1.084095713613727696e+00 2.552393562258003179e+00 1.975688003176826024e+00 2.354296236072348947e+00 1.222599862530695969e+00
1.111522200788905845e+00 2.523348944886893541e+00 1.980246328085312646e+00 2.339739518300639087e+00 1.219447310812851182e+00
1.145068263846489076e+00 2.511221985243574650e+00 1.983453486748499195e+00 2.330091550166268455e+00 1.222848357657601692e+00
1.178167653224238443e+00 2.505188263089400902e+00 1.988753009832739949e+00 2.320809369912583797e+00 1.230058028481799903e+00
1.206443003117691370e+00 2.497632030560494432e+00 2.000480806672301437e+00 2.311206312032976218e+00 1.241790906938214034e+00
1.224581242135522441e+00 2.488508975140055313e+00 2.018218285046183169e+00 2.305945719898543800e+00 1.259646007020031711e+00
1.234559174500510892e+00 2.479425805710055553e+00 2.036070799325234937e+00 2.305228607913724304e+00 1.282715873104527837e+00
1.241405577473744026e+00 2.470745020942795911e+00 2.050795398950042703e+00 2.304218503523979944e+00 1.309714947741151825e+00
1.247625182306681735e+00 2.463693364087991000e+00 2.062720582113293233e+00 2.297978688075255960e+00 1.338444772908114810e+00
1.252801078714684824e+00 2.458614676428760859e+00 2.073763271190243618e+00 2.287442817395270112e+00 1.367167045203489417e+00
1.255302832277367830e+00 2.445523953133986517e+00 2.082158540162661886e+00 2.273594241168043872e+00 1.395622319819948665e+00
1.253774287647482222e+00 2.413682969831393077e+00 2.078982552322500066e+00 2.253576772544581885e+00 1.416169431110473331e+00
1.251007424403381307e+00 2.378620538171321463e+00 2.069094569870471467e+00 2.233478372766751097e+00 1.433217881792811177e+00
1.252942602668252636e+00 2.353348317869464523e+00 2.063082592354822165e+00 2.228000924378390479e+00 1.460882827425845853e+00
1.253148078251363762e+00 2.305468475154111019e+00 2.070112647168664832e+00 2.216784632116876264e+00 1.463219587890190798e+00
1.245661340559985453e+00 2.269844834697284153e+00 2.087787650412880947e+00 2.202322301285545514e+00 1.471006697302299271e+00
1.238516948832748987e+00 2.236887556248118081e+00 2.101309159022710649e+00 2.182107018994636327e+00 1.483114665672947474e+00
1.234630640805006951e+00 2.208048236931602126e+00 2.100353591758771010e+00 2.169715942700000788e+00 1.507388259029784017e+00
1.254372949295382789e+00 2.187745733159017103e+00 2.118054503856154458e+00 2.166360630649854180e+00 1.520338662490334114e+00
1.270683783314113358e+00 2.173618248183392776e+00 2.140745725011313105e+00 2.170726015459072844e+00 1.526862385967615365e+00
1.277486342636449335e+00 2.160618152023165539e+00 2.160717825548684079e+00 2.178826779764851285e+00 1.545906289794185984e+00
1.288946446084471731e+00 2.162723785203376270e+00 2.164846021911017715e+00 2.192339756233212533e+00 1.574814689551853109e+00
1.300000000000000044e+00 2.169999999999999929e+00 2.154999999999999805e+00 2.209999999999999964e+00 1.600000000000000089e+00
