8.699999999999999956e-01 2.740000000000000213e+00 1.850000000000000089e+00 2.629999999999999893e+00 1.350000000000000089e+00
9.027021304567875992e-01 2.760765907390756446e+00 1.880236870942677774e+00 2.616825130555989087e+00 1.337593900437860306e+00
9.322117232776216955e-01 2.773800037763963111e+00 1.904887181747582314e+00 2.600763755139727795e+00 1.308452420606237343e+00
9.525301662734244612e-01 2.729756178185227533e+00 1.909878879079558889e+00 2.574537655106805101e+00 1.278115022763494091e+00
9.823150150703141570e-01 2.716362712264640322e+00 1.924657936406150016e+00 2.538994399833610860e+00 1.250590567515214691e+00
1.009294735306290214e+00 2.675426074107709606e+00 1.917754819396328747e+00 2.501156865025390807e+00 1.230795398939669827e+00
1.036274455542266271e+00 2.634489435950778891e+00 1.910851702386507478e+00 2.463319330217170755e+00 1.211000230364124963e+00
1.060281919558828223e+00 2.614006402025777387e+00 1.932686721059065249e+00 2.422391130602056908e+00 1.221325655357363482e+00
1.082242158351184758e+00 2.620358748702274809e+00 1.966186007427565219e+00 2.401738310933095200e+00 1.229460265403236496e+00
1.128129953636346494e+00 2.612550663340055479e+00 1.972773910220159355e+00 2.378445141028672882e+00 1.203571472426267164e+00
1.180818155607552100e+00 2.602577201883730318e+00 1.982562736973457751e+00 2.359983032510810652e+00 1.190699842869799685e+00
1.216834610616968071e+00 2.558537409675236241e+00 2.002189868105415105e+00 2.348799269367904952e+00 1.204556743895504933e+00
1.235104581322259421e+00 2.502065720055346443e+00 2.017023382753722949e+00 2.330610789317781872e+00 1.226858052353779760e+00
1.253385295053193405e+00 2.459062967207998884e+00 2.046229806330363665e+00 2.315790425746118597e+00 1.238717283296235205e+00
1.279181529642384074e+00 2.409257915498284497e+00 2.069576449368841775e+00 2.305990103803687408e+00 1.248874521444857333e+00
1.293582672327463268e+00 2.386726908446025863e+00 2.074370008819734768e+00 2.310289743641587012e+00 1.297113778067931156e+00
1.319521872138225582e+00 2.360989012763675898e+00 2.078605095043471795e+00 2.312429612004385682e+00 1.340923925029106067e+00
1.332183572007097583e+00 2.352057444631083793e+00 2.101771544957158344e+00 2.305238713092939928e+00 1.381975006569187592e+00
1.325094428838646587e+00 2.337331105219694116e+00 2.124425507326294316e+00 2.285363838308149376e+00 1.420776309970736895e+00
1.307016422508289644e+00 2.321330990802016103e+00 2.141001916110890857e+00 2.253297700806482506e+00 1.455800265542385175e+00
1.283455931964582408e+00 2.317506452818594465e+00 2.155989250142673175e+00 2.220586947867624339e+00 1.490753838256588137e+00
1.263284340776882786e+00 2.295595722953337692e+00 2.147106302441814663e+00 2.170201194095170205e+00 1.499581823938989977e+00
1.266383118365242977e+00 2.236092973683452279e+00 2.135352177391045547e+00 2.157345282317558954e+00 1.524623804078389266e+00
1.281939158726265848e+00 2.201395695491166649e+00 2.145996223907560285e+00 2.184051635868665464e+00 1.561561312787161926e+00
1.300000000000000044e+00 2.169999999999999929e+00 2.154999999999999805e+00 2.209999999999999964e+00 1.600000000000000089e+00
