8.699999999999999956e-01 2.740000000000000213e+00 1.850000000000000089e+00 2.629999999999999893e+00 1.350000000000000089e+00
8.945865504048905459e-01 2.752263156966319180e+00 1.865734021189056069e+00 2.620053657138149639e+00 1.356552936161558254e+00
9.213157359819370562e-01 2.761407200979180132e+00 1.878766684905610385e+00 2.607249370996406412e+00 1.362040324125698643e+00
9.500375560709003464e-01 2.758930668547252996e+00 1.880807319748615036e+00 2.587641252100637779e+00 1.363129011029442506e+00
9.638714338383326252e-01 2.795900724320101283e+00 1.887409643326468878e+00 2.579053510468723776e+00 1.348336002546494550e+00
9.632335817550456980e-01 2.806015041939230681e+00 1.889341686556882394e+00 2.575046737862556778e+00 1.315026586526758745e+00
9.599088720906941985e-01 2.792870532714270659e+00 1.893838512724129952e+00 2.572011126177666807e+00 1.282895419765778700e+00
9.579602178613702002e-01 2.752584560460049179e+00 1.904530855272644763e+00 2.553685262136395906e+00 1.287739636401372234e+00
9.704561439347819674e-01 2.730029595900434369e+00 1.908788512202363785e+00 2.531627464705941133e+00 1.305462562368040258e+00
9.952356097460343110e-01 2.719584499199559691e+00 1.916149248756042756e+00 2.509002898854908903e+00 1.304803159697029313e+00
1.019966098164272195e+00 2.714769600399707716e+00 1.925122522537841885e+00 2.489013846108826478e+00 1.295200480365194640e+00
1.040980461120619927e+00 2.713846875089898525e+00 1.935855567281705492e+00 2.470328397563814615e+00 1.279268272651602478e+00
1.055562032584161258e+00 2.715141207055854711e+00 1.946938486598132512e+00 2.450593175466514673e+00 1.258497752408703763e+00
1.064068346444660973e+00 2.710403991688201231e+00 1.957730303365731617e+00 2.426066644581447385e+00 1.238794716348741165e+00
1.069973740120909733e+00 2.691799095227835892e+00 1.972898608956935140e+00 2.402084587643885882e+00 1.226888284581298061e+00
1.078058015187528973e+00 2.662190861940546327e+00 1.986578073273051359e+00 2.379495034687483024e+00 1.218753619206472294e+00
1.090553964726358904e+00 2.621351970594851366e+00 1.992343202049667639e+00 2.358708544947412999e+00 1.214299710948646416e+00
1.106167880586072405e+00 2.572163445441776108e+00 1.994530067522040762e+00 2.350062831715652223e+00 1.219387336747642214e+00
1.126006206263115095e+00 2.528193672596880770e+00 2.001303229496963265e+00 2.352836424826093786e+00 1.226267485528011569e+00
1.152175454586696457e+00 2.498294926922437931e+00 2.011855697621876438e+00 2.355348472258953052e+00 1.226304009674010098e+00
1.182686312174044518e+00 2.484289731365748821e+00 2.022153232577886151e+00 2.356127027030772592e+00 1.222600195291241976e+00
1.214316969770714572e+00 2.492859830041239011e+00 2.027684580361937439e+00 2.361461940295991990e+00 1.215104085746445683e+00
1.233401465196420910e+00 2.511480382010264023e+00 2.023316261143610628e+00 2.359017604745850427e+00 1.208503298006222915e+00
1.240180737052121840e+00 2.488414400979488406e+00 2.035018216852606532e+00 2.334415759324814932e+00 1.216359115624523479e+00
1.237757933741781224e+00 2.475414463617872762e+00 2.056828223042442172e+00 2.326224939301168249e+00 1.229483982369554251e+00
1.234483981943333752e+00 2.460353804037191949e+00 2.076147835180564893e+00 2.325849175827368498e+00 1.248795384723384583e+00
1.242430117107366394e+00 2.443249676340202292e+00 2.089772317845564054e+00 2.314251277308172483e+00 1.272183205289298735e+00
1.252891966108395927e+00 2.429563327087621349e+00 2.093336393179816568e+00 2.302015444911929887e+00 1.300550169741397921e+00
1.259684882401696404e+00 2.418380463679730585e+00 2.088078082772597099e+00 2.295051288100759646e+00 1.332169761456279522e+00
1.264537166767482956e+00 2.411886601075008407e+00 2.086311097200021170e+00 2.288766977377350020e+00 1.362893248799880386e+00
1.271190147205205623e+00 2.406006110557493916e+00 2.102856736823634165e+00 2.275036301959387330e+00 1.384374279438851385e+00
1.269866207104953570e+00 2.374342164029831448e+00 2.117151797318807205e+00 2.265249406656470121e+00 1.404681888876210039e+00
1.266408318369006913e+00 2.334859831613431691e+00 2.126024153250005710e+00 2.257368339640814625e+00 1.426085761838154609e+00
1.258414148388880882e+00 2.292525919316029004e+00 2.128256529690525145e+00 2.250263739819675646e+00 1.447652880747942516e+00
1.248171488837471976e+00 2.268046955804835285e+00 2.136050443034655189e+00 2.223355751776116662e+00 1.459218171274214715e+00
1.256287243474497606e+00 2.247028137697827610e+00 2.146090340169623190e+00 2.202016180807055079e+00 1.465025890871477054e+00
1.257199566618299347e+00 2.200495844942795820e+00 2.132808797438879189e+00 2.200463623258989809e+00 1.476525708152648608e+00
1.256427314835845577e+00 2.168782053046928837e+00 2.116548653316550066e+00 2.192668697894193386e+00 1.492627214053778628e+00
1.263068446688856428e+00 2.155608912474697547e+00 2.113953139799805037e+00 2.187681741559214910e+00 1.523508226565361667e+00
1.274809912485040497e+00 2.158690925383126125e+00 2.124640339713013582e+00 2.194776860636639793e+00 1.551821732348229066e+00
1.287404956242520271e+00 2.164345462691563249e+00 2.139820169856506471e+00 2.202388430318320101e+00 1.575910866174114577e+00
1.300000000000000044e+00 2.169999999999999929e+00 2.154999999999999805e+00 2.209999999999999964e+00 1.600000000000000089e+00
