8.699999999999999956e-01 2.740000000000000213e+00 1.850000000000000089e+00 2.629999999999999893e+00 1.350000000000000089e+00
8.985071366314025809e-01 2.736197792763173986e+00 1.867063087992858472e+00 2.611600983605050885e+00 1.354334870921238831e+00
9.272253733209944171e-01 2.740740199223276718e+00 1.884889716605373966e+00 2.595491578198152460e+00 1.359564243560646979e+00
9.481269825628892978e-01 2.779000341501869364e+00 1.901101504430080302e+00 2.594990177009764309e+00 1.365067119077520097e+00
9.609815032362378773e-01 2.813663005252686311e+00 1.908219965163861165e+00 2.584236672901001786e+00 1.340172241037361767e+00
9.636171650661531363e-01 2.815729472652545695e+00 1.896065723369539047e+00 2.555666447499502780e+00 1.316653952728011223e+00
9.568603039880166916e-01 2.800262538676295598e+00 1.876192605495978549e+00 2.541060300307067976e+00 1.293791417669357680e+00
9.676147531160628201e-01 2.760055133003989525e+00 1.872082446107028009e+00 2.531046069214095695e+00 1.272029185838677634e+00
9.913387814772094409e-01 2.747245457629615917e+00 1.892364956539289267e+00 2.516756827799083496e+00 1.262102644102128579e+00
1.012138383424248111e+00 2.740164033744215022e+00 1.911837196329845279e+00 2.496028152287920854e+00 1.250870621775534541e+00
1.032949717664292111e+00 2.734147984741902349e+00 1.931309808632401204e+00 2.474927381187336906e+00 1.239979709854391876e+00
1.053162875418015787e+00 2.728531522582438473e+00 1.949760994486416044e+00 2.451627617080209376e+00 1.228903704490391657e+00
1.066942725023462657e+00 2.704769051949226899e+00 1.957821458987765828e+00 2.424131314061590103e+00 1.211094262305302705e+00
1.073220419973196282e+00 2.665699118350918440e+00 1.951694823380020649e+00 2.405831488881418068e+00 1.190359043637472913e+00
1.070669523325685324e+00 2.698986081265384751e+00 1.943756567449848260e+00 2.415173134804875499e+00 1.207432263295695307e+00
1.069147186647307679e+00 2.690992784562321827e+00 1.963235078781279341e+00 2.416049729754278452e+00 1.229870954804771044e+00
1.077709308960076884e+00 2.651444118734276767e+00 1.982839009431853539e+00 2.402157284336195797e+00 1.231638840763205955e+00
1.095199465777741077e+00 2.620263132053576971e+00 2.000163340889255181e+00 2.382328826395684551e+00 1.234955959199220299e+00
1.118918738993551099e+00 2.597700128252336427e+00 2.015705926108173340e+00 2.362589238335270458e+00 1.243218494524249040e+00
1.148260235762756265e+00 2.581638243476489958e+00 2.030904273397442061e+00 2.346432529434933745e+00 1.238928644080964370e+00
1.176962755397025440e+00 2.566360611262430869e+00 2.046987334606162001e+00 2.330407815522575810e+00 1.232826510071615811e+00
1.205466564665245155e+00 2.549500803232486845e+00 2.062459654521942021e+00 2.313609854509817154e+00 1.226831860145072284e+00
1.232122988140591957e+00 2.523140981119915249e+00 2.072940328156547274e+00 2.292794084269141219e+00 1.222397827662625058e+00
1.241413316298498382e+00 2.480658210862464408e+00 2.065365685451264532e+00 2.271973822672786802e+00 1.225722392349798184e+00
1.253826953114357767e+00 2.434141775673694497e+00 2.070821537256842149e+00 2.268702523205940125e+00 1.242743973935103607e+00
1.265520268543468552e+00 2.405069927017686293e+00 2.087573416810134752e+00 2.269183130786930125e+00 1.266406226911704014e+00
1.273776194556834662e+00 2.392237145873611581e+00 2.105539012570020851e+00 2.269876000634619473e+00 1.295286645393344482e+00
1.277344456329054578e+00 2.380775398336476112e+00 2.118044122874465529e+00 2.271890395403479257e+00 1.329297667420295648e+00
1.274262748581756588e+00 2.351545462218333160e+00 2.122238245004148816e+00 2.275023358137852725e+00 1.361772595844140898e+00
1.267823972485312645e+00 2.321985023800678061e+00 2.123986854315856654e+00 2.264048464266216865e+00 1.392779497549909706e+00
1.263863300047984861e+00 2.324480445723652089e+00 2.125128547798366352e+00 2.235796061047533367e+00 1.419983990341444624e+00
1.258009036462583552e+00 2.331032496821004329e+00 2.121328665689761639e+00 2.206756273223738685e+00 1.446657332960697540e+00
1.263247477402666519e+00 2.297885065381701786e+00 2.131255293791682881e+00 2.200009467937163343e+00 1.470349129256362186e+00
1.278611147973625739e+00 2.256727687389572967e+00 2.145936886271575084e+00 2.193119283917876583e+00 1.482329682060320009e+00
1.273261627696862464e+00 2.225341940281052810e+00 2.159874233917934649e+00 2.188992917147408068e+00 1.506129037609097221e+00
1.300166279718429019e+00 2.247291766502787613e+00 2.175677931298634071e+00 2.199027206665282286e+00 1.504522063745253657e+00
1.312092969832936884e+00 2.228204542719899539e+00 2.173521317090101768e+00 2.206966754843978862e+00 1.537929497868490536e+00
1.306468414560411295e+00 2.199229094780236426e+00 2.164394367998228041e+00 2.208643956318704138e+00 1.569142309765586996e+00
1.300000000000000044e+00 2.169999999999999929e+00 2.154999999999999805e+00 2.209999999999999964e+00 1.600000000000000089e+00
