8.699999999999999956e-01 2.740000000000000213e+00 1.850000000000000089e+00 2.629999999999999893e+00 1.350000000000000089e+00
9.067397513212617222e-01 2.769527397366767119e+00 1.867554227729781857e+00 2.607830256087484866e+00 1.357113948823751803e+00
9.388976925770863291e-01 2.796773488300312582e+00 1.894375030464276355e+00 2.595547728857648728e+00 1.362933220468039996e+00
9.597872290471566314e-01 2.814600655088910663e+00 1.921247618122874146e+00 2.583519670981750505e+00 1.339255188208742231e+00
9.610062584728860102e-01 2.822433602790669127e+00 1.923512892403465013e+00 2.576723448373495984e+00 1.295322364510996804e+00
9.725211864705907150e-01 2.806354934757448127e+00 1.923416739299860234e+00 2.561198587115420366e+00 1.254497110129071613e+00
9.908514737591233024e-01 2.763398394217209564e+00 1.940931831100070282e+00 2.534274704918509258e+00 1.237130991771860034e+00
1.009485727841654468e+00 2.720471991686830737e+00 1.962400301111508538e+00 2.505701942767937229e+00 1.230418681172185558e+00
1.027310700065830584e+00 2.675552692256172982e+00 1.981643974459533109e+00 2.475121209323909000e+00 1.223826694935269854e+00
1.043736450677658967e+00 2.628476326763323101e+00 1.997854802834455601e+00 2.443155803103528090e+00 1.214190515251803548e+00
1.067181869140433115e+00 2.592936821955524884e+00 2.014471605571723778e+00 2.408446263309143909e+00 1.209881117752008794e+00
1.101905662911696782e+00 2.568519067098534059e+00 2.025962454651477174e+00 2.375900790586304989e+00 1.215496211666388549e+00
1.142162228925347911e+00 2.541733774300000359e+00 2.029841452209155239e+00 2.347927636834891363e+00 1.223233193616586778e+00
1.185312361847005391e+00 2.518047316923958334e+00 2.034906847650525208e+00 2.322541138009849959e+00 1.228311164218478080e+00
1.228677898402694035e+00 2.506399419404588436e+00 2.050651201369722010e+00 2.302949325115537071e+00 1.233831733148074594e+00
1.263011560049080106e+00 2.501073801004919606e+00 2.076341502160370389e+00 2.295279622291360511e+00 1.249934209108209293e+00
1.286931093868136422e+00 2.488499230389070505e+00 2.101506171882723262e+00 2.294996090705739622e+00 1.277158185033081761e+00
1.307632267533440196e+00 2.467130642388850603e+00 2.121351386664423799e+00 2.296330723430379805e+00 1.309835679962773947e+00
1.322443098655172511e+00 2.442286238450178892e+00 2.130156094841348491e+00 2.299267069593553980e+00 1.349301312611759673e+00
1.312399300852596928e+00 2.422192443912551951e+00 2.131902936399136195e+00 2.287231406957273894e+00 1.390213030927599736e+00
1.301854705174371185e+00 2.406119013129079498e+00 2.149607181550083013e+00 2.257142908401124082e+00 1.418040369370898057e+00
1.295218610592852926e+00 2.388470998278617863e+00 2.170112044246959915e+00 2.225720931848305550e+00 1.443191803945218732e+00
1.288686494613261013e+00 2.359565713090070016e+00 2.184013363427039334e+00 2.194202988423183509e+00 1.470809110483203730e+00
1.280146466659054738e+00 2.310187362256431065e+00 2.178484068628232073e+00 2.168047348244827699e+00 1.496925694311068034e+00
1.267562865368147218e+00 2.250933135126935269e+00 2.158308525766134078e+00 2.153632766809710830e+00 1.510701890939231351e+00
1.242398036425018670e+00 2.188806235943183243e+00 2.140065408602226160e+00 2.154969138585966615e+00 1.511023749495369328e+00
1.259323533493140079e+00 2.234610443794908807e+00 2.139486200032670205e+00 2.179583749394321313e+00 1.535438538998184166e+00
1.275788308892527034e+00 2.192014097525921024e+00 2.139803074075901534e+00 2.191457636819584831e+00 1.569820277749061521e+00
1.300000000000000044e+00 2.169999999999999929e+00 2.154999999999999805e+00 2.209999999999999964e+00 1.600000000000000089e+00
