8.699999999999999956e-01 2.740000000000000213e+00 1.850000000000000089e+00 2.629999999999999893e+00 1.350000000000000089e+00
9.106259366223200535e-01 2.783000645960930441e+00 1.837059688636768495e+00 2.597708079617906396e+00 1.336167484177805509e+00
9.443071980039482449e-01 2.775302418235995106e+00 1.861523538869242600e+00 2.573842428815676708e+00 1.305045285406997158e+00
9.660107617919719836e-01 2.771584857685445602e+00 1.901932442658692546e+00 2.593342170937704694e+00 1.307555805503114899e+00
9.797443819800155662e-01 2.758732558915444333e+00 1.920672713954270083e+00 2.568850131780874957e+00 1.262128905718076233e+00
1.003712716496101720e+00 2.727280688111697327e+00 1.936787135714246988e+00 2.522537549946405111e+00 1.239887275277074874e+00
1.032555636834842971e+00 2.690630432143382045e+00 1.958218533381208326e+00 2.479925400104145972e+00 1.233388191643858711e+00
1.058068498104618449e+00 2.648915130956278396e+00 1.983018273150617183e+00 2.443553429865345183e+00 1.222387609561107924e+00
1.089768350343647052e+00 2.621178925828726136e+00 2.011964210054311142e+00 2.418285611161128834e+00 1.203298212415225832e+00
1.144438673389539307e+00 2.629001605918056761e+00 2.030324261597235225e+00 2.402534812813403864e+00 1.196056831178017310e+00
1.200276716941649280e+00 2.605216754183975247e+00 2.038120123519277627e+00 2.378540362490584315e+00 1.195185909166919247e+00
1.233823995762636017e+00 2.550766959040485116e+00 2.052070689092833522e+00 2.349161763472682907e+00 1.207316014293504658e+00
1.251711983995561273e+00 2.492637521538882517e+00 2.071846371823592659e+00 2.322121839262807796e+00 1.228606211500543832e+00
1.268047598425841915e+00 2.430661374682045128e+00 2.083829284153539518e+00 2.300097360684439707e+00 1.258297006591651224e+00
1.286773167293755016e+00 2.383791219686757223e+00 2.096802125222426483e+00 2.288417851931732638e+00 1.299905489314031382e+00
1.302842688272889404e+00 2.342469298814248369e+00 2.112322467061547471e+00 2.287220450884730027e+00 1.344841111118276977e+00
1.301139708148776108e+00 2.272890599354513430e+00 2.110132317689616066e+00 2.298865727701637773e+00 1.376351754130087368e+00
1.284354063102627341e+00 2.198154966113069708e+00 2.102181834087173407e+00 2.278858797701070138e+00 1.381510644382767161e+00
1.285941765975942896e+00 2.190941398431080156e+00 2.124062066345864697e+00 2.229624786883720233e+00 1.410143001349476455e+00
1.278992088579115727e+00 2.204248013133946138e+00 2.137105813913916741e+00 2.184594476365445903e+00 1.449086832140272119e+00
1.278891004073532400e+00 2.228326110957239869e+00 2.145405820041097922e+00 2.171032770510101351e+00 1.502207428676760381e+00
1.290468351006540448e+00 2.213741149349031989e+00 2.149071661289112090e+00 2.203367365359343300e+00 1.551173014574674269e+00
1.300000000000000044e+00 2.169999999999999929e+00 2.154999999999999805e+00 2.209999999999999964e+00 1.600000000000000089e+00
