8.699999999999999956e-01 2.740000000000000213e+00 1.850000000000000089e+00 2.629999999999999893e+00 1.350000000000000089e+00
8.884321737840141786e-01 2.766879817479385828e+00 1.866779464068351713e+00 2.612971869883476295e+00 1.328347583758534123e+00
9.130618118524735927e-01 2.787365958154027545e+00 1.882550819467943892e+00 2.593012907884998608e+00 1.310738030238896012e+00
9.342610390632474227e-01 2.804779342782245610e+00 1.903871086649969069e+00 2.577397389064109756e+00 1.295415454802059108e+00
9.522517361949645043e-01 2.827690070209511575e+00 1.917291053293480818e+00 2.557654349409899552e+00 1.270112885513816625e+00
9.721301647584630334e-01 2.796207059991261179e+00 1.914627747345945874e+00 2.528380489172307399e+00 1.252217179640842559e+00
9.951820349845538205e-01 2.761216367632494784e+00 1.922269585321474183e+00 2.498558948066410323e+00 1.243150694701302017e+00
1.019524139628910531e+00 2.735633338167776873e+00 1.934979933251468553e+00 2.469242128867628949e+00 1.235214869044272357e+00
1.044874268276769991e+00 2.713002370834511012e+00 1.948730760330017686e+00 2.441706303953839807e+00 1.225616803021501555e+00
1.066199935443990832e+00 2.686697702988044334e+00 1.967670272360687145e+00 2.419463339876140040e+00 1.216573230401741368e+00
1.074591239586413227e+00 2.651641618751862328e+00 1.991615326991441393e+00 2.403100240257406206e+00 1.213367361575996783e+00
1.077093780532152767e+00 2.613017254548932300e+00 2.015571982316162192e+00 2.387078598710808297e+00 1.212540361312226755e+00
1.094060279065289354e+00 2.593948796104402099e+00 2.040750284421058325e+00 2.371541637643537648e+00 1.209518135352244395e+00
1.124472330765937889e+00 2.595291692717215604e+00 2.060966886748134996e+00 2.357080345190884163e+00 1.207120571784795482e+00
1.159221781984299149e+00 2.591810469430907649e+00 2.074990926470751784e+00 2.337691926632159412e+00 1.203766424318178707e+00
1.195369809629773572e+00 2.584235886657480830e+00 2.085065785983999387e+00 2.316201223737106130e+00 1.199620342915988624e+00
1.233558600076725131e+00 2.572495273981762587e+00 2.091067926892514528e+00 2.295985671864794408e+00 1.197484766655626531e+00
1.259264677409111410e+00 2.529847287982682769e+00 2.086059974834794328e+00 2.282311120974751972e+00 1.210210726261215841e+00
1.264906164453112547e+00 2.496438306464509260e+00 2.061726397284083578e+00 2.280867740583523595e+00 1.215151828456172645e+00
1.282008332357387648e+00 2.471587343671821202e+00 2.075013842328266911e+00 2.273141491555860316e+00 1.220151326510639400e+00
1.283725140907194806e+00 2.441565467651046539e+00 2.100580623102333178e+00 2.261357463864641648e+00 1.231807308490833197e+00
1.271033989148402155e+00 2.407749975675355980e+00 2.115850618683168261e+00 2.252968770227504081e+00 1.257387010177398068e+00
1.278728427583815996e+00 2.397512519275657006e+00 2.129175287782112402e+00 2.261814961168228777e+00 1.293128384167193223e+00
1.280184215113049806e+00 2.378944517583053475e+00 2.133004145627094950e+00 2.267760928975163903e+00 1.332763190752186189e+00
1.277194300015254802e+00 2.376127797244511619e+00 2.142108062456107298e+00 2.231293131968099974e+00 1.356465458468229857e+00
1.274349230986409065e+00 2.368989040543006297e+00 2.139243051862253608e+00 2.212662359677020074e+00 1.394584932828620838e+00
1.271767569928743402e+00 2.360096824337269972e+00 2.135704415296070913e+00 2.197961457116669237e+00 1.433727322173768970e+00
1.268990878293195790e+00 2.341477025016249769e+00 2.132300314642077588e+00 2.182029626676678991e+00 1.471303298348147992e+00
1.266509866186664723e+00 2.277015940532026494e+00 2.131380941263819384e+00 2.167158725233692795e+00 1.480989707008325773e+00
1.260169245421480344e+00 2.236684812520448595e+00 2.137474105418623260e+00 2.170236755893794278e+00 1.512805374991748941e+00
1.261835380246827398e+00 2.210209995055204324e+00 2.141875450813368609e+00 2.166004493546599630e+00 1.550648489325181067e+00
1.278346439549395530e+00 2.203792136198533314e+00 2.155891350511653481e+00 2.182616464134323309e+00 1.580703359385061679e+00
1.300000000000000044e+00 2.169999999999999929e+00 2.154999999999999805e+00 2.209999999999999964e+00 1.600000000000000089e+00
