8.699999999999999956e-01 2.740000000000000213e+00 1.850000000000000089e+00 2.629999999999999893e+00 1.350000000000000089e+00
8.922150671521920096e-01 2.753512674086230572e+00 1.857115446156696326e+00 2.618622633193865124e+00 1.370340981990532114e+00
9.155756229525764400e-01 2.771608792177945979e+00 1.867880387178644686e+00 2.609350259454387810e+00 1.385799607555290747e+00
9.367137247484425000e-01 2.791405129497285031e+00 1.884632207895458267e+00 2.601965270039319655e+00 1.391002334636094240e+00
9.517015102428981743e-01 2.823454487757592446e+00 1.901840344058158161e+00 2.593926806995790812e+00 1.388295968304807726e+00
9.696134779598777342e-01 2.856371677951034194e+00 1.908820134726972206e+00 2.571133355613344218e+00 1.389352283022490475e+00
9.896476272130512175e-01 2.874158974105311959e+00 1.910129943550593623e+00 2.540188488575632064e+00 1.392905952166685779e+00
1.008158962351618060e+00 2.886789376656249573e+00 1.918708241095745448e+00 2.510934598725467204e+00 1.388649306447497178e+00
1.019027636465753561e+00 2.886043845338805092e+00 1.927051932279514102e+00 2.487368123609542625e+00 1.368404355358128210e+00
1.020543961527681009e+00 2.876754312774476130e+00 1.912677079401721825e+00 2.465729564318943190e+00 1.359067806337151962e+00
1.035326938485537251e+00 2.864554211256505667e+00 1.919434306862187745e+00 2.434563600793802074e+00 1.364324680313347971e+00
1.049993320907361527e+00 2.844789854729205203e+00 1.934296066116189872e+00 2.413216147995772332e+00 1.354623828157129894e+00
1.062026952963738280e+00 2.830457793913100595e+00 1.947654162293288360e+00 2.394879189964701283e+00 1.336296097739962274e+00
1.064277541682321582e+00 2.796359831021834275e+00 1.966123379362226142e+00 2.396297108618845595e+00 1.327822382562352077e+00
1.063902683208885591e+00 2.748703193410250378e+00 1.965791640220768688e+00 2.394919374746558027e+00 1.307505077629385726e+00
1.057792714238648735e+00 2.707261574864275211e+00 1.967968197359518667e+00 2.398575047048539410e+00 1.284988014172021353e+00
1.062933666391419507e+00 2.670148299054819319e+00 1.983416728025123588e+00 2.393935233733984091e+00 1.270873712187097659e+00
1.088944604024536522e+00 2.649956522505454437e+00 1.991997195658840702e+00 2.381303886934495129e+00 1.259405174245179282e+00
1.118183227276974501e+00 2.632214325123683363e+00 1.997528968057172394e+00 2.368653889536088908e+00 1.250518946765554418e+00
1.146900333567481667e+00 2.611969604039449777e+00 2.004759503514646823e+00 2.356818910560293912e+00 1.243210714974997133e+00
1.175425620739860788e+00 2.591596622270901484e+00 2.012262323024077038e+00 2.346131564757635957e+00 1.234826263929285073e+00
1.204047678199283045e+00 2.564000334934511294e+00 2.014316657910061981e+00 2.337766483647447657e+00 1.225966082762671272e+00
1.228475198531070900e+00 2.535280027778675116e+00 2.025863182227924053e+00 2.330424349434603748e+00 1.223700195811445957e+00
1.234631869553654893e+00 2.526968555784065096e+00 2.048627370974963391e+00 2.322978242074755340e+00 1.232661012789341148e+00
1.239169882113345444e+00 2.512732532775055816e+00 2.068361756088353154e+00 2.312156937026045966e+00 1.248204230918790625e+00
1.245658925294435448e+00 2.490657667767445904e+00 2.084149304083370069e+00 2.299459072088315903e+00 1.267066810417676548e+00
1.252317970734203811e+00 2.468159550278179903e+00 2.097097865782834525e+00 2.286211335664068312e+00 1.288986009804730548e+00
1.253937879517578402e+00 2.446063082547430323e+00 2.090786096399964933e+00 2.270377789201541763e+00 1.311843602598689484e+00
1.250378266844308417e+00 2.433984879510022292e+00 2.070493231704118031e+00 2.267125060267772607e+00 1.327748705985083877e+00
1.249145143219552168e+00 2.417453408410243920e+00 2.062757582977567949e+00 2.265342467463259624e+00 1.355471482905149294e+00
1.251719753730997864e+00 2.404552394667869297e+00 2.078587725920142848e+00 2.265674966025749804e+00 1.378582341300701675e+00
1.255109309445340049e+00 2.401464421999695453e+00 2.097358059813068998e+00 2.267015084080427734e+00 1.395748306084131141e+00
1.255425513153310302e+00 2.388991109610132835e+00 2.101957500635861731e+00 2.257362367113863399e+00 1.425583973388055536e+00
1.254851866515466874e+00 2.366364336027254822e+00 2.105724639358065531e+00 2.233401672908919444e+00 1.448360625625175313e+00
1.254006685048277392e+00 2.339715113085761189e+00 2.111738642211453687e+00 2.201305985530896514e+00 1.461115201028205357e+00
1.251446281940524097e+00 2.311798724025130536e+00 2.111925033856691947e+00 2.169144430498870957e+00 1.471620610481228386e+00
1.251405656961781743e+00 2.277784521235761250e+00 2.098988926211163619e+00 2.170198542792777907e+00 1.485372927681690047e+00
1.260202386273291841e+00 2.244908066010658843e+00 2.105928082797652312e+00 2.186997700426319469e+00 1.505659826351904540e+00
1.272984895939088590e+00 2.225167643058751477e+00 2.116748403943813805e+00 2.199289195474498193e+00 1.528230102386899381e+00
1.287609059991394744e+00 2.210549189462765352e+00 2.128707386716902850e+00 2.206772324079643965e+00 1.551156039828146760e+00
1.297163362337801606e+00 2.187826288586641077e+00 2.141233077933301310e+00 2.207334991550773395e+00 1.574857253177344152e+00
1.300000000000000044e+00 2.169999999999999929e+00 2.154999999999999805e+00 2.209999999999999964e+00 1.600000000000000089e+00
