8.699999999999999956e-01 2.740000000000000213e+00 1.850000000000000089e+00 2.629999999999999893e+00 1.350000000000000089e+00
8.884463688749516530e-01 2.745554272199032919e+00 1.866790931582261059e+00 2.608427952849320164e+00 1.357304240266967943e+00
9.098687984845177379e-01 2.766820671460725745e+00 1.880881345418335959e+00 2.589904842967247323e+00 1.360855373897628784e+00
9.366136513628963156e-01 2.772428002595813012e+00 1.889846693647097675e+00 2.572314765412036852e+00 1.374099044846020190e+00
9.630804175965992364e-01 2.765346409151381302e+00 1.882860151915352498e+00 2.565331289395072822e+00 1.355492688148822733e+00
9.708217170742647895e-01 2.775725562806156788e+00 1.886303169627315368e+00 2.565447616037164202e+00 1.320501123814213251e+00
9.752997027482194214e-01 2.785556491463249795e+00 1.902227372271883210e+00 2.562247890727746835e+00 1.292390673081672992e+00
9.641697543166788398e-01 2.802029654098233014e+00 1.922421090834277813e+00 2.546440332109885851e+00 1.284433972752580200e+00
9.753739820920057646e-01 2.773831360045234007e+00 1.927677091162458112e+00 2.525111454347836126e+00 1.263979953145353496e+00
9.987063729192763306e-01 2.738312962014158636e+00 1.928153149158853052e+00 2.514582227675381532e+00 1.253190440274035478e+00
1.020490471191711324e+00 2.721174122339113932e+00 1.943337535419280782e+00 2.499559342246845173e+00 1.243174408520897778e+00
1.039442131232771516e+00 2.710889225528905655e+00 1.961869506915334682e+00 2.485861490794714079e+00 1.232571344729287643e+00
1.058057388670192056e+00 2.702706546560540879e+00 1.980464302929433984e+00 2.470242846997030561e+00 1.223048443730504253e+00
1.074162219981162458e+00 2.699281790967132721e+00 1.995565048005564668e+00 2.443333986785040768e+00 1.217142451364479072e+00
1.081431743048032468e+00 2.683807885032496010e+00 1.992980495184362821e+00 2.405909834423400007e+00 1.216482256253841987e+00
1.088274372570380288e+00 2.650904077632125322e+00 1.992359858228829106e+00 2.376425746786009707e+00 1.226827479271832333e+00
1.097673927498108881e+00 2.607191089074279766e+00 1.994242231543698285e+00 2.356517750438351655e+00 1.237095821831226683e+00
1.114827955089720435e+00 2.578013512473833924e+00 1.978264381794060167e+00 2.342785636557089379e+00 1.239204688573998236e+00
1.141127833217497445e+00 2.550543155915218296e+00 1.980169775106797037e+00 2.324476795215502101e+00 1.233948887598505406e+00
1.165345969257187253e+00 2.530337179382270651e+00 1.992508783184192556e+00 2.308136421285372553e+00 1.226349179639267817e+00
1.187855395053394769e+00 2.515906687742042180e+00 2.008165003123222103e+00 2.293049203833906091e+00 1.217607865811346279e+00
1.210722857070108738e+00 2.503756607570672976e+00 2.025125614065563351e+00 2.279309017190452646e+00 1.211768477870775351e+00
1.232429797935494120e+00 2.481874953519374483e+00 2.041772601668359055e+00 2.273796462675735430e+00 1.221163746584191578e+00
1.241735456420766326e+00 2.455238437947594665e+00 2.057002917553941490e+00 2.279863562187648629e+00 1.242970353073343581e+00
1.246402183469934588e+00 2.436868447761363132e+00 2.075422707851589443e+00 2.284083783306591453e+00 1.265418801138200156e+00
1.248810813820226073e+00 2.408030918099333562e+00 2.074348032957998633e+00 2.289838818107160279e+00 1.296527073367004235e+00
1.253821433120128059e+00 2.380246334080178716e+00 2.072667250979113529e+00 2.293304951322975072e+00 1.327145287670146168e+00
1.262401169244393273e+00 2.359754309362500191e+00 2.084448677735733391e+00 2.291675819489413790e+00 1.355813112088327221e+00
1.270397334699383096e+00 2.344744582164737245e+00 2.095829608279883516e+00 2.280025608577369578e+00 1.384266720108843440e+00
1.273699609661938625e+00 2.338866748207454993e+00 2.103666735430004930e+00 2.255271463472712234e+00 1.410620859469431387e+00
1.271842295876024709e+00 2.341001870023687204e+00 2.110193087307089765e+00 2.225573572172755643e+00 1.433696461857083992e+00
1.267574334990486440e+00 2.342232474420203658e+00 2.121044511390639986e+00 2.198252834782747911e+00 1.455425543064079230e+00
1.266681867833409525e+00 2.323023682223713138e+00 2.137854349934082077e+00 2.183180837784801209e+00 1.475136271925236109e+00
1.270738464392853206e+00 2.279465618483377032e+00 2.143495090517015367e+00 2.187379248947995958e+00 1.495804645679404965e+00
1.272839610040660041e+00 2.238617884311486783e+00 2.136935064628676439e+00 2.190691181192573112e+00 1.519081066085346654e+00
1.280104814242152056e+00 2.198661848270939689e+00 2.136547600186704532e+00 2.187893467856468543e+00 1.543476589336833626e+00
1.291710796254370353e+00 2.172964586807416332e+00 2.147780038168086492e+00 2.193788852093406128e+00 1.568979401125742745e+00
1.300000000000000044e+00 2.169999999999999929e+00 2.154999999999999805e+00 2.209999999999999964e+00 1.600000000000000089e+00
