8.699999999999999956e-01 2.740000000000000213e+00 1.850000000000000089e+00 2.629999999999999893e+00 1.350000000000000089e+00
9.217811820127747025e-01 2.787311052862531557e+00 1.864183556591710644e+00 2.599267535896387038e+00 1.333259708688705025e+00
9.519899724478909642e-01 2.801977754567420043e+00 1.902727289778502806e+00 2.586450539998577103e+00 1.312753543678643720e+00
9.769417699375488873e-01 2.764821574547989602e+00 1.903518694118265797e+00 2.538848428255030321e+00 1.272202215941050873e+00
9.883061187425753458e-01 2.742639336532812333e+00 1.898263715452141343e+00 2.506254850495748254e+00 1.208923923733123962e+00
1.001044429195812269e+00 2.713515556962546427e+00 1.898819902030725260e+00 2.470374942149189401e+00 1.148535016968919020e+00
1.004510155935984583e+00 2.652342873907567178e+00 1.922832354994805204e+00 2.437038191693928990e+00 1.172876600390219570e+00
1.020449211059047734e+00 2.624613764322679454e+00 1.959340867561244481e+00 2.423986921680690187e+00 1.206592085542068871e+00
1.054830278622786999e+00 2.635594624471458314e+00 1.998828291327689799e+00 2.424530950963381226e+00 1.214079957793037901e+00
1.115851424592539276e+00 2.624790955647188451e+00 2.011300819230338544e+00 2.399656152094214789e+00 1.199021299828310738e+00
1.175117854874073942e+00 2.585850589518924991e+00 2.016573505872333527e+00 2.365682506322681178e+00 1.199614974887971641e+00
1.227127013382878662e+00 2.538344920290648510e+00 2.027217254965086646e+00 2.328312428520578514e+00 1.196425227041921113e+00
1.258127097886039714e+00 2.494898654045213160e+00 2.060354623906436977e+00 2.307063910778079485e+00 1.197078963262756535e+00
1.264937071697607607e+00 2.462850402457451793e+00 2.083344113217511229e+00 2.306479008331706826e+00 1.252744518509314897e+00
1.267525653453512868e+00 2.467604703672376942e+00 2.093817015773579815e+00 2.298247029067866265e+00 1.315880809630620707e+00
1.268997041586127805e+00 2.416577820397367571e+00 2.119013024178738380e+00 2.281601998783984619e+00 1.272029439697758280e+00
1.295741552282534403e+00 2.329772935733413153e+00 2.130917337055759919e+00 2.278007185418008618e+00 1.292381595459278110e+00
1.322487947015513976e+00 2.278316247898388269e+00 2.115430583933089359e+00 2.283864524483215419e+00 1.345081630727750222e+00
1.316002722121402346e+00 2.227610919864283723e+00 2.091646383107173435e+00 2.276106115622063442e+00 1.389771341164570906e+00
1.277661190656002477e+00 2.210678575869610807e+00 2.113135512663709470e+00 2.230172110633353633e+00 1.411001478419390276e+00
1.280310293669127519e+00 2.194270093753686091e+00 2.124619141840303538e+00 2.187447982603319296e+00 1.466930321637262447e+00
1.289875325710487575e+00 2.183805516847018069e+00 2.138560813949211159e+00 2.185870506092893351e+00 1.536421510236386068e+00
1.300000000000000044e+00 2.169999999999999929e+00 2.154999999999999805e+00 2.209999999999999964e+00 1.600000000000000089e+00
