8.699999999999999956e-01 2.740000000000000213e+00 1.850000000000000089e+00 2.629999999999999893e+00 1.350000000000000089e+00
8.878083303567735340e-01 2.753851599551725204e+00 1.871965617141755800e+00 2.619630689772868504e+00 1.334692311569435796e+00
9.071578048856561161e-01 2.767968427003390630e+00 1.892009488902006265e+00 2.609095850661231619e+00 1.317305198010047196e+00
9.333647980550873191e-01 2.755852899146622015e+00 1.896753042559630620e+00 2.595177105670822826e+00 1.296806327388093205e+00
9.500544159916191056e-01 2.718661430601851059e+00 1.911411651308416060e+00 2.579413112875267977e+00 1.295485728776666789e+00
9.603496173222288990e-01 2.739710450173935996e+00 1.908200239009164800e+00 2.602153669902072863e+00 1.288320130158084886e+00
9.649755994306554729e-01 2.801492543100160049e+00 1.911895664961694274e+00 2.614452874748378619e+00 1.285899110197784800e+00
9.691119018100067262e-01 2.864710740694725644e+00 1.914772998376691238e+00 2.606855481936530161e+00 1.295519802608098292e+00
9.737466479719156798e-01 2.918809205646886173e+00 1.907961310244983721e+00 2.589339000681264213e+00 1.306701430176003154e+00
9.873929062525731437e-01 2.906849894525561862e+00 1.919670837716946021e+00 2.562719613181158262e+00 1.296008687555900041e+00
9.920330743256375872e-01 2.860399013970291282e+00 1.927626723353300653e+00 2.539880322360708931e+00 1.284521401421097941e+00
1.001702161621084608e+00 2.814413072562905960e+00 1.937424274528981361e+00 2.519319882828992441e+00 1.273737871239904118e+00
1.018787716782880715e+00 2.778521985808296790e+00 1.951227817275364984e+00 2.501345869046206261e+00 1.262623861376818146e+00
1.038464283476482786e+00 2.749762488103643321e+00 1.966169695268159989e+00 2.486770406847052861e+00 1.246852310643451922e+00
1.054748096835757654e+00 2.716570419588175245e+00 1.975646680745936079e+00 2.470070866644754393e+00 1.225436729502493272e+00
1.062821653561278890e+00 2.673564891632489893e+00 1.975541972763011689e+00 2.447884761015810540e+00 1.207977880689904637e+00
1.066210544365505219e+00 2.624640876873182371e+00 1.980249190550477545e+00 2.424177268242456496e+00 1.201016554017384719e+00
1.073792263665416469e+00 2.601670354502879867e+00 2.001752056744990238e+00 2.409796598616156249e+00 1.213684714224677608e+00
1.086847632394827068e+00 2.600718956530738701e+00 2.025524727058210406e+00 2.392248830672720317e+00 1.222485364015747589e+00
1.097696890662214653e+00 2.597159207663326086e+00 2.043720230176025776e+00 2.376098038800063872e+00 1.199859714695513446e+00
1.106106067183964869e+00 2.590421551948463907e+00 2.059491604678630239e+00 2.370557906348858435e+00 1.166462280101753901e+00
1.114666248899665035e+00 2.582633453346168118e+00 2.084338382493337249e+00 2.369505761997647841e+00 1.174874926292334143e+00
1.117077116099885803e+00 2.580401373762888806e+00 2.095217489240352560e+00 2.369394687055349280e+00 1.213775717169439883e+00
1.121005821249950296e+00 2.578728977542855461e+00 2.074044404854599399e+00 2.365946584347122350e+00 1.240942671441443101e+00
1.148252737243340427e+00 2.565129953004535057e+00 2.057083708574309888e+00 2.355948063551144500e+00 1.239025401520288172e+00
1.181234176453011875e+00 2.546252460255031380e+00 2.059499775889031881e+00 2.343813940682158314e+00 1.236428444108775171e+00
1.209963740794067988e+00 2.523105606626240505e+00 2.066068091345260704e+00 2.326059184161682669e+00 1.239009538715059922e+00
1.228541045671498022e+00 2.493776352307198518e+00 2.071461394921200849e+00 2.301377674782632887e+00 1.251951246189332734e+00
1.238222599720254058e+00 2.463474020727945746e+00 2.078972682501356140e+00 2.280968309417262141e+00 1.277348786124993918e+00
1.249052046350459966e+00 2.438277500022162592e+00 2.091576824851116179e+00 2.273489964560339249e+00 1.308332344441420547e+00
1.260765421773917705e+00 2.416245962342176590e+00 2.104760085365236399e+00 2.272035041035179059e+00 1.340763196165281501e+00
1.267435518422159735e+00 2.397079052544891287e+00 2.110110856846572069e+00 2.269532800333243561e+00 1.378777359648996503e+00
1.269898266089617200e+00 2.386960492467760986e+00 2.126914086577278429e+00 2.256321574956336118e+00 1.406918326163402844e+00
1.271075208006545054e+00 2.380591281094241562e+00 2.152284645023010867e+00 2.240799507564494419e+00 1.420237346555669022e+00
1.275905253379005622e+00 2.368299966373121901e+00 2.170642207999849305e+00 2.230195265562569862e+00 1.420536711420340215e+00
1.272119048164494837e+00 2.357424676869342317e+00 2.145062590619807974e+00 2.232756482750984706e+00 1.433975027602176322e+00
1.258199714011970727e+00 2.332309923519277017e+00 2.134703370473770345e+00 2.224605785426522431e+00 1.464053652485094670e+00
1.243779211493258208e+00 2.293699430152699836e+00 2.135272614601911645e+00 2.216469464117442723e+00 1.492406207862488010e+00
1.237175683352041977e+00 2.247552029972319065e+00 2.138328642610565211e+00 2.210465684998661917e+00 1.518281286693793808e+00
1.253618232514177810e+00 2.211186360360670733e+00 2.137053198964532275e+00 2.208002815606571190e+00 1.546952926792841243e+00
1.274075965670506960e+00 2.186818195861553349e+00 2.148285141046642810e+00 2.210737645115655958e+00 1.573874908272200557e+00
1.300000000000000044e+00 2.169999999999999929e+00 2.154999999999999805e+00 2.209999999999999964e+00 1.600000000000000089e+00
