8.699999999999999956e-01 2.740000000000000213e+00 1.850000000000000089e+00 2.629999999999999893e+00 1.350000000000000089e+00
8.925774107455983764e-01 2.761686192839718501e+00 1.857777196374135409e+00 2.622037166318015089e+00 1.334724980583294585e+00
9.215162478838092586e-01 2.776531266548227794e+00 1.861113499413710626e+00 2.614436449251813066e+00 1.325862552208938450e+00
9.448241400172747717e-01 2.777074911485464259e+00 1.856813483808975374e+00 2.616942852443830514e+00 1.346471770343345753e+00
9.509380770332864774e-01 2.780377179307627955e+00 1.873982060403847960e+00 2.597839222839380291e+00 1.363528821113861422e+00
9.569288502350749015e-01 2.799395640191946200e+00 1.896937570890899760e+00 2.582809686154960538e+00 1.362230914548267391e+00
9.646383745025614020e-01 2.825177370365504537e+00 1.920203280890400821e+00 2.575800312966249450e+00 1.359260859557141821e+00
9.755336602380624278e-01 2.841680281852404732e+00 1.929839385615769620e+00 2.551838914346255205e+00 1.345704532196737802e+00
9.841027979658499847e-01 2.824997460922042070e+00 1.935311424669624580e+00 2.524602640637441997e+00 1.332254861486575237e+00
9.935819750544447881e-01 2.795086172722768492e+00 1.936463468106376373e+00 2.501225160431844063e+00 1.319536927626434597e+00
1.003924698227458778e+00 2.761970583513416067e+00 1.934239494555316519e+00 2.480540998278390585e+00 1.306483344477097130e+00
1.015419454134198762e+00 2.729377447617284513e+00 1.931563246669948164e+00 2.460607201136244537e+00 1.293017390321063775e+00
1.029276000033677363e+00 2.701022195648029367e+00 1.932861671334081155e+00 2.439588936550094012e+00 1.279534209685614599e+00
1.043230782741673135e+00 2.676313445334224106e+00 1.938702387335605071e+00 2.418344271119812650e+00 1.265475186175497813e+00
1.051541480127020645e+00 2.644448368964992024e+00 1.940847224567369800e+00 2.399711572247318347e+00 1.248499372169553867e+00
1.057580594133994856e+00 2.609267713442812386e+00 1.943709450634921287e+00 2.382172272418389358e+00 1.231780867434658200e+00
1.064420674132338984e+00 2.574058823145138231e+00 1.951295043714809330e+00 2.365284869196553785e+00 1.216801528656886733e+00
1.073259099488867552e+00 2.539405627601086124e+00 1.963349629775295924e+00 2.349661466392244158e+00 1.205220065234380300e+00
1.095545534442163405e+00 2.515133714837534562e+00 1.967867111522371149e+00 2.332124524556402623e+00 1.203306468889395076e+00
1.119992068119855855e+00 2.515536275588576398e+00 1.965504300265894067e+00 2.318823426810164179e+00 1.219665867127883052e+00
1.142761103777072407e+00 2.514927536893676319e+00 1.975251058795977288e+00 2.311094952145796189e+00 1.238056373937397092e+00
1.163391017877238864e+00 2.510551333758909376e+00 1.992651634372442304e+00 2.308245331704468661e+00 1.252558991360869012e+00
1.181910671400664636e+00 2.506609884801524579e+00 2.013255766467370478e+00 2.308245560190026691e+00 1.264729516481484461e+00
1.198073015753917003e+00 2.504002700025636408e+00 2.036002651924328166e+00 2.310642566232605777e+00 1.275182581075959831e+00
1.212420720466447221e+00 2.496898410497566001e+00 2.059239843867735509e+00 2.313335298842919219e+00 1.286008113526998287e+00
1.225256436871445587e+00 2.476618470702297792e+00 2.079157043520331261e+00 2.312467416412779198e+00 1.300352112716123276e+00
1.236198377510289603e+00 2.445514755200954404e+00 2.093188346667633315e+00 2.305308589681985154e+00 1.316516445054264350e+00
1.245228160284979957e+00 2.414472788302954420e+00 2.105750752744962373e+00 2.290737440799986313e+00 1.331406992474388984e+00
1.250618269162187657e+00 2.391646150688881534e+00 2.119381332525839934e+00 2.270267362279249745e+00 1.346215671380677437e+00
1.252002538138083265e+00 2.376721624742645034e+00 2.131570315786138980e+00 2.248835087777063979e+00 1.365132538382286098e+00
1.251113722669088490e+00 2.362232205149697339e+00 2.137661820700876625e+00 2.230009434316954309e+00 1.389177005245279650e+00
1.250016586160873189e+00 2.336968810436157007e+00 2.134394002419157665e+00 2.216420935875695442e+00 1.413504824610590127e+00
1.251244354180009122e+00 2.294903302522482758e+00 2.128704540574437587e+00 2.209119494347765666e+00 1.430528051767208320e+00
1.251286906219411410e+00 2.245564626711052281e+00 2.128775297256843668e+00 2.199958088866298400e+00 1.440027046115234466e+00
1.255214646682217383e+00 2.218143547977238672e+00 2.145155901632357587e+00 2.191742930785929744e+00 1.457071437896710897e+00
1.269046628753927264e+00 2.215903187497603177e+00 2.166882459934312610e+00 2.198109001483010250e+00 1.471293107011832468e+00
1.291628380101634388e+00 2.235290970570908531e+00 2.170569852313894987e+00 2.209775052510181137e+00 1.486616255244585627e+00
1.288730591613344245e+00 2.247812471993145156e+00 2.155100598497615927e+00 2.212517616838666878e+00 1.511115773158111741e+00
1.288399271488670284e+00 2.249156563247353802e+00 2.163278505415888731e+00 2.212389216701531769e+00 1.541098684319241574e+00
1.288198541368766659e+00 2.240781480949366689e+00 2.176434226873328992e+00 2.206267502639100986e+00 1.567687980257316260e+00
1.293102048103492496e+00 2.206244744583421014e+00 2.172977468994778061e+00 2.204576635161252796e+00 1.590844408920612185e+00
1.300000000000000044e+00 2.169999999999999929e+00 2.154999999999999805e+00 2.209999999999999964e+00 1.600000000000000089e+00
