8.699999999999999956e-01 2.740000000000000213e+00 1.850000000000000089e+00 2.629999999999999893e+00 1.350000000000000089e+00
8.887838703468080581e-01 2.738168779940380659e+00 1.859524566967518222e+00 2.614588549351809732e+00 1.336395492170312282e+00
9.089797503427381464e-01 2.740932654050418193e+00 1.870166025843571500e+00 2.600370549511698215e+00 1.326226886459045184e+00
9.303458389932113271e-01 2.753813710108977908e+00 1.882457260790006748e+00 2.590663026675945169e+00 1.323763999196177821e+00
9.469471097636548151e-01 2.785826037380441100e+00 1.893329029706807054e+00 2.594009049812231016e+00 1.322790724151333031e+00
9.570090528475464486e-01 2.816302123301247295e+00 1.898431226842357100e+00 2.605301528724436544e+00 1.304512947309680149e+00
9.672476144411251697e-01 2.793668921410074280e+00 1.894094528734279859e+00 2.588454137026940050e+00 1.290349605153300327e+00
9.699687917385814151e-01 2.780548670187982907e+00 1.898491545495470945e+00 2.565867503364567259e+00 1.271145080815532902e+00
9.784479806649779565e-01 2.774974483546612358e+00 1.906471516344846906e+00 2.543750702026951860e+00 1.254454664367365524e+00
9.906954748079788153e-01 2.772607747088190244e+00 1.917417737132294242e+00 2.523224239260935420e+00 1.242280176995589125e+00
1.003889330714205386e+00 2.771568335232864833e+00 1.929461533840095777e+00 2.503743481796920634e+00 1.231704774979034633e+00
1.017110165725219506e+00 2.770505166041602685e+00 1.941673239055663247e+00 2.484414031522552690e+00 1.221292830501014670e+00
1.030171506591993191e+00 2.768625454808915975e+00 1.953843162183139581e+00 2.465106916256273539e+00 1.210524781838436592e+00
1.042131483345672516e+00 2.763231030086547690e+00 1.966456056433039334e+00 2.446078953948862100e+00 1.199304952522853851e+00
1.051128112343967747e+00 2.746924264017447381e+00 1.980376644511213424e+00 2.428512568073295075e+00 1.190494794897242636e+00
1.058611770002438446e+00 2.717756501301045624e+00 1.993133150127021302e+00 2.413448143721325767e+00 1.186964998121945225e+00
1.069099591986325981e+00 2.683788520959604629e+00 2.002353678255682556e+00 2.398635432407128398e+00 1.187248899802496815e+00
1.080791578976370015e+00 2.650815268893591536e+00 2.008417137289714383e+00 2.381028173908242174e+00 1.188749834984882403e+00
1.087890609466891201e+00 2.627767541001419627e+00 2.001079333786403236e+00 2.358343638743458648e+00 1.183424509825201421e+00
1.102545078236034426e+00 2.629080749945021722e+00 2.008460013189793614e+00 2.342229849016938648e+00 1.164323012087246756e+00
1.117160542741011620e+00 2.629915120337853018e+00 2.025297915822291461e+00 2.336818061087206466e+00 1.152425197692657388e+00
1.135931021784009509e+00 2.619985105309168283e+00 2.041014580974981563e+00 2.333806874513043805e+00 1.151143599827677111e+00
1.155250438588578454e+00 2.597860340872641061e+00 2.050938901863105013e+00 2.331025243830599614e+00 1.164633938778515176e+00
1.172148334846450757e+00 2.572239182068899233e+00 2.056578864562993214e+00 2.328523180816002291e+00 1.184339143869067135e+00
1.188539683983786066e+00 2.546559924592944224e+00 2.061525464353638259e+00 2.326042958099998170e+00 1.204966284969620993e+00
1.205179263875462592e+00 2.522873422907947027e+00 2.066701659098419075e+00 2.323235348653229337e+00 1.226173435715113502e+00
1.222677227281933066e+00 2.507816508649100218e+00 2.072529171444723595e+00 2.318613055519173294e+00 1.249054838857266869e+00
1.239601124975059587e+00 2.507191514500453966e+00 2.077366954820393019e+00 2.309039080329620575e+00 1.273277380689571858e+00
1.250737804014355081e+00 2.482084060592166352e+00 2.081054072823018686e+00 2.296031541710748858e+00 1.293191711721633830e+00
1.254518371977783264e+00 2.442233914810644002e+00 2.084448401814648300e+00 2.286918262178968764e+00 1.308935908137134119e+00
1.257160562463981002e+00 2.408831360893290974e+00 2.086208805382911091e+00 2.277010375534991304e+00 1.330881523411660439e+00
1.260078216498694781e+00 2.379908294059959850e+00 2.090494691031635988e+00 2.267789468440366552e+00 1.355009260156379902e+00
1.262454080864372274e+00 2.355395553500424732e+00 2.099223629306706584e+00 2.257876655598457738e+00 1.378303605651094443e+00
1.263061972929567123e+00 2.336142287221258051e+00 2.111117749602207549e+00 2.246741951586756159e+00 1.400068940084320035e+00
1.261537025497859954e+00 2.320963204965694082e+00 2.123615849961834279e+00 2.234764924187268242e+00 1.421910104205487357e+00
1.258606841574051227e+00 2.306152142753886469e+00 2.133583361089887553e+00 2.222452480966891741e+00 1.446152546490099500e+00
1.256138735375658344e+00 2.284606536808392541e+00 2.136038440603277078e+00 2.212376018273948475e+00 1.473449479011035290e+00
1.257175008623609536e+00 2.254784105630099678e+00 2.130840993278715345e+00 2.209488456972215520e+00 1.498690894487812120e+00
1.264579415557516073e+00 2.224882357862625337e+00 2.130829618059593145e+00 2.210484048672057611e+00 1.523938727877763188e+00
1.275872142978533130e+00 2.203775719290906654e+00 2.137915040425057089e+00 2.209975476230602975e+00 1.549323951803913912e+00
1.287936071489266698e+00 2.186887859645453069e+00 2.146457520212528447e+00 2.209987738115301692e+00 1.574661975901957334e+00
1.300000000000000044e+00 2.169999999999999929e+00 2.154999999999999805e+00 2.209999999999999964e+00 1.600000000000000089e+00
