8.699999999999999956e-01 2.740000000000000213e+00 1.850000000000000089e+00 2.629999999999999893e+00 1.350000000000000089e+00
8.958878837282873153e-01 2.751595806413122070e+00 1.867441528824261843e+00 2.621285284495886270e+00 1.352671199770131061e+00
9.264808663452938076e-01 2.766843310195813643e+00 1.879373287118474289e+00 2.611200878124703806e+00 1.352605731106319986e+00
9.539158352103940253e-01 2.795114429625269903e+00 1.892637862487382527e+00 2.610130360766294899e+00 1.350128727588113087e+00
9.690706506007894516e-01 2.832566757965397475e+00 1.906945314776926859e+00 2.607435090823678525e+00 1.334023706557467159e+00
9.695971604703893520e-01 2.860398749362623505e+00 1.908637057322829067e+00 2.588936905972406333e+00 1.306423072154035303e+00
9.656510024673183867e-01 2.849061434156063388e+00 1.894716636161091872e+00 2.561417543411733444e+00 1.310449875721020341e+00
9.751008766242248438e-01 2.861123712808050001e+00 1.916328755043327003e+00 2.569873540023615899e+00 1.296473834322290353e+00
9.887441890407360212e-01 2.875644592066189276e+00 1.937691292798928711e+00 2.573126363984208353e+00 1.302839372517320848e+00
1.005513787725789365e+00 2.849863501920925746e+00 1.950112692887005839e+00 2.549911953053141112e+00 1.300433116572400349e+00
1.016479911568094252e+00 2.816004727798981033e+00 1.954510774569402365e+00 2.521456101661547322e+00 1.287980425901112280e+00
1.025177241895594671e+00 2.783353775413276665e+00 1.957137428670127077e+00 2.493427996661032875e+00 1.270687837904931339e+00
1.033217679809021572e+00 2.751557383052745998e+00 1.959385768331999511e+00 2.465770910932225668e+00 1.251758000919332314e+00
1.041528908509183227e+00 2.720803489868496072e+00 1.962280714646708724e+00 2.438249864014748525e+00 1.232583134983691764e+00
1.053587774754981776e+00 2.710627069665346944e+00 1.976125461806103489e+00 2.415639514242320818e+00 1.211694161044137630e+00
1.059807991940195260e+00 2.689467508329763223e+00 1.977363113045384146e+00 2.399332464508667773e+00 1.178772101658521310e+00
1.068550301776357125e+00 2.656568160839768211e+00 1.970250989477999815e+00 2.389459698891848394e+00 1.199880672753446342e+00
1.077199974308647112e+00 2.621585389430528323e+00 1.967423271765460946e+00 2.377551156515530728e+00 1.229654744317122406e+00
1.087921051285561491e+00 2.578278343217538904e+00 1.974383779112801385e+00 2.360257005834363930e+00 1.245417942700352665e+00
1.100477653836073211e+00 2.544369271027555168e+00 1.989899253844758631e+00 2.342177200435293205e+00 1.242355568908984687e+00
1.113334937924030044e+00 2.538493447518196167e+00 2.012326549869653647e+00 2.330700702395251067e+00 1.242727139156448057e+00
1.120816153159703177e+00 2.550992877107565171e+00 2.036568832503933724e+00 2.324816885037945813e+00 1.251359202518183444e+00
1.128027123397989717e+00 2.548659866018559317e+00 2.061481653909021272e+00 2.323043568206146769e+00 1.260568584975423123e+00
1.159756667729881618e+00 2.525386316693116751e+00 2.059674330855592927e+00 2.333931629521113660e+00 1.261136273938113561e+00
1.195493899381598668e+00 2.527017206910425973e+00 2.059297345252171230e+00 2.334090602141320581e+00 1.249873760068203721e+00
1.229591936012391251e+00 2.531998844723312381e+00 2.065894445697058046e+00 2.327348876309650816e+00 1.239439789719440244e+00
1.236292736512748514e+00 2.487431606637117376e+00 2.056336166484125538e+00 2.311286725813334719e+00 1.254227746909737595e+00
1.241744833655811453e+00 2.443234837266667014e+00 2.055448155242545205e+00 2.296482843947965424e+00 1.275427238267683894e+00
1.254619668807316568e+00 2.412883262962266961e+00 2.070582176124534879e+00 2.287477562661500485e+00 1.296127319547241363e+00
1.262643134146889112e+00 2.396637866434546904e+00 2.088925578726016141e+00 2.283288032458014261e+00 1.320687165644782057e+00
1.261104241007966253e+00 2.391889193595473806e+00 2.105646448287557870e+00 2.276595286564860654e+00 1.350764137101930551e+00
1.258739044435264853e+00 2.379256175727944900e+00 2.120530996160340464e+00 2.269487743971768889e+00 1.380700625203143295e+00
1.258849526386142337e+00 2.345261508462636701e+00 2.117572881941162777e+00 2.272819648329504449e+00 1.414186626731114949e+00
1.253501470908734650e+00 2.317142834289461106e+00 2.123959525510984214e+00 2.247453529733141053e+00 1.437091568588641399e+00
1.247934441764235736e+00 2.290135555853737959e+00 2.130731129023741399e+00 2.220918023087118165e+00 1.458792115115459254e+00
1.250804570592621623e+00 2.258448745994785956e+00 2.136445696015334850e+00 2.189645802044949185e+00 1.469235843431407451e+00
1.254441093252197215e+00 2.231624084917399831e+00 2.118667664242182003e+00 2.194668835945044361e+00 1.467082193597870177e+00
1.243350341709692053e+00 2.197576489906052810e+00 2.110311190082257760e+00 2.195593471182134770e+00 1.495748122745074182e+00
1.242753015090019453e+00 2.176865693376018651e+00 2.124817875892517360e+00 2.195914244633887069e+00 1.525264959105353535e+00
1.257851775474237543e+00 2.185296970082163615e+00 2.144605889426923984e+00 2.199034424453596426e+00 1.543276772496466442e+00
1.279825582166280729e+00 2.195957682638445263e+00 2.149893694742865513e+00 2.209339623877032643e+00 1.571303195326298585e+00
1.300000000000000044e+00 2.169999999999999929e+00 2.154999999999999805e+00 2.209999999999999964e+00 1.600000000000000089e+00
