8.699999999999999956e-01 2.740000000000000213e+00 1.850000000000000089e+00 2.629999999999999893e+00 1.350000000000000089e+00
8.961131497033872906e-01 2.771262775031634984e+00 1.874905892019573361e+00 2.624389845450587178e+00 1.330422040051352228e+00
9.222262994067745856e-01 2.802525550063269755e+00 1.899811784039146856e+00 2.618779690901174462e+00 1.310844080102704368e+00
9.433442740084869715e-01 2.818115864878396160e+00 1.924982700961571203e+00 2.605004904649480757e+00 1.284623915445656461e+00
9.682213977808930006e-01 2.803321569478085529e+00 1.923844393938853869e+00 2.569107507925561418e+00 1.262557642167900118e+00
9.672028128892541377e-01 2.826320623621021433e+00 1.896645001003808506e+00 2.545260381675701122e+00 1.240953944667855469e+00
9.871688786431892515e-01 2.803215810275831998e+00 1.928484509583871853e+00 2.527729852953554790e+00 1.232399611844701148e+00
1.010396574765205502e+00 2.773573311470625136e+00 1.954156453042414698e+00 2.501864803853096397e+00 1.227286876352189804e+00
1.037180165426456302e+00 2.744818918609824632e+00 1.974854766385678584e+00 2.471642534394378643e+00 1.221961304897038358e+00
1.063162564271124655e+00 2.706688887102199459e+00 1.989417220067029479e+00 2.441121718675016261e+00 1.213211431019992181e+00
1.080541734678886145e+00 2.649339150655177555e+00 1.990562097036485678e+00 2.416980258609616072e+00 1.200738868461354913e+00
1.109072905276386356e+00 2.615325762193286163e+00 2.005512116559235558e+00 2.391210264282126907e+00 1.216886594188435478e+00
1.147157655370275808e+00 2.592296675164126984e+00 2.019179038284729000e+00 2.363811839724537123e+00 1.221811143581347237e+00
1.182486885378367658e+00 2.565850760654955653e+00 2.037728485120163135e+00 2.339395803983232103e+00 1.217065046189872435e+00
1.216704136514130230e+00 2.537422823380878434e+00 2.057925129221812810e+00 2.316366093290975758e+00 1.214756489966775987e+00
1.247711800172656593e+00 2.501871815598321724e+00 2.079836501011075978e+00 2.297810993043987171e+00 1.219767973063446975e+00
1.273293627213837986e+00 2.455103221873450980e+00 2.095419430220952783e+00 2.290288145211440973e+00 1.239297430040616321e+00
1.293941011395810081e+00 2.415024205641387756e+00 2.094381650039646825e+00 2.297845613860488356e+00 1.271885193136658598e+00
1.317679915352897080e+00 2.394810674655056815e+00 2.097382704749866988e+00 2.307987928041848047e+00 1.308919904129260736e+00
1.336988569980353869e+00 2.395515624922628817e+00 2.113024120466847844e+00 2.317091034170559727e+00 1.346012565568996067e+00
1.350712291106511698e+00 2.399669935722404279e+00 2.126078538513065830e+00 2.326735517708311995e+00 1.385987124658125680e+00
1.346237166898601734e+00 2.347428328173581491e+00 2.118802251393806291e+00 2.326572863955699066e+00 1.413589145239053435e+00
1.324979605314146491e+00 2.310183875290541700e+00 2.099267308636704854e+00 2.304967576704347376e+00 1.431314845256576929e+00
1.299914579354023658e+00 2.300033934926945633e+00 2.104893643560733718e+00 2.263919322387530464e+00 1.446306041402500409e+00
1.276077148761424640e+00 2.296337126873895240e+00 2.106506796855765362e+00 2.218608625266294876e+00 1.458663081479125490e+00
1.254704749355927573e+00 2.296870862501122712e+00 2.119067042310451843e+00 2.175910632824475499e+00 1.472593201538920038e+00
1.257999030038600807e+00 2.305692118998852624e+00 2.154438494408964289e+00 2.160864754965402756e+00 1.480613705560782423e+00
1.260657813496547153e+00 2.256416534718014510e+00 2.176368137168922967e+00 2.155383985229278654e+00 1.467937130608249596e+00
1.274052982899686715e+00 2.237643906081113521e+00 2.202605732677938022e+00 2.169021063830188112e+00 1.494607711316026766e+00
1.286129932653002683e+00 2.209988009197803915e+00 2.198070720594952565e+00 2.186130120163153556e+00 1.531750158809312534e+00
1.293288443062856397e+00 2.189621075797530736e+00 2.177090437558556246e+00 2.198310423364736366e+00 1.566130455983844705e+00
1.300000000000000044e+00 2.169999999999999929e+00 2.154999999999999805e+00 2.209999999999999964e+00 1.600000000000000089e+00
