8.699999999999999956e-01 2.740000000000000213e+00 1.850000000000000089e+00 2.629999999999999893e+00 1.350000000000000089e+00
8.918991476387788664e-01 2.780180661178536017e+00 1.868250803387651926e+00 2.625685369088832655e+00 1.356955576715064060e+00
9.139014224167246736e-01 2.817391039803576636e+00 1.887319961295737203e+00 2.621146525934353377e+00 1.364779882711173009e+00
9.368940725336807329e-01 2.828928893426869706e+00 1.898875602798374862e+00 2.604105174437352677e+00 1.386492449128453153e+00
9.292337543627952057e-01 2.816997765648860508e+00 1.873271388459504472e+00 2.589942211889729506e+00 1.396389431391543923e+00
9.563229885352630966e-01 2.828446399362455566e+00 1.879776464964808325e+00 2.563701643326936619e+00 1.387729526730921314e+00
9.859775540047980291e-01 2.841760515107600416e+00 1.889654442124158562e+00 2.536723787151886622e+00 1.380335169995279276e+00
1.012059389821733379e+00 2.843717594045548136e+00 1.893023646325894926e+00 2.501482263927975680e+00 1.383432654678279139e+00
1.027400013726325056e+00 2.857477341962502138e+00 1.913558134299909952e+00 2.482651335979038976e+00 1.375441347077475784e+00
1.037650755816708292e+00 2.874402638218568562e+00 1.935736540367966496e+00 2.471355719740394807e+00 1.356920569995510251e+00
1.048830004274662331e+00 2.845467865723627199e+00 1.930541033801500106e+00 2.434350516038046308e+00 1.345202388333339938e+00
1.060111449727515254e+00 2.812373808953791077e+00 1.933860028862596225e+00 2.397799988792043813e+00 1.334906057013895531e+00
1.068399185340537016e+00 2.771772321792752347e+00 1.956249907399450150e+00 2.394207446397532468e+00 1.328579039423614105e+00
1.065464688235060020e+00 2.735962016660510532e+00 1.964557042330707715e+00 2.416764788767927552e+00 1.305463390603496920e+00
1.061104351345036223e+00 2.706746437760041424e+00 1.960663964849217233e+00 2.430519804608987311e+00 1.274812904291644289e+00
1.066468438530129959e+00 2.661787358020878180e+00 1.961171911682252134e+00 2.428189122988496429e+00 1.248805199284517942e+00
1.088392546235113834e+00 2.618519540246786459e+00 1.972258077187187153e+00 2.408145913042793573e+00 1.242736780665534502e+00
1.117636413938762230e+00 2.593215255784038664e+00 1.987691276654652839e+00 2.390616016143829015e+00 1.243363432900365328e+00
1.149369424015416419e+00 2.572624709525218378e+00 2.002700472157375788e+00 2.374705433120997355e+00 1.242788159392246294e+00
1.182258387571626823e+00 2.548748347939148395e+00 2.012946266446943522e+00 2.355549477980576345e+00 1.239628068343026301e+00
1.206614894659336690e+00 2.512440521035860463e+00 2.009722125604250120e+00 2.327616671607572574e+00 1.242429449623700277e+00
1.218831699653740497e+00 2.488591798711738967e+00 2.026397327135925686e+00 2.308440409640196922e+00 1.260593057462113142e+00
1.231734053460256773e+00 2.467241890808396843e+00 2.047909407701901330e+00 2.296811854458579827e+00 1.278489441354709433e+00
1.244742235938689490e+00 2.446994330206963664e+00 2.070427265759314128e+00 2.286004650736336963e+00 1.295358720162139043e+00
1.256580945259390125e+00 2.430892453772431239e+00 2.094155458767799960e+00 2.273361039510467752e+00 1.310722796589623096e+00
1.256699955433470794e+00 2.434442393455266807e+00 2.105791412168876331e+00 2.258839347034615308e+00 1.338263341305548249e+00
1.249199506944426830e+00 2.424200625885462479e+00 2.088225739364665490e+00 2.268354465622984595e+00 1.363463728391301810e+00
1.243784085183247567e+00 2.395714967587823097e+00 2.064708783037289219e+00 2.275769049209367623e+00 1.378769104282022928e+00
1.247493857196747102e+00 2.373620322453335429e+00 2.071264644187772674e+00 2.281337255132646291e+00 1.407950179721429329e+00
1.244345293317224543e+00 2.345211582260031236e+00 2.069416923426441013e+00 2.270139116497066123e+00 1.437598311643981441e+00
1.249084970442651876e+00 2.321609400209481144e+00 2.066721485314201523e+00 2.236420314608152271e+00 1.457060967820704933e+00
1.253611119266465623e+00 2.307878643622856885e+00 2.076419286264922448e+00 2.198986785480285810e+00 1.473235141001686177e+00
1.258030733496521503e+00 2.296304627651770236e+00 2.091370472210221099e+00 2.169122572578632724e+00 1.488648649511170818e+00
1.273459695801672398e+00 2.283427940862315708e+00 2.116521343121917198e+00 2.165189419641715407e+00 1.479309136630140742e+00
1.289395101268580479e+00 2.274514780499146127e+00 2.134696980545227607e+00 2.180629164261771891e+00 1.457150174358248895e+00
1.305027370385990260e+00 2.260507584449455987e+00 2.148487385090954493e+00 2.198656333796479956e+00 1.438846828677164957e+00
1.301619679629503867e+00 2.234077436655806270e+00 2.130130908112270571e+00 2.200149875537773969e+00 1.463786885430475637e+00
1.288288609578130295e+00 2.220135476451509327e+00 2.110325253389960132e+00 2.194797294307332614e+00 1.486929296819188950e+00
1.274557131915196706e+00 2.216290060078202728e+00 2.105444318167029039e+00 2.201888760053356542e+00 1.519071129056473790e+00
1.278804158632488086e+00 2.206405181004456040e+00 2.119116912300168298e+00 2.212837462402545974e+00 1.549304668308007171e+00
1.292216183706579535e+00 2.180526162276375413e+00 2.133893455759969360e+00 2.212332494487367462e+00 1.575509904938926953e+00
1.300000000000000044e+00 2.169999999999999929e+00 2.154999999999999805e+00 2.209999999999999964e+00 1.600000000000000089e+00
