8.699999999999999956e-01 2.740000000000000213e+00 1.850000000000000089e+00 2.629999999999999893e+00 1.350000000000000089e+00
9.041202795765050926e-01 2.737320844511116125e+00 1.871235357398306043e+00 2.605942261510858948e+00 1.322429653272625627e+00
9.350870081181912319e-01 2.737015973028930294e+00 1.899533684004459655e+00 2.591903347674070712e+00 1.295567182476537571e+00
9.517546444388346183e-01 2.789992766091874188e+00 1.923712214392302666e+00 2.577628477540700569e+00 1.277143033259255267e+00
9.734948203629064656e-01 2.727815322189057756e+00 1.915198040893348219e+00 2.558086534230168407e+00 1.268910852342995277e+00
9.945837292784128758e-01 2.678186293954010644e+00 1.925033729452751530e+00 2.520591835631975641e+00 1.256423708763760638e+00
1.015581763877734911e+00 2.642526130633780834e+00 1.940247867345062271e+00 2.479368730484800665e+00 1.242014053556963926e+00
1.045762890423592939e+00 2.625071158561564033e+00 1.949950580526090604e+00 2.440011523458697873e+00 1.222925747522022544e+00
1.083485361924650725e+00 2.646453912373201600e+00 1.978952062244671017e+00 2.432555464075841112e+00 1.212681655809846326e+00
1.133771987249724500e+00 2.639300724916403329e+00 1.991487697819482205e+00 2.412358512322454906e+00 1.204105363304224907e+00
1.178532629249135155e+00 2.610743549577762668e+00 1.989634505472819725e+00 2.381432914110904964e+00 1.196500388986556418e+00
1.218220615446042210e+00 2.578005697378835226e+00 2.002414936972078507e+00 2.352124912749633090e+00 1.200337870744946800e+00
1.237722879785886132e+00 2.536917268631806444e+00 2.030330175293393324e+00 2.334433994626789577e+00 1.221033067549383455e+00
1.256083579802260264e+00 2.493048875775326856e+00 2.057449900236348217e+00 2.322354680512752179e+00 1.241232266040091625e+00
1.272499520008828267e+00 2.420862401052789270e+00 2.055593625703906913e+00 2.307012854956613790e+00 1.255378959056335564e+00
1.289093813154637225e+00 2.364000713263236353e+00 2.055412119315592978e+00 2.302496524849385384e+00 1.289687039761802767e+00
1.305916566703975823e+00 2.332632349684732986e+00 2.072107395579086297e+00 2.302907543954314296e+00 1.331570440558273560e+00
1.320803055686285976e+00 2.314913663565527635e+00 2.095255384856601122e+00 2.304498417231788387e+00 1.372684202713688517e+00
1.316479908633010787e+00 2.286760062759157552e+00 2.101819292151085428e+00 2.279702251514555300e+00 1.415978008265575516e+00
1.294370999258306343e+00 2.277762728073615683e+00 2.107608360269151326e+00 2.243064608853198916e+00 1.451327019436303045e+00
1.275000237965171923e+00 2.278300800548503258e+00 2.121834360297915723e+00 2.209801751469648856e+00 1.487635240844826345e+00
1.261404483698190582e+00 2.305122100015066344e+00 2.148758532808957789e+00 2.172991619918703599e+00 1.500829588145573545e+00
1.279304555818309375e+00 2.271826112985140700e+00 2.176899032327279215e+00 2.180515633929697827e+00 1.528730480854927132e+00
1.291177969202045528e+00 2.220497119200531166e+00 2.170164653275131972e+00 2.195769339968718814e+00 1.565437622803495188e+00
1.300000000000000044e+00 2.169999999999999929e+00 2.154999999999999805e+00 2.209999999999999964e+00 1.600000000000000089e+00
