8.699999999999999956e-01 2.740000000000000213e+00 1.850000000000000089e+00 2.629999999999999893e+00 1.350000000000000089e+00
8.844762427487001810e-01 2.757337196375090116e+00 1.857953302513661420e+00 2.619262689276396827e+00 1.329025294690560743e+00
9.011023231651504872e-01 2.761470793283399949e+00 1.865843695607847685e+00 2.605021067418778813e+00 1.309156890753155444e+00
9.211281209726344121e-01 2.755337730965337961e+00 1.865838877904782978e+00 2.595704842180278415e+00 1.287953734409627238e+00
9.391383520812258690e-01 2.770820237967663413e+00 1.878367115305455082e+00 2.591573363756697557e+00 1.271256942870790496e+00
9.542282710528441347e-01 2.789705267730644422e+00 1.896583480497874952e+00 2.580064639832681195e+00 1.271140264649232909e+00
9.675463571472016078e-01 2.812045839340286957e+00 1.914362962988714445e+00 2.566847404162950763e+00 1.269691329169056804e+00
9.783541963463453506e-01 2.816245366103037107e+00 1.917400243024353079e+00 2.550035314065807857e+00 1.247787283797661129e+00
9.925507474650376860e-01 2.808465631413452179e+00 1.917634014731019132e+00 2.529312143270431523e+00 1.229497063263264911e+00
1.010724008648591354e+00 2.803348627171843965e+00 1.924755661807763474e+00 2.508745800742103516e+00 1.217064916589791101e+00
1.030150941859750313e+00 2.798093192038149102e+00 1.937027639137502755e+00 2.491968132761820165e+00 1.207065071388810251e+00
1.049130208859745172e+00 2.788858653658015552e+00 1.953425758974804971e+00 2.480838368243752701e+00 1.198401978833700365e+00
1.064468018792133819e+00 2.763853786855565708e+00 1.968966981926695503e+00 2.470179114410392174e+00 1.191477747174238155e+00
1.065639799108164532e+00 2.725096558538293134e+00 1.970186337156238032e+00 2.450974756274258759e+00 1.191445704751621593e+00
1.058966915262070430e+00 2.696233066682554913e+00 1.964009324606532880e+00 2.426758070309936510e+00 1.195234608672299581e+00
1.060085702264481622e+00 2.668455171870042442e+00 1.962844820416988156e+00 2.399881079441796405e+00 1.197564492547384507e+00
1.071373471621625439e+00 2.642046770527956223e+00 1.968036425587044169e+00 2.376072378040512856e+00 1.200079920416760926e+00
1.086945147709359683e+00 2.622631041905478355e+00 1.982522735370015887e+00 2.359567521954451408e+00 1.203641146096563475e+00
1.098539237702038207e+00 2.611635259213373583e+00 2.005001719553004325e+00 2.352829561222523846e+00 1.205504879823769748e+00
1.109460594801569888e+00 2.572925793562043761e+00 2.011498448597730970e+00 2.354530766396650598e+00 1.200045584002013443e+00
1.129736741280463752e+00 2.550366119620518290e+00 1.998538125746553318e+00 2.350349370987545150e+00 1.199080593106447434e+00
1.157270652705524761e+00 2.538390554254048581e+00 2.006370321011602176e+00 2.343568167917962519e+00 1.200652578064161924e+00
1.180451018959357334e+00 2.528535497469957427e+00 2.021646274568889012e+00 2.337362986846905244e+00 1.205863299869412097e+00
1.202543304223970821e+00 2.518407410014624759e+00 2.037143824306561157e+00 2.330478042291804996e+00 1.213227721654195124e+00
1.223944804465693537e+00 2.507893384200091003e+00 2.050569758589279257e+00 2.320990686791533530e+00 1.224158409533997682e+00
1.240703796864268238e+00 2.498081568562250609e+00 2.061691040818379062e+00 2.307270240535361339e+00 1.240862476711324769e+00
1.247385395549397868e+00 2.485156495654576858e+00 2.069107204341616768e+00 2.291828765767430998e+00 1.263570827918234718e+00
1.245817537756236604e+00 2.461261261069266570e+00 2.068438096470600396e+00 2.283434596408896233e+00 1.289433074681491709e+00
1.245286379557954071e+00 2.434639740976569655e+00 2.064981603106471830e+00 2.279767787758313791e+00 1.315025065797540638e+00
1.252638733649551916e+00 2.408009387177675542e+00 2.068245086606035343e+00 2.275217192176037351e+00 1.338614801003476185e+00
1.267306022630858564e+00 2.392826526646094631e+00 2.082497846617050286e+00 2.265919167246380539e+00 1.355330203505958675e+00
1.273800665121518128e+00 2.382275512456311084e+00 2.094984348611725444e+00 2.250302340273543145e+00 1.375686734083156226e+00
1.272145646323765922e+00 2.368276352417466590e+00 2.103559572340367279e+00 2.235299836018073361e+00 1.399453741734181911e+00
1.268760634935923948e+00 2.353151084880061195e+00 2.113601204954023594e+00 2.222127237048881376e+00 1.422984759014083611e+00
1.264865348323687799e+00 2.335685378796803491e+00 2.126392099339084574e+00 2.210873030443420095e+00 1.444702443626346478e+00
1.262398932532069695e+00 2.311821692972634956e+00 2.145123194269492384e+00 2.202617907743927628e+00 1.457997883348208568e+00
1.265795681352103630e+00 2.272901405862713720e+00 2.149508398595458836e+00 2.193606356420814585e+00 1.473364725338144554e+00
1.268500288520578057e+00 2.245236237540373825e+00 2.138665603238131041e+00 2.196763022437071111e+00 1.495262246138316042e+00
1.273889337249843434e+00 2.225136684770149031e+00 2.136597534710094948e+00 2.201149335193570700e+00 1.522523165732914352e+00
1.281965682850489507e+00 2.205504533733620320e+00 2.139983956350147487e+00 2.205581636408673329e+00 1.549112143284913756e+00
1.291345773369930505e+00 2.182192521139046715e+00 2.145184665651697298e+00 2.209069852481075902e+00 1.573882648878633050e+00
1.300000000000000044e+00 2.169999999999999929e+00 2.154999999999999805e+00 2.209999999999999964e+00 1.600000000000000089e+00
