8.699999999999999956e-01 2.740000000000000213e+00 1.850000000000000089e+00 2.629999999999999893e+00 1.350000000000000089e+00
9.165584853332827686e-01 2.799036060007542570e+00 1.882370500750209841e+00 2.605257651417282716e+00 1.358952898935741338e+00
9.561101301190537693e-01 2.819177256191442993e+00 1.920239728465735540e+00 2.584831468759927198e+00 1.339960566468009651e+00
9.600815520280703286e-01 2.806762324582314783e+00 1.924412434863314481e+00 2.566528092584795750e+00 1.297330146677452500e+00
9.756878686923956545e-01 2.785199955354304979e+00 1.928189712362827990e+00 2.542683126943213967e+00 1.283621138403130191e+00
9.958967122351677359e-01 2.761874839805286364e+00 1.934457726676742428e+00 2.512601903088397926e+00 1.271764417926148472e+00
1.027259809313377126e+00 2.723378731600006653e+00 1.948090696643210995e+00 2.458781560082566653e+00 1.249256800071025575e+00
1.033681486976240516e+00 2.712557333024375072e+00 1.955016656549246834e+00 2.446927633643497302e+00 1.242518626836199847e+00
1.043760315233734026e+00 2.695873741959811110e+00 1.967419280666407921e+00 2.432513066288958470e+00 1.233528212137981583e+00
1.073043212406212588e+00 2.648470654854172324e+00 2.004597433799313766e+00 2.401896373910570315e+00 1.210986299524249965e+00
1.086379829384796158e+00 2.630459655919851869e+00 2.015252048642631966e+00 2.393108779198618308e+00 1.204806028592476430e+00
1.103318409947249723e+00 2.609174302080773611e+00 2.025070309676157088e+00 2.381069675930906460e+00 1.199792579881347576e+00
1.154308424733162752e+00 2.546727828567406871e+00 2.048659076882093366e+00 2.344992079556692310e+00 1.193389048840628464e+00
1.176669994641037942e+00 2.519677087600716181e+00 2.054182507594439322e+00 2.329682478646446953e+00 1.201315566359099973e+00
1.189694947591467100e+00 2.502936550129370108e+00 2.057308499013052572e+00 2.320330436541080843e+00 1.207681020570892994e+00
1.205088376875722345e+00 2.480512128440569786e+00 2.060069946586572165e+00 2.309001017657992705e+00 1.216065630423214028e+00
1.255745345972234972e+00 2.374768655353779678e+00 2.058146754900628483e+00 2.266748458814196177e+00 1.258228347909082334e+00
1.254828813152069067e+00 2.368609668477104968e+00 2.055712649389046742e+00 2.266095639045459187e+00 1.263026780751975719e+00
1.251216297244683640e+00 2.341542464669339907e+00 2.047339155915794073e+00 2.265563257841468836e+00 1.291244613064452151e+00
1.250868990090606481e+00 2.334815200696891857e+00 2.048249970414538268e+00 2.267721615869955798e+00 1.306071105589856396e+00
1.251024806566221503e+00 2.330522299699942401e+00 2.050671607953959974e+00 2.269358028397070015e+00 1.319292508977820910e+00
1.252467911502119335e+00 2.323236883292120858e+00 2.060594314302227392e+00 2.272465107581892241e+00 1.353005333215118178e+00
1.252846525731865057e+00 2.323242418536461962e+00 2.062472722716391704e+00 2.272551503182429489e+00 1.356614528668396602e+00
1.259754346605906683e+00 2.327626314368394844e+00 2.098199644947202902e+00 2.268672392195766996e+00 1.411828574065562503e+00
1.261649902949505186e+00 2.342706416101907330e+00 2.128828430842501618e+00 2.242605387354315916e+00 1.424215055037363564e+00
1.259383162095956799e+00 2.346454787249684593e+00 2.134561880309655546e+00 2.232937704749824004e+00 1.435949599485204509e+00
1.263721349732434884e+00 2.340718943730390578e+00 2.141033945286457296e+00 2.217312252220266178e+00 1.456757795869336292e+00
1.267468806007171711e+00 2.309082300306537938e+00 2.122248232302247128e+00 2.204461386219599639e+00 1.468349320385213819e+00
1.264610376778867229e+00 2.278123293856549658e+00 2.102312601634446665e+00 2.190673467910545735e+00 1.481785383527478128e+00
1.257600280747064092e+00 2.261948358425371897e+00 2.090774830938754825e+00 2.173761148518761122e+00 1.502907762443081552e+00
1.246995487848440165e+00 2.257639799385045887e+00 2.093161412806210375e+00 2.148327968882262518e+00 1.537889894021625015e+00
1.242993107508332917e+00 2.222895231228738222e+00 2.110772375813075641e+00 2.124595344675949349e+00 1.561694305470882060e+00
1.256836944886154495e+00 2.202468630010631312e+00 2.105298595048588517e+00 2.131001845002637118e+00 1.578113687311905711e+00
1.264764647652979690e+00 2.194592757632831681e+00 2.110408118173543013e+00 2.141698618472338556e+00 1.583111373754625184e+00
1.277183583699997627e+00 2.184785691592512791e+00 2.123730735965930094e+00 2.163500729773108588e+00 1.589646374727896605e+00
1.300000000000000044e+00 2.169999999999999929e+00 2.154999999999999805e+00 2.209999999999999964e+00 1.600000000000000089e+00
