8.699999999999999956e-01 2.740000000000000213e+00 1.850000000000000089e+00 2.629999999999999893e+00 1.350000000000000089e+00
8.989902760515777747e-01 2.759365989962969223e+00 1.875555367692285147e+00 2.615920030234576643e+00 1.346798057874327270e+00
9.283687807224494382e-01 2.772336753623072081e+00 1.894090140018442892e+00 2.598327350456616447e+00 1.327384164459106008e+00
9.497625941122490589e-01 2.781451680349236177e+00 1.902025239368217102e+00 2.582395782973829768e+00 1.294010169842088942e+00
9.628515959849103245e-01 2.794712150727331146e+00 1.916599678414772079e+00 2.570519524716440074e+00 1.259358045419773253e+00
9.792264594671166167e-01 2.813768716847224738e+00 1.935180924480656817e+00 2.568285338544275209e+00 1.240800023934230722e+00
9.908593846104132297e-01 2.762518632110081640e+00 1.947650902707656506e+00 2.542568988732359259e+00 1.243673259217423777e+00
1.000416591025646174e+00 2.714395589375266482e+00 1.952806451597429049e+00 2.510010955409711197e+00 1.238635491066138128e+00
1.013515014991614560e+00 2.680741477138034679e+00 1.962908400683857968e+00 2.475661395854782398e+00 1.223486823413489244e+00
1.026780029534676286e+00 2.646856272532328358e+00 1.973119871926020785e+00 2.441589067939607283e+00 1.208452606954621533e+00
1.047680136808665674e+00 2.602379762622943904e+00 1.988350905677128022e+00 2.420222676424921282e+00 1.198663858114215053e+00
1.075927799456886103e+00 2.564038249567631933e+00 2.008309927921999805e+00 2.407178872154875027e+00 1.197785489305028372e+00
1.111889107783786024e+00 2.543528753517033003e+00 2.026171952999947123e+00 2.389653542047733392e+00 1.198521368185227809e+00
1.151214688210710602e+00 2.536490685707822212e+00 2.038373264270457508e+00 2.366708898881998202e+00 1.198246859973594258e+00
1.190165860116131125e+00 2.529170979332742153e+00 2.046612721525900014e+00 2.340302520152031995e+00 1.200236675976883660e+00
1.225211503243297528e+00 2.509582201687521330e+00 2.052272178110724266e+00 2.313619430660111220e+00 1.211228604151738830e+00
1.249985532876296102e+00 2.486434160491995726e+00 2.063521176761019316e+00 2.293046907573501603e+00 1.235707192721658743e+00
1.263363418571988195e+00 2.480699685360840512e+00 2.083564390595725957e+00 2.287820790365421963e+00 1.267810391684130122e+00
1.279327869019164066e+00 2.467587999337133020e+00 2.094480927624656097e+00 2.291991168687996794e+00 1.304246532330312514e+00
1.298818997103666328e+00 2.445729032428019867e+00 2.097551624489580657e+00 2.300472819612541908e+00 1.339655459360781897e+00
1.314828567379871638e+00 2.419009267473730240e+00 2.105620844932020397e+00 2.307837372543712018e+00 1.374308911543957512e+00
1.314847745900127318e+00 2.387861294920492483e+00 2.119194319002465132e+00 2.298185013769729945e+00 1.406412210610343383e+00
1.301141835636908439e+00 2.362466220213252477e+00 2.128423570807706611e+00 2.270157154799552490e+00 1.432057072991304914e+00
1.285476052426534954e+00 2.343327828789044442e+00 2.134681838818342392e+00 2.236809630542342830e+00 1.456156250995170431e+00
1.271341294858232107e+00 2.329056748033030200e+00 2.144895098958515600e+00 2.202355273930418633e+00 1.479113188100079856e+00
1.261480906124565760e+00 2.303388341763393132e+00 2.156900256948389050e+00 2.171191463298400404e+00 1.497932619908177276e+00
1.263248417147293745e+00 2.263464862516622489e+00 2.129160816965276037e+00 2.175154163928417539e+00 1.505800297642569729e+00
1.272839039591735499e+00 2.225765678302559891e+00 2.124572558012698842e+00 2.184835638054066553e+00 1.538419339393816809e+00
1.286322662732270805e+00 2.197516152871290984e+00 2.139085072859646885e+00 2.197403371339596401e+00 1.569581731414900538e+00
1.300000000000000044e+00 2.169999999999999929e+00 2.154999999999999805e+00 2.209999999999999964e+00 1.600000000000000089e+00
