8.699999999999999956e-01 2.740000000000000213e+00 1.850000000000000089e+00 2.629999999999999893e+00 1.350000000000000089e+00
8.959158781440305086e-01 2.752369172472675984e+00 1.861863910723556836e+00 2.612252888726473987e+00 1.352049871327972497e+00
9.222885097965776158e-01 2.763392569233599882e+00 1.876961133381350511e+00 2.601558163199194418e+00 1.354203798323167174e+00
9.442566766301596637e-01 2.794397344528248617e+00 1.891195518258010910e+00 2.600666528377011399e+00 1.350161901096257555e+00
9.479232220674368437e-01 2.802196695157784578e+00 1.898010098264704348e+00 2.595510017288110483e+00 1.320425002975330386e+00
9.456957518065720603e-01 2.765359460902671707e+00 1.889152714847787573e+00 2.582068520883431972e+00 1.301673494192958636e+00
9.494160671026066201e-01 2.742286060202372866e+00 1.875659027571353832e+00 2.556261350004087607e+00 1.290302589265787336e+00
9.567167710225303878e-01 2.769281288121043794e+00 1.876054647305835266e+00 2.566389284210178978e+00 1.269408633737897141e+00
9.671345326988045610e-01 2.783841050715486265e+00 1.895598375429684568e+00 2.549913727089592630e+00 1.263072587789960011e+00
9.806251927960033532e-01 2.767589781015204586e+00 1.912339329384783015e+00 2.527084254178451062e+00 1.268126438126877531e+00
9.970756850391002679e-01 2.742136217831110834e+00 1.925599699760057293e+00 2.504990145118374922e+00 1.271113889350000470e+00
1.015326995814951117e+00 2.716714342111106184e+00 1.938086639203962402e+00 2.483310827337898985e+00 1.270579933336020595e+00
1.033481344690383441e+00 2.692336756336604520e+00 1.951145549176625860e+00 2.461854660683946427e+00 1.268862551741404276e+00
1.049911463145228430e+00 2.672971083536765491e+00 1.967174282030065280e+00 2.441376898654314065e+00 1.263888289497262507e+00
1.062535571225578401e+00 2.662851208946619419e+00 1.986846054665777350e+00 2.423726717166208910e+00 1.254167627108929040e+00
1.070055997023215744e+00 2.666134723880463575e+00 2.008076419362924803e+00 2.410998269157160312e+00 1.238980633029866274e+00
1.078370966287671262e+00 2.678215486637633536e+00 2.025183504913279364e+00 2.403308987009899589e+00 1.226885745759176194e+00
1.083426722743811910e+00 2.645689762284403557e+00 2.040186560790617332e+00 2.395208789723445975e+00 1.243928744721629842e+00
1.091651730239636464e+00 2.603463065297603407e+00 2.045120756207827739e+00 2.379877128856325630e+00 1.255394844999807580e+00
1.106686569410877841e+00 2.565865562191952165e+00 2.037036956827710021e+00 2.361376799450625175e+00 1.258335404159428128e+00
1.130119127950556690e+00 2.542337699310892152e+00 2.032862500421724672e+00 2.340892107111895104e+00 1.250564422292380407e+00
1.157723532925558629e+00 2.527058736048332310e+00 2.035347590165355047e+00 2.323281767719376223e+00 1.240498634524493271e+00
1.187719612414051440e+00 2.512463012803659801e+00 2.039553205158138205e+00 2.309088062881462289e+00 1.233791229908165255e+00
1.218632752048274481e+00 2.493594330157109518e+00 2.043296877627644115e+00 2.297887305420156512e+00 1.233670546317763961e+00
1.245812648461361860e+00 2.465088781108035310e+00 2.047134074159394412e+00 2.289648252805960738e+00 1.241975051014754028e+00
1.263117039208904835e+00 2.426856378135569869e+00 2.051774958615101951e+00 2.283884870650842558e+00 1.258016153165899986e+00
1.269444778861241740e+00 2.389060117055848309e+00 2.056834648173511138e+00 2.279714575371440066e+00 1.280614426858265986e+00
1.268590765151485833e+00 2.360752252437584353e+00 2.062192409219830491e+00 2.276168911963979635e+00 1.308292842310190718e+00
1.265324305542000261e+00 2.338766292665138469e+00 2.065944211578893075e+00 2.272857594608602927e+00 1.338135491378091846e+00
1.264527358182227612e+00 2.315434252502275747e+00 2.072484718472289433e+00 2.265422024459660122e+00 1.365451149197066671e+00
1.264862696376764184e+00 2.297898120907873043e+00 2.091091105157607988e+00 2.249145707706647013e+00 1.381652097402444657e+00
1.267579371943689193e+00 2.287653022029641381e+00 2.107386756946793671e+00 2.231475551403489632e+00 1.402091016834430492e+00
1.266935418060575191e+00 2.282784236087078700e+00 2.124948340579726480e+00 2.215319630745594459e+00 1.422625777945502934e+00
1.258518172906657018e+00 2.279108596328876413e+00 2.141319214376746327e+00 2.200611043271740286e+00 1.442913200472292878e+00
1.248932528521731422e+00 2.254424080580278211e+00 2.138854865634464364e+00 2.182366595729582581e+00 1.466143997270955346e+00
1.250195049372466949e+00 2.228136138650274489e+00 2.132721241430683978e+00 2.178632092041346002e+00 1.493388596902863075e+00
1.260405362559168463e+00 2.205188313640807696e+00 2.143923227875322191e+00 2.186533865893657946e+00 1.516905632950982019e+00
1.274608596640133706e+00 2.189395296161499083e+00 2.139552564293639492e+00 2.196975177983117256e+00 1.543574688483382751e+00
1.287410769427002721e+00 2.179414521511694680e+00 2.146406428657255283e+00 2.204524325773553617e+00 1.571900525842095497e+00
1.300000000000000044e+00 2.169999999999999929e+00 2.154999999999999805e+00 2.209999999999999964e+00 1.600000000000000089e+00
