8.699999999999999956e-01 2.740000000000000213e+00 1.850000000000000089e+00 2.629999999999999893e+00 1.350000000000000089e+00
9.024376510469380719e-01 2.793795934403177306e+00 1.842436567612387721e+00 2.621049924583126245e+00 1.376454797263469532e+00
9.374660857523944291e-01 2.824475917847947493e+00 1.869568750547112579e+00 2.606957470160394141e+00 1.377819275335658400e+00
9.528166170810686841e-01 2.788820490968479948e+00 1.900461037063303937e+00 2.594762559612197261e+00 1.310585902966342697e+00
9.623585100348280852e-01 2.728511761454480933e+00 1.926068812642635519e+00 2.573122599245558195e+00 1.290280558690032997e+00
9.728065176193720909e-01 2.702516299008684619e+00 1.936975752586787669e+00 2.545445998928622444e+00 1.263924718022983784e+00
9.970608982360857908e-01 2.669191487775434801e+00 1.951697269481433406e+00 2.508732239611546344e+00 1.239850590563432942e+00
1.064678424146013880e+00 2.624275751724778782e+00 1.979054768852128499e+00 2.441733616205953972e+00 1.197815267354693791e+00
1.102229167465089921e+00 2.627177673881383235e+00 1.989792391972230901e+00 2.413378396068795340e+00 1.191349460543709160e+00
1.138174099978941367e+00 2.618663734772513241e+00 1.993846611005617220e+00 2.396347747380167537e+00 1.191816298447460287e+00
1.181373722327769382e+00 2.592914220033038841e+00 1.991797217800578723e+00 2.367477535721511206e+00 1.203833205335955725e+00
1.225853639880883472e+00 2.524321934783595456e+00 2.017412028800502632e+00 2.327054151728547904e+00 1.226192850085433550e+00
1.236777131465251367e+00 2.495967403492525882e+00 2.033450135003020520e+00 2.314342875454149073e+00 1.233407632224169381e+00
1.245593676233470948e+00 2.469571406954436110e+00 2.043800420348852231e+00 2.307172227247807683e+00 1.242514627164923446e+00
1.276559779650918047e+00 2.367540104033826420e+00 2.074679274417860153e+00 2.290096962244767553e+00 1.302728302224415380e+00
1.284477606225841173e+00 2.336426785314277055e+00 2.078768742083832777e+00 2.288461633611963197e+00 1.326504088045930674e+00
1.292084961598273907e+00 2.305980129690485381e+00 2.080181128191575635e+00 2.288930283451978909e+00 1.350435846617733748e+00
1.302703333472763791e+00 2.297237078647665243e+00 2.095341538597888409e+00 2.294017815782786407e+00 1.396021355763279015e+00
1.295681908344825217e+00 2.291905318523040247e+00 2.117948744569649655e+00 2.263743541816948479e+00 1.436465189150770039e+00
1.283788420760178184e+00 2.283072060590714436e+00 2.130950624820574291e+00 2.230012212821401274e+00 1.456014065039112459e+00
1.256002509942798717e+00 2.235061208725462656e+00 2.142317920117158714e+00 2.168913944603438892e+00 1.506975225061830237e+00
1.263003136059451359e+00 2.223598639404212651e+00 2.143989131451703223e+00 2.175682546656029892e+00 1.522421026894142271e+00
1.271630703467462320e+00 2.210764314945007136e+00 2.146452159292778550e+00 2.183755097822399183e+00 1.540706747832649270e+00
1.300000000000000044e+00 2.169999999999999929e+00 2.154999999999999805e+00 2.209999999999999964e+00 1.600000000000000089e+00
