8.699999999999999956e-01 2.740000000000000213e+00 1.850000000000000089e+00 2.629999999999999893e+00 1.350000000000000089e+00
8.942851280406080017e-01 2.782103413349963361e+00 1.859660756118093561e+00 2.628589266154276238e+00 1.358591490370596677e+00
9.205291126152793657e-01 2.804893466417492487e+00 1.871182151270819771e+00 2.622628737994121551e+00 1.374078404069539960e+00
9.401943868317812480e-01 2.823596093597097401e+00 1.890889955502853326e+00 2.616279373156528809e+00 1.384297031030685021e+00
9.502266435577927384e-01 2.840557339863979180e+00 1.915430583344572169e+00 2.610269111165980149e+00 1.387401411613061963e+00
9.604555228762319263e-01 2.858844407940156707e+00 1.937716360850285868e+00 2.594581319552642817e+00 1.391967173051878781e+00
9.737636611185260804e-01 2.857391910909157673e+00 1.923535440477884162e+00 2.569194623663861865e+00 1.390030178374324965e+00
9.949084230267398743e-01 2.853579181122630981e+00 1.916876162029434782e+00 2.537691654183404477e+00 1.387728378590427525e+00
1.014395589252732099e+00 2.861193850559192953e+00 1.916089566162396451e+00 2.503044607618978734e+00 1.384903833914949534e+00
1.017185542939085252e+00 2.871320390889794183e+00 1.900632528692279832e+00 2.475404077475477749e+00 1.379646784180268870e+00
1.008535687444606754e+00 2.858529549435224304e+00 1.878695419933351873e+00 2.467378820186915345e+00 1.367609022046391676e+00
9.957095538546985036e-01 2.864808897481064154e+00 1.889537143235189065e+00 2.475778024849820902e+00 1.343306226236943512e+00
1.011589060305675636e+00 2.884538876208469382e+00 1.906749120510081053e+00 2.485713744416865101e+00 1.349769825176303062e+00
1.035869235956545786e+00 2.867329071703109022e+00 1.912920248464308415e+00 2.467960541421527765e+00 1.360888812143801196e+00
1.048703277329470662e+00 2.847294386607932104e+00 1.923449045266656388e+00 2.436176187130785653e+00 1.357740188528840042e+00
1.057771311095536904e+00 2.830533980548809669e+00 1.940375465021473511e+00 2.409518419477936657e+00 1.349294861864922312e+00
1.062394694547543539e+00 2.793937250122874971e+00 1.953774395896283433e+00 2.392559639486240286e+00 1.332907473206243143e+00
1.061865246498700621e+00 2.744375510607675928e+00 1.958067037469005678e+00 2.389475890456288720e+00 1.311457313606040564e+00
1.059944983953933439e+00 2.697748814854491251e+00 1.960660019013656497e+00 2.396146603246601892e+00 1.287900697384000592e+00
1.054907639867910030e+00 2.666069519539395749e+00 1.964846346575081837e+00 2.404386265973883940e+00 1.259336047030896300e+00
1.071946044521139507e+00 2.620072653524024187e+00 1.963896878519533429e+00 2.393914123041371411e+00 1.247368222302804419e+00
1.101801903270126948e+00 2.603270770283674374e+00 1.976483443664754258e+00 2.383337189561387071e+00 1.246084652089416878e+00
1.132044931654312858e+00 2.591953609956660465e+00 1.990884494918663927e+00 2.373475420416538917e+00 1.245233439860333524e+00
1.163853091242893711e+00 2.584425983718610542e+00 2.003904854276866487e+00 2.363721071022256037e+00 1.243616177497915309e+00
1.196861183427352149e+00 2.585982936781484387e+00 2.011812646244397484e+00 2.352108691136393759e+00 1.234916906989446117e+00
1.221948968038326866e+00 2.558569380304829277e+00 2.019177825767988654e+00 2.339122118339315826e+00 1.221524350003199144e+00
1.233800093988640656e+00 2.515558005239569184e+00 2.030180268856390136e+00 2.320047337564528078e+00 1.229476560214111114e+00
1.243157659619300581e+00 2.493618350126121097e+00 2.042830936644696394e+00 2.299856815876069938e+00 1.250707450656293407e+00
1.251335101467945687e+00 2.474788302797727546e+00 2.058726419687455067e+00 2.284061310658391797e+00 1.272193787974701396e+00
1.254389412712876295e+00 2.459977401113553341e+00 2.075656142555632133e+00 2.274025616974398645e+00 1.296554520877288175e+00
1.253091491180069239e+00 2.441701523034704113e+00 2.084309545940318475e+00 2.272658307702081881e+00 1.327679056129197788e+00
1.253477023423712478e+00 2.410712653787095316e+00 2.094902204524255573e+00 2.269639046331827448e+00 1.354059455678630508e+00
1.247295093936080512e+00 2.398525661116476915e+00 2.094073241654352824e+00 2.266369289619312610e+00 1.387186847814232848e+00
1.246530498823058997e+00 2.380073152890645360e+00 2.089104771852143383e+00 2.252924744842024207e+00 1.417237209312807389e+00
1.249583063578400433e+00 2.363130459953465046e+00 2.093317029666055706e+00 2.230310748320126990e+00 1.444068032948157221e+00
1.254773533237224292e+00 2.347485886702783020e+00 2.103653315890663400e+00 2.209609519208523221e+00 1.469033887458871757e+00
1.262324149259974160e+00 2.327030944032700610e+00 2.115932960342221669e+00 2.201022592893474794e+00 1.495983020274801678e+00
1.272878252088815554e+00 2.283700999256693898e+00 2.119995297765834508e+00 2.190752616366632211e+00 1.517938985194905666e+00
1.268544774901315009e+00 2.221699090024961798e+00 2.117982077451695755e+00 2.182336462537061372e+00 1.524611300329515196e+00
1.285535650921122208e+00 2.191968158403451827e+00 2.124659741038797733e+00 2.191504356648765306e+00 1.548423910790515778e+00
1.296391335808053213e+00 2.183129202024561621e+00 2.138857357574722506e+00 2.197085598161522935e+00 1.575449230512932619e+00
1.300000000000000044e+00 2.169999999999999929e+00 2.154999999999999805e+00 2.209999999999999964e+00 1.600000000000000089e+00
