8.699999999999999956e-01 2.740000000000000213e+00 1.850000000000000089e+00 2.629999999999999893e+00 1.350000000000000089e+00
9.131551467578692405e-01 2.728637028373295692e+00 1.852808780458432336e+00 2.593411780688932300e+00 1.375222979200680040e+00
9.379139258970714543e-01 2.726673778049664598e+00 1.882442422731819942e+00 2.567581095229799271e+00 1.343969961419338555e+00
9.476690105769824957e-01 2.751642576422736575e+00 1.911391136594532414e+00 2.561357458798572573e+00 1.300836665433388273e+00
9.682400154602320841e-01 2.705649495000873372e+00 1.899446389423659731e+00 2.558247094073718308e+00 1.260881539558279085e+00
1.002147348974445018e+00 2.667041126304056320e+00 1.895108526524283521e+00 2.526896522320009275e+00 1.242539638160427673e+00
1.033893799732381158e+00 2.661839422020820134e+00 1.922911031021928618e+00 2.486441604336927291e+00 1.232354132949520675e+00
1.062858983737590801e+00 2.645723167890843719e+00 1.957350550757502861e+00 2.453936456857239268e+00 1.240428632000670772e+00
1.079447152705645729e+00 2.621853979849621208e+00 1.983292190182637693e+00 2.435358600909634852e+00 1.254963596242418156e+00
1.075894568202970802e+00 2.613935453426369904e+00 1.956245367963953763e+00 2.420573370971281335e+00 1.214648058168403599e+00
1.123048761613170132e+00 2.601452042340457460e+00 1.963438915736624990e+00 2.385580841497912274e+00 1.198177933667908812e+00
1.172457740765711742e+00 2.613704758228565961e+00 1.987861233423074081e+00 2.362909623806447534e+00 1.192756214687304084e+00
1.210161304951960171e+00 2.584923649509564214e+00 2.020930958043198888e+00 2.348266768079506406e+00 1.181418274058549267e+00
1.236253027499156776e+00 2.592086624317233134e+00 2.054629146081246027e+00 2.342093002284347580e+00 1.208173358918771534e+00
1.247911997821955499e+00 2.523634805223897715e+00 2.070452427108471216e+00 2.332018339448299837e+00 1.231433680637444184e+00
1.268950470244063711e+00 2.453007798122921912e+00 2.077506896529472513e+00 2.321179317269126852e+00 1.250639951920158532e+00
1.294235934532959487e+00 2.397404461706604373e+00 2.082278915651899265e+00 2.320236828686260466e+00 1.286469355932616132e+00
1.323149616959401254e+00 2.346827876038577010e+00 2.083700182293804382e+00 2.318332022055450636e+00 1.323949119411613751e+00
1.328736597640447936e+00 2.358945013053885820e+00 2.093385486008429552e+00 2.322428132767039966e+00 1.379094299435829285e+00
1.324802424389109667e+00 2.357633304177664701e+00 2.123864624211138086e+00 2.291252365283547920e+00 1.415551926526763982e+00
1.313944522783422553e+00 2.342110171788956308e+00 2.157116342819283883e+00 2.253688315108580031e+00 1.439387274905531644e+00
1.301153532248793043e+00 2.340591280487526848e+00 2.193536706315535323e+00 2.219179087332324940e+00 1.462880628162407826e+00
1.289852135422634438e+00 2.322340590846470043e+00 2.215503785314469898e+00 2.181814888516369066e+00 1.495807779751173516e+00
1.286831020760559552e+00 2.270886350668768650e+00 2.193427271462072170e+00 2.172965125463624414e+00 1.531658258141476159e+00
1.285042280434629980e+00 2.216482767653862762e+00 2.176813266836844729e+00 2.199732241854255754e+00 1.562346270220813738e+00
1.300000000000000044e+00 2.169999999999999929e+00 2.154999999999999805e+00 2.209999999999999964e+00 1.600000000000000089e+00
