8.699999999999999956e-01 2.740000000000000213e+00 1.850000000000000089e+00 2.629999999999999893e+00 1.350000000000000089e+00
9.040076871609870057e-01 2.779885081165001104e+00 1.874809684531680620e+00 2.621776706044072203e+00 1.354056232239960522e+00
9.359986179124969441e-01 2.794402930212194214e+00 1.900872453190517231e+00 2.592809958866285847e+00 1.357351406237498725e+00
9.600828056344827832e-01 2.804205115461604336e+00 1.910696978423171322e+00 2.581182339862150954e+00 1.319282905220047653e+00
9.679341011480255830e-01 2.803594504563387879e+00 1.902964186266141500e+00 2.579080807485143900e+00 1.274003250728000136e+00
9.813192326740176608e-01 2.763880228830781327e+00 1.921551671965703756e+00 2.552956411233158640e+00 1.249106713706465310e+00
9.979109931294305458e-01 2.722657554378080658e+00 1.945457619046797593e+00 2.521492107142171868e+00 1.239980790986393133e+00
1.015017522364847213e+00 2.683567479038608816e+00 1.968859518134291609e+00 2.489707324529099264e+00 1.227837323688626414e+00
1.032211684513247185e+00 2.642722337664818788e+00 1.992238238086901259e+00 2.457813092493112528e+00 1.218159760270092429e+00
1.053842270122270275e+00 2.597891732236479179e+00 2.004328157140353284e+00 2.420565977101171384e+00 1.211061545589418920e+00
1.083226001470568800e+00 2.557294282397218232e+00 2.004450179642863095e+00 2.382510241098193315e+00 1.210097842030578796e+00
1.121405053966527898e+00 2.524920176565628172e+00 2.006215391096307865e+00 2.350288570118865383e+00 1.215760701238205232e+00
1.165284368956403416e+00 2.504536006444249452e+00 2.014388889346740097e+00 2.324803348077596254e+00 1.224669775457123411e+00
1.210000511977262549e+00 2.498707042279820101e+00 2.033219520366543520e+00 2.308469583059252539e+00 1.232775881728875422e+00
1.247250604545147024e+00 2.503491719943665483e+00 2.062360099238018218e+00 2.305403272015573268e+00 1.243921816634645294e+00
1.273584191427415302e+00 2.509837143325535092e+00 2.093839484440612964e+00 2.311529889915443281e+00 1.265435388760479674e+00
1.292307277043281744e+00 2.513949891218690169e+00 2.122008877252031134e+00 2.319824890914879756e+00 1.296135772148583110e+00
1.310634264167618301e+00 2.508492973939001391e+00 2.143279225162503909e+00 2.325776532347128889e+00 1.332969475606256005e+00
1.327341002819372173e+00 2.458271504316634104e+00 2.141539772601948499e+00 2.321157940831623190e+00 1.362512072280543052e+00
1.329895316860323806e+00 2.415022807433936602e+00 2.157609975297913874e+00 2.308067463224780624e+00 1.395325378369824287e+00
1.322309071363061417e+00 2.402361995495020164e+00 2.182397781572926743e+00 2.283086174961538095e+00 1.426377369872429579e+00
1.308426600387709637e+00 2.395251830660549697e+00 2.201450401985209027e+00 2.247326114470737490e+00 1.454019030463136630e+00
1.284642807760123961e+00 2.384049249099514878e+00 2.207161771590700372e+00 2.204118858883588494e+00 1.475161667286603695e+00
1.262004068335988993e+00 2.342577488917588546e+00 2.194400045635721774e+00 2.169651738655685502e+00 1.489909493535881202e+00
1.250741176207815109e+00 2.280293672858805021e+00 2.172783457407192031e+00 2.154895918319671200e+00 1.497645765207946900e+00
1.258567612010851100e+00 2.225481052648211389e+00 2.149608002416406372e+00 2.138861937017235260e+00 1.513956176443068236e+00
1.284071284176653949e+00 2.250807031702394934e+00 2.171551340476566061e+00 2.162206029407037100e+00 1.536527826891900927e+00
1.296551328558524396e+00 2.219978732425767820e+00 2.168361637802007191e+00 2.191778550824344585e+00 1.570303517685301298e+00
1.300000000000000044e+00 2.169999999999999929e+00 2.154999999999999805e+00 2.209999999999999964e+00 1.600000000000000089e+00
