8.699999999999999956e-01 2.740000000000000213e+00 1.850000000000000089e+00 2.629999999999999893e+00 1.350000000000000089e+00
8.968970917914127483e-01 2.765186257023589889e+00 1.839085589588521419e+00 2.618862515140654157e+00 1.340550531742970453e+00
9.271597454012695527e-01 2.788131157630345136e+00 1.834420248012837096e+00 2.608231400570639291e+00 1.332973664834948391e+00
9.538787838885427472e-01 2.801273067204220091e+00 1.851343231190847538e+00 2.603340248464725448e+00 1.338378616802074372e+00
9.594121355584205313e-01 2.802471224977697517e+00 1.876072203986815179e+00 2.597048398550246162e+00 1.361507103732285895e+00
9.595126388536096007e-01 2.768666623584183473e+00 1.869712514257127367e+00 2.579279802716312187e+00 1.375660928078751288e+00
9.641630277359150014e-01 2.786569123066984677e+00 1.865070768817897573e+00 2.578665839108311708e+00 1.341321187519179725e+00
9.679076410632460048e-01 2.815608075374091968e+00 1.870346911812684754e+00 2.583519930028545630e+00 1.309924819327524803e+00
9.676118111320467507e-01 2.825176846496435079e+00 1.875254459875048241e+00 2.581707117762736647e+00 1.275656465613905555e+00
9.624626370616163884e-01 2.792547255141986984e+00 1.872151411014676192e+00 2.559230772963343004e+00 1.257335676369462529e+00
9.735045338154615369e-01 2.776764971337896792e+00 1.889116946447464196e+00 2.540925772902058455e+00 1.235360193733753054e+00
9.889820343255678603e-01 2.767676025625215974e+00 1.906097492574050589e+00 2.521024141123784812e+00 1.216266668649224281e+00
1.007526039628093173e+00 2.762466209149384788e+00 1.920550957963597316e+00 2.497138512676793543e+00 1.202064819727186595e+00
1.027262034485341147e+00 2.759240031546076999e+00 1.933735750884393978e+00 2.472028547059080594e+00 1.190069729499171780e+00
1.046976672864708524e+00 2.754704485292404748e+00 1.950654219683437551e+00 2.449468837139571864e+00 1.179663976274596848e+00
1.057387338634359075e+00 2.732090035912449366e+00 1.976513084201416248e+00 2.445192988556859071e+00 1.187561556264320028e+00
1.077211042780426897e+00 2.701268134992071968e+00 1.988457526971595168e+00 2.425785856534335316e+00 1.183691534090682618e+00
1.095533880088725986e+00 2.672685956264095886e+00 2.006081409474856247e+00 2.412196993923262589e+00 1.172592578969221533e+00
1.099392001969908605e+00 2.627637680257310926e+00 2.012261067785972024e+00 2.391986812394692130e+00 1.182359479371172473e+00
1.090148753852741237e+00 2.601378203024125479e+00 2.011863425835897168e+00 2.369330373691554303e+00 1.205630148191185302e+00
1.085384303217941104e+00 2.613292566516158377e+00 2.016349977079987088e+00 2.343668013905867653e+00 1.228321932453665610e+00
1.100875483161078083e+00 2.637422270908920563e+00 2.019815810800722922e+00 2.333951429596517357e+00 1.202003863707786557e+00
1.120100654972130627e+00 2.626884452726871544e+00 2.020988410832787352e+00 2.331691071474048194e+00 1.173792819193333559e+00
1.150942210407500443e+00 2.608972539345742803e+00 2.029805022463111008e+00 2.329914297904448262e+00 1.179899274331757342e+00
1.177373084742889597e+00 2.595347658871318242e+00 2.040179341471795471e+00 2.324278747762432040e+00 1.200381815270082031e+00
1.203043594831915808e+00 2.582959327760742330e+00 2.051823295661205471e+00 2.317672508049565039e+00 1.220951217305719982e+00
1.225976824012726674e+00 2.571832854880858221e+00 2.066918922230660538e+00 2.307940957690356676e+00 1.239630468532008312e+00
1.242074782608357353e+00 2.540753933444451551e+00 2.085234962863776520e+00 2.290992378345228175e+00 1.237874302187141451e+00
1.262215059584913535e+00 2.496934960303201834e+00 2.095386825359897731e+00 2.296830864487564128e+00 1.237903244975926631e+00
1.271312588147265332e+00 2.460812436506301548e+00 2.095701268120732763e+00 2.289514614018345995e+00 1.264037077300866230e+00
1.267221112925182691e+00 2.448225966135665121e+00 2.112085636677104805e+00 2.274084019724519123e+00 1.291033348622563359e+00
1.260050621904789558e+00 2.421205998958206429e+00 2.118720778073859723e+00 2.262472354107405437e+00 1.320626911551249449e+00
1.258878252104467688e+00 2.397287569206012492e+00 2.122533159240152845e+00 2.255358455865533074e+00 1.353471937324084440e+00
1.257584476666305795e+00 2.358589727249365886e+00 2.114607461329184090e+00 2.252888790762884508e+00 1.378147114889330282e+00
1.257734447103120434e+00 2.325357521254722837e+00 2.128465165412756654e+00 2.247722945025026231e+00 1.401316335595679252e+00
1.260797492924861540e+00 2.317779622201337375e+00 2.150878288482092504e+00 2.241171178287412857e+00 1.427754185595686343e+00
1.265255202042656402e+00 2.309991894313327521e+00 2.168654518713636570e+00 2.230191105898435833e+00 1.455276203218005326e+00
1.272136427705679695e+00 2.289755436147974166e+00 2.166974482384057765e+00 2.210398169287155934e+00 1.482619926686932654e+00
1.270911608318275654e+00 2.257504110417281940e+00 2.157014431155106049e+00 2.208993990812577746e+00 1.511104201068286468e+00
1.272159178677738200e+00 2.224276175352991824e+00 2.161859018969515489e+00 2.206595490762121692e+00 1.540915404512910536e+00
1.286011781969993883e+00 2.199428765424698451e+00 2.161623211281895607e+00 2.211024472180699529e+00 1.571670548698079095e+00
1.300000000000000044e+00 2.169999999999999929e+00 2.154999999999999805e+00 2.209999999999999964e+00 1.600000000000000089e+00
