8.699999999999999956e-01 2.740000000000000213e+00 1.850000000000000089e+00 2.629999999999999893e+00 1.350000000000000089e+00
8.933858111297182658e-01 2.768154138759165939e+00 1.857490229001999005e+00 2.616056459845863102e+00 1.345902602308698848e+00
9.189724210108278779e-01 2.777803100935733571e+00 1.864492575259868667e+00 2.596315199995944401e+00 1.339555861913070300e+00
9.418999568442733006e-01 2.759355462425085115e+00 1.870371867482756301e+00 2.576499276031525731e+00 1.347214428618424886e+00
9.484626282478237913e-01 2.749701319867613236e+00 1.871938325617648502e+00 2.555756853644882476e+00 1.321632678762173052e+00
9.544248711858995815e-01 2.763547984746227648e+00 1.877687168775284743e+00 2.552958375356747744e+00 1.288425164202073869e+00
9.669427409150412878e-01 2.747042909183107007e+00 1.896189414124038741e+00 2.549661974393769182e+00 1.300179225147911399e+00
9.802721213271001766e-01 2.749477991409475131e+00 1.908538725638367239e+00 2.523137988913982888e+00 1.295784884275281268e+00
9.934582381198744372e-01 2.751657263876599036e+00 1.916676187890835159e+00 2.499036654911483524e+00 1.276482407823744003e+00
1.006898996476115249e+00 2.750551252105774669e+00 1.923774796346220173e+00 2.478387601634974402e+00 1.252489999617480976e+00
1.020737427577267376e+00 2.747630778290485409e+00 1.930578916594841044e+00 2.458834768748787258e+00 1.227662814873632380e+00
1.036689636348244070e+00 2.743048526054233882e+00 1.938901843877892439e+00 2.438566418230158739e+00 1.206283657535804466e+00
1.056130182079386914e+00 2.732832846002483329e+00 1.953773429915050208e+00 2.423465539735823349e+00 1.200684736730684987e+00
1.069753870698129550e+00 2.699763025905588698e+00 1.960614687346248441e+00 2.407411414748982015e+00 1.209689699970314392e+00
1.077948348917575849e+00 2.671618343813947583e+00 1.975026716155694917e+00 2.394376494593609905e+00 1.223241177910241673e+00
1.087809905699060220e+00 2.653119411078674439e+00 1.993964975308177401e+00 2.385148740296013870e+00 1.236706284666367006e+00
1.098148487039461774e+00 2.624876907261275871e+00 1.992177301622289232e+00 2.380007838741497572e+00 1.258511974773809161e+00
1.124367035320673835e+00 2.597344250472014338e+00 1.994354471983949217e+00 2.367407776235039840e+00 1.254153519145329465e+00
1.146770966190900465e+00 2.582964014453969170e+00 2.008187569629204194e+00 2.355410976162833236e+00 1.243907158286877257e+00
1.168630916016527577e+00 2.569679792135569407e+00 2.022703453249978800e+00 2.343597321047230508e+00 1.233406922283148077e+00
1.190369715690885233e+00 2.556570265504107375e+00 2.037335027710867497e+00 2.331749873940860418e+00 1.222900360398999853e+00
1.212469468438015952e+00 2.541677545918429537e+00 2.051049286234313929e+00 2.318622746084246344e+00 1.213313505185340535e+00
1.233829480387461430e+00 2.516434781276761345e+00 2.056028809498639642e+00 2.298860001963195288e+00 1.211605900188549301e+00
1.241206617124411826e+00 2.486535915892024828e+00 2.044755042122492483e+00 2.285282781024413623e+00 1.224578256562515843e+00
1.236675114149166310e+00 2.466937388196030145e+00 2.055095054095313678e+00 2.287055260144789770e+00 1.242400937678458606e+00
1.248793380529618524e+00 2.449381032829484273e+00 2.073805816050020567e+00 2.286355412029456247e+00 1.250353110599812911e+00
1.260770799913463858e+00 2.413970626906457362e+00 2.083396727486829914e+00 2.286015572431883136e+00 1.268934552048062381e+00
1.266041743636484807e+00 2.383653220595952416e+00 2.095274038395599003e+00 2.282702234726137647e+00 1.291295870179009819e+00
1.267778789554375951e+00 2.364141480370034909e+00 2.108156887050248951e+00 2.276897713602926920e+00 1.317867616375878903e+00
1.268318997099243006e+00 2.347704210277935744e+00 2.113211011934260419e+00 2.269710399547014923e+00 1.350248321722667511e+00
1.266604056400516098e+00 2.333296205816573821e+00 2.113031997615161472e+00 2.258206272198894027e+00 1.382841286673473613e+00
1.263843041671618650e+00 2.322671685169567013e+00 2.116445214873321490e+00 2.240429452005211708e+00 1.412846303147115679e+00
1.262625826818321251e+00 2.311529859843106216e+00 2.124185194511216235e+00 2.221223429416501638e+00 1.440240112661523852e+00
1.264173623414948100e+00 2.292851845027381152e+00 2.133459543524665936e+00 2.205016985743832869e+00 1.466441473995837130e+00
1.268697695346450605e+00 2.263097106732574471e+00 2.140951546047082932e+00 2.194794973375864711e+00 1.491427694261700854e+00
1.274198234953496600e+00 2.225875806181627059e+00 2.140816396098927044e+00 2.192216308455602558e+00 1.516011054812570036e+00
1.281130266705390985e+00 2.194836306707251605e+00 2.135477066815141711e+00 2.196904436426860840e+00 1.542143870862487276e+00
1.295313129345525560e+00 2.181291575165376972e+00 2.141591009309880889e+00 2.204043248022361290e+00 1.571539196610925115e+00
1.300000000000000044e+00 2.169999999999999929e+00 2.154999999999999805e+00 2.209999999999999964e+00 1.600000000000000089e+00
