8.699999999999999956e-01 2.740000000000000213e+00 1.850000000000000089e+00 2.629999999999999893e+00 1.350000000000000089e+00
8.888480410178859481e-01 2.753292861142225600e+00 1.872604246117881344e+00 2.611349553787408517e+00 1.336038069022260188e+00
9.080357408272804465e-01 2.765415944512051194e+00 1.895089302315412283e+00 2.591800206139252882e+00 1.322752917422795882e+00
9.302866180712272559e-01 2.752352925179425203e+00 1.910627660945286133e+00 2.559714703319507123e+00 1.323859794092894004e+00
9.534299865127109364e-01 2.742677679299680094e+00 1.898204367932875059e+00 2.546185637738898500e+00 1.297712073748233497e+00
9.599853061676437704e-01 2.790388604229944391e+00 1.896386480031904131e+00 2.547928184946032015e+00 1.267627739310810631e+00
9.767588135023114182e-01 2.819147934327840499e+00 1.912278454126817628e+00 2.531078306205729156e+00 1.244227985624437816e+00
9.998048177104105205e-01 2.810492122878997190e+00 1.932307843382643275e+00 2.507889940583329924e+00 1.234113772873633774e+00
1.026475429866479328e+00 2.798224202109615089e+00 1.948915131936840073e+00 2.483074035617907516e+00 1.227459942851625074e+00
1.054954038093973923e+00 2.778250281964461443e+00 1.961406014114190022e+00 2.458079962724349254e+00 1.220639911278388112e+00
1.075089480529931141e+00 2.730550564132337321e+00 1.968166978413291579e+00 2.438379313244248170e+00 1.212501063556163272e+00
1.075898947680485662e+00 2.680466074413133004e+00 1.955361376201925516e+00 2.430427955970339671e+00 1.192531090022896034e+00
1.075556072216263370e+00 2.643897797377703807e+00 1.948369365904763173e+00 2.417022541741579378e+00 1.158913995685701970e+00
1.078801623628952377e+00 2.624125904917538499e+00 1.977178156530755793e+00 2.407319819634169633e+00 1.156125940916582495e+00
1.082682165113326267e+00 2.612132054416510307e+00 2.005685646767993546e+00 2.400314233021440202e+00 1.171576610458187950e+00
1.093428290735454222e+00 2.582177386142881392e+00 2.022608219121762030e+00 2.377178016016807671e+00 1.192379828522637908e+00
1.120069091834820396e+00 2.553381455218913132e+00 2.031230650353154310e+00 2.350235915841145662e+00 1.199548867538397845e+00
1.152722095911016709e+00 2.533868607314333943e+00 2.042298339993266154e+00 2.330357023814842332e+00 1.200943493565890030e+00
1.185422390252760083e+00 2.517975595612219397e+00 2.056619928667615671e+00 2.314478907816140296e+00 1.202977655190730299e+00
1.217356219648338733e+00 2.505100170475135446e+00 2.072875305541800550e+00 2.299307665574626292e+00 1.203667075467715009e+00
1.247052670382813533e+00 2.493422779774968401e+00 2.090893243422849768e+00 2.282012417428700868e+00 1.202809476163116731e+00
1.267300441641861841e+00 2.465216070536714987e+00 2.106516941557311728e+00 2.259405952389562433e+00 1.216215292568578521e+00
1.270851574003692974e+00 2.431301825447163889e+00 2.107098107980853730e+00 2.247327653724269680e+00 1.252688813872419038e+00
1.271414305330918371e+00 2.416236848991778263e+00 2.105595349544232775e+00 2.247939132289324071e+00 1.296038177132334823e+00
1.272053439624190929e+00 2.412373911765509860e+00 2.115396358111508945e+00 2.246176667175840080e+00 1.338370884928310911e+00
1.271234153838345815e+00 2.405963388773134870e+00 2.129956267283788840e+00 2.232490390076765419e+00 1.375877975385548124e+00
1.268079275964618446e+00 2.391714512664127490e+00 2.140303662708412880e+00 2.213076171305132345e+00 1.413127081297502530e+00
1.262787823371397167e+00 2.368109265367608351e+00 2.149091203117260651e+00 2.197061784275300855e+00 1.449936636712367832e+00
1.260294105841643919e+00 2.327614847173956392e+00 2.152855171040359394e+00 2.181726933597886386e+00 1.482058946835835611e+00
1.268372879113610407e+00 2.295719709098491990e+00 2.157592925648360804e+00 2.155043945868908128e+00 1.511317171749309907e+00
1.270125623615443677e+00 2.259846289749785520e+00 2.159310188106259076e+00 2.135073647364581273e+00 1.544262595779259506e+00
1.269135514504265982e+00 2.221895879630292558e+00 2.146509116845419562e+00 2.137868917158237014e+00 1.575313264921585521e+00
1.275509694262966676e+00 2.193446487539319367e+00 2.146795799804879223e+00 2.176764970983837699e+00 1.594618999076837795e+00
1.300000000000000044e+00 2.169999999999999929e+00 2.154999999999999805e+00 2.209999999999999964e+00 1.600000000000000089e+00
