8.699999999999999956e-01 2.740000000000000213e+00 1.850000000000000089e+00 2.629999999999999893e+00 1.350000000000000089e+00
9.015388387759476485e-01 2.774532932730079615e+00 1.882866048432847883e+00 2.609996314088092628e+00 1.364094939016729180e+00
9.325644866698282742e-01 2.794872544926290114e+00 1.924096929346953200e+00 2.593044574248258183e+00 1.372731366770844508e+00
9.484713842373772019e-01 2.823390982097454760e+00 1.945762551691897713e+00 2.584701147908900598e+00 1.334891847319366942e+00
9.538728658158208695e-01 2.799902186362809076e+00 1.937754279372952526e+00 2.577005751571134429e+00 1.287364966810339961e+00
9.653393376162867634e-01 2.749776509820451409e+00 1.914937283006225455e+00 2.544207896799758117e+00 1.274092293836691647e+00
9.919547798634783531e-01 2.716912213481240457e+00 1.917877467456744478e+00 2.500815295393660875e+00 1.259770956103249295e+00
1.029110367402521486e+00 2.711618267344681144e+00 1.936396529378487719e+00 2.472838323387102299e+00 1.232645264238395821e+00
1.053622284394891029e+00 2.694459776948339158e+00 1.967902019711019967e+00 2.462570273512004082e+00 1.198867036643553652e+00
1.074114657321412425e+00 2.634191018943366824e+00 1.992713916236277694e+00 2.444818633101557559e+00 1.193329077765016955e+00
1.118356703060302770e+00 2.597722734560572899e+00 2.003486358794932976e+00 2.417112411600543798e+00 1.196891586477157876e+00
1.166562393233999018e+00 2.575646088273697121e+00 2.009689402018652871e+00 2.386530446822105578e+00 1.190857292738878304e+00
1.204134832356737572e+00 2.542371762390988721e+00 2.022213225437225592e+00 2.349833439336982632e+00 1.191801895351472629e+00
1.230973177086937653e+00 2.500809337822738954e+00 2.044351829934536902e+00 2.317224394754137773e+00 1.204369046419059286e+00
1.253582251929771907e+00 2.452118191461799768e+00 2.066747828175615087e+00 2.307649594412169769e+00 1.232061529055850757e+00
1.281321048142757046e+00 2.410146400957660973e+00 2.076632442764994035e+00 2.318433423270922500e+00 1.266303144684158832e+00
1.317120631433544631e+00 2.378204549062402862e+00 2.078071322691365630e+00 2.328345804816088105e+00 1.301351653402333941e+00
1.349124680060997283e+00 2.368115941157479920e+00 2.076621669515628987e+00 2.320647295441796931e+00 1.343239536535670409e+00
1.343396804234854081e+00 2.371136369288971757e+00 2.096317801064326858e+00 2.304033142460893302e+00 1.386541866046342220e+00
1.318857909533408979e+00 2.356040364214001315e+00 2.125259664824291406e+00 2.279488865819464305e+00 1.416161570122999480e+00
1.294320961822077010e+00 2.334302378366239772e+00 2.148847241613680570e+00 2.244371308255939113e+00 1.439627367824247717e+00
1.280563605471617405e+00 2.321612318090270133e+00 2.181659310080964254e+00 2.211909491941905337e+00 1.464871902677946647e+00
1.285480355087006421e+00 2.331187992636158501e+00 2.228294364798216520e+00 2.197747186385238916e+00 1.484770067900962331e+00
1.297643371224872499e+00 2.301196547829407635e+00 2.244765318469892357e+00 2.172315932529049309e+00 1.514574016432239878e+00
1.298335770791188892e+00 2.248316422116934721e+00 2.214190391439316841e+00 2.168314483946348403e+00 1.539685440496898483e+00
1.299177005354420267e+00 2.208779451333021004e+00 2.184748188945631053e+00 2.189030914156211427e+00 1.569844633136202816e+00
1.300000000000000044e+00 2.169999999999999929e+00 2.154999999999999805e+00 2.209999999999999964e+00 1.600000000000000089e+00
