8.699999999999999956e-01 2.740000000000000213e+00 1.850000000000000089e+00 2.629999999999999893e+00 1.350000000000000089e+00
9.045734554250591808e-01 2.766267905195666899e+00 1.883343880810130822e+00 2.604098020387479728e+00 1.311231626781910409e+00
9.575506864716715194e-01 2.815427378552187498e+00 1.909875332235665413e+00 2.589121469231089989e+00 1.331535800505507350e+00
9.808835064494014766e-01 2.809497715935121320e+00 1.913478741555383777e+00 2.559045253489055760e+00 1.308120700917627444e+00
9.818747405823071706e-01 2.789570117906630564e+00 1.914105455099597508e+00 2.540568164167571474e+00 1.292367309292301591e+00
9.791301271172492271e-01 2.675757482834813406e+00 1.916970816157120838e+00 2.446301615232356230e+00 1.225916408813538361e+00
1.006527235507841844e+00 2.640470879116477487e+00 1.944276610187120280e+00 2.418605208804078366e+00 1.212832922575147077e+00
1.062002996439538993e+00 2.613561231897175041e+00 1.972606537353090328e+00 2.401240363840018599e+00 1.203950838069603568e+00
1.115539102942058713e+00 2.586408604034775127e+00 1.987963544979064689e+00 2.383910031993010215e+00 1.199496998904192147e+00
1.182228207185893831e+00 2.555461687504212875e+00 2.001917333154581868e+00 2.352330867370856282e+00 1.209052815484515930e+00
1.238681536997750854e+00 2.523616542133115814e+00 2.025093403215590282e+00 2.322439416050662064e+00 1.204941689450351294e+00
1.259540022755637478e+00 2.504626156745571208e+00 2.051551959643834078e+00 2.310732552145987384e+00 1.195391408820106749e+00
1.261130418388707763e+00 2.483590956540635108e+00 2.077997110556678351e+00 2.306155982051204312e+00 1.214034439011066890e+00
1.264735513694028590e+00 2.452848084587154087e+00 2.086361612961594503e+00 2.303202677743886095e+00 1.243361876769262686e+00
1.266463198551862845e+00 2.402349948139415492e+00 2.121019178352768542e+00 2.282814109897898902e+00 1.280629524907506145e+00
1.312266171794338465e+00 2.320093844146640105e+00 2.142921029953612333e+00 2.287990713945839971e+00 1.322771800660108354e+00
1.332305519726241672e+00 2.283761463435300954e+00 2.116351038381642180e+00 2.284897118295402318e+00 1.356705647325431752e+00
1.289787244974403002e+00 2.224687729248596924e+00 2.111912342087438166e+00 2.247016534071432314e+00 1.376247727903775031e+00
1.281271723464362911e+00 2.196436288356179212e+00 2.119925461897507635e+00 2.204669208249258272e+00 1.391993231055476565e+00
1.278515846712362514e+00 2.181597186665221955e+00 2.118718230531126512e+00 2.174362660266405012e+00 1.424695011051971605e+00
1.286997629047808678e+00 2.177577696200350132e+00 2.123697951824556451e+00 2.171096570296041417e+00 1.507626805508145207e+00
1.293048051150465838e+00 2.177326111799273711e+00 2.134553768161888687e+00 2.188400754429673079e+00 1.544650351807073108e+00
1.300000000000000044e+00 2.169999999999999929e+00 2.154999999999999805e+00 2.209999999999999964e+00 1.600000000000000089e+00
