8.699999999999999956e-01 2.740000000000000213e+00 1.850000000000000089e+00 2.629999999999999893e+00 1.350000000000000089e+00
8.944257304144487275e-01 2.755546515808358521e+00 1.868137421782567253e+00 2.626124384809597423e+00 1.352663291432466330e+00
9.172354285770659699e-01 2.772491569603690476e+00 1.886406243471658195e+00 2.617980877495316161e+00 1.355742245175051153e+00
9.404638223026137167e-01 2.796931660835535460e+00 1.899552841179225293e+00 2.604529704992335937e+00 1.354383033325981200e+00
9.603162596856243960e-01 2.805867333117878282e+00 1.895623640970053980e+00 2.583969996466215946e+00 1.335533427188009270e+00
9.627030700543408592e-01 2.792902021423799841e+00 1.883747571768815243e+00 2.564347360925483432e+00 1.311160980172731971e+00
9.660015704359184996e-01 2.758831391569229297e+00 1.880438268666288160e+00 2.542473841210506791e+00 1.294587591531814130e+00
9.812288822473654859e-01 2.747814797525657493e+00 1.891810435510118182e+00 2.519012960125366796e+00 1.280658758915915296e+00
9.993176944167151410e-01 2.750762568720119816e+00 1.906977834264115268e+00 2.498202473041600147e+00 1.268637385723592192e+00
1.016920127853882194e+00 2.753839731394946533e+00 1.922574044213398725e+00 2.478547984685385508e+00 1.254689366724718980e+00
1.033002964841559290e+00 2.754446142524390240e+00 1.938614152235112575e+00 2.460190038849030092e+00 1.238022504510265964e+00
1.047504105542058639e+00 2.754317644967825718e+00 1.956262188701034299e+00 2.442582891630750375e+00 1.221701901012004932e+00
1.061154294233425555e+00 2.762430936787671154e+00 1.976523039002995086e+00 2.423869846931353322e+00 1.220569898918660412e+00
1.072388380581066780e+00 2.750524877299756366e+00 1.960217489934565016e+00 2.412459964866144002e+00 1.220689677393262285e+00
1.076854005020986049e+00 2.709203888031168184e+00 1.953493849016977535e+00 2.404316541943659846e+00 1.205589377873147239e+00
1.077539039484109562e+00 2.667661218433848624e+00 1.970256054321888106e+00 2.396091347484916145e+00 1.205103980718086998e+00
1.086096330350836414e+00 2.638285720423756864e+00 1.988977437305948115e+00 2.382387263599357929e+00 1.199262635908766139e+00
1.104286585087633110e+00 2.617661147260380350e+00 1.999732122792310829e+00 2.362030150866897049e+00 1.186502991703131782e+00
1.128450668983402183e+00 2.600115967582755427e+00 2.008133280700810541e+00 2.342616565448403687e+00 1.178788953054021427e+00
1.155094120931299262e+00 2.584665954003710908e+00 2.018435274320047768e+00 2.326088009915406651e+00 1.176962934728432275e+00
1.181954220415353696e+00 2.570710484677940499e+00 2.030566000162978391e+00 2.311443817792998345e+00 1.177781344808215058e+00
1.207499188866906659e+00 2.556690336908771677e+00 2.044740317611123626e+00 2.297662906721779752e+00 1.180300097998054243e+00
1.229318607041169464e+00 2.538817738936479440e+00 2.060618336937956041e+00 2.283997562427024786e+00 1.187309768474865690e+00
1.244337289611046726e+00 2.507935726326627979e+00 2.070473681438789626e+00 2.270669068627254372e+00 1.204055139876796909e+00
1.250973833715360417e+00 2.468679105174027555e+00 2.070927003301330505e+00 2.264177174722319830e+00 1.227173655258230633e+00
1.257266828419598692e+00 2.436108968360382487e+00 2.077135383028900772e+00 2.266067138034753903e+00 1.253870788886600751e+00
1.263082750121799824e+00 2.425262876981782334e+00 2.088552221972847622e+00 2.274399681537619955e+00 1.284483062953098109e+00
1.264546411484610555e+00 2.425311098386881525e+00 2.101855073101003057e+00 2.281929598091635203e+00 1.315074199934628707e+00
1.268278686180506876e+00 2.398973909170049712e+00 2.113128423324728722e+00 2.282629473708789103e+00 1.342683464453172215e+00
1.273938534617327090e+00 2.358812504694532741e+00 2.118472202841586771e+00 2.277222192072406060e+00 1.364637730107422842e+00
1.276181493743236972e+00 2.328045589808478422e+00 2.126644332515914115e+00 2.262612273549840847e+00 1.387835919703055643e+00
1.272291731836392437e+00 2.321801481982146420e+00 2.138130281494870388e+00 2.240824156066864692e+00 1.412113362497386726e+00
1.265516195764645691e+00 2.315103887248971315e+00 2.141057348966250107e+00 2.220538801451541477e+00 1.440005889134313932e+00
1.262172896645047615e+00 2.280771853569859342e+00 2.135529621248389631e+00 2.213493440125946510e+00 1.464650288293265934e+00
1.274941843215266823e+00 2.261247297901203268e+00 2.148648766188063775e+00 2.207086353430378178e+00 1.489592181639184831e+00
1.292462898703647944e+00 2.240896878112109913e+00 2.145853491218214337e+00 2.199260150445461193e+00 1.516106409672534516e+00
1.292404030360871925e+00 2.204711266788730306e+00 2.136208760470143186e+00 2.197379160491079286e+00 1.539715237958192429e+00
1.295170168873830185e+00 2.178744429641299885e+00 2.141911346240562342e+00 2.199604031944246252e+00 1.570505303495406846e+00
1.300000000000000044e+00 2.169999999999999929e+00 2.154999999999999805e+00 2.209999999999999964e+00 1.600000000000000089e+00
