8.699999999999999956e-01 2.740000000000000213e+00 1.850000000000000089e+00 2.629999999999999893e+00 1.350000000000000089e+00
8.897661344799826511e-01 2.755729824403797323e+00 1.865728479193072165e+00 2.609572752705883403e+00 1.339630935664847255e+00
9.101685967044944592e-01 2.759559439307375683e+00 1.883778843693238780e+00 2.588429878540261520e+00 1.335992402911371890e+00
9.351502005459598754e-01 2.756684194007529065e+00 1.895867211839995070e+00 2.575621263191926857e+00 1.353963342276781168e+00
9.462971886943956079e-01 2.767319437719308439e+00 1.892165193368503751e+00 2.561003207637787327e+00 1.325041252179496087e+00
9.558172762147139068e-01 2.780407472047945916e+00 1.890761888997149365e+00 2.552653359452921045e+00 1.293255467775620060e+00
9.679357343952434967e-01 2.747756741740916109e+00 1.885825449136831811e+00 2.529863488489482393e+00 1.275619570552322335e+00
9.859401830648002463e-01 2.719244431325275269e+00 1.889849328671642681e+00 2.502987575285637423e+00 1.265475922482623083e+00
1.003877604742500429e+00 2.699819717335581348e+00 1.904625470864881320e+00 2.479092352114688591e+00 1.257883395448149644e+00
1.020762129314585209e+00 2.683293790330107065e+00 1.922489314875015953e+00 2.457706704557998556e+00 1.251869091902984676e+00
1.036914970981452910e+00 2.668415078662785600e+00 1.941702087631243856e+00 2.437880412392662066e+00 1.246020896004526035e+00
1.051628070497456324e+00 2.657151232853575351e+00 1.962878169713888399e+00 2.420810854030477355e+00 1.239544938716285127e+00
1.064365026998369990e+00 2.651186466427410071e+00 1.985860411147190696e+00 2.407901943076252937e+00 1.230880399749955334e+00
1.078994976760954350e+00 2.642712592281394546e+00 2.007492529762558320e+00 2.397375317507203896e+00 1.218692691974363029e+00
1.102951396689973107e+00 2.615987753273187444e+00 2.019797671570881192e+00 2.385548181636298892e+00 1.208591356676532724e+00
1.131576281573515974e+00 2.583795614410982378e+00 2.021431820642886290e+00 2.372403103111442313e+00 1.205376869490963232e+00
1.161758893058782549e+00 2.558622490654372417e+00 2.019740471795712367e+00 2.355660116986489250e+00 1.201689271229374523e+00
1.191864912077299721e+00 2.536984528030385988e+00 2.019560498400478910e+00 2.336076513327872917e+00 1.197808056573516078e+00
1.220987333766953231e+00 2.520779772616081438e+00 2.025730111126187172e+00 2.313957945582289621e+00 1.196656502275184941e+00
1.243624418189904990e+00 2.517878774890985660e+00 2.043069010542982067e+00 2.295567469970613672e+00 1.203884712697715464e+00
1.257421726286731989e+00 2.502418407138272904e+00 2.061767128979574260e+00 2.287391259600120463e+00 1.219121108294294542e+00
1.258340903107787900e+00 2.450198778242259401e+00 2.059406056720706424e+00 2.286357275960057667e+00 1.233087029846952731e+00
1.257900338404657425e+00 2.404787691140655603e+00 2.058586806514295375e+00 2.283470875175126036e+00 1.254502908477571399e+00
1.263710669570911493e+00 2.371366646000788503e+00 2.066593993261990114e+00 2.279495086484840449e+00 1.280876177769392665e+00
1.271504364137077348e+00 2.347113923267361457e+00 2.080266089287146958e+00 2.278564600073105684e+00 1.306859172960567195e+00
1.273600737211848521e+00 2.335355381185979962e+00 2.096653057957578170e+00 2.281009316618607841e+00 1.334353289563177336e+00
1.268668799278176662e+00 2.338034922834087315e+00 2.106228448932412789e+00 2.275630209738217502e+00 1.367249680606185791e+00
1.259884475271433990e+00 2.338732154492200621e+00 2.104783096335282710e+00 2.257970305544224399e+00 1.398686843650341904e+00
1.250232225235650141e+00 2.325354680670840057e+00 2.104277208640419783e+00 2.237306567894649767e+00 1.427567159646562445e+00
1.245040536217207006e+00 2.312710734385395206e+00 2.106287857750810399e+00 2.210191419913633215e+00 1.453583123814461420e+00
1.251703348870512933e+00 2.306099634448824265e+00 2.108714087776234258e+00 2.176328531682892642e+00 1.473484332375918138e+00
1.260882465336299552e+00 2.271180358540260791e+00 2.113386965419759900e+00 2.165007326457669912e+00 1.496211691575860536e+00
1.270457958182473979e+00 2.229781333502375507e+00 2.110684117860075037e+00 2.169080914978961605e+00 1.518324367871196179e+00
1.265920135175115036e+00 2.195599448228529482e+00 2.100240661538811171e+00 2.168170723497752750e+00 1.539426514173544813e+00
1.277525466181954616e+00 2.180124937108418592e+00 2.117431479083959012e+00 2.180783965877246544e+00 1.560359743097896601e+00
1.288762733090977441e+00 2.175062468554209261e+00 2.136215739541979630e+00 2.195391982938623254e+00 1.580179871548948345e+00
1.300000000000000044e+00 2.169999999999999929e+00 2.154999999999999805e+00 2.209999999999999964e+00 1.600000000000000089e+00
