8.699999999999999956e-01 2.740000000000000213e+00 1.850000000000000089e+00 2.629999999999999893e+00 1.350000000000000089e+00
8.905734330895127560e-01 2.740241221367513802e+00 1.867842713134643118e+00 2.614852606345323238e+00 1.346868319648877765e+00
9.115532170715830995e-01 2.742181186309734731e+00 1.885328065783112850e+00 2.599697380453211970e+00 1.344120595968827159e+00
9.333351511402575573e-01 2.765605307881531694e+00 1.896629481474424006e+00 2.587341344742694726e+00 1.349344839303605381e+00
9.503828205950478614e-01 2.796889097221918696e+00 1.898544219124633781e+00 2.574385747966935867e+00 1.363474849748508078e+00
9.703910219542368765e-01 2.802388630693118721e+00 1.914948710293750356e+00 2.559313305393138283e+00 1.367661919271078830e+00
9.868874866721984995e-01 2.787104120506975313e+00 1.930632949738157800e+00 2.540762806426781317e+00 1.361070038702247631e+00
1.002575301937795427e+00 2.769170460509873699e+00 1.943474777616349014e+00 2.520762640209419203e+00 1.351016084655302762e+00
1.020291422660201786e+00 2.752272211019055614e+00 1.954213975554834448e+00 2.500418689374958703e+00 1.340890117718774643e+00
1.038294924723717871e+00 2.738227906952777513e+00 1.961640029504612137e+00 2.482297399645120972e+00 1.323337413924559280e+00
1.050911009714465605e+00 2.723931731724329453e+00 1.962565368609919148e+00 2.467571372259097728e+00 1.297255724648175290e+00
1.056055167095987235e+00 2.701445423923668709e+00 1.955613929910735349e+00 2.451487958381692422e+00 1.273574652830092635e+00
1.056560773900773409e+00 2.686293566656935639e+00 1.946843092007821907e+00 2.426876193006708871e+00 1.255791895580276707e+00
1.066337912208171756e+00 2.681782784289389987e+00 1.950766405804742476e+00 2.405550408324755640e+00 1.233126466012308908e+00
1.080706626562889294e+00 2.667362226603449571e+00 1.961510527525792913e+00 2.393120411195336583e+00 1.210231422957346537e+00
1.093287076946951375e+00 2.642404611951726157e+00 1.972348714865117980e+00 2.381544718408721284e+00 1.190159385923279300e+00
1.100253665774864498e+00 2.606665295431835006e+00 1.980582014316566886e+00 2.365581498380771475e+00 1.178754676216202446e+00
1.101051888639125620e+00 2.567549331902966969e+00 1.982636379408046157e+00 2.347933204655536343e+00 1.186722252232087715e+00
1.109598107747612250e+00 2.534594069691174845e+00 1.986547180280437530e+00 2.332802481247185700e+00 1.204408180979168907e+00
1.132004707169983471e+00 2.520727347768141335e+00 2.000212419432043198e+00 2.323383596874373236e+00 1.215266547004823616e+00
1.156762354718584573e+00 2.528257486640544727e+00 2.017530021926011941e+00 2.320372018642308021e+00 1.218671252372671931e+00
1.180947316850381013e+00 2.541576956413324151e+00 2.034801356468127764e+00 2.318491646098876036e+00 1.221590269984360377e+00
1.204177085602325725e+00 2.547697157425078629e+00 2.051242318314207669e+00 2.313585992066527375e+00 1.233309904042559690e+00
1.217699857080456027e+00 2.531930551404016683e+00 2.059853457945911792e+00 2.307377728192935074e+00 1.259075971650659431e+00
1.223849232872789239e+00 2.502017364802219923e+00 2.062955960520529874e+00 2.306243687781822427e+00 1.285589006573206738e+00
1.229563463045801885e+00 2.471413476598838255e+00 2.070977212644262710e+00 2.308375649041558564e+00 1.310285363372846845e+00
1.234811791409566872e+00 2.449651011832858938e+00 2.085724356759707909e+00 2.310221373451964766e+00 1.334934402204769555e+00
1.240332620487323956e+00 2.434406177520769710e+00 2.101215185355798987e+00 2.311125866631542181e+00 1.361432513405014477e+00
1.247683757739693089e+00 2.419375709805847485e+00 2.113516030156144421e+00 2.309768443515738401e+00 1.389884003726190587e+00
1.255214339878069518e+00 2.398710166536460076e+00 2.120977587567594025e+00 2.300965338056697451e+00 1.417343575064760053e+00
1.258208043942391274e+00 2.370591790441847646e+00 2.122655648164683662e+00 2.281799220004934181e+00 1.436558258074235095e+00
1.256511170973461988e+00 2.340847089317247498e+00 2.121064722321109208e+00 2.257293779536364120e+00 1.447302999694325409e+00
1.254695009890598012e+00 2.315773573392885254e+00 2.121516106936330637e+00 2.230292730182724004e+00 1.458170678754745930e+00
1.257825023074909065e+00 2.302461921063551742e+00 2.133856080346386630e+00 2.204723661209719410e+00 1.468873370897910480e+00
1.266594128061432567e+00 2.299748249733397198e+00 2.158607754993206562e+00 2.195437841106721688e+00 1.467258237177707869e+00
1.278251802316462404e+00 2.273716406018801539e+00 2.177668425966710952e+00 2.200327242583512088e+00 1.458541383308588957e+00
1.268018723531147529e+00 2.254543366984746999e+00 2.155332179747637689e+00 2.202125483270242157e+00 1.467957047784927305e+00
1.263532659293648219e+00 2.259141759847592468e+00 2.149610839028628817e+00 2.215738942933139555e+00 1.496588828227251478e+00
1.283515898026936330e+00 2.246433055457766947e+00 2.163312879602842020e+00 2.220529627036306408e+00 1.513930056459079854e+00
1.290800896155353206e+00 2.219618706520832152e+00 2.162333585729221408e+00 2.218333978943940465e+00 1.542116873782580333e+00
1.294449675997667804e+00 2.192860291769804792e+00 2.161184472420358826e+00 2.213677787191470792e+00 1.570796598548735767e+00
1.300000000000000044e+00 2.169999999999999929e+00 2.154999999999999805e+00 2.209999999999999964e+00 1.600000000000000089e+00
