8.699999999999999956e-01 2.740000000000000213e+00 1.850000000000000089e+00 2.629999999999999893e+00 1.350000000000000089e+00
8.861125143228955059e-01 2.764286864341969352e+00 1.858840390156484723e+00 2.626782772725308135e+00 1.331436082977467628e+00
9.022250286457909052e-01 2.788573728683938491e+00 1.867680780312969135e+00 2.623565545450616376e+00 1.312872165954935166e+00
9.184607964069663177e-01 2.811448338617673848e+00 1.876298440246821020e+00 2.618884498943245820e+00 1.293818461850122503e+00
9.377407450384066534e-01 2.828671184045017828e+00 1.881657158356222714e+00 2.602567988867865445e+00 1.279580326148691105e+00
9.484956274748520544e-01 2.820555659723436470e+00 1.877867869381785848e+00 2.600253441990384662e+00 1.300797080136418371e+00
9.538679443061105490e-01 2.790376803839983211e+00 1.874416370213606964e+00 2.580730880100333025e+00 1.288340438084055517e+00
9.606784981563353254e-01 2.781018236084381368e+00 1.882305238672540515e+00 2.557250717341964297e+00 1.271217211281268966e+00
9.705673961481270373e-01 2.777764984396905668e+00 1.893041519733081213e+00 2.535431326126125207e+00 1.255851707632156700e+00
9.826929325143651806e-01 2.776130508201218205e+00 1.905019353211101718e+00 2.515200706488263549e+00 1.241968321783709417e+00
9.957360846229736939e-01 2.775496298603325585e+00 1.917985522715648594e+00 2.496023227546258827e+00 1.229409292337307669e+00
1.008644020672782915e+00 2.776041270271647932e+00 1.931889655469237521e+00 2.477861807869893074e+00 1.217440297844500474e+00
1.020526224301093521e+00 2.778205590315845352e+00 1.947383378189379677e+00 2.461594039013249358e+00 1.205992458815149826e+00
1.031942796268370710e+00 2.775978550777710829e+00 1.963860521383059998e+00 2.446706280480415163e+00 1.196174726567647228e+00
1.045984021337868608e+00 2.751293094091843194e+00 1.975858061449124126e+00 2.429851339519049969e+00 1.191867867596048569e+00
1.061411213082255500e+00 2.720209862890441421e+00 1.985070137430493320e+00 2.414216549041830362e+00 1.192331480169890989e+00
1.078708333207056835e+00 2.696369966380856020e+00 1.996664629799338453e+00 2.399595532569827938e+00 1.191133935472528993e+00
1.094627336472713042e+00 2.666322028329784821e+00 1.997434272753804141e+00 2.380621722131656348e+00 1.185248727036062766e+00
1.099746183909460884e+00 2.627161852617216908e+00 1.987395547742813129e+00 2.367621780915254881e+00 1.185591190872834266e+00
1.113285652821502048e+00 2.584314162657210368e+00 1.992022356615907652e+00 2.361592680437301972e+00 1.191381855252103383e+00
1.135789053515172231e+00 2.555084511029916072e+00 2.000404175454448819e+00 2.358004396188238871e+00 1.193998187120449472e+00
1.161733813884101796e+00 2.531264214928554690e+00 2.006932296342984312e+00 2.354210967322543091e+00 1.194648747461079852e+00
1.187122186056022821e+00 2.512579707862991452e+00 2.016585994405589943e+00 2.349413588036412204e+00 1.195929434964004612e+00
1.207930486726117136e+00 2.500968973411439755e+00 2.031070171835664961e+00 2.340256413693618587e+00 1.198827505381660607e+00
1.223933430419946955e+00 2.491623873986041460e+00 2.045488171703114588e+00 2.322397371091963425e+00 1.198615978263975590e+00
1.239488323153037364e+00 2.514336375805783952e+00 2.053280542806613429e+00 2.314834387239078861e+00 1.216893748336499215e+00
1.245974340748757569e+00 2.500123281112474949e+00 2.060950064661387859e+00 2.302389241703063583e+00 1.240921515040475098e+00
1.247720219766754735e+00 2.470454817726629670e+00 2.063069251396267845e+00 2.293220482936848992e+00 1.264863698512851631e+00
1.248399089971699460e+00 2.444083396130653174e+00 2.068434162810935284e+00 2.287545218818479942e+00 1.290238321915715636e+00
1.248867763590993718e+00 2.419994851273843839e+00 2.077092784534646963e+00 2.282620858685174614e+00 1.314837186342522113e+00
1.249068581857118110e+00 2.393941684238368950e+00 2.086427915561592350e+00 2.277290362097661891e+00 1.338075102342511258e+00
1.249022858606657849e+00 2.365646851689904295e+00 2.095197308666850056e+00 2.270567387633524170e+00 1.360439689135880759e+00
1.248595663803989453e+00 2.338989755636631696e+00 2.103958507424394497e+00 2.261247107012064994e+00 1.382707544038178638e+00
1.247691133899909266e+00 2.315921491037554070e+00 2.111883201114591824e+00 2.247758080238867695e+00 1.405136011814390518e+00
1.247266884880110727e+00 2.293554106109553015e+00 2.115128304063756737e+00 2.229736258629838375e+00 1.427370891450773005e+00
1.249336010102183980e+00 2.271137422172337939e+00 2.113018593643980481e+00 2.211274362722049247e+00 1.449473173450203767e+00
1.256912462560681121e+00 2.246065176534724372e+00 2.111377046906513844e+00 2.200052248247789333e+00 1.473146702348188120e+00
1.269742878082032567e+00 2.221139271598745690e+00 2.116656738574476115e+00 2.201544400178303551e+00 1.496246850205763756e+00
1.277735005744856656e+00 2.202248876233865005e+00 2.123399653729805436e+00 2.200398886843288437e+00 1.522739371708541345e+00
1.285506890868627128e+00 2.190593308593729915e+00 2.133249897671883666e+00 2.202987242326842399e+00 1.548860071303711283e+00
1.292753445434313475e+00 2.180296654296864922e+00 2.144124948835941957e+00 2.206493621163421182e+00 1.574430035651855686e+00
1.300000000000000044e+00 2.169999999999999929e+00 2.154999999999999805e+00 2.209999999999999964e+00 1.600000000000000089e+00
