8.699999999999999956e-01 2.740000000000000213e+00 1.850000000000000089e+00 2.629999999999999893e+00 1.350000000000000089e+00
8.854188470607440298e-01 2.744769712027761432e+00 1.865184806367305104e+00 2.618273347629162640e+00 1.329526751521136418e+00
9.017339078024581012e-01 2.749654853957070877e+00 1.879309336757640336e+00 2.608458867604908082e+00 1.307780307271639186e+00
9.226595136633093386e-01 2.751789751028384412e+00 1.882450250051117546e+00 2.604933889660724589e+00 1.282373512255069237e+00
9.466018724948381813e-01 2.772186611092300801e+00 1.892962737905802939e+00 2.596907168179766412e+00 1.270480860501165710e+00
9.526094245165500629e-01 2.758169075943698534e+00 1.883070435971315737e+00 2.580542675002690522e+00 1.288209382899130784e+00
9.695646435014293463e-01 2.787775418957465057e+00 1.875842544688656410e+00 2.563275578889331108e+00 1.296097823238944624e+00
9.841756397930443434e-01 2.808528069205257438e+00 1.893211891398192348e+00 2.550032566804056433e+00 1.285337092070958143e+00
1.000101405246042408e+00 2.805647719930298045e+00 1.912514998629347263e+00 2.536114014956741158e+00 1.273003584443403557e+00
1.017568716407938556e+00 2.793685799526612001e+00 1.929920772541812823e+00 2.521109070441942546e+00 1.261485269067017523e+00
1.035070429883483856e+00 2.779710394872419332e+00 1.946268599262235277e+00 2.505643475219421656e+00 1.249207946646079481e+00
1.050761519058292848e+00 2.766646453110662485e+00 1.962441025888694845e+00 2.489415666598726595e+00 1.235012228995813643e+00
1.060096060439299270e+00 2.751898624688468242e+00 1.978597308837906965e+00 2.469397267943388208e+00 1.220535824256582469e+00
1.063167455541399242e+00 2.732291540044731626e+00 1.992452866577610671e+00 2.444008257914806581e+00 1.210469745568235167e+00
1.067351679576428847e+00 2.709961218749235456e+00 2.002801495180134950e+00 2.415559216258217567e+00 1.205146828064839637e+00
1.077239859965571922e+00 2.687294416759628657e+00 2.012435018892287708e+00 2.387919755075854411e+00 1.202100847565901631e+00
1.090927942945359108e+00 2.663118167578938600e+00 2.025005974467328329e+00 2.364699096250052701e+00 1.202398200580707677e+00
1.105273073691257935e+00 2.636143267144539504e+00 2.040356239559428797e+00 2.347896538489753215e+00 1.208458603253895314e+00
1.120983868851452181e+00 2.607335328362539784e+00 2.055485841990625673e+00 2.336405102887740615e+00 1.218803579291892092e+00
1.140757321623099285e+00 2.578656776179398147e+00 2.068932617235117455e+00 2.328608991916292670e+00 1.229296835495941265e+00
1.164484005658145360e+00 2.550832423350944289e+00 2.081121651376525605e+00 2.324554653760578571e+00 1.236725238655654646e+00
1.185556604035334916e+00 2.517891647132180388e+00 2.093008097169074322e+00 2.329284835392423147e+00 1.241739229855336468e+00
1.165162380994719360e+00 2.532306624192026678e+00 2.085179589028263614e+00 2.344919964613871866e+00 1.252085141192096795e+00
1.170559287450581465e+00 2.530166183528913759e+00 2.076537381364648827e+00 2.348797492105629825e+00 1.279712223478293609e+00
1.191226689335952216e+00 2.495851224153266656e+00 2.075508035429450171e+00 2.338006487663976785e+00 1.292072260515725546e+00
1.211694169192740311e+00 2.458597971640433144e+00 2.072976203482780111e+00 2.323886012381259025e+00 1.293804845677150039e+00
1.232856704856076568e+00 2.439179353530100069e+00 2.066550445538310576e+00 2.307882295394913186e+00 1.277597764995923368e+00
1.251574316861929548e+00 2.426079472291326589e+00 2.075032018019789426e+00 2.293939745292751908e+00 1.290955695244613510e+00
1.254438797819361628e+00 2.411566126134526478e+00 2.077219839361731601e+00 2.292277894701291174e+00 1.322467175104606429e+00
1.256734381339472240e+00 2.396928150516166145e+00 2.078022425897954939e+00 2.289721572007327399e+00 1.353834331030453253e+00
1.260445657927526941e+00 2.379950822472540306e+00 2.086280235107982772e+00 2.282572238686138011e+00 1.382228564696851070e+00
1.263897331589751039e+00 2.362897343277469364e+00 2.101344238872340231e+00 2.271552701152186327e+00 1.405426496262622837e+00
1.263887313202054719e+00 2.348378763435228667e+00 2.114012203086818698e+00 2.260789822404003502e+00 1.431490765314693103e+00
1.262138976123758916e+00 2.334689299440964927e+00 2.122836664587385513e+00 2.244473638917223290e+00 1.456760812201565614e+00
1.260461635151589821e+00 2.304108705753138420e+00 2.116384717188483755e+00 2.220620539942605109e+00 1.469282085537658711e+00
1.263057038314834513e+00 2.273656697263052973e+00 2.094148579029162072e+00 2.217178955326733369e+00 1.473747787332558623e+00
1.256425794787650485e+00 2.242182242518884205e+00 2.094610658791646429e+00 2.209648499844976577e+00 1.492540535813755120e+00
1.252897346973457671e+00 2.237783380572949454e+00 2.119775854765221013e+00 2.204217717858468539e+00 1.503266104881476828e+00
1.255652638160009937e+00 2.233643447253653491e+00 2.140297138616386263e+00 2.204190576858685358e+00 1.524333307485995936e+00
1.265902027070547886e+00 2.215197185267472335e+00 2.151744868508188802e+00 2.206268216634538426e+00 1.550061194278475440e+00
1.282164409735960353e+00 2.192455467657483226e+00 2.153988954705926329e+00 2.210452710196392001e+00 1.575249013470077397e+00
1.300000000000000044e+00 2.169999999999999929e+00 2.154999999999999805e+00 2.209999999999999964e+00 1.600000000000000089e+00
