8.699999999999999956e-01 2.740000000000000213e+00 1.850000000000000089e+00 2.629999999999999893e+00 1.350000000000000089e+00
8.983806402983419703e-01 2.747468315835257080e+00 1.850522068137385068e+00 2.598886640953554927e+00 1.367296584704582818e+00
9.225303361825224480e-01 2.751196711748996826e+00 1.871319230638051279e+00 2.579044609522147979e+00 1.359043366984201695e+00
9.386748681114884807e-01 2.767317364518848244e+00 1.888763004625766406e+00 2.574015086574124478e+00 1.331232300766574728e+00
9.524373510261489040e-01 2.804237110117734133e+00 1.908970812312556387e+00 2.565759363133896187e+00 1.315619016297344235e+00
9.743646241530720120e-01 2.801303554472922119e+00 1.906429379079009889e+00 2.538819675492450578e+00 1.291619084496210323e+00
9.876433870357190781e-01 2.777384112337489164e+00 1.923450069839738319e+00 2.520333382713340065e+00 1.267495481089824017e+00
1.005643231912741964e+00 2.757575631615145628e+00 1.942704493391314013e+00 2.498853997833922591e+00 1.250531111611175472e+00
1.027295161421999392e+00 2.738295469390866099e+00 1.960478954479864422e+00 2.474465990246003333e+00 1.237360543765910315e+00
1.050274056331448325e+00 2.709925250133099262e+00 1.974915628484750441e+00 2.446485126414877698e+00 1.231727924484560921e+00
1.067371941233890675e+00 2.679190772975224011e+00 1.971352735289693126e+00 2.422188108456638567e+00 1.241960658071770585e+00
1.081595139940193295e+00 2.645524989074804711e+00 1.993215897737566911e+00 2.411530754980177882e+00 1.229368808738607877e+00
1.099567589611722074e+00 2.605769282460342229e+00 2.009426390625931091e+00 2.394281838579575883e+00 1.216982877969577492e+00
1.125995308918510851e+00 2.580822887053388470e+00 2.023560016106178416e+00 2.370809942435290640e+00 1.206596675479364444e+00
1.157249628108280470e+00 2.562787079804105250e+00 2.037013749817385033e+00 2.347619228065294106e+00 1.203612760719071417e+00
1.189015607763638016e+00 2.541906786695411480e+00 2.050618306378640288e+00 2.327024953543578079e+00 1.206933618510567241e+00
1.218799567219819302e+00 2.514785351058999030e+00 2.064024109018493647e+00 2.307887647465871606e+00 1.215058361237725482e+00
1.243133115364678520e+00 2.472756158885088151e+00 2.073030938679422785e+00 2.292078653874045635e+00 1.230107289721505737e+00
1.257811237510470859e+00 2.417683571436231915e+00 2.070996835229525601e+00 2.286005714704745007e+00 1.249903248109359710e+00
1.265094074437304705e+00 2.367698527369223704e+00 2.063907067482428470e+00 2.286172355574696446e+00 1.275826880060846769e+00
1.265710098170204079e+00 2.344579380721680373e+00 2.070912257878202212e+00 2.278939982096799266e+00 1.312138698121418035e+00
1.261918087273347755e+00 2.338362715284886484e+00 2.086888479475037528e+00 2.268988823548790279e+00 1.345639067662802502e+00
1.253080767474650914e+00 2.308183643158137954e+00 2.077452403216612176e+00 2.278446270538370566e+00 1.375828776684281607e+00
1.244468293768942413e+00 2.277919628315512313e+00 2.052441840148688357e+00 2.290546796153795750e+00 1.377619897887093270e+00
1.241853363625571749e+00 2.276427243652029642e+00 2.036563505361007831e+00 2.289295213987471378e+00 1.346675073717545690e+00
1.248869165659602709e+00 2.307116630887096065e+00 2.052664819040564304e+00 2.272155895693076300e+00 1.322724406334169878e+00
1.256229204210292494e+00 2.327951464883101007e+00 2.077756703143172512e+00 2.254778244670727183e+00 1.331185361548570478e+00
1.262046730659505345e+00 2.332256011195166678e+00 2.096714039796526041e+00 2.242289406236162908e+00 1.361054793133965379e+00
1.268452846196410189e+00 2.333029251878083077e+00 2.109880243951970602e+00 2.229665882732093429e+00 1.396131981018357449e+00
1.272560936493358108e+00 2.333362368480774940e+00 2.119583592008495998e+00 2.218981142054416544e+00 1.433776602208287620e+00
1.270995320155045905e+00 2.318369051986871376e+00 2.122186072845796634e+00 2.200326959660665604e+00 1.470132210454006660e+00
1.269413559754286380e+00 2.286645939200845135e+00 2.117365888218018188e+00 2.169394017724588064e+00 1.494633504434629279e+00
1.272788019729524045e+00 2.264982414131073263e+00 2.122659641537513409e+00 2.159460421113138295e+00 1.531661219783083006e+00
1.273651150284200062e+00 2.230274678178487235e+00 2.131095593415168299e+00 2.169777140441437435e+00 1.564169781252588765e+00
1.279888287461337759e+00 2.177682324805937597e+00 2.139462045937892132e+00 2.178269394121443270e+00 1.585797059494640671e+00
1.300000000000000044e+00 2.169999999999999929e+00 2.154999999999999805e+00 2.209999999999999964e+00 1.600000000000000089e+00
