8.699999999999999956e-01 2.740000000000000213e+00 1.850000000000000089e+00 2.629999999999999893e+00 1.350000000000000089e+00
8.886466025549998315e-01 2.725771159994043735e+00 1.858695549515713807e+00 2.616006257777119259e+00 1.329377266974280714e+00
9.092781673339420667e-01 2.716016287222331016e+00 1.865717925778806130e+00 2.604499743341345930e+00 1.307026119356842875e+00
9.274535710222291396e-01 2.723387791628320898e+00 1.878395637230696469e+00 2.598221919092758458e+00 1.285424534580592359e+00
9.434744802589883905e-01 2.764525662661310168e+00 1.889244117259437639e+00 2.594313310081057367e+00 1.276508113444332793e+00
9.582066127045111292e-01 2.809445764443779581e+00 1.898121970677375314e+00 2.583789558316130552e+00 1.281540917849683048e+00
9.718773270845457724e-01 2.842329306063489103e+00 1.911933026767784538e+00 2.569472084477050000e+00 1.288056890142959876e+00
9.843722006094787202e-01 2.886834429063860341e+00 1.912661228982243777e+00 2.563192070484110019e+00 1.304148210489966875e+00
9.968992595126991985e-01 2.854434556283776736e+00 1.912953485495137551e+00 2.549457509464779115e+00 1.288823666883650576e+00
1.011662034362334150e+00 2.822385992707534097e+00 1.918939924763478855e+00 2.532574514194914528e+00 1.272546928313776915e+00
1.026851679308067533e+00 2.792616383364304511e+00 1.926156747424560889e+00 2.515050658171538167e+00 1.256636723154573865e+00
1.041886857297484648e+00 2.763561224502547375e+00 1.934425764300274242e+00 2.497299828997469273e+00 1.241485514502804310e+00
1.056072124288277791e+00 2.736589277707090151e+00 1.946116930285476387e+00 2.479521952495686854e+00 1.229481601061126694e+00
1.066161975152257746e+00 2.720010683026127474e+00 1.963554820562195102e+00 2.462639825869451293e+00 1.221905897951063968e+00
1.066446710155786626e+00 2.716530426796674558e+00 1.983403705128521599e+00 2.446760417446723235e+00 1.212306649941932823e+00
1.062791751681943175e+00 2.712791084211156445e+00 2.001243799219651898e+00 2.427336777750158880e+00 1.200817537807610691e+00
1.063201393579171983e+00 2.700974526103463891e+00 2.016469917767322872e+00 2.403213309044469170e+00 1.193957657725292831e+00
1.068877999176199411e+00 2.677870956381534384e+00 2.030316456940539638e+00 2.379772285462470105e+00 1.194692343789620637e+00
1.079354392225296611e+00 2.642660595444312754e+00 2.042640515911577470e+00 2.362847823304151884e+00 1.201048044439178009e+00
1.095777526751534836e+00 2.599097949878475866e+00 2.048053261275966541e+00 2.353381210591241945e+00 1.210353241616847431e+00
1.110000342110455840e+00 2.569980252821442157e+00 2.036297332801358717e+00 2.343385460956352695e+00 1.219403006813840840e+00
1.127655073491976800e+00 2.563106382963794783e+00 2.038649488500314355e+00 2.356132011133167392e+00 1.223877894369373331e+00
1.133857858863948298e+00 2.594627518670478583e+00 2.049770173559191111e+00 2.358823179732848718e+00 1.200899880798109498e+00
1.151486166675827150e+00 2.609262166840952357e+00 2.065827971818108288e+00 2.351132570219014450e+00 1.193476603564696870e+00
1.175232982601619680e+00 2.585818806229474021e+00 2.069312292572761613e+00 2.337459013867772217e+00 1.208302639197159634e+00
1.195286375932612666e+00 2.555833607060912449e+00 2.068341001660619849e+00 2.325209443850767332e+00 1.226764700677457132e+00
1.216206266852007500e+00 2.527221795182927444e+00 2.070469458334515345e+00 2.313289818956112853e+00 1.244953391745984961e+00
1.237349903385513317e+00 2.501751619342358346e+00 2.079845026032850708e+00 2.305798389566678708e+00 1.262206322885318643e+00
1.250486051900393969e+00 2.479799818889753205e+00 2.095531715020348518e+00 2.313185916345093851e+00 1.279685044019730489e+00
1.248117526903970376e+00 2.457414693324101673e+00 2.103564999486180920e+00 2.320358498791357693e+00 1.308554431302256793e+00
1.249175460038694396e+00 2.429738382985891842e+00 2.102715216729300618e+00 2.314242841564181585e+00 1.338512821193703184e+00
1.260624530785554587e+00 2.397560711572991110e+00 2.099210470213111801e+00 2.299676233166179529e+00 1.360205413605058755e+00
1.273129971851313158e+00 2.375121324219438890e+00 2.104263446443640717e+00 2.283207894797695037e+00 1.383239747289822574e+00
1.274770521183100858e+00 2.357567719128824901e+00 2.116343408360624068e+00 2.261760228355562674e+00 1.400570019451335524e+00
1.272898633651649458e+00 2.334163761197208142e+00 2.127058076270662568e+00 2.241978327297198259e+00 1.420019748653905900e+00
1.271354710622780937e+00 2.303272567725409115e+00 2.130540620886657077e+00 2.229652860032409922e+00 1.446211568555571869e+00
1.268151397548032966e+00 2.273819267303820446e+00 2.128126265889383362e+00 2.224074667719939669e+00 1.475525514330999544e+00
1.263261615543837868e+00 2.257316506536529488e+00 2.126217421371176641e+00 2.220137101976884964e+00 1.508127091330387914e+00
1.261370875818229598e+00 2.243605458220645499e+00 2.117831398979742819e+00 2.220474898313465673e+00 1.536167266714875357e+00
1.276998915176267069e+00 2.218291400920353595e+00 2.133291427679553820e+00 2.221903119106268143e+00 1.551690624853434120e+00
1.289436537424313967e+00 2.196895166280217193e+00 2.143311636329820580e+00 2.219171267465366970e+00 1.577858270987761546e+00
1.300000000000000044e+00 2.169999999999999929e+00 2.154999999999999805e+00 2.209999999999999964e+00 1.600000000000000089e+00
