8.699999999999999956e-01 2.740000000000000213e+00 1.850000000000000089e+00 2.629999999999999893e+00 1.350000000000000089e+00
8.989194685964708720e-01 2.751911971171651761e+00 1.856078967190163631e+00 2.618288321622996406e+00 1.337845863115604050e+00
9.250028111041371792e-01 2.758289027929729187e+00 1.863217130118578257e+00 2.598108532525682524e+00 1.328276566214749987e+00
9.524989622497065378e-01 2.762520049339808992e+00 1.873559498081798225e+00 2.580524490420728956e+00 1.331700402308457765e+00
9.724498174913620563e-01 2.763712737278232634e+00 1.874266565372465720e+00 2.589850010802812630e+00 1.314103907325736564e+00
9.691314733578250129e-01 2.742341559732873968e+00 1.857362455285840763e+00 2.590959157645902788e+00 1.327970671907286793e+00
9.734578886129620079e-01 2.713753617036426924e+00 1.863070882061985678e+00 2.566584322419273700e+00 1.313191806582341359e+00
9.800801716979413714e-01 2.700251176178764645e+00 1.870500308795224553e+00 2.545093982744971672e+00 1.288891027335912653e+00
9.899940049334771119e-01 2.681848513170465242e+00 1.874787665478034882e+00 2.520947187873082473e+00 1.269040893441010009e+00
1.003798592511245813e+00 2.679042276241334175e+00 1.891639991315543501e+00 2.502348462062057965e+00 1.252368284687502387e+00
1.017681798359227674e+00 2.677399469926287967e+00 1.909152593829674727e+00 2.484392459200030601e+00 1.236158912547271838e+00
1.031563974200109257e+00 2.676846577141355876e+00 1.927016715833190119e+00 2.466328094437589602e+00 1.220629649828668617e+00
1.045429361364674126e+00 2.678032827597988330e+00 1.945629061128108850e+00 2.447446753161182986e+00 1.207482674476483053e+00
1.056951998685171423e+00 2.685409435331238548e+00 1.964898374374934864e+00 2.424199730535093522e+00 1.205347110575392122e+00
1.061645646428097445e+00 2.703784843897187873e+00 1.984213408663197287e+00 2.414433169508449328e+00 1.223059952853063681e+00
1.073777249691115987e+00 2.684883135315254243e+00 2.006955066041232971e+00 2.412163573941717321e+00 1.232497603157146626e+00
1.084799027336041499e+00 2.644209653319348874e+00 2.019454764397721647e+00 2.402199068778954949e+00 1.236408438569217338e+00
1.088232655301231588e+00 2.634932530261714145e+00 2.016033613860827689e+00 2.386226909867338986e+00 1.221039019650850710e+00
1.096947697134093014e+00 2.622903494585745676e+00 2.040630798633800147e+00 2.374479677077786732e+00 1.220428190605828078e+00
1.109722935946965361e+00 2.611825991239526523e+00 2.061421938925528607e+00 2.359313212030211382e+00 1.221213899656730550e+00
1.136671342719308919e+00 2.593716115590225968e+00 2.067465040511238694e+00 2.341808028366080041e+00 1.221136707270707777e+00
1.165644800568810924e+00 2.573123627795935509e+00 2.064897962809055798e+00 2.327324718525951575e+00 1.221849345311044832e+00
1.193848990733490822e+00 2.552099351878332811e+00 2.062430002730530010e+00 2.313320695861326826e+00 1.228185012220885053e+00
1.218851824971159292e+00 2.531071858443120881e+00 2.063246930446780425e+00 2.299281251864772724e+00 1.242977461754928292e+00
1.240236524148773167e+00 2.507176784761543153e+00 2.070830385759035774e+00 2.286582473200275079e+00 1.256340999998330155e+00
1.253546846693464278e+00 2.485732898193696361e+00 2.083762977280665396e+00 2.281989601855353822e+00 1.235960165656206478e+00
1.265862581391362207e+00 2.445388928065605150e+00 2.080710171553512122e+00 2.269187084684038069e+00 1.248299937244029323e+00
1.268046602910958276e+00 2.409277205821971357e+00 2.073578971165280560e+00 2.267990190050082955e+00 1.271417327643387329e+00
1.269228540937491267e+00 2.377036937747897927e+00 2.070939289758184643e+00 2.272250448576086601e+00 1.298101011578342234e+00
1.269061200140862322e+00 2.350628330766634910e+00 2.071786487270684596e+00 2.273294838005028407e+00 1.327929420979063080e+00
1.265126771049732035e+00 2.341674515155328429e+00 2.083436359022503126e+00 2.259858157746947871e+00 1.355534702538575331e+00
1.259627363756757434e+00 2.339241490956476266e+00 2.092699014755543541e+00 2.240514347182878563e+00 1.382366851808570773e+00
1.256682121817626285e+00 2.340586567114646854e+00 2.099055030346645534e+00 2.223120791663907525e+00 1.411927773738491654e+00
1.256640981534824064e+00 2.340133377695743810e+00 2.104829011811907957e+00 2.208195626434577896e+00 1.442949636216885878e+00
1.259300224227792864e+00 2.323648510690356606e+00 2.113278852115286544e+00 2.192831773264321882e+00 1.470237397987134598e+00
1.263996376661413956e+00 2.289680522877055147e+00 2.128572278475458823e+00 2.181423103992004453e+00 1.482707775279891393e+00
1.270535954438283266e+00 2.261560621973141227e+00 2.148767620251510913e+00 2.187062032178339166e+00 1.490650280848794473e+00
1.280475516068373842e+00 2.253080516757611118e+00 2.154322688137622510e+00 2.205324546029558075e+00 1.517089355786092719e+00
1.287134807501194356e+00 2.234335388839316039e+00 2.154765776401459831e+00 2.203202578379660714e+00 1.548475960924158068e+00
1.292345629486608694e+00 2.200809134334125172e+00 2.151047236402554130e+00 2.206107670410015320e+00 1.573820325309443824e+00
1.300000000000000044e+00 2.169999999999999929e+00 2.154999999999999805e+00 2.209999999999999964e+00 1.600000000000000089e+00
