8.699999999999999956e-01 2.740000000000000213e+00 1.850000000000000089e+00 2.629999999999999893e+00 1.350000000000000089e+00
8.977285299771415872e-01 2.779486177183118301e+00 1.863966045996287235e+00 2.605390469278356935e+00 1.317434065603405369e+00
9.456814423798780567e-01 2.780441122948575483e+00 1.881376671065482231e+00 2.575148970967412243e+00 1.314620025027304795e+00
9.563685335424790823e-01 2.715908967430234799e+00 1.896804621357094822e+00 2.574446554119584452e+00 1.286493548457790403e+00
9.675098104022091805e-01 2.755023549321477638e+00 1.889362442293586630e+00 2.565688760235666166e+00 1.247251550691507616e+00
9.931624609201641363e-01 2.738052789286910205e+00 1.904215377861974590e+00 2.516605288751335046e+00 1.236696795294480733e+00
1.014141902403345563e+00 2.698045087979762613e+00 1.923207336148021529e+00 2.472884181951898519e+00 1.233617047968840863e+00
1.035121343886527212e+00 2.658037386672614577e+00 1.942199294434068246e+00 2.429163075152461548e+00 1.230537300643200993e+00
1.056100785369708639e+00 2.618029685365466541e+00 1.961191252720114742e+00 2.385441968353025022e+00 1.227457553317561123e+00
1.106290874773055544e+00 2.583431466851571656e+00 1.964116231450269812e+00 2.401228757249278534e+00 1.225877872365491728e+00
1.160948600758866522e+00 2.594977300890355387e+00 1.957610563388571645e+00 2.383269548889604739e+00 1.208045962800184947e+00
1.201435481379784731e+00 2.611319862090687227e+00 1.985862384662466340e+00 2.367640299455902486e+00 1.189637256471973492e+00
1.209689917728679731e+00 2.570056504376461604e+00 2.019620461363528463e+00 2.345116318812909384e+00 1.197834259754801511e+00
1.229335762346360550e+00 2.508992566924365786e+00 2.042660699095687260e+00 2.328627979835761863e+00 1.215096225164668864e+00
1.254546610791078765e+00 2.459576239390228736e+00 2.067417197125239525e+00 2.311347783414973822e+00 1.237937683128815802e+00
1.287165125216541028e+00 2.407378349541990037e+00 2.075046713277471255e+00 2.294258883197035193e+00 1.264544965691887679e+00
1.321842836369010232e+00 2.365307681178890675e+00 2.092443400082044658e+00 2.294030289771874287e+00 1.294555812827524521e+00
1.339715155797802648e+00 2.337430881368640634e+00 2.095735949538770626e+00 2.299925097330430379e+00 1.341719040086399639e+00
1.334590743501234522e+00 2.334858449453590890e+00 2.096958741522409575e+00 2.304887076815686608e+00 1.395790620957358286e+00
1.314691383304928740e+00 2.354847580196979262e+00 2.119118104565775873e+00 2.293448854836664275e+00 1.436999022285128991e+00
1.295137703675832253e+00 2.370473897062818747e+00 2.152587106615233559e+00 2.258039567666314973e+00 1.450071193303420269e+00
1.277809694722238154e+00 2.369395736070821989e+00 2.183299919337592598e+00 2.216980900120872455e+00 1.464947850885167879e+00
1.276984203536961404e+00 2.323636583229847119e+00 2.198821055337323305e+00 2.186012591662297222e+00 1.494940957867344711e+00
1.284363817055953927e+00 2.274646188197945840e+00 2.202555855386127526e+00 2.209926708051830779e+00 1.531705395892565491e+00
1.292082860258087385e+00 2.222179306592717563e+00 2.179215773653814470e+00 2.210504753650532450e+00 1.566159197643450574e+00
1.300000000000000044e+00 2.169999999999999929e+00 2.154999999999999805e+00 2.209999999999999964e+00 1.600000000000000089e+00
