8.699999999999999956e-01 2.740000000000000213e+00 1.850000000000000089e+00 2.629999999999999893e+00 1.350000000000000089e+00
8.987112471815537074e-01 2.744713211254616425e+00 1.871904151757056489e+00 2.607494811069938301e+00 1.342685819269044512e+00
9.219819642169772012e-01 2.772729387983880134e+00 1.895758390687695583e+00 2.596624646826624527e+00 1.334996989890957053e+00
9.427516347244481176e-01 2.803695119705032823e+00 1.920386703543819795e+00 2.587585047466885335e+00 1.328818543574879385e+00
9.640292810203091589e-01 2.812960322630359666e+00 1.933174438493897807e+00 2.571662646046131151e+00 1.296840821480946371e+00
9.706221105150486528e-01 2.800652794298819970e+00 1.931986967675145772e+00 2.551286698423551602e+00 1.255986042954977400e+00
9.811979081708126493e-01 2.777818662762831625e+00 1.933995138497563548e+00 2.519485374484080165e+00 1.225796164956308276e+00
9.998521069916335158e-01 2.749354831118480558e+00 1.940581501906849082e+00 2.484052151512348594e+00 1.208787076973975694e+00
1.022576025918083165e+00 2.723144190312777546e+00 1.953972426644188021e+00 2.452388032774503124e+00 1.196082092008221132e+00
1.042606449295826909e+00 2.705706819026207910e+00 1.977058803118772357e+00 2.433748467710478813e+00 1.181509067629029630e+00
1.061927324538153528e+00 2.664877127274231761e+00 1.991481977870757980e+00 2.412368840111624557e+00 1.186729642511943350e+00
1.079343958350622801e+00 2.632352436078822411e+00 2.009325045979134305e+00 2.400692792357954630e+00 1.212012708689035323e+00
1.109556986597205031e+00 2.613053158944348642e+00 2.030422765796292772e+00 2.382264289606334184e+00 1.215583454657452211e+00
1.146248213449144959e+00 2.592067890119757134e+00 2.046091699099066741e+00 2.361602731820879431e+00 1.214747356554119362e+00
1.184715708048200034e+00 2.570053369595125758e+00 2.059342212410445683e+00 2.340301812179531815e+00 1.213255306791600319e+00
1.222192435975117952e+00 2.546041130036784672e+00 2.071943932941556543e+00 2.317656453003706485e+00 1.211613507284415858e+00
1.252912600907416518e+00 2.506272642107682636e+00 2.080836538865468377e+00 2.297451807791168754e+00 1.221187878805640281e+00
1.267168225085843147e+00 2.459435941216162824e+00 2.093820854164957446e+00 2.286077632722150366e+00 1.242753745351820260e+00
1.290816996135588868e+00 2.419609282021788488e+00 2.105360329452941937e+00 2.282650086491317065e+00 1.268662319638895308e+00
1.305338564384207922e+00 2.398526928905030609e+00 2.104958096068997087e+00 2.300222973612822130e+00 1.307299962979401542e+00
1.318406807339792763e+00 2.381288431699712937e+00 2.110768070826980036e+00 2.316795915306957276e+00 1.347056041144481187e+00
1.336081200545337300e+00 2.363705914548817510e+00 2.122525325498525461e+00 2.323722561370893835e+00 1.384879587820001312e+00
1.355302763275017863e+00 2.341262694918826437e+00 2.140486550113445574e+00 2.312393811105114327e+00 1.413089310611913341e+00
1.345553047811142822e+00 2.321922123056377352e+00 2.148144335873859667e+00 2.274615083769990775e+00 1.430653077023267716e+00
1.315788936296551359e+00 2.319005753280506621e+00 2.141586219017112658e+00 2.236263892961630528e+00 1.438102956045678837e+00
1.286504895830584694e+00 2.317811049916125743e+00 2.138979448286252971e+00 2.196875383135016513e+00 1.448233869256755124e+00
1.261726350675913100e+00 2.300958366489989970e+00 2.150251632470566943e+00 2.168842404830441772e+00 1.468114363280299983e+00
1.253951230427786445e+00 2.244371747758570734e+00 2.157940110532246880e+00 2.174961799743610591e+00 1.485962498286723221e+00
1.268581410171353507e+00 2.210487912711164959e+00 2.156901788598120095e+00 2.171929254025147138e+00 1.523571996804899520e+00
1.283805787169374213e+00 2.187150259905807026e+00 2.156391460070387733e+00 2.190179690642793719e+00 1.561543070581560722e+00
1.300000000000000044e+00 2.169999999999999929e+00 2.154999999999999805e+00 2.209999999999999964e+00 1.600000000000000089e+00
