8.699999999999999956e-01 2.740000000000000213e+00 1.850000000000000089e+00 2.629999999999999893e+00 1.350000000000000089e+00
9.054853673394072100e-01 2.756101360926944466e+00 1.881692162969637705e+00 2.603311133882456385e+00 1.344124317018533743e+00
9.549414731240087884e-01 2.776448482072670476e+00 1.894946927454257413e+00 2.587732137312900971e+00 1.313613767733188276e+00
9.742559521215718998e-01 2.776814509211471993e+00 1.908233348877871327e+00 2.550561754355297417e+00 1.267440016967016803e+00
9.790835682232613690e-01 2.741601590059086213e+00 1.911538007595116717e+00 2.505291108027978719e+00 1.227757706401981341e+00
9.969459376657243688e-01 2.685184099430174332e+00 1.918210470746011254e+00 2.461201364122270974e+00 1.210834440446233673e+00
1.032630732298640996e+00 2.647024873448931004e+00 1.945026415981977674e+00 2.436576057297924258e+00 1.217006572032482081e+00
1.077277551439090875e+00 2.635648494649497575e+00 1.975866092183152789e+00 2.424467571775838159e+00 1.220013493088343504e+00
1.130937159249629564e+00 2.618458214631614211e+00 1.992401588488166286e+00 2.402483790456502621e+00 1.207297177178484393e+00
1.182052118949449948e+00 2.585873765037621119e+00 2.002451147757269734e+00 2.376973039302586077e+00 1.192037043614516234e+00
1.225131539617661858e+00 2.547195491098937836e+00 2.015520618394415653e+00 2.346075423344862632e+00 1.174102912260912568e+00
1.253561911478123347e+00 2.497087863972984323e+00 2.038787791099406110e+00 2.314895870251146626e+00 1.175453672543530503e+00
1.265163621896407298e+00 2.457839490058237431e+00 2.066438948315322044e+00 2.285642824876050305e+00 1.204127898396739393e+00
1.271379314321615661e+00 2.438135045785879029e+00 2.090166604158208319e+00 2.279756996444704420e+00 1.255893885472496807e+00
1.270310305690499408e+00 2.387760609517293631e+00 2.120301100550920026e+00 2.273919070213808791e+00 1.284579352201082658e+00
1.286297975899381107e+00 2.317716633136484461e+00 2.128813448110592699e+00 2.263931755974719184e+00 1.316185275449804015e+00
1.309522909317617945e+00 2.271260049433918571e+00 2.107194287656735110e+00 2.261003502343081006e+00 1.353572491094941821e+00
1.287804629549015978e+00 2.244885442703088874e+00 2.126653651590395544e+00 2.237319284432069288e+00 1.398458031768125664e+00
1.278930084301594938e+00 2.219943520646129542e+00 2.148064838582981029e+00 2.195604344664257024e+00 1.432760037378696394e+00
1.274363661655590674e+00 2.211005898039303474e+00 2.149256773644492302e+00 2.170031021759711631e+00 1.491632069281446871e+00
1.280916810966130193e+00 2.206963558161621819e+00 2.143459014840852106e+00 2.183180102607516382e+00 1.553694524571705093e+00
1.300000000000000044e+00 2.169999999999999929e+00 2.154999999999999805e+00 2.209999999999999964e+00 1.600000000000000089e+00
