8.699999999999999956e-01 2.740000000000000213e+00 1.850000000000000089e+00 2.629999999999999893e+00 1.350000000000000089e+00
9.162804364908623267e-01 2.757621437863869929e+00 1.909034062109343122e+00 2.601859067520133184e+00 1.314601209566951923e+00
9.755440629157263732e-01 2.711293617413797818e+00 1.934604365713879837e+00 2.551320331427826549e+00 1.260595660519123529e+00
9.823961276974713108e-01 2.704737955662757543e+00 1.936822448683183540e+00 2.543081958709569435e+00 1.254380764265439874e+00
9.879071737461859737e-01 2.698145112531925349e+00 1.937865921242431178e+00 2.532649280707537365e+00 1.249512795349551730e+00
9.968938134469937928e-01 2.686437952830848630e+00 1.939064808713621968e+00 2.512331806769530829e+00 1.241715476370717219e+00
1.006951675451027262e+00 2.673279664450658011e+00 1.940378133028576091e+00 2.489388040214701281e+00 1.232997912486883285e+00
1.016153962277065892e+00 2.663303670900838860e+00 1.942943648326291850e+00 2.470829094443734331e+00 1.222969285958096286e+00
1.073550539815308014e+00 2.619406997704044837e+00 1.966498604232768121e+00 2.411768330383539549e+00 1.168414849590316607e+00
1.112529064818127411e+00 2.587754904843848180e+00 1.971722331244154747e+00 2.395323789966494754e+00 1.164149627283358024e+00
1.148038075694621130e+00 2.569163837518255722e+00 1.974392134957903666e+00 2.386143435968139936e+00 1.172320893435668365e+00
1.211586464545395314e+00 2.548997759110536609e+00 1.984578783646681277e+00 2.346551022185527913e+00 1.201115004858795965e+00
1.229055974563426190e+00 2.517322792216228677e+00 2.003613819757463776e+00 2.334023511933993156e+00 1.219264727749081123e+00
1.249951379534056217e+00 2.472543080981989050e+00 2.025216582445349189e+00 2.318234773438825780e+00 1.247729234194924652e+00
1.287013782807297391e+00 2.374482627311355731e+00 2.061068483142533658e+00 2.293348448697241526e+00 1.316261027751280510e+00
1.290651055031438954e+00 2.363505044802428401e+00 2.064278933434100516e+00 2.294218529490879455e+00 1.327886209124794270e+00
1.298514446507744280e+00 2.347501000986440989e+00 2.071297545363620873e+00 2.295450563207163786e+00 1.349681463557054206e+00
1.329555821636037027e+00 2.302552374496084742e+00 2.101584746063238640e+00 2.293214263400634056e+00 1.422372050474619787e+00
1.333098791081157586e+00 2.296240352139859553e+00 2.123530810542805458e+00 2.258250917631331234e+00 1.438184082319985180e+00
1.315155403662271238e+00 2.297281247238972757e+00 2.124962066442414255e+00 2.234240220235298668e+00 1.456413397209838312e+00
1.304609849074116035e+00 2.296915117479238599e+00 2.128768983714278917e+00 2.223980579786635658e+00 1.467730354203975685e+00
1.265552899345180560e+00 2.286058924947713233e+00 2.158146833731159120e+00 2.198126789041255691e+00 1.517497614510848525e+00
1.268563390305248895e+00 2.272981187017780069e+00 2.161595886016217438e+00 2.201043078803148756e+00 1.527249962047669607e+00
1.278663475489176138e+00 2.236611506756356338e+00 2.163643201738369548e+00 2.206022603496056611e+00 1.553467468522933270e+00
1.300000000000000044e+00 2.169999999999999929e+00 2.154999999999999805e+00 2.209999999999999964e+00 1.600000000000000089e+00
