8.699999999999999956e-01 2.740000000000000213e+00 1.850000000000000089e+00 2.629999999999999893e+00 1.350000000000000089e+00
8.937357938871742791e-01 2.753758914378413358e+00 1.860028582059358948e+00 2.620369303683746764e+00 1.343451027453963054e+00
9.148728815453605057e-01 2.772934878415183491e+00 1.869383927201079487e+00 2.613656307945735779e+00 1.330954189534522492e+00
9.322941076182791331e-01 2.789555783562898128e+00 1.877682334909602124e+00 2.609785342160493737e+00 1.310969961864474342e+00
9.463406974691823681e-01 2.802481374188352969e+00 1.887833657067541360e+00 2.603480583719377073e+00 1.289513653246516789e+00
9.571657508480945209e-01 2.797028231063663828e+00 1.893895568192187850e+00 2.576799022038183118e+00 1.283654094721758510e+00
9.569749859449714346e-01 2.767187865994404472e+00 1.897768394236614586e+00 2.554240262307994058e+00 1.273518491777871242e+00
9.692438826362119730e-01 2.747740854211585315e+00 1.907260009044881022e+00 2.535883561170376055e+00 1.260652040660535489e+00
9.849939821734265966e-01 2.736144394670668945e+00 1.919707540861795181e+00 2.519436284265520243e+00 1.250447645655477835e+00
1.001156397538444764e+00 2.725849759677545503e+00 1.932584368833079935e+00 2.503340832181436770e+00 1.240728527236497847e+00
1.017367978956146501e+00 2.715756022065177522e+00 1.945524697885609333e+00 2.487301710061400772e+00 1.231084599223964071e+00
1.033177814000645789e+00 2.708502996844099009e+00 1.958725698334609522e+00 2.470730855392224257e+00 1.221304329889437712e+00
1.047025253675985201e+00 2.710569599061431578e+00 1.972037502271987375e+00 2.452222882655527680e+00 1.211368920755898193e+00
1.053824420260932149e+00 2.719679071087074185e+00 1.979002921838267648e+00 2.427084659663868660e+00 1.198256226745760822e+00
1.064169404263411334e+00 2.693334046501561829e+00 1.988940559112382767e+00 2.413143355060948902e+00 1.189278964752146672e+00
1.079468524734675361e+00 2.668344465938912613e+00 1.993210106126424463e+00 2.394245220669670271e+00 1.198877502216510127e+00
1.090152903823817132e+00 2.644044031454128696e+00 1.986164464281945374e+00 2.373572980789027564e+00 1.209325488532936976e+00
1.099563312040656493e+00 2.632379511308102771e+00 1.995823819667323917e+00 2.354641799364190824e+00 1.215308932406101494e+00
1.109952700896996269e+00 2.628519671253779499e+00 2.010506540659438457e+00 2.352164096969830087e+00 1.195678933158925039e+00
1.131580024912486993e+00 2.619170276759332783e+00 2.018025660130183141e+00 2.344988911941034981e+00 1.180810668008428488e+00
1.157142897698898887e+00 2.596834173928603384e+00 2.017019640889732734e+00 2.335400190365190198e+00 1.178493629719020275e+00
1.181009462219924977e+00 2.570998589397803347e+00 2.014835950580832868e+00 2.325970164642317428e+00 1.183514029887970498e+00
1.204300804439899064e+00 2.549982521791092083e+00 2.018261529614172378e+00 2.315698234637452835e+00 1.192687047337541717e+00
1.223879007285599396e+00 2.538029337853396683e+00 2.030353296182190626e+00 2.305777238706895549e+00 1.203723822601424187e+00
1.237555128549773009e+00 2.526939260689193834e+00 2.046843940818881435e+00 2.298066696538085374e+00 1.214953539224703061e+00
1.247337837062238108e+00 2.507653469422944426e+00 2.062926934993894346e+00 2.292314480965683465e+00 1.227964190157923685e+00
1.254528022121807806e+00 2.481981119935869007e+00 2.076761884152015902e+00 2.287605378831688796e+00 1.243583995165030043e+00
1.259584524857981336e+00 2.454056742966621130e+00 2.087743477237772538e+00 2.283098444775757851e+00 1.262588272673178968e+00
1.263009246470391700e+00 2.426460347984008337e+00 2.094577886437641201e+00 2.278638382735582280e+00 1.285538355582966696e+00
1.265899801997746987e+00 2.401011661985609891e+00 2.096032565768158662e+00 2.273658588293026472e+00 1.311258984032513508e+00
1.268752633438409383e+00 2.378183835652717626e+00 2.092679194366745321e+00 2.265648293211467212e+00 1.336986166676916499e+00
1.269908229937714017e+00 2.356917841729758489e+00 2.087817347124497847e+00 2.252677208599712877e+00 1.360981543368361413e+00
1.266980125071759833e+00 2.335771357073624710e+00 2.086375214390690402e+00 2.237365925347894358e+00 1.384347922030942701e+00
1.260302530050688263e+00 2.314778289230959629e+00 2.090765760702068210e+00 2.224010338639026862e+00 1.407518323955263773e+00
1.252679396019869884e+00 2.294781205669874424e+00 2.099296097676932593e+00 2.213157982308554761e+00 1.429682223755796233e+00
1.247584665806671156e+00 2.277830515550356871e+00 2.110130867159262458e+00 2.206845239963275418e+00 1.453085032800636611e+00
1.250434660918910090e+00 2.264016405276825683e+00 2.121015674548337948e+00 2.205603083137839260e+00 1.478203736462833762e+00
1.263478090240666818e+00 2.241763533710863232e+00 2.129329762228887812e+00 2.202914917112519522e+00 1.499398511390447108e+00
1.275353389140942983e+00 2.212133726867772321e+00 2.134615876206039431e+00 2.204142482078155219e+00 1.519591708100457073e+00
1.282409334282125446e+00 2.193696878071264234e+00 2.139973986514332349e+00 2.204727800803165216e+00 1.546475998725079126e+00
1.291204667141062856e+00 2.181848439035632303e+00 2.147486993257166077e+00 2.207363900401582590e+00 1.573237999362539608e+00
1.300000000000000044e+00 2.169999999999999929e+00 2.154999999999999805e+00 2.209999999999999964e+00 1.600000000000000089e+00
