8.699999999999999956e-01 2.740000000000000213e+00 1.850000000000000089e+00 2.629999999999999893e+00 1.350000000000000089e+00
8.923457108702236296e-01 2.769973704028935391e+00 1.866539008534583877e+00 2.621344027390012155e+00 1.356432820509193116e+00
9.177671519054982907e-01 2.802881274680427026e+00 1.874914728309720058e+00 2.607996900897634696e+00 1.364056549225086457e+00
9.305361993894885053e-01 2.852591555554357061e+00 1.887283779974049391e+00 2.599363695651836892e+00 1.366288011055593277e+00
9.398465368293814626e-01 2.860338225654697197e+00 1.867624622705181370e+00 2.576840372581477467e+00 1.363828049754185034e+00
9.574236236914915876e-01 2.838688556510477579e+00 1.854372688655735235e+00 2.554179741929347713e+00 1.372973930214618221e+00
9.795575137414554989e-01 2.820517298117692917e+00 1.859747440182114353e+00 2.530577739277277693e+00 1.385393429423859457e+00
1.001318770572722006e+00 2.801686309679814357e+00 1.870147441386102560e+00 2.508981209855007055e+00 1.396698555190247992e+00
1.022148345952262893e+00 2.769712381905762300e+00 1.874022233053498798e+00 2.484699024932925049e+00 1.400073946395258728e+00
1.037026733240948184e+00 2.740119623877343980e+00 1.874808273191376662e+00 2.458648539845243342e+00 1.387791574436456177e+00
1.049293612384476271e+00 2.723256259489545528e+00 1.889756532617362650e+00 2.451161267023538759e+00 1.365389245893688042e+00
1.055891750591635425e+00 2.719709441694571517e+00 1.908051303202159321e+00 2.446844833408686970e+00 1.341892983342131807e+00
1.059477026692071888e+00 2.720623254867483354e+00 1.925057497990319444e+00 2.439587715808107404e+00 1.317267290251875167e+00
1.061246798464607011e+00 2.714862662458246589e+00 1.938238323708975308e+00 2.427419220605787409e+00 1.291298673108565609e+00
1.060538544258147420e+00 2.686394067389143991e+00 1.942872284166789809e+00 2.409441677769960322e+00 1.268358174216875689e+00
1.060746803960683549e+00 2.636993910680927478e+00 1.941532545044725389e+00 2.390189142894393548e+00 1.258290377103931101e+00
1.065085068669080037e+00 2.580250556751042534e+00 1.941011441202309173e+00 2.375663099891466956e+00 1.260364498120203569e+00
1.076814677027652989e+00 2.525165128414393223e+00 1.943044822978071018e+00 2.364806594405439277e+00 1.265911676368585370e+00
1.100739851887078569e+00 2.485271744268243044e+00 1.948807980330191203e+00 2.350773238773549600e+00 1.265798608620668508e+00
1.131318839241815200e+00 2.473568686530816851e+00 1.957639454511927557e+00 2.335000377162979035e+00 1.259983771484622483e+00
1.162222435828453859e+00 2.476862030492587241e+00 1.969456622720547223e+00 2.321931233152392693e+00 1.253625224903954782e+00
1.189695676759363163e+00 2.485629665952716838e+00 1.987126065346137116e+00 2.314546167946795130e+00 1.247467856326595514e+00
1.212374797640310531e+00 2.495680676690918975e+00 2.009411939056376717e+00 2.310736159266404410e+00 1.250091284619324616e+00
1.225413366638093748e+00 2.489514049130132189e+00 2.032639687512382665e+00 2.305142690885487511e+00 1.264029160329583013e+00
1.235442795686737538e+00 2.480305187531147038e+00 2.054061187314347503e+00 2.301335253853759699e+00 1.282728572694707747e+00
1.244136490320488120e+00 2.472052179000100658e+00 2.073149017668979965e+00 2.302114516305775460e+00 1.304876978989066849e+00
1.250097078048582055e+00 2.462912102661668712e+00 2.087550469156215893e+00 2.308458551219781274e+00 1.330724967408881021e+00
1.251390941306225635e+00 2.446691413333744958e+00 2.087125938356751309e+00 2.314938909901286479e+00 1.360089153415031005e+00
1.249664192552792485e+00 2.420149806267236858e+00 2.068295259023181121e+00 2.312228174169202788e+00 1.378882145433439232e+00
1.249186367876951476e+00 2.382402187023640483e+00 2.050202186032033413e+00 2.310451991590270371e+00 1.394318502346465261e+00
1.252005598397861963e+00 2.342677887421512395e+00 2.054957168614631069e+00 2.311758463354921744e+00 1.415426985497038048e+00
1.257271646789560160e+00 2.346025402094732204e+00 2.079769832263158147e+00 2.297908330064343474e+00 1.425153156210806848e+00
1.261742299178616245e+00 2.342048554899131663e+00 2.090924322660526080e+00 2.268649988233420789e+00 1.440597669168692141e+00
1.262889533529668817e+00 2.325214900054564993e+00 2.089555208109576512e+00 2.237714809571460073e+00 1.456927629806044289e+00
1.259011019786522301e+00 2.294001749690634195e+00 2.086575239238406265e+00 2.207692326576576658e+00 1.467306093953837820e+00
1.254451188401059625e+00 2.249157953205796368e+00 2.096368499371564553e+00 2.189590462498718360e+00 1.476244296924476229e+00
1.263328404125900750e+00 2.237288299191543484e+00 2.117427880214647562e+00 2.196003334845119781e+00 1.494757166634026468e+00
1.275674980495427047e+00 2.243856183919790137e+00 2.143254853997702991e+00 2.201080444102782252e+00 1.502756085330847480e+00
1.292815887225623239e+00 2.223592337403742292e+00 2.161770373011187019e+00 2.197792375905995854e+00 1.518877174595870683e+00
1.301827832588413614e+00 2.190836601505336656e+00 2.162323716421534758e+00 2.197011499945860979e+00 1.544118769094979138e+00
1.293425014092971281e+00 2.187357852826432580e+00 2.152940702427424746e+00 2.211095146720198468e+00 1.570390452435240780e+00
1.300000000000000044e+00 2.169999999999999929e+00 2.154999999999999805e+00 2.209999999999999964e+00 1.600000000000000089e+00
