8.699999999999999956e-01 2.740000000000000213e+00 1.850000000000000089e+00 2.629999999999999893e+00 1.350000000000000089e+00
9.129874186617884524e-01 2.811043145031621115e+00 1.843850794521827208e+00 2.627933400218150251e+00 1.367463748093882714e+00
9.460586181169131637e-01 2.802385889704173128e+00 1.871590334919018161e+00 2.591655269343340340e+00 1.355088587715882031e+00
9.508261451907602524e-01 2.772006256143444425e+00 1.907297783146364223e+00 2.564360763594609072e+00 1.329594531897549059e+00
9.570289862849947760e-01 2.733662252518493485e+00 1.943424155295383704e+00 2.547868812717100973e+00 1.301612069706750807e+00
9.850011378887878477e-01 2.724058362191144944e+00 1.954116497681585685e+00 2.543337167825140632e+00 1.245771061958670822e+00
1.018008665032944071e+00 2.692301309138555254e+00 1.971800851049113623e+00 2.499610846247370510e+00 1.225316321183761215e+00
1.051016192177100406e+00 2.660544256085965564e+00 1.989485204416641562e+00 2.455884524669600388e+00 1.204861580408851829e+00
1.071855233127196438e+00 2.590241548151714923e+00 1.990769952634911188e+00 2.430310676619641619e+00 1.172492315065168711e+00
1.105790639685505283e+00 2.638630236707391941e+00 2.017981211407504638e+00 2.423533218430972358e+00 1.168506179961374292e+00
1.147308095836655717e+00 2.637158193511294435e+00 2.011844013755383909e+00 2.377739566532762083e+00 1.192876676127748947e+00
1.203326469746113681e+00 2.609691376522165207e+00 1.998232206287247736e+00 2.363292944853399469e+00 1.211093948080567140e+00
1.244100802287961605e+00 2.563899990696452580e+00 2.022028491114536752e+00 2.342606259486443410e+00 1.222126505270086261e+00
1.260933123269315281e+00 2.521668178731526044e+00 2.059633894440512147e+00 2.320886563149393567e+00 1.227984766693419827e+00
1.271274098568595079e+00 2.469793248204844804e+00 2.092026149098162424e+00 2.299606973421435274e+00 1.251182485052192872e+00
1.276822611525414652e+00 2.400191024815361729e+00 2.094529864677824982e+00 2.287624679621622636e+00 1.294978431344144143e+00
1.296528601085480847e+00 2.324993232322377867e+00 2.082140336857614571e+00 2.281107140415702172e+00 1.328888632003837111e+00
1.307901482447155317e+00 2.276629949901852079e+00 2.077785589165060731e+00 2.278971835387251677e+00 1.383956185289223262e+00
1.313434453546592051e+00 2.262563033619923836e+00 2.104000898977828715e+00 2.265228136764522837e+00 1.433464551625311945e+00
1.287630809898596906e+00 2.262279936467779695e+00 2.124830913127498722e+00 2.220402913945335843e+00 1.463590796053796161e+00
1.261698883414905215e+00 2.262102813306559490e+00 2.143818983345826545e+00 2.185103211265774892e+00 1.502199385561511225e+00
1.286448812526294283e+00 2.203024487845488100e+00 2.157199837692704847e+00 2.187364708022211168e+00 1.544392972581131396e+00
1.300000000000000044e+00 2.169999999999999929e+00 2.154999999999999805e+00 2.209999999999999964e+00 1.600000000000000089e+00
