8.699999999999999956e-01 2.740000000000000213e+00 1.850000000000000089e+00 2.629999999999999893e+00 1.350000000000000089e+00
8.924007833567251247e-01 2.724024698778974241e+00 1.863453503838392811e+00 2.605061824573666751e+00 1.363203952608174285e+00
9.162239266009321037e-01 2.726991036167414340e+00 1.882296188311061602e+00 2.583764836290207700e+00 1.368357929976035781e+00
9.346683304628417011e-01 2.741430835010509437e+00 1.899131128197466101e+00 2.556067026079501758e+00 1.361820406182785881e+00
9.410906890137905600e-01 2.760514490190034920e+00 1.896298155484073655e+00 2.549412638139391785e+00 1.331477635330833076e+00
9.492665227338240586e-01 2.785587092204942383e+00 1.898859569683245097e+00 2.545570178210495360e+00 1.299029446882183025e+00
9.644150933576017826e-01 2.768544824345223976e+00 1.895771300125948633e+00 2.542818731042349789e+00 1.268166484026931551e+00
9.785422932482537028e-01 2.740890678701271010e+00 1.914775817530081303e+00 2.524891457872625367e+00 1.256144396708820610e+00
9.954000865137768717e-01 2.729077291712342923e+00 1.933759812354370000e+00 2.498011412029371492e+00 1.249514414781613736e+00
1.012795190830986458e+00 2.720217583568227404e+00 1.952197287291277172e+00 2.469716797126913388e+00 1.243741725484988736e+00
1.031065061481618139e+00 2.708710670610488869e+00 1.969675858361557896e+00 2.440888729591794259e+00 1.238951601339536746e+00
1.052080109214233339e+00 2.687728083273391633e+00 1.982788435071346278e+00 2.411508999112208951e+00 1.237714346784509090e+00
1.061282206624351021e+00 2.665533141259859740e+00 1.965432164627497480e+00 2.415731695242121724e+00 1.247684405902589333e+00
1.075215010501117785e+00 2.682845238976955926e+00 1.987975738539456305e+00 2.410346811809599643e+00 1.236115860268444333e+00
1.080394679395817237e+00 2.663292880191274747e+00 2.015056781699299471e+00 2.405146794006844502e+00 1.233859770463732186e+00
1.097074137408372785e+00 2.631695782347633017e+00 2.028926826805102834e+00 2.390055031070112523e+00 1.216024721543429665e+00
1.126839143692673684e+00 2.613733760131442985e+00 2.037836063624275162e+00 2.365544028097188889e+00 1.213158157394849335e+00
1.157630279981312071e+00 2.588737075460097792e+00 2.048632582801139357e+00 2.349124326439722132e+00 1.215077654675485119e+00
1.183639433928731943e+00 2.553925115185009087e+00 2.058371206653500263e+00 2.330789478696453365e+00 1.217445330561431227e+00
1.210938156414907096e+00 2.519704135733914274e+00 2.063861749094762388e+00 2.310786396216304439e+00 1.222297224361446943e+00
1.235693704422599959e+00 2.495396541884137065e+00 2.053469218715142652e+00 2.291046474329860860e+00 1.233452788343832207e+00
1.241317494764444973e+00 2.484148427998022157e+00 2.027445669795819860e+00 2.290884265235638484e+00 1.241487708618880470e+00
1.251598847861849384e+00 2.432959542032482325e+00 2.030396655906536285e+00 2.292098796240387593e+00 1.245279427980333420e+00
1.258502246778237410e+00 2.397893956062943310e+00 2.050478806955577937e+00 2.286332700622838665e+00 1.258306796658434923e+00
1.263625848169366073e+00 2.375018456971412562e+00 2.069397641437709989e+00 2.281776266867422187e+00 1.281747679675212526e+00
1.268102328475089857e+00 2.358271522778958129e+00 2.084608166476271673e+00 2.282021198327980116e+00 1.311350702322692241e+00
1.271701319191394619e+00 2.344368135624591787e+00 2.096594940260192885e+00 2.282954292187700851e+00 1.343758844130890306e+00
1.273520340737568368e+00 2.329395811277849226e+00 2.104877383416890346e+00 2.274002682354275606e+00 1.375690118165251885e+00
1.268815202825854138e+00 2.318806166561716342e+00 2.112655614307303864e+00 2.239241425161059507e+00 1.395845400897578248e+00
1.260346343633158339e+00 2.327249060981357864e+00 2.124596958693689697e+00 2.208270072762209324e+00 1.416086635607846533e+00
1.254393101382887066e+00 2.323358228309706508e+00 2.124048286185709955e+00 2.177688551755089907e+00 1.442756933473761327e+00
1.254875494569308358e+00 2.306837773277145232e+00 2.118952635780775751e+00 2.168775785107955656e+00 1.476292523954488622e+00
1.266460113674724219e+00 2.286118864979399756e+00 2.126479666099407417e+00 2.184226141720829961e+00 1.503373808317737925e+00
1.286292311656954901e+00 2.260957030415271518e+00 2.145602483557758511e+00 2.189128037092026968e+00 1.514724629908331455e+00
1.298281710591946636e+00 2.247887724328836878e+00 2.154999725575240443e+00 2.196247376579234079e+00 1.545989401440742483e+00
1.299376525345334654e+00 2.218185413807890249e+00 2.154424151533492982e+00 2.205697646579051874e+00 1.577272174217174694e+00
1.300000000000000044e+00 2.169999999999999929e+00 2.154999999999999805e+00 2.209999999999999964e+00 1.600000000000000089e+00
