8.699999999999999956e-01 2.740000000000000213e+00 1.850000000000000089e+00 2.629999999999999893e+00 1.350000000000000089e+00
8.914971186329463393e-01 2.756501524748968812e+00 1.861587107736919489e+00 2.622012658019350351e+00 1.358525160423597722e+00
9.119992558800272819e-01 2.772307000629640417e+00 1.872305231829811900e+00 2.607079521403143474e+00 1.361475587582384295e+00
9.277727578042040957e-01 2.784379146870947785e+00 1.887653747634507662e+00 2.591273723205851809e+00 1.361816280106292520e+00
9.428705974545160684e-01 2.783198827638494244e+00 1.905340983861621762e+00 2.577969695016963936e+00 1.356990038507400298e+00
9.600409888125577273e-01 2.766396724817351771e+00 1.915882693277732640e+00 2.561922882525020650e+00 1.349220296754149118e+00
9.769473930822988317e-01 2.747505478596566242e+00 1.920284182871566214e+00 2.541751393852725194e+00 1.341442534686074994e+00
9.942765981758725502e-01 2.733648179031727743e+00 1.923812275660485849e+00 2.519943657244864355e+00 1.332605448498968892e+00
1.015049222648576333e+00 2.727200561458157146e+00 1.925966533915701495e+00 2.498059694905680139e+00 1.326960470056876229e+00
1.034434449362903852e+00 2.727579584142683977e+00 1.932773892965122586e+00 2.476332090525270146e+00 1.331247127187132673e+00
1.042662489033057804e+00 2.720664163597387830e+00 1.944021911211923026e+00 2.457915316570648656e+00 1.318187127278184212e+00
1.045959622800769928e+00 2.713056963105779928e+00 1.951242841964136554e+00 2.444038787050792916e+00 1.294228873668292312e+00
1.050845020128556628e+00 2.704535617931064895e+00 1.959159455500639968e+00 2.430038907620638788e+00 1.270853996273159314e+00
1.057228676490441499e+00 2.688033454638806496e+00 1.970807573307957528e+00 2.413758540145690468e+00 1.255000330292439292e+00
1.068182416950774094e+00 2.669977125589896971e+00 1.982898940339981486e+00 2.397769246554203537e+00 1.242183417017490576e+00
1.082967421716496181e+00 2.653406723737634199e+00 1.992429308175931224e+00 2.382696756275975325e+00 1.227774243661634568e+00
1.097766361490957632e+00 2.632875326597445831e+00 1.998495254260049814e+00 2.367616220837021057e+00 1.212882270062068280e+00
1.108705967538720527e+00 2.603706405867941776e+00 2.001249931669091708e+00 2.351065470428025606e+00 1.202693029108599543e+00
1.119454804896012901e+00 2.571966446296802378e+00 2.003039615936535345e+00 2.333970462576175464e+00 1.205569099849782333e+00
1.142296283074108132e+00 2.556794157529652889e+00 2.007045772559044039e+00 2.325046952291100588e+00 1.216539714171712916e+00
1.170943301615800625e+00 2.552733927553346049e+00 2.013857920315081262e+00 2.323746269339066473e+00 1.222794649712953818e+00
1.197137843053813988e+00 2.547287717001485152e+00 2.025554988729397099e+00 2.323788365694732683e+00 1.227903547861490363e+00
1.216081449469381681e+00 2.538187570816729632e+00 2.041700319989800061e+00 2.321677007534007409e+00 1.237381915764051765e+00
1.226954001518130610e+00 2.525952482051069925e+00 2.058345497881041819e+00 2.315850732570019499e+00 1.252407866785829382e+00
1.232177271866089718e+00 2.510068381850061314e+00 2.072193366585804775e+00 2.307473886041098599e+00 1.271500787626970608e+00
1.234824643911696995e+00 2.490796744706176735e+00 2.083054517744697964e+00 2.299806821646117605e+00 1.292878545871864793e+00
1.237262469453862312e+00 2.470763682941663042e+00 2.092668932428565221e+00 2.295231957251616439e+00 1.315643455065226508e+00
1.240457936182838949e+00 2.453884130337374625e+00 2.102223212764649851e+00 2.293787896347481148e+00 1.339811320910377468e+00
1.247345633577534141e+00 2.445852250421330698e+00 2.112453873887419675e+00 2.295831440763919318e+00 1.364563376148066665e+00
1.256007252278683595e+00 2.431530764649244780e+00 2.115060651909840050e+00 2.299301375736302777e+00 1.389570842033211129e+00
1.256711507105977343e+00 2.402963372373335904e+00 2.112586594739806589e+00 2.291938516653533764e+00 1.410048998542187126e+00
1.258351527052146368e+00 2.376190979802920378e+00 2.116196823710351893e+00 2.276604339709568325e+00 1.427484233603155461e+00
1.259714989149185227e+00 2.350100183269325793e+00 2.120995109555156244e+00 2.258042260449698357e+00 1.442337278095795705e+00
1.259161373384131810e+00 2.323324426186486047e+00 2.123618255005636613e+00 2.238919238399933676e+00 1.456875617545891455e+00
1.257852407234750114e+00 2.296288296313903299e+00 2.125289283036326360e+00 2.220304255214523348e+00 1.471978318532700447e+00
1.260761598066168609e+00 2.266036410033159587e+00 2.133024475345316251e+00 2.206138107293693640e+00 1.484370869407392712e+00
1.268720049955699647e+00 2.248763774868845822e+00 2.151631186774127347e+00 2.208347227410219382e+00 1.492524999013963738e+00
1.287652038717110647e+00 2.254867082483812180e+00 2.163563626152624764e+00 2.204923903079275327e+00 1.503749247572883752e+00
1.294283030500109399e+00 2.232317276584227628e+00 2.154893140501879856e+00 2.204411271608434753e+00 1.525118248111408281e+00
1.293810622583692505e+00 2.213912132736155502e+00 2.156765225355148363e+00 2.210315009448348356e+00 1.551007483976472923e+00
1.291827231262244968e+00 2.188411594979562391e+00 2.155082805140478897e+00 2.207603981008646965e+00 1.574524639695404016e+00
1.300000000000000044e+00 2.169999999999999929e+00 2.154999999999999805e+00 2.209999999999999964e+00 1.600000000000000089e+00
