8.699999999999999956e-01 2.740000000000000213e+00 1.850000000000000089e+00 2.629999999999999893e+00 1.350000000000000089e+00
8.933307752573084182e-01 2.731079230917107914e+00 1.870696081707569958e+00 2.596375555558407378e+00 1.379869200212233249e+00
9.259399111260820936e-01 2.753021042891772741e+00 1.898159992089149206e+00 2.571553711575264689e+00 1.398714912862093929e+00
9.537997773840674043e-01 2.777411406040317665e+00 1.927130333118753258e+00 2.567363091563166666e+00 1.370986710871346492e+00
9.623399464543075377e-01 2.779115743775794289e+00 1.932108834883548232e+00 2.576906822406554554e+00 1.321716251357348826e+00
9.680908810559174515e-01 2.787056499898843853e+00 1.924645292045127798e+00 2.583019074706225826e+00 1.272119650832937321e+00
9.832678785745452288e-01 2.754875443547736502e+00 1.921616956447051328e+00 2.552262479504409320e+00 1.237474182236112386e+00
1.005261990883187684e+00 2.704758013985447462e+00 1.939707541709497107e+00 2.518929908257269812e+00 1.232021718431501656e+00
1.027393361351447210e+00 2.654372085098737344e+00 1.958719498809111892e+00 2.485976145964329476e+00 1.227950176176983765e+00
1.051454309611622229e+00 2.609196362514389467e+00 1.972430813596540267e+00 2.449050067418137022e+00 1.216065262756820697e+00
1.072393225209072876e+00 2.565489959740818726e+00 1.997763998429505028e+00 2.421378814248932976e+00 1.201219360718995377e+00
1.105104319816679892e+00 2.526989190898973447e+00 2.024032729554648302e+00 2.402754585742016058e+00 1.212937913275767388e+00
1.147211239959867957e+00 2.502600156615473637e+00 2.042082737388873248e+00 2.375540678403437855e+00 1.226461156009844400e+00
1.189977068122729520e+00 2.493412381661143762e+00 2.059853484883227726e+00 2.340588424869526118e+00 1.230613924028988837e+00
1.241598476198329859e+00 2.490021925084752397e+00 2.071438222010546060e+00 2.316564764952122157e+00 1.241186868074881877e+00
1.282330732057937350e+00 2.474970090921060351e+00 2.083882363704074869e+00 2.321196228283138652e+00 1.273517154484175684e+00
1.313396982901251064e+00 2.455389851293711345e+00 2.103929333885433017e+00 2.329779822833267122e+00 1.308931162976067375e+00
1.336091744366046719e+00 2.436727926836597113e+00 2.121499099413780343e+00 2.324990043251232930e+00 1.350355571130333443e+00
1.327308500020516036e+00 2.428286346408307761e+00 2.125551379951059694e+00 2.287070156848274305e+00 1.385963691266615339e+00
1.302493491326542463e+00 2.408284853663543501e+00 2.138691698582314782e+00 2.248600502416729263e+00 1.412672280582247142e+00
1.277210134998388202e+00 2.384779940674854437e+00 2.154843819471961464e+00 2.212516372667279185e+00 1.438869820126237542e+00
1.250850123423497662e+00 2.346781210092668157e+00 2.161406486309157771e+00 2.184082354734807829e+00 1.468032767576326503e+00
1.260827417683078933e+00 2.306250838912859535e+00 2.190902667142488269e+00 2.168595685828562214e+00 1.490834576742992912e+00
1.279371733884616447e+00 2.250204471288646424e+00 2.215470871183526480e+00 2.161672057725861684e+00 1.485240500670821140e+00
1.252748829029523003e+00 2.217496221203104412e+00 2.181018988265393865e+00 2.151528148739516144e+00 1.475070830133048405e+00
1.256959539485062560e+00 2.191114251200150687e+00 2.156850423745492851e+00 2.166900641467103039e+00 1.513075585162841463e+00
1.278129503912803555e+00 2.180100673052881355e+00 2.155298892147826884e+00 2.188397734256684490e+00 1.556619391764001881e+00
1.300000000000000044e+00 2.169999999999999929e+00 2.154999999999999805e+00 2.209999999999999964e+00 1.600000000000000089e+00
