8.699999999999999956e-01 2.740000000000000213e+00 1.850000000000000089e+00 2.629999999999999893e+00 1.350000000000000089e+00
8.925399539399971882e-01 2.745983606600908011e+00 1.866344570075298526e+00 2.621134696957574839e+00 1.353438222020553194e+00
9.158281651226691800e-01 2.754817070374862009e+00 1.881411173042240037e+00 2.611396486676218931e+00 1.356094477777149310e+00
9.415787143572722506e-01 2.773138519655633516e+00 1.889005369477450236e+00 2.600442660019619989e+00 1.352925673607071833e+00
9.573722290800243950e-01 2.808575521601863301e+00 1.888374461076699706e+00 2.594756959022520348e+00 1.337631157100245494e+00
9.670654252054906586e-01 2.801251096951280939e+00 1.905961667406638860e+00 2.583216087676066586e+00 1.325146911750599177e+00
9.723093494954057059e-01 2.776064526566774493e+00 1.922083680016895668e+00 2.563553702094229614e+00 1.319990587925461645e+00
9.765001050218294898e-01 2.758898445934433230e+00 1.936448804155567638e+00 2.540744386666213384e+00 1.308935954242377964e+00
9.842629016120929553e-01 2.741380924674153174e+00 1.946913440934986195e+00 2.517519221039149269e+00 1.294926858636392675e+00
9.988247917944170773e-01 2.721825934415698978e+00 1.956355143850951439e+00 2.495922547197331642e+00 1.284880448446852341e+00
1.016219175626415172e+00 2.706621417223229464e+00 1.969057273954671228e+00 2.475054866847883339e+00 1.283967234554603598e+00
1.036105300336173096e+00 2.688802732340286106e+00 1.977454068390427366e+00 2.455198029519358283e+00 1.282456709199115918e+00
1.057955651609197023e+00 2.662730110824415686e+00 1.973593407928576404e+00 2.442655245315997981e+00 1.274463464724838291e+00
1.070218643125504965e+00 2.629730827734920506e+00 1.975358150635595500e+00 2.431922945815796044e+00 1.256691117879779274e+00
1.084313890223703281e+00 2.607641746970556174e+00 1.971078005366040165e+00 2.409544188075415150e+00 1.244395435640962555e+00
1.099836795020738389e+00 2.597238976531520915e+00 1.972379544128907591e+00 2.383463057834282584e+00 1.233854734796514974e+00
1.111584525463245265e+00 2.593822505460618988e+00 1.978337969819401021e+00 2.360379776335371993e+00 1.215701075210252391e+00
1.118218828387252506e+00 2.583046144623084572e+00 1.987729250176017537e+00 2.340306030436061224e+00 1.200218142413894018e+00
1.131416792304190011e+00 2.555346481950396154e+00 1.997871517982249490e+00 2.327254728833588526e+00 1.213719142883696867e+00
1.151357404787008987e+00 2.538829737854590096e+00 2.008341595020012527e+00 2.325859605137955644e+00 1.231803537756481548e+00
1.173215286921688527e+00 2.522220377827857796e+00 2.020023894937402087e+00 2.324627753039590239e+00 1.246359912818165272e+00
1.195734452306624007e+00 2.505610245290507354e+00 2.032475802550332666e+00 2.323415925485419642e+00 1.258554222438887038e+00
1.220008173351978087e+00 2.497950397603550865e+00 2.046943165906500273e+00 2.322520777125986591e+00 1.264803010150321816e+00
1.241323987101797588e+00 2.506723118977523868e+00 2.063060829439204991e+00 2.313708146363117724e+00 1.264833065232481291e+00
1.252215241490252984e+00 2.487828428578351403e+00 2.076123412931613288e+00 2.296698480038385615e+00 1.280312632692523822e+00
1.256996523416903599e+00 2.460074959048654364e+00 2.083866889283048529e+00 2.287660012059380854e+00 1.303513586574917449e+00
1.257738435207162997e+00 2.433373162131462486e+00 2.087461171801028748e+00 2.287029732286689043e+00 1.330298095031795746e+00
1.254838868133217433e+00 2.406024820541470266e+00 2.090055206955456768e+00 2.287215541271639729e+00 1.356882941176830615e+00
1.250072643660708138e+00 2.373767539733802945e+00 2.095684233675581876e+00 2.280636498588978878e+00 1.379647166577127493e+00
1.246361225928295680e+00 2.341329482525294825e+00 2.106131397691625384e+00 2.264898497934467514e+00 1.394884446947089129e+00
1.244215440403096729e+00 2.316497805893670492e+00 2.119722434767516095e+00 2.244490884180066814e+00 1.406951932957768436e+00
1.245101862343967358e+00 2.309283177146315591e+00 2.135790209241212878e+00 2.221376193021244561e+00 1.418092630640926721e+00
1.247542764291711404e+00 2.301276350019319850e+00 2.144889581553648394e+00 2.210129434244379798e+00 1.443665153209407359e+00
1.249753450978001057e+00 2.281335480955158701e+00 2.149803305767111539e+00 2.208163647409342012e+00 1.471828922557361974e+00
1.254093658725625726e+00 2.250601892236622881e+00 2.160261373079452429e+00 2.202189211013234171e+00 1.492751443483710583e+00
1.261985462121695267e+00 2.217250558799813476e+00 2.176525963564936550e+00 2.190456899922534895e+00 1.496130054667467624e+00
1.272537306556162928e+00 2.187375629609509264e+00 2.187433998930624846e+00 2.183458797181344391e+00 1.485975965281573163e+00
1.270566541315298448e+00 2.201496261237870566e+00 2.165009604034149326e+00 2.191720166548646098e+00 1.497169903453877016e+00
1.276849402179747184e+00 2.208833444467555474e+00 2.146239621852325641e+00 2.198205799300883001e+00 1.514655896793719592e+00
1.282048495305607716e+00 2.201032454691311369e+00 2.145563217415739299e+00 2.204044626202356749e+00 1.544561762445850084e+00
1.288761150803272137e+00 2.186892408565985768e+00 2.150974116691205751e+00 2.207731140828299576e+00 1.573025992657342886e+00
1.300000000000000044e+00 2.169999999999999929e+00 2.154999999999999805e+00 2.209999999999999964e+00 1.600000000000000089e+00
