8.699999999999999956e-01 2.740000000000000213e+00 1.850000000000000089e+00 2.629999999999999893e+00 1.350000000000000089e+00
9.003014691043811357e-01 2.751452082711557168e+00 1.873291963590985043e+00 2.607084721430250163e+00 1.310393073122364527e+00
9.271125582836826640e-01 2.796606289646047738e+00 1.906205766483536346e+00 2.588858468768889143e+00 1.292108723423513350e+00
9.387109675318920932e-01 2.830001413826872980e+00 1.925379138018597169e+00 2.583896645249773361e+00 1.287894904887619374e+00
9.532945172207865081e-01 2.831816174318443124e+00 1.913402978002312294e+00 2.559179364673691559e+00 1.262792575262657424e+00
9.916748793276340956e-01 2.803328945399907290e+00 1.908426059621375792e+00 2.510635663159563880e+00 1.235319345836934257e+00
1.014549056002629790e+00 2.772428526267166404e+00 1.925067089802548370e+00 2.483250939693558035e+00 1.224859429171260006e+00
1.027888896355903636e+00 2.747450130060392404e+00 1.936325508901321824e+00 2.469030801179213697e+00 1.219934332887533168e+00
1.034329432124951431e+00 2.733175222060525655e+00 1.942622780155015993e+00 2.462189590988330679e+00 1.217703989612919813e+00
1.071476230500026050e+00 2.647574970925638649e+00 1.984325095562141428e+00 2.419664678242197553e+00 1.203928377064156008e+00
1.073633000812105553e+00 2.632361311467922960e+00 1.998853667632298770e+00 2.409000663318206392e+00 1.201566485822368469e+00
1.074355133958984077e+00 2.618522458048785584e+00 2.018111268622301502e+00 2.395640736203621834e+00 1.199951081309639900e+00
1.087561455144691935e+00 2.620005826190975107e+00 2.053311278624986524e+00 2.376320371435529655e+00 1.197102170825894207e+00
1.091312471415026408e+00 2.618779046780077113e+00 2.059326606224919587e+00 2.372049576149020567e+00 1.197216025256009786e+00
1.102355528848364186e+00 2.600480366217567507e+00 2.062369436610848261e+00 2.361070248681939709e+00 1.201419716248563363e+00
1.141935823068397804e+00 2.566362268707319316e+00 2.068909866147097709e+00 2.336570466846731087e+00 1.204044662441914992e+00
1.162833672228215987e+00 2.553956378750001477e+00 2.072066299935305445e+00 2.325084331336934262e+00 1.202847739896804935e+00
1.239142368636840796e+00 2.497389407542177864e+00 2.063906442194598956e+00 2.275011057482905219e+00 1.197307257601875730e+00
1.251772099820526174e+00 2.487594098670735221e+00 2.062106350395664034e+00 2.266541123629835841e+00 1.196495846562459331e+00
1.273580931306423247e+00 2.456954842764430325e+00 2.067398645172712879e+00 2.252492178603839434e+00 1.211971866061034575e+00
1.276560654912852755e+00 2.407132981090065016e+00 2.100338484768775160e+00 2.254337177984079066e+00 1.273073839866998958e+00
1.276840736213417316e+00 2.397732635541446111e+00 2.106206629525463114e+00 2.254866125216973494e+00 1.285824915460256124e+00
1.277076849701755501e+00 2.391858690429896850e+00 2.109414518274087769e+00 2.255122895255195381e+00 1.294406849346111388e+00
1.277974922919183465e+00 2.372500264551771210e+00 2.119205142846668277e+00 2.255758532822698559e+00 1.323640493747328062e+00
1.273804659996030653e+00 2.343102334412449306e+00 2.129739912821247305e+00 2.236797544802450854e+00 1.384921885434462041e+00
1.264518907279376103e+00 2.327919748448962878e+00 2.144666471660493290e+00 2.209036827861248664e+00 1.429053686859628192e+00
1.263249686643709069e+00 2.297203832631030007e+00 2.139439993487236791e+00 2.166654355927357223e+00 1.464377773449918152e+00
1.258332391683891993e+00 2.257136508290948473e+00 2.125368495963848581e+00 2.150334585127908760e+00 1.486745510874976084e+00
1.251346528400023139e+00 2.233474885987641212e+00 2.107910659509806717e+00 2.126488824451722159e+00 1.525197138979729861e+00
1.257425978266655919e+00 2.220723157249884672e+00 2.122422330179150052e+00 2.117999048168459186e+00 1.543992393418532894e+00
1.261550588529325889e+00 2.219274248115144399e+00 2.127989161068444268e+00 2.130476077621681785e+00 1.550365519236922562e+00
1.273367464490314127e+00 2.210727921233704762e+00 2.139317669576899394e+00 2.161749470380537996e+00 1.565946440950216623e+00
1.281315865799715459e+00 2.198572793820265492e+00 2.143998014624185711e+00 2.176149697976861308e+00 1.576109624746315774e+00
1.300000000000000044e+00 2.169999999999999929e+00 2.154999999999999805e+00 2.209999999999999964e+00 1.600000000000000089e+00
