8.699999999999999956e-01 2.740000000000000213e+00 1.850000000000000089e+00 2.629999999999999893e+00 1.350000000000000089e+00
8.989497837817215231e-01 2.757388434668080368e+00 1.869613878102508453e+00 2.604953502883522898e+00 1.337468481081726335e+00
9.282855713683360044e-01 2.776326163494188926e+00 1.890978769782973634e+00 2.582272429944505010e+00 1.327806544928449739e+00
9.536196391450342258e-01 2.800351501282253963e+00 1.918101931997379772e+00 2.578402667489481548e+00 1.337143860631278658e+00
9.571249417123540715e-01 2.835745119598069408e+00 1.937919362061703232e+00 2.596284852433001333e+00 1.334170246955965977e+00
9.579396526985374249e-01 2.846056268604571393e+00 1.934842629149831739e+00 2.586225522263930987e+00 1.291004958637362643e+00
9.729032388805612941e-01 2.828678957164784791e+00 1.934214322933372143e+00 2.575646154492905016e+00 1.252511416755232920e+00
9.870441914680104789e-01 2.785795389643471953e+00 1.944659499331469421e+00 2.543094417531796658e+00 1.240651949484140149e+00
1.009087739028573072e+00 2.737122263448611204e+00 1.951291995774461441e+00 2.516827560213469095e+00 1.229034683832292751e+00
1.021733721331472111e+00 2.694438970363282504e+00 1.946852668233287842e+00 2.482196388191379555e+00 1.214262766803003268e+00
1.034492273341708346e+00 2.652049347955607317e+00 1.949206110386427993e+00 2.447749526112682705e+00 1.199184624768315333e+00
1.047587084398946544e+00 2.618759247739790297e+00 1.975171279641188660e+00 2.429334236540064751e+00 1.189392709927617364e+00
1.064450877338142920e+00 2.595922681752997896e+00 2.002927143651763053e+00 2.410213317742808670e+00 1.188787504969448960e+00
1.107237536017016355e+00 2.578620087103596248e+00 2.016136058221489780e+00 2.392559757734872061e+00 1.194549680199914476e+00
1.150030707159128474e+00 2.565794949914280920e+00 2.026439621812008873e+00 2.371442058679029685e+00 1.203918381202017773e+00
1.191835820283311032e+00 2.553423368282868644e+00 2.037336244703892962e+00 2.349504790208703842e+00 1.214094629064373043e+00
1.231593644950029542e+00 2.537761909395875204e+00 2.050040710173745673e+00 2.326406815970711861e+00 1.222930530231590929e+00
1.243926364593727296e+00 2.491434377131124478e+00 2.063441342899648312e+00 2.297371827388318799e+00 1.225838880871688241e+00
1.260397589608990288e+00 2.457487264055435272e+00 2.070938402201479178e+00 2.278050249464763422e+00 1.255592196694867546e+00
1.278446218120779632e+00 2.441790729289694095e+00 2.089582890272230209e+00 2.281771066609729726e+00 1.288504091605035873e+00
1.299166944634772669e+00 2.428692866751644530e+00 2.095845973813258656e+00 2.294098471921147464e+00 1.326994083274087854e+00
1.325707395742584893e+00 2.420922670890602202e+00 2.104672435452255463e+00 2.303595759732826931e+00 1.362750006176713491e+00
1.341136288495547557e+00 2.410064968931230123e+00 2.124240926574333610e+00 2.300516109834977119e+00 1.396508842640960868e+00
1.333345572898286591e+00 2.389671118838020192e+00 2.140828606203990514e+00 2.279109929963097692e+00 1.427722892327376814e+00
1.312471014598523000e+00 2.365108131070524422e+00 2.143177206324859529e+00 2.248457713388354318e+00 1.454446241587792565e+00
1.287464691469476952e+00 2.341821675185253859e+00 2.144452506418444315e+00 2.216908613831792163e+00 1.477846959996839793e+00
1.270265497590915560e+00 2.320645936296125367e+00 2.137498795337918533e+00 2.193694999611994767e+00 1.509785758208854300e+00
1.282378627361086432e+00 2.282109360683166610e+00 2.140730056761926292e+00 2.201424379782700225e+00 1.546083681435508783e+00
1.291189313680543238e+00 2.226054680341583047e+00 2.147865028380963270e+00 2.205712189891349873e+00 1.573041840717754436e+00
1.300000000000000044e+00 2.169999999999999929e+00 2.154999999999999805e+00 2.209999999999999964e+00 1.600000000000000089e+00
