8.699999999999999956e-01 2.740000000000000213e+00 1.850000000000000089e+00 2.629999999999999893e+00 1.350000000000000089e+00
8.941175476907101682e-01 2.754306653935163052e+00 1.856127807558377807e+00 2.614727441171780686e+00 1.339226161756503775e+00
9.191183500974946519e-01 2.764607796687258201e+00 1.863071229174904975e+00 2.597476737388469292e+00 1.332074877757562614e+00
9.418257989562546229e-01 2.759276090584656949e+00 1.871536240366739268e+00 2.577371556765517990e+00 1.339058778724348864e+00
9.522336812930435324e-01 2.749461230907629172e+00 1.873960620073617189e+00 2.560964143671966564e+00 1.316693502798252258e+00
9.546968117943719356e-01 2.746085643164283496e+00 1.879476365470208687e+00 2.555025082939083703e+00 1.288059335047861742e+00
9.663653908106223378e-01 2.738927038708234285e+00 1.895041410828698147e+00 2.541568999890354785e+00 1.271133277237983306e+00
9.816458548291813191e-01 2.733562560157874799e+00 1.910513302384196255e+00 2.522937909189595374e+00 1.261140518398244037e+00
9.983062421700925615e-01 2.731674070767615703e+00 1.923127680316215393e+00 2.501596116457335484e+00 1.250318125495449628e+00
1.015063650136963425e+00 2.731837710649283935e+00 1.933072864241403677e+00 2.478768637256533847e+00 1.237515489599969154e+00
1.031266429791867001e+00 2.732649238427982574e+00 1.941911026656753636e+00 2.455145760910868002e+00 1.223896203106132452e+00
1.046967281925509141e+00 2.730727758207681433e+00 1.952563264246716113e+00 2.431282671370128767e+00 1.212679023375884624e+00
1.060589196358844299e+00 2.717425087283751761e+00 1.968073596999606156e+00 2.410377691259787625e+00 1.210518545447581085e+00
1.071668804173672829e+00 2.689564333400901841e+00 1.982709235740711895e+00 2.395546194507449655e+00 1.215394137146977194e+00
1.086116368644346464e+00 2.654362626377449352e+00 1.990167018853380432e+00 2.383159793924726877e+00 1.223090097868442472e+00
1.107355532420023048e+00 2.625299059734605311e+00 1.995689893054620301e+00 2.372466005127515487e+00 1.231084023896151569e+00
1.131317594072595245e+00 2.604350929406539006e+00 2.006503525738616123e+00 2.362735121539889072e+00 1.232499723519886237e+00
1.152833498567866322e+00 2.584137888495084301e+00 2.018642128432948990e+00 2.349714166071375843e+00 1.228709046790167791e+00
1.172690387767635567e+00 2.561835853463370505e+00 2.029146628571488531e+00 2.333155315350362802e+00 1.224036933878121847e+00
1.192583375785088551e+00 2.539355838154483624e+00 2.040083074199351643e+00 2.317624216429176265e+00 1.218820759517459384e+00
1.213452568995027292e+00 2.515873579460449427e+00 2.051236747310982711e+00 2.304295095213410249e+00 1.215449818072836363e+00
1.234510529601643647e+00 2.489928702521690074e+00 2.059796705396363947e+00 2.292557029249704836e+00 1.223152634732319166e+00
1.249461810405661399e+00 2.462411961221379286e+00 2.067755860163103421e+00 2.287192731054627615e+00 1.241093500081748680e+00
1.258684026807334932e+00 2.426934281731259802e+00 2.072942714942327402e+00 2.288379409990461077e+00 1.259033474304285916e+00
1.256895114389668722e+00 2.388163560975524291e+00 2.071777979887306387e+00 2.287651872320079605e+00 1.274603636184908018e+00
1.258872930234094412e+00 2.365742593882062206e+00 2.085562135008781848e+00 2.289134460850409614e+00 1.295685889077467845e+00
1.263244393570924329e+00 2.347086516747653118e+00 2.095517345724184466e+00 2.290827795620848928e+00 1.320984120084092384e+00
1.268354084298149109e+00 2.334750052230434747e+00 2.110643244200413271e+00 2.287494600924198096e+00 1.343016550402098108e+00
1.273694592053338903e+00 2.330250846820755228e+00 2.125527049245166999e+00 2.272232736054313751e+00 1.360097028013389719e+00
1.278442284865515477e+00 2.326167932741186384e+00 2.126328280525011660e+00 2.250899898211228933e+00 1.384006379676794074e+00
1.277106227694498886e+00 2.324812036074018984e+00 2.133230620699121172e+00 2.235493938832431748e+00 1.410597323801702219e+00
1.273456092780320015e+00 2.321623462089716039e+00 2.143172270986210215e+00 2.219789609455670831e+00 1.435175875829997283e+00
1.268227531741261460e+00 2.309885205295419297e+00 2.149133392753261873e+00 2.201987573373660467e+00 1.459157131959948117e+00
1.263056410054593570e+00 2.285498086608368506e+00 2.148148011803071800e+00 2.185913204012201128e+00 1.481152863642395623e+00
1.262437131763918252e+00 2.252357937978093361e+00 2.142563362609291922e+00 2.181121564178134520e+00 1.501724863780011798e+00
1.269052073017348459e+00 2.223076139930978190e+00 2.140263058736256330e+00 2.191203846637894692e+00 1.523670380577816674e+00
1.279088344564391688e+00 2.203399071215725424e+00 2.143237597492102964e+00 2.203772696032581191e+00 1.547784454058383607e+00
1.289576601079943874e+00 2.186773838819543236e+00 2.147552032637099373e+00 2.209429785036814753e+00 1.574221992542355952e+00
1.300000000000000044e+00 2.169999999999999929e+00 2.154999999999999805e+00 2.209999999999999964e+00 1.600000000000000089e+00
