8.699999999999999956e-01 2.740000000000000213e+00 1.850000000000000089e+00 2.629999999999999893e+00 1.350000000000000089e+00
8.930021360375423045e-01 2.763544929610107559e+00 1.853260838871517047e+00 2.616143223482655600e+00 1.357408943230738352e+00
9.164714430363126718e-01 2.777040685785218788e+00 1.866049870303133629e+00 2.602788674582819262e+00 1.359565641130791924e+00
9.333356315262713032e-01 2.781321006268548501e+00 1.883312132778795167e+00 2.584410404021822760e+00 1.364691889896619381e+00
9.469916909104659775e-01 2.785088323670765309e+00 1.905593566854252296e+00 2.571315730880417760e+00 1.365781274528109490e+00
9.600665781529579279e-01 2.783534249822902318e+00 1.929496437907372020e+00 2.562515557891318352e+00 1.364332778216870823e+00
9.753188877423522030e-01 2.779083670889267221e+00 1.949414636155374358e+00 2.548251342287868315e+00 1.357196988995408082e+00
9.914964731964259759e-01 2.769813451367440837e+00 1.958989643951781989e+00 2.527992992016736551e+00 1.343058748921292178e+00
1.006694917886217233e+00 2.752926662312081607e+00 1.961026250569229523e+00 2.508082317516469484e+00 1.326362308855393968e+00
1.022982158948831710e+00 2.732623517481678199e+00 1.960648394468826217e+00 2.487450336327600819e+00 1.312759223513926266e+00
1.040722415200848960e+00 2.722431782719150650e+00 1.963564009247781517e+00 2.463249678549323196e+00 1.301673679247802307e+00
1.053860446722732158e+00 2.718720190413640658e+00 1.969517016659314779e+00 2.439615770071134726e+00 1.285057326656467991e+00
1.059936976146855336e+00 2.703833035027026988e+00 1.973116777767517371e+00 2.419112912502368484e+00 1.264092643510768887e+00
1.064359287201878335e+00 2.672073891727716699e+00 1.972205406826624596e+00 2.401341075103870182e+00 1.249055334417201513e+00
1.072183317269766789e+00 2.633009333276703057e+00 1.968857759756852621e+00 2.385837716768292260e+00 1.243059216799295319e+00
1.082639979615543924e+00 2.594911999457352625e+00 1.963327709238659402e+00 2.370068928997939306e+00 1.240953226292130118e+00
1.094934814098731390e+00 2.561528424567213857e+00 1.958973302051192800e+00 2.350978848251263464e+00 1.235987195213628986e+00
1.108851323039707015e+00 2.546740521295017601e+00 1.970512305827120336e+00 2.335564058586407477e+00 1.222043406318950254e+00
1.124534638304391487e+00 2.560124310662968306e+00 1.990931643832623887e+00 2.329067780591000947e+00 1.214592278434102779e+00
1.145684237022786212e+00 2.566701589069879219e+00 2.008150367097930378e+00 2.322526184059061638e+00 1.223545503982219618e+00
1.165866031061534969e+00 2.559188713145522875e+00 2.021492337814775997e+00 2.317191914541526732e+00 1.240320384571750312e+00
1.183944183114334914e+00 2.544158095903545025e+00 2.033645054778256966e+00 2.313031523992962857e+00 1.258652178252405607e+00
1.200281315488654910e+00 2.523666692051716343e+00 2.045063546988813652e+00 2.309709741806985406e+00 1.277056239223780754e+00
1.215183963206287299e+00 2.498924159375496945e+00 2.056397606113277376e+00 2.307053142000985879e+00 1.294589580345740343e+00
1.228541319580355395e+00 2.472254301289730893e+00 2.069197974390092121e+00 2.304870928640932792e+00 1.310884945829192461e+00
1.239514995695805588e+00 2.445914379001100869e+00 2.083887278116961284e+00 2.303269461252494210e+00 1.327106143959786211e+00
1.247338709862450212e+00 2.420407167973267271e+00 2.098080676108883935e+00 2.302356597593093746e+00 1.345872629692945077e+00
1.252159760336732042e+00 2.395462875293021821e+00 2.109046790597559173e+00 2.300494760239162773e+00 1.368079114226755433e+00
1.254688405628543446e+00 2.370367569566100840e+00 2.118391342612392148e+00 2.292818158171079368e+00 1.390501166180023063e+00
1.255288565846889082e+00 2.346198482926244111e+00 2.130151519954543105e+00 2.275089093283011454e+00 1.406289735422987075e+00
1.255067235372039569e+00 2.325947449971233372e+00 2.144152196026299695e+00 2.250787271532525669e+00 1.413200606701390027e+00
1.256264758435863937e+00 2.306111469803756364e+00 2.157403156745167472e+00 2.225174376960803002e+00 1.419813674385204560e+00
1.261044820396834742e+00 2.280350751828744471e+00 2.164050914426800531e+00 2.200766708471490141e+00 1.429932813606103803e+00
1.275404936767287056e+00 2.271210597196312353e+00 2.173402307712340775e+00 2.189521113815112940e+00 1.449712177417151970e+00
1.283452598485597562e+00 2.279176412620341985e+00 2.189890738786000490e+00 2.204074618992878154e+00 1.468192420830690681e+00
1.287390183168320545e+00 2.273497188575237971e+00 2.202247457083631232e+00 2.216150162901922460e+00 1.492556152006566883e+00
1.283416381493093894e+00 2.256822198884969488e+00 2.197528970814990767e+00 2.220747851882583834e+00 1.519666324083983167e+00
1.276894639428523881e+00 2.244360734142437863e+00 2.173432317983603923e+00 2.217041389584330613e+00 1.527817176182766135e+00
1.271742394667961351e+00 2.242147575816841432e+00 2.150543106501677570e+00 2.208026387311694982e+00 1.536198203641690352e+00
1.281088738215724998e+00 2.225619965972319481e+00 2.165725628565158711e+00 2.208464638431036242e+00 1.557025227587753857e+00
1.291224870976245942e+00 2.198467295876146643e+00 2.164945402024298637e+00 2.209209811808118484e+00 1.579959075994195272e+00
1.300000000000000044e+00 2.169999999999999929e+00 2.154999999999999805e+00 2.209999999999999964e+00 1.600000000000000089e+00
