8.699999999999999956e-01 2.740000000000000213e+00 1.850000000000000089e+00 2.629999999999999893e+00 1.350000000000000089e+00
8.995251175001017785e-01 2.750294508703245100e+00 1.860246399137396311e+00 2.612357338745169510e+00 1.356147450394607379e+00
9.315445116012275317e-01 2.766545545071389167e+00 1.868690668171546054e+00 2.599711694547366392e+00 1.351583322401342713e+00
9.549393635962712956e-01 2.780964564817434592e+00 1.884202633081948575e+00 2.590654326110847894e+00 1.336293225811370666e+00
9.663382874805384048e-01 2.831774490499641139e+00 1.896060644348471325e+00 2.585344426147998309e+00 1.325879336679084641e+00
9.642833007492925823e-01 2.861845976222311627e+00 1.902077844284411512e+00 2.577893308591357346e+00 1.298238237648525972e+00
9.557811488555101320e-01 2.812489233661732868e+00 1.908298064203229893e+00 2.570898976643605671e+00 1.307063823909488498e+00
9.712374149986091609e-01 2.789179844401748376e+00 1.924912950927046840e+00 2.560671043859661822e+00 1.322680124668957014e+00
9.900678231039565791e-01 2.763481105549894234e+00 1.939031618907102628e+00 2.541361215329303924e+00 1.316208668290092421e+00
1.007644886426555253e+00 2.746327387986651658e+00 1.946840832629970208e+00 2.518132009261352167e+00 1.295898954277970638e+00
1.024743432983729718e+00 2.733525359511928432e+00 1.952635397480319668e+00 2.495063925784204439e+00 1.272849292585333858e+00
1.041855362438199650e+00 2.720844084898893289e+00 1.958865754317911767e+00 2.472577600790663688e+00 1.249582787883904977e+00
1.055897397173319874e+00 2.703822179660159364e+00 1.967424361010852163e+00 2.449172485292288481e+00 1.227749391472772400e+00
1.063560418999168755e+00 2.675843224272435261e+00 1.978253008269765578e+00 2.422441391122429177e+00 1.214010248231041311e+00
1.068312253714955862e+00 2.631058818187684611e+00 1.976979967697518159e+00 2.392952752031763719e+00 1.211044661126745359e+00
1.079814557410839093e+00 2.590761385695905528e+00 1.973303113763169581e+00 2.364964124880396312e+00 1.203093781797962114e+00
1.099060807595312328e+00 2.551988608127378377e+00 1.976453610019609730e+00 2.340888869744428114e+00 1.201850719337915097e+00
1.122067262133962240e+00 2.515270338096152969e+00 1.988620398593841543e+00 2.334345453589394825e+00 1.210410253001650505e+00
1.154323023654678870e+00 2.500114341184197730e+00 1.999081784743143908e+00 2.342383422568067974e+00 1.215246154602428463e+00
1.188310588033326454e+00 2.496680006027142351e+00 2.008854452453320505e+00 2.348043360129060453e+00 1.220174451785570158e+00
1.216931647954638596e+00 2.496695135392857257e+00 2.025208391795254137e+00 2.347311488261171863e+00 1.227946006332725659e+00
1.236073852965757336e+00 2.498290307872264471e+00 2.047255363759315827e+00 2.343421489538283442e+00 1.237452367537376530e+00
1.248293843367936473e+00 2.498992849165383223e+00 2.070451573269911805e+00 2.337885090469001614e+00 1.251358414006148223e+00
1.255774827079235934e+00 2.497411386555719925e+00 2.090990150143556381e+00 2.329869783204127742e+00 1.273086018440341638e+00
1.260087195191250231e+00 2.486129835913227559e+00 2.105391117311154581e+00 2.318225893090915868e+00 1.301493624817573025e+00
1.261658520836561603e+00 2.455584071230926480e+00 2.111336208577978102e+00 2.303455646250384348e+00 1.330175654946210040e+00
1.256604388803877592e+00 2.410551546317811322e+00 2.112049413363024097e+00 2.287156203920720277e+00 1.352362225351862124e+00
1.251126569193492077e+00 2.394265757491227387e+00 2.129789057611310099e+00 2.270420873598836042e+00 1.372340425356018301e+00
1.251751249278616474e+00 2.370565911097718192e+00 2.142329370588303306e+00 2.252707672168538178e+00 1.397409884655129497e+00
1.251526248053708823e+00 2.336113347415333941e+00 2.150956453512882227e+00 2.232499084740748430e+00 1.420231133647402721e+00
1.249783727022221624e+00 2.347585578004463880e+00 2.142804752379655842e+00 2.212493282685891405e+00 1.445612091576841340e+00
1.240733734793267873e+00 2.321879175360535452e+00 2.129296743954444349e+00 2.187210012762714317e+00 1.446380974420110599e+00
1.240496860586500105e+00 2.276088847365981049e+00 2.133727865651666722e+00 2.171770023673634142e+00 1.463941497627346155e+00
1.242079454129189520e+00 2.233972661606745458e+00 2.129282787738150606e+00 2.170197549224038625e+00 1.490979089370319866e+00
1.241702219395213636e+00 2.201862161911614990e+00 2.108592803383516401e+00 2.176072925573917960e+00 1.501488344807486053e+00
1.238345678656706639e+00 2.164932073064242513e+00 2.091074712276830283e+00 2.195290815132408202e+00 1.507302966884552786e+00
1.238892711949470371e+00 2.167332136205493143e+00 2.116030467423779982e+00 2.211012913743072961e+00 1.507057321042492015e+00
1.252554523694630717e+00 2.174687710729453105e+00 2.124403266803432722e+00 2.239506351287670061e+00 1.490160292396805586e+00
1.250046654831109993e+00 2.165061013417248770e+00 2.114948607292520322e+00 2.224304133549693585e+00 1.518803099552362479e+00
1.265069131541348479e+00 2.165433434196089912e+00 2.126576413172610813e+00 2.217274417417362198e+00 1.547908796234960027e+00
1.282534565770674373e+00 2.167716717098044921e+00 2.140788206586305531e+00 2.213637208708680859e+00 1.573954398117479947e+00
1.300000000000000044e+00 2.169999999999999929e+00 2.154999999999999805e+00 2.209999999999999964e+00 1.600000000000000089e+00
