8.699999999999999956e-01 2.740000000000000213e+00 1.850000000000000089e+00 2.629999999999999893e+00 1.350000000000000089e+00
9.038770001628544382e-01 2.709586697960733481e+00 1.875686032081548937e+00 2.605920250765116020e+00 1.348153054765684367e+00
9.436224802849765281e-01 2.717060962085708908e+00 1.899283773597939984e+00 2.580202496635851439e+00 1.348695590756722851e+00
9.557320247456628781e-01 2.792385167484170871e+00 1.898162968834341324e+00 2.573592510673505362e+00 1.346321004749337247e+00
9.537612930551591095e-01 2.750515486901914386e+00 1.918134263781901216e+00 2.555553187008563931e+00 1.306634928800810780e+00
9.650002172302529768e-01 2.697662155742700296e+00 1.941344370286611332e+00 2.531482703694855285e+00 1.283295054670867019e+00
9.882392793872034620e-01 2.665138478533842115e+00 1.960640349802208471e+00 2.499002386743337301e+00 1.258274040361438750e+00
1.017979721627604750e+00 2.652785544236536897e+00 1.972961710670045887e+00 2.466704247658831228e+00 1.224908648151539881e+00
1.049898688397890023e+00 2.638419885591683833e+00 1.984663492804833673e+00 2.434436286770698565e+00 1.194093003079400805e+00
1.089033427462209325e+00 2.606367724366750682e+00 1.994697045068792640e+00 2.403818657890602672e+00 1.180310464754321442e+00
1.140305698661260747e+00 2.577020062090692232e+00 1.986745440360389248e+00 2.387645356067924052e+00 1.180908145419108379e+00
1.188796017976006425e+00 2.557921776480611697e+00 1.978294086783984884e+00 2.366827033242891787e+00 1.191888811626009570e+00
1.219928858303957808e+00 2.520640493840081042e+00 1.990890175570201093e+00 2.332825489350055737e+00 1.211273543252504803e+00
1.240595714958173224e+00 2.463739490775954888e+00 2.011110284345127841e+00 2.304388790875286919e+00 1.222806417280332347e+00
1.260173938048066988e+00 2.409782066219782415e+00 2.032946813850079693e+00 2.280592112133906113e+00 1.238046540061291223e+00
1.277410505346306291e+00 2.373253711738497973e+00 2.038298709091181493e+00 2.272506129224457272e+00 1.287643409216179924e+00
1.284853401443332377e+00 2.345820183944735238e+00 2.033514243254416431e+00 2.276065398583351218e+00 1.342106228435267168e+00
1.292807727992621114e+00 2.328733913272227785e+00 2.052345508005113395e+00 2.280113231466548651e+00 1.391627862798219262e+00
1.300214372998840462e+00 2.338851154639308927e+00 2.087358172125293621e+00 2.284120294737707280e+00 1.419812319798563038e+00
1.293150026317558821e+00 2.325876541128661934e+00 2.114411335342578635e+00 2.255620097017330128e+00 1.451361508146135737e+00
1.277763401475098037e+00 2.290234392468372349e+00 2.124809546902952651e+00 2.215122961968447157e+00 1.480183172992544982e+00
1.270749170602742506e+00 2.252587186966958033e+00 2.142742602090038417e+00 2.185133104767430723e+00 1.515234742317766781e+00
1.290477528975963128e+00 2.207361262584888628e+00 2.163382048306136785e+00 2.199447895580635137e+00 1.549354856438111216e+00
1.300000000000000044e+00 2.169999999999999929e+00 2.154999999999999805e+00 2.209999999999999964e+00 1.600000000000000089e+00
