8.699999999999999956e-01 2.740000000000000213e+00 1.850000000000000089e+00 2.629999999999999893e+00 1.350000000000000089e+00
8.878579687310441670e-01 2.747995150143027754e+00 1.852009057085190813e+00 2.607150387317110685e+00 1.369684282450544854e+00
9.113127770425997198e-01 2.767307299608051441e+00 1.862084032850649828e+00 2.593780229855005892e+00 1.382607097710303767e+00
9.324627585953793041e-01 2.798337921837792841e+00 1.876408350887319720e+00 2.589788411114536171e+00 1.385892545342897186e+00
9.565047722350249471e-01 2.816483685543883730e+00 1.876648801558364887e+00 2.574921310317654921e+00 1.400949099300443645e+00
9.820027294704927190e-01 2.808669971721692971e+00 1.878715843168041966e+00 2.554014822014338826e+00 1.412461137446259674e+00
1.004730687181539572e+00 2.788799385766607131e+00 1.884289443967556155e+00 2.530799493469285899e+00 1.417928959945533807e+00
1.018307833182940492e+00 2.773660993150584453e+00 1.891041590506544967e+00 2.500469048904853775e+00 1.411410608946888301e+00
1.022306747785898029e+00 2.786939770805298977e+00 1.898693543840652920e+00 2.477567061184513975e+00 1.390623367851016035e+00
1.033901760226722422e+00 2.806374461523391428e+00 1.910065705082011345e+00 2.467478220518450893e+00 1.367582143175647191e+00
1.046873305062283821e+00 2.780188144290585583e+00 1.922085177725456617e+00 2.452461544760007772e+00 1.355606429501525767e+00
1.052140784830921660e+00 2.729948633361731325e+00 1.923813766509694378e+00 2.441889341820417947e+00 1.346411950965285653e+00
1.050959767373652376e+00 2.697154507814826019e+00 1.919112191602786455e+00 2.433355161402194877e+00 1.322270578076419456e+00
1.051168584397229155e+00 2.678985698070001753e+00 1.923026904891296240e+00 2.420284568070392162e+00 1.293948047677859314e+00
1.054963260718370099e+00 2.666329081894347475e+00 1.934931794301254948e+00 2.405256871844840827e+00 1.269128635978726161e+00
1.065470186176565859e+00 2.640244810301685785e+00 1.949548049665777549e+00 2.390759270613190601e+00 1.253999041287198635e+00
1.082079881900367191e+00 2.604468571557778667e+00 1.957059266385795082e+00 2.377076727136111067e+00 1.241478200053320879e+00
1.105567842295965608e+00 2.573720803614493846e+00 1.960077341451285537e+00 2.363729022098738586e+00 1.230639220965122016e+00
1.133256347450366963e+00 2.550099937735994970e+00 1.964168064045715534e+00 2.351418315788335711e+00 1.222244444454547496e+00
1.161615196399219840e+00 2.530968357859965323e+00 1.972579500201177005e+00 2.341378979654778814e+00 1.215032651811414288e+00
1.187796052331134389e+00 2.518947139451435557e+00 1.987493445677095849e+00 2.334909038149716398e+00 1.210668843355346302e+00
1.208504750232581859e+00 2.518207829173535472e+00 2.007238508466910432e+00 2.331935566500007440e+00 1.216016054512282896e+00
1.220448478824139205e+00 2.519952615503141313e+00 2.021207119522038465e+00 2.327224334594431010e+00 1.238889264394440248e+00
1.223045843981163783e+00 2.509648723060648123e+00 2.024974747940595066e+00 2.316632802195470742e+00 1.268957807286368755e+00
1.225754783423956829e+00 2.488889360766606274e+00 2.033784266004935670e+00 2.302872252505562933e+00 1.294358398249522590e+00
1.232673170648082239e+00 2.467149646778019179e+00 2.051634484475095999e+00 2.290139460481053213e+00 1.309063704531214345e+00
1.242266346076010386e+00 2.455714873330826276e+00 2.073584184594675861e+00 2.280909541454081868e+00 1.320076407889333447e+00
1.252003007863766726e+00 2.449001145989195827e+00 2.091240815125071872e+00 2.277212387777846736e+00 1.341067565320233967e+00
1.254916925503764213e+00 2.426685398805643601e+00 2.086144678824498389e+00 2.281688067084030269e+00 1.366891894910131855e+00
1.251985050032098368e+00 2.407238445670862870e+00 2.067175420407991293e+00 2.299076605727173206e+00 1.376539729727889183e+00
1.253631361043486159e+00 2.416553452036074301e+00 2.082330586788514459e+00 2.313071215161636829e+00 1.394449896227622610e+00
1.256812079058291287e+00 2.387933811689292529e+00 2.090091048331258250e+00 2.295891704105180064e+00 1.413731541976131378e+00
1.259709481009298804e+00 2.362758436209882351e+00 2.092878332436797884e+00 2.264085668360245496e+00 1.413164408276895934e+00
1.257459954076789010e+00 2.350980885796611020e+00 2.094116255240790814e+00 2.232886016219440162e+00 1.430064908997416673e+00
1.253673701739012936e+00 2.327225208514934529e+00 2.091001891083595243e+00 2.206399729308579083e+00 1.448145240043735127e+00
1.251359484962997648e+00 2.293454688767752270e+00 2.094247544732011690e+00 2.187180415909185882e+00 1.467581776480875178e+00
1.253878670943172402e+00 2.259271577392503172e+00 2.104002471022259346e+00 2.180564979316108598e+00 1.489860389984419164e+00
1.262656603018482704e+00 2.226566623092819608e+00 2.114971515267416891e+00 2.182968611725575769e+00 1.511059101547544303e+00
1.274647393589305899e+00 2.191337451469897779e+00 2.128500200213794713e+00 2.183276896783800769e+00 1.521745659122287542e+00
1.280961874373044651e+00 2.202556906666856662e+00 2.130186157052609719e+00 2.190592130619930522e+00 1.552264158571830199e+00
1.291153252000281526e+00 2.193742843566487633e+00 2.145648708192774201e+00 2.199876772844781225e+00 1.575157286475017182e+00
1.300000000000000044e+00 2.169999999999999929e+00 2.154999999999999805e+00 2.209999999999999964e+00 1.600000000000000089e+00
