8.699999999999999956e-01 2.740000000000000213e+00 1.850000000000000089e+00 2.629999999999999893e+00 1.350000000000000089e+00
8.880200911580297118e-01 2.754640179091782493e+00 1.859661032974437189e+00 2.624296473200449675e+00 1.334298767300275079e+00
9.044757585213265560e-01 2.763518197502520479e+00 1.871388670811170662e+00 2.618213024648480935e+00 1.318105217006066532e+00
9.227306124210624683e-01 2.773927881939796780e+00 1.883691687137654114e+00 2.607010805981334833e+00 1.310750058623518788e+00
9.390043258286355776e-01 2.792706975343278053e+00 1.896559003986845404e+00 2.595962548659259905e+00 1.312660776101607141e+00
9.556669193224707204e-01 2.807235074340268532e+00 1.909185326488826329e+00 2.582407070001655036e+00 1.313026258310688199e+00
9.723160394935199680e-01 2.806667281624325661e+00 1.919259422433694073e+00 2.564814555180704225e+00 1.305333483342546064e+00
9.868272223253951037e-01 2.796039747977363099e+00 1.926395682546926613e+00 2.546215955662610053e+00 1.292349222032342704e+00
1.000157211249353528e+00 2.783412687305794719e+00 1.932613033799703395e+00 2.527785091187073174e+00 1.277312228663574745e+00
1.013190618111538654e+00 2.771817304830278772e+00 1.939360571922403853e+00 2.510049980285539384e+00 1.261283635538521963e+00
1.025930913900321428e+00 2.761285444512929566e+00 1.947656496107744051e+00 2.493596352574583896e+00 1.244835744351493689e+00
1.037752149295405824e+00 2.750548720601106112e+00 1.958219560555910954e+00 2.478613770693433249e+00 1.229007483028477621e+00
1.047899256893054520e+00 2.737948261700013042e+00 1.970983886469236612e+00 2.464467051697886379e+00 1.215232655670668960e+00
1.056234473921351613e+00 2.722132922188722048e+00 1.984766407203468752e+00 2.449763269921542364e+00 1.204450951112482793e+00
1.063674153786070553e+00 2.702687280249898460e+00 1.997711604806611474e+00 2.433165514632293469e+00 1.196351580223062872e+00
1.071760186684591387e+00 2.680747125781862472e+00 2.008514166053807060e+00 2.414519942938549768e+00 1.189645351807576690e+00
1.081628796277857907e+00 2.659378517964860578e+00 2.018088426391449808e+00 2.395069926461625975e+00 1.183109061194053790e+00
1.093008064592068118e+00 2.645051307460380308e+00 2.029779462918617661e+00 2.376799302464519759e+00 1.176243518004368882e+00
1.105087916078517640e+00 2.624627177464041505e+00 2.037580890606422557e+00 2.361057739591613025e+00 1.183096620112414010e+00
1.111694647277997161e+00 2.600309893736452160e+00 2.045678782344213964e+00 2.362058632500648958e+00 1.204408916541779062e+00
1.129738298734668689e+00 2.585642552968523411e+00 2.053399027625161910e+00 2.356952176274974331e+00 1.220513814370911554e+00
1.149364304296005113e+00 2.566044822342621323e+00 2.051820035645271378e+00 2.346752416380943007e+00 1.235441364838850031e+00
1.169127265217604794e+00 2.542515275314386258e+00 2.050803045250762402e+00 2.335017143481860735e+00 1.245846104446068914e+00
1.191512376907720716e+00 2.520057852036278856e+00 2.053565993381414767e+00 2.324396940147287705e+00 1.249956904192160323e+00
1.215723907066341258e+00 2.501921210969333842e+00 2.059505659917185039e+00 2.317230141034687829e+00 1.248748903661387910e+00
1.238185335755736638e+00 2.485614897534230039e+00 2.069483195637392026e+00 2.314253781652740649e+00 1.249130968009068532e+00
1.252573515366726564e+00 2.464938343655136865e+00 2.082304844928438925e+00 2.311008703385168950e+00 1.260742283174353107e+00
1.261387020618102817e+00 2.447776524364202455e+00 2.094516797506813521e+00 2.303553218715065132e+00 1.279052139321752213e+00
1.272734336302596470e+00 2.440379273402451865e+00 2.105627353863015028e+00 2.294292044827548782e+00 1.298986961385761418e+00
1.282134133234061224e+00 2.434403740336203104e+00 2.111979125823819636e+00 2.285624584249157376e+00 1.323916415175770744e+00
1.284021188323452023e+00 2.422864322515711599e+00 2.114257589223840217e+00 2.277217153909955272e+00 1.351817758700323946e+00
1.282006883378070450e+00 2.406833670231267597e+00 2.116955905010757810e+00 2.269944337222978170e+00 1.379133613328466623e+00
1.279916877683710874e+00 2.387786128177283196e+00 2.121123172857474426e+00 2.264814824178611907e+00 1.405790437894509415e+00
1.278769169562038233e+00 2.366051330066463620e+00 2.125895454026538900e+00 2.261592097047396610e+00 1.431787958812003048e+00
1.278113339562880091e+00 2.340806775489120639e+00 2.130061805628656213e+00 2.258293407305144829e+00 1.456677823858610887e+00
1.277026240568246429e+00 2.311177042783754576e+00 2.132481493387746507e+00 2.252106559336639169e+00 1.479380453141382556e+00
1.274805758365477049e+00 2.278441498749530059e+00 2.132966097259710203e+00 2.241236070039628991e+00 1.498463448231101003e+00
1.271805689424208019e+00 2.246087244005403605e+00 2.133471935790126839e+00 2.226256349443698657e+00 1.514534762771435172e+00
1.270343603696429291e+00 2.218046445029768776e+00 2.137692094365427842e+00 2.210208406567198303e+00 1.531623334898947641e+00
1.274859013990695900e+00 2.198072865528483799e+00 2.146874636880866216e+00 2.200038113807661233e+00 1.552796098916155332e+00
1.287014098847977017e+00 2.182593694794910721e+00 2.154956276946201843e+00 2.201195731711781622e+00 1.575630629866635157e+00
1.300000000000000044e+00 2.169999999999999929e+00 2.154999999999999805e+00 2.209999999999999964e+00 1.600000000000000089e+00
