8.699999999999999956e-01 2.740000000000000213e+00 1.850000000000000089e+00 2.629999999999999893e+00 1.350000000000000089e+00
9.000594966729447144e-01 2.734859741924114296e+00 1.847493837899659930e+00 2.604024416416592658e+00 1.364735570520334562e+00
9.304144375961883595e-01 2.744325725073196942e+00 1.861091174822336214e+00 2.583696763639129923e+00 1.369836648730201167e+00
9.489571328402958139e-01 2.764006133609668847e+00 1.884209561812201450e+00 2.574920669780952576e+00 1.361767304982510751e+00
9.499496869729810999e-01 2.791840710910405754e+00 1.896008109566355904e+00 2.552704485142836432e+00 1.380321037067755885e+00
9.751464157150132595e-01 2.796795097048532686e+00 1.909076372695400314e+00 2.524826251903535823e+00 1.388355583578527952e+00
1.002205937407698588e+00 2.779395465970968537e+00 1.921608221827805441e+00 2.499383878282639859e+00 1.383327167702152805e+00
1.024178097349079053e+00 2.752920043861331933e+00 1.932821709320285741e+00 2.474265217197780586e+00 1.370551933545659518e+00
1.038874227158319341e+00 2.725229787315088359e+00 1.940650363195354888e+00 2.452508168009039480e+00 1.345992782253928377e+00
1.049144472462663291e+00 2.698228658617686904e+00 1.941155609462885234e+00 2.437822061817646713e+00 1.314370526724482957e+00
1.057240379973604316e+00 2.684710852887411292e+00 1.938833474302851245e+00 2.427281194317009394e+00 1.278320140945648831e+00
1.061298999709555213e+00 2.688463901915593368e+00 1.946379266049771184e+00 2.415405712617931577e+00 1.242464029675432791e+00
1.065755839305386310e+00 2.677316580709599325e+00 1.967016453833680512e+00 2.397770765596460407e+00 1.220508569397930954e+00
1.071725243742639666e+00 2.650794068155450045e+00 1.990328385291480151e+00 2.378133476120702028e+00 1.217103482455430319e+00
1.079155368279627325e+00 2.612723646194644811e+00 2.009651427774098664e+00 2.358606093427165984e+00 1.212323304972135141e+00
1.087932452818009210e+00 2.561598229499839618e+00 2.012370754885411728e+00 2.337978589562359932e+00 1.204039397982760162e+00
1.091024361052538305e+00 2.539411545094377054e+00 1.988255978171032723e+00 2.331101144113504109e+00 1.201986689955739651e+00
1.109975139379784315e+00 2.535825240314022455e+00 1.992355771780407014e+00 2.338332696155197787e+00 1.226216457650193714e+00
1.139076423746587352e+00 2.543311733434100219e+00 2.012771134317080879e+00 2.339015979918317889e+00 1.232750784526637000e+00
1.174339173193367003e+00 2.560926460945490923e+00 2.025382564159819765e+00 2.334090264138394044e+00 1.235878901649282380e+00
1.209300240530577941e+00 2.555416704593824750e+00 2.032979608015086814e+00 2.327114495165922392e+00 1.244109906286297473e+00
1.219215757105595266e+00 2.503391817848672929e+00 2.034949914126558124e+00 2.323433459746762519e+00 1.262203574006675266e+00
1.221324461241479087e+00 2.474992810366793083e+00 2.049471411262720810e+00 2.318450077610489934e+00 1.290037902624159960e+00
1.228641427853401247e+00 2.468139193098380701e+00 2.074336318176317029e+00 2.309635289819347737e+00 1.308945007294676222e+00
1.236979299721789882e+00 2.461297667368656850e+00 2.094854661091819725e+00 2.299441889686697049e+00 1.334648470232784323e+00
1.246568326798442872e+00 2.443645054873987643e+00 2.114502724645914267e+00 2.290080437760181997e+00 1.359403019890665920e+00
1.258965436694166495e+00 2.416967181394131803e+00 2.131098742927024503e+00 2.280916553951891856e+00 1.383780166823820990e+00
1.263136376482192347e+00 2.384128992523510515e+00 2.125015563809486974e+00 2.256167361886228573e+00 1.405848136271922844e+00
1.265916223664532936e+00 2.343201047580344198e+00 2.119339261677742670e+00 2.227391580855766939e+00 1.421255732885272849e+00
1.270328025261287408e+00 2.302608642724578214e+00 2.117247775233952911e+00 2.207784123794047204e+00 1.445266116115315747e+00
1.270152437633501608e+00 2.276497851654649018e+00 2.120215105720111737e+00 2.207705507061955785e+00 1.479234805973302036e+00
1.259207444223798378e+00 2.241626908194456647e+00 2.134259929708990811e+00 2.209011374277674911e+00 1.502050245318797383e+00
1.263958862176375764e+00 2.227200964421580220e+00 2.149524518636228176e+00 2.178554842314440965e+00 1.493675706710561712e+00
1.264113776237680398e+00 2.287074734667157383e+00 2.148823821961267644e+00 2.192373587707643345e+00 1.488694619985205581e+00
1.256957837027956604e+00 2.329179390447120301e+00 2.132931057740607095e+00 2.213550467288367685e+00 1.497149988234183215e+00
1.248841060089631805e+00 2.308427054276988688e+00 2.108687796498811107e+00 2.212972918589796834e+00 1.514759627583296187e+00
1.241738776383163545e+00 2.278871273152583754e+00 2.086193285538610276e+00 2.208124659495003250e+00 1.531561417752452137e+00
1.240785215881307302e+00 2.231258213420211689e+00 2.080576372775952976e+00 2.197630192792904058e+00 1.535324049043389705e+00
1.249787280408261925e+00 2.225600295099388504e+00 2.107704634686106804e+00 2.198886315066117980e+00 1.527123055426257370e+00
1.259533933796449956e+00 2.209169927929348187e+00 2.129769932097938856e+00 2.205965225560193588e+00 1.548048162225867941e+00
1.274698620029045326e+00 2.189439120081162038e+00 2.140113300476806923e+00 2.210341946764134757e+00 1.579071662813852583e+00
1.300000000000000044e+00 2.169999999999999929e+00 2.154999999999999805e+00 2.209999999999999964e+00 1.600000000000000089e+00
