8.699999999999999956e-01 2.740000000000000213e+00 1.850000000000000089e+00 2.629999999999999893e+00 1.350000000000000089e+00
8.872231888236690178e-01 2.760378142680984137e+00 1.864408200000237326e+00 2.623583662650868398e+00 1.369820519182232132e+00
9.044962495445482142e-01 2.780880105245278067e+00 1.878802093808207285e+00 2.617170169957422576e+00 1.389593515176826166e+00
9.227094124642848394e-01 2.803753337198220397e+00 1.892894134102334425e+00 2.610822604024416904e+00 1.408410428460397323e+00
9.369702635902757981e-01 2.838035855442452071e+00 1.887259683684537892e+00 2.610239698795489005e+00 1.391068800621841905e+00
9.359349517353124925e-01 2.839887325304629506e+00 1.875272755453241347e+00 2.607805336326881385e+00 1.363500278422222545e+00
9.589469469065290408e-01 2.854516344850427156e+00 1.876332214016608768e+00 2.580906222312150611e+00 1.362575300642814291e+00
9.803838539026780152e-01 2.857071546892457903e+00 1.880227286483108884e+00 2.556735262791531405e+00 1.378461227223710006e+00
1.002076837755985883e+00 2.853938816890324581e+00 1.889814028030808224e+00 2.533809551335781673e+00 1.391274012616544820e+00
1.020432580585528548e+00 2.847304419763948768e+00 1.907814079721900979e+00 2.512867265003303263e+00 1.395385588287452627e+00
1.032771137168521314e+00 2.823505608947032286e+00 1.926881430618846869e+00 2.495251132352761303e+00 1.388873730556262842e+00
1.042447196032022516e+00 2.770055154767371963e+00 1.935360685230702371e+00 2.484579894845883707e+00 1.377843754876847182e+00
1.049774933005461097e+00 2.720374483900665830e+00 1.937275390452719348e+00 2.472548154644192309e+00 1.361209900387656768e+00
1.053569676708891123e+00 2.693434310792063080e+00 1.939022461751900073e+00 2.454659413676165247e+00 1.336376416975053383e+00
1.055399768208359568e+00 2.675339999545965686e+00 1.940928263073963711e+00 2.435841442497061582e+00 1.309995933539821245e+00
1.056309796230901377e+00 2.653028602577321315e+00 1.943371084603791932e+00 2.416565465659260781e+00 1.284643483833697308e+00
1.057122924312583034e+00 2.619587211108913571e+00 1.947398926850687717e+00 2.395943546618038322e+00 1.263654204019445171e+00
1.063940041371898015e+00 2.567814867838003501e+00 1.952294202761370334e+00 2.375990686506540772e+00 1.254724511205629556e+00
1.079691817933128517e+00 2.519766481205373054e+00 1.954964288273280504e+00 2.355433797459741019e+00 1.252474713252156757e+00
1.103563722490299437e+00 2.494775683689283152e+00 1.955755462191012706e+00 2.330950222178701292e+00 1.246844850726664289e+00
1.133774263651025294e+00 2.489161386566427048e+00 1.958885970035569857e+00 2.311017173538465475e+00 1.243973359049081351e+00
1.166151016415744257e+00 2.491590093794895377e+00 1.968173318358626744e+00 2.302118996513184968e+00 1.248019046793338749e+00
1.194423460048623653e+00 2.500530219334126780e+00 1.983882534510724716e+00 2.305597005483997375e+00 1.254154748426968391e+00
1.215173718977471840e+00 2.509770112890032490e+00 2.003137216751451177e+00 2.318863904282408850e+00 1.262247847912167487e+00
1.228454432623657278e+00 2.511002255324412680e+00 2.023415268023792901e+00 2.332669265276909876e+00 1.277099067139953803e+00
1.236411432802444033e+00 2.506399702171719035e+00 2.043570308778766886e+00 2.338453187010750778e+00 1.297411197397303484e+00
1.242653439338769594e+00 2.499897506376897116e+00 2.063396574750721690e+00 2.338216813664824478e+00 1.318968328430764947e+00
1.249332716268101162e+00 2.482505920786751918e+00 2.080785926430398725e+00 2.333595742957253361e+00 1.341408833000550249e+00
1.257108811626136191e+00 2.438274311931460936e+00 2.082445056263841465e+00 2.316997685405001839e+00 1.356748368723073694e+00
1.260897037340688698e+00 2.412453136117306052e+00 2.067471792805840369e+00 2.294187138099597068e+00 1.364152828693066422e+00
1.261763783615375445e+00 2.400128320730839260e+00 2.064995559769197797e+00 2.274532300322030576e+00 1.390476560413796747e+00
1.260397302318327695e+00 2.388878407762624168e+00 2.070298169526512577e+00 2.252054873020904235e+00 1.415118537980881497e+00
1.257133193499694324e+00 2.367863604497796537e+00 2.078585599856238808e+00 2.226357218630245161e+00 1.434024105002710492e+00
1.253859049044996121e+00 2.324962076613386053e+00 2.087450415950307114e+00 2.201298404024208732e+00 1.441666328637088101e+00
1.255362497222280105e+00 2.265988216455789406e+00 2.094440938833335153e+00 2.186040786780970802e+00 1.441328475169366463e+00
1.264503267136612763e+00 2.211137743820942969e+00 2.103030786631363114e+00 2.184581373070644261e+00 1.450129016398596260e+00
1.270279744321461068e+00 2.185222940254597290e+00 2.111890824550306522e+00 2.192060799162932838e+00 1.475979578472876863e+00
1.269126435669193587e+00 2.163218896303092720e+00 2.120390144440157165e+00 2.188779529957946224e+00 1.503454200616975989e+00
1.273632826490750380e+00 2.158348163587896718e+00 2.140086471697912884e+00 2.190850515275458488e+00 1.525263114474099790e+00
1.282276133627922698e+00 2.170080561216871207e+00 2.160278927729432308e+00 2.198393476609671104e+00 1.543635703028247708e+00
1.292881276050640071e+00 2.179074059563737453e+00 2.165597415768699463e+00 2.206887105609186328e+00 1.571846428730793388e+00
1.300000000000000044e+00 2.169999999999999929e+00 2.154999999999999805e+00 2.209999999999999964e+00 1.600000000000000089e+00
