8.699999999999999956e-01 2.740000000000000213e+00 1.850000000000000089e+00 2.629999999999999893e+00 1.350000000000000089e+00
8.936316575861898981e-01 2.746457939892750666e+00 1.862066277932238112e+00 2.612566740074896643e+00 1.353875064551370411e+00
9.142771310524540063e-01 2.764045410026690686e+00 1.876477368710476101e+00 2.598580540921214599e+00 1.359425045145526090e+00
9.382834847963751335e-01 2.773724289825313605e+00 1.892072040056822058e+00 2.589319205883319430e+00 1.363268629149259059e+00
9.605651254172409281e-01 2.792465543112457205e+00 1.897667337221251138e+00 2.574233017858746475e+00 1.376623859604183320e+00
9.771507454191306064e-01 2.792939666951441691e+00 1.907467673278203879e+00 2.549754741601089947e+00 1.371696624600087899e+00
9.928968073238378933e-01 2.780413607854350211e+00 1.919049174111867373e+00 2.527308309407660936e+00 1.361949867616039533e+00
1.009607827858346907e+00 2.761884392097036400e+00 1.929059490639718266e+00 2.505613979945993108e+00 1.352933220558546257e+00
1.028006920932538426e+00 2.738224098645916094e+00 1.935585225876340854e+00 2.483954093696225218e+00 1.347791417497911759e+00
1.048490752583286945e+00 2.712731732882972313e+00 1.932008810256690801e+00 2.465721502502938201e+00 1.353541763425576416e+00
1.058588318079827451e+00 2.695186351351046117e+00 1.925227137125237187e+00 2.448016211997952052e+00 1.335247697976861048e+00
1.057571757560932246e+00 2.688444956643259331e+00 1.923891983791704119e+00 2.435470525316921098e+00 1.304104755046169073e+00
1.056430422853359641e+00 2.685568808374737770e+00 1.930685610568674715e+00 2.424439430943789109e+00 1.273440175543349095e+00
1.056697893764615204e+00 2.692446132938819847e+00 1.949474005245019237e+00 2.418390928601043210e+00 1.251981233351549871e+00
1.061793870918278371e+00 2.688099861179070071e+00 1.969899594403332843e+00 2.409069418304985888e+00 1.234685870730605428e+00
1.075885244185830869e+00 2.668487596612497903e+00 1.979460763552869595e+00 2.390052810408866968e+00 1.218593949422963396e+00
1.090923241881512906e+00 2.646903924135149300e+00 1.989306138758761167e+00 2.370771959487968594e+00 1.204847563463296023e+00
1.104489929456218711e+00 2.612018674940122853e+00 1.996770871660389357e+00 2.355202512068044207e+00 1.194456401473599882e+00
1.108653103571001886e+00 2.566648619409628296e+00 1.990164249254999573e+00 2.353153892087546772e+00 1.204266315160459566e+00
1.111427054188896202e+00 2.533406192158740744e+00 1.997949405364139341e+00 2.341935362011795085e+00 1.211934269113387197e+00
1.130208557849920581e+00 2.536813502600169024e+00 2.013881310607491315e+00 2.332410441048172522e+00 1.205408016923840364e+00
1.158168318185900825e+00 2.526515905755308822e+00 2.018928324592173418e+00 2.324497905112226981e+00 1.217978531730145475e+00
1.185702044666363086e+00 2.516404594249904036e+00 2.017405488205498365e+00 2.315591372251879942e+00 1.233224582576647910e+00
1.212245871849533918e+00 2.517698038145501638e+00 2.025247203734135137e+00 2.305710824098795353e+00 1.243218625839298985e+00
1.227793192881533102e+00 2.530136035816888285e+00 2.045283120425076984e+00 2.299114229680531363e+00 1.246748300797614117e+00
1.227833753421323726e+00 2.524082161979442240e+00 2.063731541008098525e+00 2.301789698867180878e+00 1.259147203310563512e+00
1.220257779074954918e+00 2.496441209202004963e+00 2.068219336323794177e+00 2.310748794613731505e+00 1.284031152179320179e+00
1.214620148011189560e+00 2.481486298915501543e+00 2.073540693727212059e+00 2.319188086021940265e+00 1.313826963689144867e+00
1.216043749021268994e+00 2.464805252763064836e+00 2.080662471790248880e+00 2.324788742709290812e+00 1.343849810789121468e+00
1.222772722141742374e+00 2.443502333950879457e+00 2.088020224340537467e+00 2.326142231047393594e+00 1.371994408982190938e+00
1.234702526538999923e+00 2.421182483007500164e+00 2.099142355882617661e+00 2.318871309297640071e+00 1.393496553805377847e+00
1.246689362380101862e+00 2.410909579189660423e+00 2.118296865557088182e+00 2.304592097267147643e+00 1.401827766833624089e+00
1.250373120740521982e+00 2.390766527214412296e+00 2.125610310358670318e+00 2.277005469241380808e+00 1.407879230130760106e+00
1.255815861994173277e+00 2.357449826240205049e+00 2.119627625758442324e+00 2.253858802311896170e+00 1.409162436298851517e+00
1.262348324156219004e+00 2.323416328992410129e+00 2.116393130030483682e+00 2.238278810808421504e+00 1.427366134449908008e+00
1.263017611662970330e+00 2.297846967138712060e+00 2.119708242515159657e+00 2.226293348408524775e+00 1.453392383226103535e+00
1.263738532795739999e+00 2.280628224160071049e+00 2.132165917903469321e+00 2.217636237337299310e+00 1.479229357867406058e+00
1.258435539962147409e+00 2.256966840363799243e+00 2.139379201864772817e+00 2.210528255032103040e+00 1.505875815376193527e+00
1.259295031449103153e+00 2.216498114525696561e+00 2.138366333872241398e+00 2.205174078995130849e+00 1.525624480032711672e+00
1.276537638879624348e+00 2.181970072046511167e+00 2.143604815213262516e+00 2.207580574418135821e+00 1.541551271916313359e+00
1.289810501517225649e+00 2.172414685038464466e+00 2.143093002777451517e+00 2.209483215091892827e+00 1.571821728206162172e+00
1.300000000000000044e+00 2.169999999999999929e+00 2.154999999999999805e+00 2.209999999999999964e+00 1.600000000000000089e+00
