8.699999999999999956e-01 2.740000000000000213e+00 1.850000000000000089e+00 2.629999999999999893e+00 1.350000000000000089e+00
8.909475879756425520e-01 2.759975014982433805e+00 1.857486650255295357e+00 2.626880913667197781e+00 1.326013309887256408e+00
9.066785010382860666e-01 2.787782041992749704e+00 1.852370202579056491e+00 2.618237481590460991e+00 1.301350411423126241e+00
9.252356073437359996e-01 2.813299991560504587e+00 1.860608480439295276e+00 2.601871007567168270e+00 1.287504212824103211e+00
9.411997514613351656e-01 2.835830292935112684e+00 1.879111151428610738e+00 2.598269810594032059e+00 1.277203297361065859e+00
9.593304780424342093e-01 2.830352669418719991e+00 1.893838116033700336e+00 2.579891023969466790e+00 1.268174829351837563e+00
9.749461696099733787e-01 2.828375888494527590e+00 1.909706426505219046e+00 2.559143915037916273e+00 1.263160259486415082e+00
9.930115308092433146e-01 2.824666697062818699e+00 1.926812290389032567e+00 2.543458293417625082e+00 1.254963075360376656e+00
1.012764894031189300e+00 2.813303245834019695e+00 1.942319694496005944e+00 2.529091752146503502e+00 1.244991593321351786e+00
1.033320470370425959e+00 2.797447492249466094e+00 1.955989016966112937e+00 2.514800728821358078e+00 1.233892177627726516e+00
1.054710274505746170e+00 2.777758549173389380e+00 1.965436807180299006e+00 2.500089107026393087e+00 1.219384272701959926e+00
1.063821034374101027e+00 2.773523360534367654e+00 1.983563946007657952e+00 2.482876429849742550e+00 1.206264153144862350e+00
1.055636000870101343e+00 2.761702889500347702e+00 1.970705550505382542e+00 2.456941090328820021e+00 1.209215009912372629e+00
1.055183893538411244e+00 2.735549145499667656e+00 1.961797716526917590e+00 2.430565126693242650e+00 1.202897826751746280e+00
1.056733237002549064e+00 2.710285131959210503e+00 1.960797716842891392e+00 2.404882698895515869e+00 1.186342295645976375e+00
1.060109223750027141e+00 2.694067013961605639e+00 1.969635414323397393e+00 2.383673724152120865e+00 1.163176954306335276e+00
1.066381892936873577e+00 2.682267889108153280e+00 1.988581467517481771e+00 2.365541293554897173e+00 1.153632619451453456e+00
1.075706063512132937e+00 2.658625065746431204e+00 2.004240005841687822e+00 2.350325711063687262e+00 1.167730299441823938e+00
1.089049267452706360e+00 2.622861359029607708e+00 2.009688159965520082e+00 2.345143773929412756e+00 1.189999734659082709e+00
1.107595766059973119e+00 2.602376829534037928e+00 2.022065542719705178e+00 2.354971108457001971e+00 1.207988679113707775e+00
1.121967828401119638e+00 2.608141194871540502e+00 2.044562284199955116e+00 2.359644619062509108e+00 1.205065450534908766e+00
1.142908260584256874e+00 2.602589608897107887e+00 2.063957042037206424e+00 2.354310023767858695e+00 1.201849801277563135e+00
1.165199166753139171e+00 2.585017705129036170e+00 2.078428366000213412e+00 2.341627159373882439e+00 1.201063658548125357e+00
1.189695013928695477e+00 2.560013758411482154e+00 2.089087867334773030e+00 2.331557616911209774e+00 1.204981117894010856e+00
1.214582462364803384e+00 2.533518346954972689e+00 2.098750633561861534e+00 2.322365961705049386e+00 1.210343514083292549e+00
1.241033174402970563e+00 2.505291481736211079e+00 2.103632016046408815e+00 2.314132331557588351e+00 1.217540179935903577e+00
1.265382852008904102e+00 2.491317148730453734e+00 2.089991417320622435e+00 2.306654813209948696e+00 1.218210378201340927e+00
1.272840429248139227e+00 2.490518261130118205e+00 2.112453810369538054e+00 2.302450475883123460e+00 1.214992877612116162e+00
1.278570994625132462e+00 2.485036674784689481e+00 2.117490594017964245e+00 2.306095886855147103e+00 1.249275398441180629e+00
1.275083891053014673e+00 2.470376708612621375e+00 2.106630979429872319e+00 2.304915993784183215e+00 1.281502306476134390e+00
1.268727902443213429e+00 2.437147620288962813e+00 2.101966680443319913e+00 2.296171397720603746e+00 1.308124732752115937e+00
1.264086874615678147e+00 2.401413473090928008e+00 2.105523909223015355e+00 2.283977532559351875e+00 1.332460269129335240e+00
1.260751600762487490e+00 2.371533561509554300e+00 2.108790706350914590e+00 2.268698100347586788e+00 1.358561210844325906e+00
1.256274590946023118e+00 2.346612525421014173e+00 2.111210622203527620e+00 2.252584062296872247e+00 1.386315518037857242e+00
1.251007817211367446e+00 2.324376464604672954e+00 2.119516300383199159e+00 2.239448027359140170e+00 1.414567864831667077e+00
1.250100010904056314e+00 2.303257593519829172e+00 2.123813871825955157e+00 2.228910556967969470e+00 1.446405115609653125e+00
1.254510307596224061e+00 2.277675996374737721e+00 2.114529801769363448e+00 2.225434001901809733e+00 1.476426549662463783e+00
1.260051594732076286e+00 2.242883985827278437e+00 2.103976605462181571e+00 2.223616307661438807e+00 1.500209125227532914e+00
1.267309306286697135e+00 2.205633674108114839e+00 2.106734686793419353e+00 2.219179700723491244e+00 1.525907732919909332e+00
1.277034801734508340e+00 2.183540814931278717e+00 2.120516565224029648e+00 2.215589144724450676e+00 1.551568916423447853e+00
1.288014757116699105e+00 2.172759818679299126e+00 2.137781075351151472e+00 2.213283806485657035e+00 1.575583167109699145e+00
1.300000000000000044e+00 2.169999999999999929e+00 2.154999999999999805e+00 2.209999999999999964e+00 1.600000000000000089e+00
