8.699999999999999956e-01 2.740000000000000213e+00 1.850000000000000089e+00 2.629999999999999893e+00 1.350000000000000089e+00
9.147591567556587755e-01 2.785092219414529779e+00 1.876404712362731431e+00 2.607084501199682158e+00 1.350845834710701077e+00
9.468970809232325481e-01 2.833373297315751493e+00 1.914320513666530887e+00 2.598048174752149109e+00 1.360005311671517392e+00
9.671824126903808549e-01 2.779108339408773887e+00 1.918817339574232506e+00 2.566306067432438720e+00 1.326752919238292083e+00
9.815930260245775418e-01 2.744469758287649164e+00 1.925341480257808824e+00 2.537231746317853975e+00 1.277792756861085843e+00
1.020129159347322734e+00 2.704783042394087289e+00 1.950482088488000976e+00 2.493449801886465700e+00 1.240971137195456375e+00
1.036944834398908943e+00 2.688917616602128913e+00 1.957549878663231935e+00 2.476610051021713943e+00 1.236136731526033428e+00
1.101672591862727035e+00 2.636428627989286788e+00 1.977616745187954272e+00 2.416459703609690646e+00 1.215292083976354798e+00
1.141336807804984144e+00 2.618658884243223461e+00 1.990814679885309246e+00 2.392202246762799689e+00 1.201252306927071523e+00
1.162397580020383181e+00 2.604156856696607125e+00 2.005671152102597166e+00 2.376915264347221335e+00 1.194219214739785873e+00
1.175125704606952537e+00 2.593065394224034481e+00 2.014660551504354302e+00 2.367397029360956751e+00 1.191924909290359436e+00
1.187242634579414924e+00 2.580427441693704527e+00 2.023201280629307597e+00 2.358928625523912803e+00 1.192701788856642020e+00
1.244374639203165600e+00 2.512329936191367352e+00 2.066272800702984469e+00 2.321480240455003230e+00 1.207597329816652021e+00
1.251498313436682386e+00 2.490854994474410056e+00 2.071824106509503327e+00 2.318001577848513683e+00 1.222149436053484584e+00
1.267532094228773110e+00 2.434359524331431324e+00 2.074825108471550106e+00 2.309015406984403995e+00 1.258882962216523627e+00
1.278118922540542712e+00 2.417168212184368503e+00 2.070112008766566980e+00 2.308528575063791166e+00 1.276210386136603647e+00
1.287508038936737709e+00 2.408662060028645246e+00 2.068343740399650521e+00 2.309494907368011773e+00 1.289408523368479775e+00
1.332995287508562887e+00 2.371493420125659668e+00 2.064307866598331209e+00 2.314913517055010139e+00 1.354623863938317019e+00
1.349312322483477100e+00 2.346412637678607194e+00 2.087180561250909339e+00 2.312536337114363238e+00 1.386737985546089957e+00
1.344284033895188468e+00 2.325280180077547776e+00 2.113170017318127147e+00 2.291656733316835393e+00 1.397703000072713531e+00
1.336299835282851234e+00 2.332544707965438224e+00 2.135692741335311950e+00 2.270420092900226283e+00 1.415601756238984210e+00
1.324457874645715849e+00 2.332142737885492423e+00 2.154055721438543181e+00 2.246376228740851300e+00 1.439037231018463814e+00
1.291804696422100829e+00 2.310457008936524836e+00 2.209570415430913481e+00 2.190717393461153684e+00 1.498919348699819132e+00
1.293851322661939918e+00 2.284713845374964247e+00 2.215416879398863337e+00 2.198593685888893923e+00 1.509866187885829714e+00
1.296609935729357677e+00 2.264148912260544932e+00 2.212742009489407025e+00 2.201590307069788643e+00 1.524397812408362807e+00
1.299237248055626237e+00 2.231098586131523120e+00 2.199549452026651863e+00 2.205368374952075605e+00 1.549525803166110105e+00
1.300000000000000044e+00 2.169999999999999929e+00 2.154999999999999805e+00 2.209999999999999964e+00 1.600000000000000089e+00
