8.699999999999999956e-01 2.740000000000000213e+00 1.850000000000000089e+00 2.629999999999999893e+00 1.350000000000000089e+00
8.979547739508755289e-01 2.761018841562713710e+00 1.857602664453244401e+00 2.622139369824185717e+00 1.357558312032578263e+00
9.204388703604464705e-01 2.765445418341575312e+00 1.871443304712141265e+00 2.604586407439672069e+00 1.360367984185362866e+00
9.381980147690330840e-01 2.789758975916154071e+00 1.881780452122343794e+00 2.588629127859102041e+00 1.373513878982236536e+00
9.595629018569843405e-01 2.789381356370178811e+00 1.889372417853752761e+00 2.569712039208649657e+00 1.388539977202083664e+00
9.794245230838726224e-01 2.773840420508092208e+00 1.894508373238737997e+00 2.545951998842310715e+00 1.400117333459652169e+00
9.977495170274260916e-01 2.756297509498550902e+00 1.899151667545507127e+00 2.518815974658695112e+00 1.408129138715530582e+00
1.015386736500414333e+00 2.743915489322861667e+00 1.905694630372431364e+00 2.489393290848123552e+00 1.408592192346642902e+00
1.029858247492094092e+00 2.744768435891480340e+00 1.915095763346524205e+00 2.463560486264585681e+00 1.396161698057313050e+00
1.039729075542791037e+00 2.766430353554461874e+00 1.925133334764590254e+00 2.452537250153858928e+00 1.375009094983814517e+00
1.053407732418077281e+00 2.795533954358289552e+00 1.935978079867958002e+00 2.459318717075229976e+00 1.357257346397015452e+00
1.066304344071624666e+00 2.758652105985532899e+00 1.946282146334046947e+00 2.455274019880013814e+00 1.352523856266593771e+00
1.063919752080310310e+00 2.709223598696973045e+00 1.942914378887379057e+00 2.442662950385288578e+00 1.359119740480241312e+00
1.053613017112203787e+00 2.689266874940626106e+00 1.926021613589371961e+00 2.434240009072414779e+00 1.360395989569176844e+00
1.046818138559266087e+00 2.679901278175821577e+00 1.923185574473317727e+00 2.420357757963629730e+00 1.334250673562601630e+00
1.047574697082040318e+00 2.671396220181126324e+00 1.928781674027149950e+00 2.411163464779973786e+00 1.306115327297490136e+00
1.051806093524621177e+00 2.655608691893558859e+00 1.931479936677252818e+00 2.405095286780774888e+00 1.278242233465850530e+00
1.058262074933641106e+00 2.622577286369620175e+00 1.928651177665185790e+00 2.395062871803398163e+00 1.256033058873548658e+00
1.071838225745936457e+00 2.588879427984624559e+00 1.934298214656157588e+00 2.377778691554102153e+00 1.243325967117949737e+00
1.092299568474371929e+00 2.575734705472442876e+00 1.950161685360037644e+00 2.365108926948088719e+00 1.237443531718416256e+00
1.116898678941952827e+00 2.569124492578951813e+00 1.965540692676311263e+00 2.356442009555488770e+00 1.235065142140593597e+00
1.144143760773843610e+00 2.561344733282342911e+00 1.978713124901695597e+00 2.348257308989130543e+00 1.234551840127957600e+00
1.172227774363276520e+00 2.552923782661106866e+00 1.990839964632256764e+00 2.339878793655178590e+00 1.233954689072814581e+00
1.200091921274895945e+00 2.540655746619211008e+00 2.001416223791347093e+00 2.330608443935547225e+00 1.235613747761351355e+00
1.218662064593745376e+00 2.516918050579714627e+00 2.008075871242395394e+00 2.320793158778304388e+00 1.254063682581357364e+00
1.221791636729575581e+00 2.496874453458502341e+00 2.015805665333453067e+00 2.312197166658485514e+00 1.279660022622643556e+00
1.222389355434054137e+00 2.483652189027460544e+00 2.030323311455518365e+00 2.302258976044054162e+00 1.301462684263975822e+00
1.225133254047855225e+00 2.470600977158791789e+00 2.047550669398610523e+00 2.293201949217321456e+00 1.320060748053219379e+00
1.231464796606086987e+00 2.451118686636220456e+00 2.064235296941050457e+00 2.289119400310595243e+00 1.338296644708181660e+00
1.241377818986366677e+00 2.421693565281899829e+00 2.076378859377462582e+00 2.296585519876593207e+00 1.356947374849495347e+00
1.252027120930815141e+00 2.397531058407722515e+00 2.084130438762732851e+00 2.300164573785623112e+00 1.379379816754514376e+00
1.255950737915577653e+00 2.388123912656449743e+00 2.087989979947524777e+00 2.278669493631094500e+00 1.402832271006245302e+00
1.255904993765073474e+00 2.371701808874591144e+00 2.087147173472910566e+00 2.252256214562273762e+00 1.422663889160402650e+00
1.257666857032471608e+00 2.353137334216783394e+00 2.090370965551573867e+00 2.222975501611145432e+00 1.438497081583934856e+00
1.263401050883224297e+00 2.328089000513630324e+00 2.098121329275074221e+00 2.199316277609933312e+00 1.454741259075607029e+00
1.264906939405451070e+00 2.291380495845396492e+00 2.103288169699593979e+00 2.185031132416287214e+00 1.474426528219865418e+00
1.257678384234400593e+00 2.250953303042085185e+00 2.107576469559359733e+00 2.175549098432064010e+00 1.493159799992658465e+00
1.257472101034960765e+00 2.216564693902665084e+00 2.121345683568880869e+00 2.172973457566752309e+00 1.510312984650117096e+00
1.271119196084603331e+00 2.193064802615470210e+00 2.133802090891077974e+00 2.176833512910981039e+00 1.529308301382874102e+00
1.285593625306810095e+00 2.181658561041185163e+00 2.137143467378193940e+00 2.182683735268837300e+00 1.555370943671842143e+00
1.293369348754358938e+00 2.174168140279447492e+00 2.139735794734330732e+00 2.190639609243677732e+00 1.583550662566298062e+00
1.300000000000000044e+00 2.169999999999999929e+00 2.154999999999999805e+00 2.209999999999999964e+00 1.600000000000000089e+00
