8.699999999999999956e-01 2.740000000000000213e+00 1.850000000000000089e+00 2.629999999999999893e+00 1.350000000000000089e+00
8.965634895708046725e-01 2.731294674532861677e+00 1.854462472922392191e+00 2.612980619127168946e+00 1.357681686940687360e+00
9.225584917929255946e-01 2.747585633490787771e+00 1.863000082810422953e+00 2.599057176027008254e+00 1.358916985485630669e+00
9.414456267893833719e-01 2.765613541975700862e+00 1.879323250935975631e+00 2.590009674604271783e+00 1.355336165765612444e+00
9.508173386751842537e-01 2.791035495850603620e+00 1.893227724908152609e+00 2.585064962887373863e+00 1.336887433593436869e+00
9.499973162153215744e-01 2.805825829529420723e+00 1.900499769678412720e+00 2.582889434776387994e+00 1.308004291901148974e+00
9.555874090203018145e-01 2.839864194318011847e+00 1.914631152234244738e+00 2.582905450994426921e+00 1.295578164789743747e+00
9.660082324391779940e-01 2.842900638217698006e+00 1.900693142909457123e+00 2.571042518817152178e+00 1.299215176274700845e+00
9.844337570820667072e-01 2.823847636092835955e+00 1.908524087522946555e+00 2.549966386622839032e+00 1.289006315659913193e+00
9.976722113028143601e-01 2.803342164067797349e+00 1.918339558486510832e+00 2.527234165136760691e+00 1.277823559272972309e+00
1.008989931223863934e+00 2.780732239495323554e+00 1.928648779106972855e+00 2.504494501104097992e+00 1.266684245654785990e+00
1.019910809671196184e+00 2.757906494036396872e+00 1.940000233636617111e+00 2.482511879805138655e+00 1.255953247670896999e+00
1.030827136001710942e+00 2.736046950963087809e+00 1.952545727836899614e+00 2.461499587164502678e+00 1.245553931183581264e+00
1.042229453756938318e+00 2.716345794324949381e+00 1.967272685847325953e+00 2.442994032949400651e+00 1.235985188079625985e+00
1.055950078970126604e+00 2.698318022205787869e+00 1.984225863458351391e+00 2.429134387935617756e+00 1.229478584650119943e+00
1.070971037142819826e+00 2.671600295867812225e+00 1.993343107204556208e+00 2.408916083122504492e+00 1.223333437016597802e+00
1.078945834238829393e+00 2.640589706141024173e+00 1.992074876256490157e+00 2.384620400811055863e+00 1.209980986717431817e+00
1.086710794167350613e+00 2.600879490564274032e+00 1.989176875432794755e+00 2.364198453746831685e+00 1.199871659210276276e+00
1.097278237356840380e+00 2.553353117625248636e+00 1.991577533426899915e+00 2.349925056328312500e+00 1.201746809414567574e+00
1.114488136925559925e+00 2.516047690786972879e+00 2.000684903756155819e+00 2.344585060018463896e+00 1.212520730632000054e+00
1.140676908786561139e+00 2.494330030752342608e+00 2.009054597689839294e+00 2.343805678089592170e+00 1.221501597410409090e+00
1.171850502861022214e+00 2.483498242699104797e+00 2.014048560168700597e+00 2.343178804234414159e+00 1.225856185028561862e+00
1.201814174212477049e+00 2.481934716030666177e+00 2.022038745293441409e+00 2.342030900558233597e+00 1.230249907683007349e+00
1.222598878140741752e+00 2.488283352134071702e+00 2.038632679484221555e+00 2.341582832830142458e+00 1.238123551757028817e+00
1.233293714264251939e+00 2.492781776965158791e+00 2.058439148661821427e+00 2.339905387915919732e+00 1.250785220214320592e+00
1.241013762796166819e+00 2.487829255588087207e+00 2.075862050191263908e+00 2.334173755853876209e+00 1.269594915419190562e+00
1.248594926124429350e+00 2.473093643432912714e+00 2.088954078547469617e+00 2.324654856365827804e+00 1.292053660403769122e+00
1.254191319447384600e+00 2.451080239629335189e+00 2.098518948123738959e+00 2.312032292013409318e+00 1.315359002407618050e+00
1.255182472129428684e+00 2.425268973720744903e+00 2.106242742265719059e+00 2.296965447053898046e+00 1.338209525943374167e+00
1.254706442453508375e+00 2.399041057837077329e+00 2.117785859380135527e+00 2.285559747807960562e+00 1.359305742857780164e+00
1.260102353967281985e+00 2.369567326895981818e+00 2.131357820744356424e+00 2.281354463504512431e+00 1.377851111708772169e+00
1.265461588624155587e+00 2.336254391967885979e+00 2.135068673042760157e+00 2.269729155236259288e+00 1.399708357047209528e+00
1.262503100430421688e+00 2.320274712559247110e+00 2.134086694223070069e+00 2.247245736679308159e+00 1.422317404231398852e+00
1.254681659565224816e+00 2.311884405968107181e+00 2.132354920688721567e+00 2.221028797310584224e+00 1.441599013237037763e+00
1.246922583394387329e+00 2.293534078426004097e+00 2.132085602862166862e+00 2.196320900437028989e+00 1.459902852471840928e+00
1.243409595564778591e+00 2.257313035536374191e+00 2.134442383450120939e+00 2.184674013609742449e+00 1.481041935807272614e+00
1.241000899387889822e+00 2.216016479477290524e+00 2.127727679880645706e+00 2.191511383999954266e+00 1.500303092805130412e+00
1.239455405403343313e+00 2.176458323711170983e+00 2.115563921602207298e+00 2.201122471091597088e+00 1.512770730231587590e+00
1.256849324251156474e+00 2.147685544719513118e+00 2.117965774443879567e+00 2.209983392384907486e+00 1.531645539044622195e+00
1.272007820780018728e+00 2.151200281334116671e+00 2.131772118158316687e+00 2.210930947884328646e+00 1.552780604780009899e+00
1.286222248336672092e+00 2.157314926543296707e+00 2.143239019856609140e+00 2.211597385719830555e+00 1.576812712409948469e+00
1.300000000000000044e+00 2.169999999999999929e+00 2.154999999999999805e+00 2.209999999999999964e+00 1.600000000000000089e+00
