8.699999999999999956e-01 2.740000000000000213e+00 1.850000000000000089e+00 2.629999999999999893e+00 1.350000000000000089e+00
8.989352300066953960e-01 2.768418639472009612e+00 1.882254121789938672e+00 2.614475481393966572e+00 1.373017859673689056e+00
9.344946180636537481e-01 2.780741207365430956e+00 1.916432069303703134e+00 2.588913962698968785e+00 1.375833085585139948e+00
9.516290303913880200e-01 2.801920935767814314e+00 1.934890396607982677e+00 2.575417979072254671e+00 1.334119396575935923e+00
9.706824247639818104e-01 2.799010623999214076e+00 1.943743277826118110e+00 2.556817274809035201e+00 1.288715029986798433e+00
9.936900978290479358e-01 2.779048691205929345e+00 1.946165197799524682e+00 2.528433043589844775e+00 1.250980365624026147e+00
1.016407389362560920e+00 2.749620998906068703e+00 1.948846628897089595e+00 2.495692150281729749e+00 1.219382345736337525e+00
1.040335721124780566e+00 2.704948794243240418e+00 1.960986264511630939e+00 2.461349467022527104e+00 1.205643651291892660e+00
1.068022705442178033e+00 2.657069376079698841e+00 1.978456481737638661e+00 2.431238403182291119e+00 1.208319141082133674e+00
1.105094197804460165e+00 2.617105540638744010e+00 1.995376954904374944e+00 2.403475951497435759e+00 1.209934359402671245e+00
1.151643884785251259e+00 2.594822549676042200e+00 2.010492367232591171e+00 2.378857416629467814e+00 1.201800109384798532e+00
1.197457422348136902e+00 2.570934725335955129e+00 2.026947520131491487e+00 2.353423124619815621e+00 1.195587716584587179e+00
1.224581541717997268e+00 2.523829113850601047e+00 2.042579603559304680e+00 2.327212065937810159e+00 1.210075253292479003e+00
1.243665323461615735e+00 2.471445995225910686e+00 2.062705152965612854e+00 2.313236388464089632e+00 1.235234821599646482e+00
1.267346643970205244e+00 2.426287342780774736e+00 2.084868291806276641e+00 2.312035010053923756e+00 1.265094253535769209e+00
1.292800249216047748e+00 2.387761992396522981e+00 2.095890603220806447e+00 2.311546960768898540e+00 1.302788035266236655e+00
1.320454999487576497e+00 2.363212724456252189e+00 2.092090214309251461e+00 2.309841063092242575e+00 1.345396341435367793e+00
1.333733345173186757e+00 2.382503956660713129e+00 2.101380328586478718e+00 2.308765127412494955e+00 1.391971463506079143e+00
1.318395726080011654e+00 2.383119352104461797e+00 2.133089532478230410e+00 2.286903977644780817e+00 1.424298015228407710e+00
1.302105294471790131e+00 2.362114147884205817e+00 2.157950366337453296e+00 2.251749787151541060e+00 1.449805555906685139e+00
1.290866858542597972e+00 2.349274027886435690e+00 2.186212303615922004e+00 2.213517332260248605e+00 1.472804649458927084e+00
1.290056910052636230e+00 2.369331137690122713e+00 2.227770446310600061e+00 2.186586480305302782e+00 1.487690926040349471e+00
1.301395843796393947e+00 2.376462943223412339e+00 2.270233051903784993e+00 2.180730689271823675e+00 1.507747146157202511e+00
1.300958804320802464e+00 2.315850069693806912e+00 2.241589900750666775e+00 2.181483363441773182e+00 1.524729580574134324e+00
1.300080221400758518e+00 2.266715543233178920e+00 2.204476001082763759e+00 2.177639890116839894e+00 1.542424938819295654e+00
1.298547080519172559e+00 2.218425514788874064e+00 2.174748057301687520e+00 2.191497949043170745e+00 1.568328808783419070e+00
1.300000000000000044e+00 2.169999999999999929e+00 2.154999999999999805e+00 2.209999999999999964e+00 1.600000000000000089e+00
