8.699999999999999956e-01 2.740000000000000213e+00 1.850000000000000089e+00 2.629999999999999893e+00 1.350000000000000089e+00
8.892906791314114656e-01 2.753669139752955353e+00 1.856630982487207815e+00 2.620689626083981594e+00 1.328683206832640851e+00
9.072043759258537898e-01 2.770040117206850283e+00 1.868648129581924611e+00 2.613891048760669911e+00 1.310337381639516741e+00
9.213876930728146508e-01 2.791838002603558078e+00 1.883110857431552487e+00 2.605837675168328538e+00 1.294745909110608384e+00
9.339425494509421277e-01 2.814566032711400378e+00 1.900273550110791021e+00 2.598057663695145791e+00 1.283681333496156984e+00
9.499076735380052039e-01 2.840502311861875739e+00 1.914967680181865806e+00 2.586729190857463667e+00 1.279224691710258321e+00
9.695046476837462235e-01 2.847874419910543686e+00 1.924618087600252547e+00 2.565978696262758429e+00 1.276849142673121440e+00
9.874602987478411364e-01 2.838129576125918430e+00 1.934176077645782366e+00 2.544783037295010431e+00 1.269407395899809332e+00
1.002750026800412808e+00 2.820508122462245471e+00 1.943632296633946543e+00 2.524804088574946981e+00 1.258106395901866348e+00
1.016392600337656216e+00 2.798270649074913852e+00 1.951166877625470697e+00 2.504545208889363384e+00 1.245727478212925066e+00
1.029592630608063386e+00 2.773769285687925468e+00 1.956797655079782317e+00 2.483516424928049915e+00 1.234108000871717792e+00
1.042731260630499035e+00 2.748625896450494377e+00 1.961185358951138324e+00 2.461530931079843221e+00 1.224000269034931865e+00
1.055060041086030465e+00 2.723441963881876760e+00 1.964740841002796667e+00 2.438588686014382390e+00 1.214560931710690461e+00
1.066116080922724141e+00 2.698981709124688155e+00 1.968476791811772930e+00 2.415137563439452961e+00 1.204201604456984542e+00
1.076969900328681229e+00 2.676968248514848714e+00 1.975289732517111929e+00 2.392475407327530945e+00 1.192619277156150348e+00
1.088654508981416136e+00 2.659746375412286756e+00 1.989335542032125925e+00 2.374320681328207172e+00 1.183028208691451644e+00
1.098794396394068729e+00 2.647985986747575460e+00 2.010389874285371636e+00 2.365565161588600862e+00 1.181841638199121469e+00
1.104485826856343778e+00 2.637525286080657949e+00 2.032695129411542290e+00 2.363637426950195408e+00 1.191339155546115691e+00
1.106055025654923085e+00 2.622868960273546879e+00 2.051368074157027710e+00 2.361484590496025326e+00 1.210130177841965748e+00
1.106066096398250709e+00 2.599247808915561730e+00 2.059276932869210430e+00 2.355774078085699053e+00 1.236104487651707329e+00
1.110875269473989402e+00 2.569429678584391308e+00 2.053144954773131747e+00 2.349097973220389157e+00 1.259701964844315070e+00
1.129154254062164409e+00 2.539062923492478419e+00 2.047686116661225242e+00 2.341678170096862743e+00 1.274727840560613501e+00
1.156000452387473176e+00 2.522866248019599578e+00 2.055953104238814166e+00 2.334263899223322003e+00 1.275681865107196167e+00
1.180963826344358036e+00 2.516589481545242535e+00 2.069618701756373635e+00 2.328368026781121980e+00 1.269396755879742322e+00
1.206266585157906857e+00 2.507311580117224548e+00 2.082048291358145065e+00 2.323796747656335260e+00 1.260561429402991207e+00
1.230632642338673755e+00 2.492238588088483642e+00 2.094563112666023130e+00 2.320704743949542070e+00 1.251669097561018074e+00
1.249410157105157904e+00 2.480128914984010891e+00 2.112953477946915903e+00 2.318427653604913541e+00 1.245522033574575138e+00
1.267336245340894507e+00 2.490409346393696044e+00 2.129459567862640235e+00 2.314236203068690489e+00 1.246268108853118894e+00
1.280119186432712164e+00 2.477094864108269512e+00 2.130094626386205281e+00 2.299548182715989153e+00 1.270625243248478142e+00
1.280538906151213130e+00 2.459022417538944350e+00 2.130415082414053529e+00 2.286511086245512914e+00 1.298186002138837392e+00
1.277066041533437390e+00 2.439487196141718606e+00 2.123216961609967868e+00 2.277594382607204704e+00 1.325606734126229869e+00
1.273437378568423428e+00 2.414116368402333013e+00 2.116567310546381808e+00 2.271283110625944790e+00 1.352020527284004014e+00
1.270136468163375554e+00 2.381796930058226014e+00 2.114238664786548316e+00 2.263901601322404478e+00 1.376315350905488177e+00
1.266311258426341402e+00 2.348361224227562438e+00 2.116703199338572539e+00 2.251281661892998720e+00 1.397406453413879257e+00
1.261697031868599828e+00 2.320616796714721985e+00 2.121916037883564421e+00 2.234280427072905528e+00 1.417459249306670444e+00
1.257822820382005435e+00 2.297309714945825032e+00 2.125541696166742156e+00 2.220903651499118059e+00 1.442506092787595673e+00
1.257229343365137586e+00 2.277026218299431193e+00 2.123560868682266456e+00 2.217516785235241539e+00 1.472726220315822454e+00
1.259867443684507649e+00 2.257174852586953495e+00 2.120367788548443766e+00 2.217809561894022785e+00 1.502914482617732972e+00
1.264340963626269021e+00 2.232725196160826098e+00 2.123017435011011145e+00 2.215462147669639670e+00 1.531483752954195809e+00
1.270950494646597262e+00 2.207018121751487705e+00 2.131614620543694993e+00 2.212183645946856014e+00 1.556799471129585610e+00
1.282124663530829656e+00 2.184348323135940628e+00 2.143246300818389294e+00 2.210070317271161322e+00 1.579357912657280094e+00
1.300000000000000044e+00 2.169999999999999929e+00 2.154999999999999805e+00 2.209999999999999964e+00 1.600000000000000089e+00
