8.699999999999999956e-01 2.740000000000000213e+00 1.850000000000000089e+00 2.629999999999999893e+00 1.350000000000000089e+00
9.036398920181936134e-01 2.752559440462888585e+00 1.883748078841672280e+00 2.615915960104619575e+00 1.370495855772535743e+00
9.430212138821452150e-01 2.769201291436186541e+00 1.910811008652519627e+00 2.594767201230467002e+00 1.389096200848131790e+00
9.603165121085581735e-01 2.777172748837817284e+00 1.924757148596288880e+00 2.579500843429804124e+00 1.345853652849025028e+00
9.669532337936646016e-01 2.786529016308504136e+00 1.937068609613618708e+00 2.564488528748141150e+00 1.297678290407717538e+00
9.942206396884606390e-01 2.768774563575959302e+00 1.954008054004338080e+00 2.535526654410505731e+00 1.264626935887120052e+00
1.025199402332813925e+00 2.736647111024508305e+00 1.967372628615467356e+00 2.504697674604409841e+00 1.239210379843562082e+00
1.046930156372490650e+00 2.702094582297405179e+00 1.971845158147775834e+00 2.471876971597652073e+00 1.207738337564175701e+00
1.053192662667506774e+00 2.659538349608856933e+00 1.964492688321174629e+00 2.435100934230054470e+00 1.180961454102456898e+00
1.078957192900639406e+00 2.615676272202791086e+00 1.977483955548808403e+00 2.402032378024617998e+00 1.198571088916963179e+00
1.133253329431471723e+00 2.597766115748007199e+00 1.989310475939291889e+00 2.379756164823235043e+00 1.200949657340805166e+00
1.188801544266333110e+00 2.598955427372900751e+00 2.007921577364090826e+00 2.365288634016841307e+00 1.193277259796734047e+00
1.217181606151773288e+00 2.588889563440839758e+00 2.046753792221803536e+00 2.348699064411017723e+00 1.184441789158103386e+00
1.231328442003894796e+00 2.531376071041319786e+00 2.058847864296035723e+00 2.326848601447376819e+00 1.200340532338688648e+00
1.241602239657861873e+00 2.483286084312038788e+00 2.062107811218029330e+00 2.310567858194365165e+00 1.237498358303896762e+00
1.276457864560951894e+00 2.436181354482761741e+00 2.076449084658211319e+00 2.304795693165121673e+00 1.261467519937231385e+00
1.309874393656877967e+00 2.412195290036008188e+00 2.073382522960641960e+00 2.311899273640014130e+00 1.302125650447758742e+00
1.340689100225184838e+00 2.393001843284238817e+00 2.066795104836107733e+00 2.320483067821892398e+00 1.345322220972483329e+00
1.352375263440266817e+00 2.355354126883831167e+00 2.093784112319827528e+00 2.313341249043797454e+00 1.374992494282004429e+00
1.345503074721968728e+00 2.368818137157322035e+00 2.126503952225920369e+00 2.298472841622375196e+00 1.409605596747460332e+00
1.329130313973868383e+00 2.379201686473327637e+00 2.157068630311588908e+00 2.269251166205183079e+00 1.436429228768813626e+00
1.315517041352626926e+00 2.370792516141533746e+00 2.185726064252757173e+00 2.232427397782076106e+00 1.458978282123214676e+00
1.304285484955556740e+00 2.339752454433601692e+00 2.207740283552125149e+00 2.194557985777634723e+00 1.480592421681153459e+00
1.297789468692306825e+00 2.288834772793475469e+00 2.230065457345615343e+00 2.180563995258431476e+00 1.507166239094630544e+00
1.299003360300633236e+00 2.258198328328490323e+00 2.212150818070821590e+00 2.212891010395408475e+00 1.539253014118082241e+00
1.299501680150316751e+00 2.214099164164245348e+00 2.183575409035410697e+00 2.211445505197703998e+00 1.569626507059040943e+00
1.300000000000000044e+00 2.169999999999999929e+00 2.154999999999999805e+00 2.209999999999999964e+00 1.600000000000000089e+00
