8.699999999999999956e-01 2.740000000000000213e+00 1.850000000000000089e+00 2.629999999999999893e+00 1.350000000000000089e+00
9.073275643228635445e-01 2.783154274728825150e+00 1.851071661465518270e+00 2.601335210998671599e+00 1.358113257485837000e+00
9.369981319623255089e-01 2.789922347412683301e+00 1.877898683310819106e+00 2.579117076002265030e+00 1.342745568670966838e+00
9.430247578320094526e-01 2.765448666106280928e+00 1.907318951664523254e+00 2.569744355370762179e+00 1.311113465188459282e+00
9.559035834324687286e-01 2.716395361549145182e+00 1.921408116611374561e+00 2.550459748835866236e+00 1.278064863745755231e+00
9.785595669686040221e-01 2.680478506317510501e+00 1.937305991409187245e+00 2.519353489185230277e+00 1.254493561091559073e+00
1.004798677126042872e+00 2.651777113290676002e+00 1.956474738742571162e+00 2.486240917126630645e+00 1.239033031285445174e+00
1.032226195991713835e+00 2.625287963869843200e+00 1.976713691852565402e+00 2.453674924261249224e+00 1.225259796140604207e+00
1.062649625770824668e+00 2.614517746138381948e+00 1.992863863438313343e+00 2.429566158136154286e+00 1.192772174318491585e+00
1.100816650159350596e+00 2.646982005360590584e+00 1.995953386271366092e+00 2.422350843600338255e+00 1.211418142550676702e+00
1.143801238004005238e+00 2.625488288557820571e+00 1.994013153722597353e+00 2.401181754129102508e+00 1.235981331264850658e+00
1.183790070296857566e+00 2.585175903366654815e+00 1.989069921803271024e+00 2.376317288638239322e+00 1.226348239111568317e+00
1.204636849595414505e+00 2.525552476941150370e+00 1.987287704990748693e+00 2.347002798458665218e+00 1.214835311107411497e+00
1.219372180188129651e+00 2.461999212960967576e+00 1.992643636509114025e+00 2.318733160643633884e+00 1.224499564833981147e+00
1.241803003911429615e+00 2.418313875341207897e+00 2.009904420173125317e+00 2.296389134044615865e+00 1.250408800264334541e+00
1.263915826923210695e+00 2.386583903211637825e+00 2.034553150732996585e+00 2.287032893285858126e+00 1.280490177752280800e+00
1.292215405296368580e+00 2.371491061612777784e+00 2.061762042931028827e+00 2.287020742256002048e+00 1.305673949655264732e+00
1.308563575829173597e+00 2.332482872273756502e+00 2.074285843140940777e+00 2.289258949970688573e+00 1.349850529626233753e+00
1.307693249852628581e+00 2.306838944406160330e+00 2.093110890538028901e+00 2.286013483438809502e+00 1.396888505671951775e+00
1.295732482515610684e+00 2.301331370792975228e+00 2.113500800637669652e+00 2.262458020807968317e+00 1.438137040882295770e+00
1.283930028810401636e+00 2.294642309520087409e+00 2.128192862146062847e+00 2.224188249532369710e+00 1.471079385158943653e+00
1.282658881943100404e+00 2.244679373420281010e+00 2.141426386157506023e+00 2.198631641314545693e+00 1.502107692978412734e+00
1.291347057567113321e+00 2.199723363272144461e+00 2.151433802088754454e+00 2.199484918693949798e+00 1.547578424494928440e+00
1.300000000000000044e+00 2.169999999999999929e+00 2.154999999999999805e+00 2.209999999999999964e+00 1.600000000000000089e+00
