8.699999999999999956e-01 2.740000000000000213e+00 1.850000000000000089e+00 2.629999999999999893e+00 1.350000000000000089e+00
8.907209521203607316e-01 2.751524521604822748e+00 1.846530185997889095e+00 2.607080695346795096e+00 1.358037038426482823e+00
9.147898099855646947e-01 2.776118924027353163e+00 1.856505018211950464e+00 2.596441762233344441e+00 1.360611530472076058e+00
9.347306206797929562e-01 2.789547814188992891e+00 1.875214406911450693e+00 2.588412101444630853e+00 1.351130693093395063e+00
9.501610081769127358e-01 2.804078615707571220e+00 1.898443258156155444e+00 2.580194699995680185e+00 1.345804435324087445e+00
9.632292479703443711e-01 2.813600748331084311e+00 1.924410518528477443e+00 2.573944809342998408e+00 1.348811824343245203e+00
9.749345758893663838e-01 2.808699768222934878e+00 1.950106153971227885e+00 2.564191470811824747e+00 1.354345592950803034e+00
9.878884886449887937e-01 2.791861892230950826e+00 1.969403418386928672e+00 2.545370637464109187e+00 1.354815444412575509e+00
1.002812101729541494e+00 2.773076607700614815e+00 1.977483030431417932e+00 2.521134913079606577e+00 1.347188528206795244e+00
1.017407668228222928e+00 2.756887571272399473e+00 1.977059936984884470e+00 2.497152615582606039e+00 1.333619249895745096e+00
1.029452632200910767e+00 2.742257899493247830e+00 1.972834208626139896e+00 2.474541184951656980e+00 1.316289626802605861e+00
1.038234218586777224e+00 2.729839772296464240e+00 1.968108304702646194e+00 2.452997259138125496e+00 1.295869557076044565e+00
1.044913729172786576e+00 2.724982604650132867e+00 1.965291172017496590e+00 2.433613227716463712e+00 1.271888558392314073e+00
1.051384028263636417e+00 2.721598118050553072e+00 1.960740627407205450e+00 2.418113140074160228e+00 1.245792541111814478e+00
1.059218522352656011e+00 2.693679881325264702e+00 1.949913278639876735e+00 2.403976062439696193e+00 1.228721829257164000e+00
1.068010939233237977e+00 2.651015470085365422e+00 1.940900431804228443e+00 2.390620891442967633e+00 1.224511340174446739e+00
1.078819016545583320e+00 2.608014518933190473e+00 1.937962881959824690e+00 2.375218476744120899e+00 1.221268700001429064e+00
1.092322644169024581e+00 2.569197769802133102e+00 1.942554991062222403e+00 2.358078359771646149e+00 1.219521948205966932e+00
1.110615625357906699e+00 2.542849631152531042e+00 1.955039994109817991e+00 2.342132896605646053e+00 1.223529735896835557e+00
1.131998695813431821e+00 2.532919328721525254e+00 1.971342067070457116e+00 2.331716015398280106e+00 1.233917484528117336e+00
1.153812012605084814e+00 2.528942241870863583e+00 1.987536595986424626e+00 2.325862104510553863e+00 1.247880456971525387e+00
1.175418244472972606e+00 2.522471583399519268e+00 2.002895151283910380e+00 2.322327696722855883e+00 1.263437593710581952e+00
1.196315141885306410e+00 2.510999902112835525e+00 2.018078721403264275e+00 2.320129834036318339e+00 1.279287764123014259e+00
1.215152501322285028e+00 2.494097777774475500e+00 2.034457166598893085e+00 2.318145843673653506e+00 1.294604389989212789e+00
1.229983177964447227e+00 2.472226145153988863e+00 2.052721571553510316e+00 2.314806450564785845e+00 1.309324461283782215e+00
1.239911684634574796e+00 2.446946324490211211e+00 2.071600034237692345e+00 2.309563340970007150e+00 1.324700844484514084e+00
1.245796259592921729e+00 2.419942192118042179e+00 2.088480940228828242e+00 2.303604700278858441e+00 1.342953336810471354e+00
1.248770146220788080e+00 2.392756279725562596e+00 2.101297799588091486e+00 2.298101641573382370e+00 1.364935888661117147e+00
1.249442021347917375e+00 2.366300125649829500e+00 2.111337078048507454e+00 2.291239906777117863e+00 1.388627460351655296e+00
1.248598410495462385e+00 2.341767736528311605e+00 2.123033151824714526e+00 2.277846774772611660e+00 1.409564051040359534e+00
1.248421643257226821e+00 2.323853154047615277e+00 2.137203523033557317e+00 2.255589354972455940e+00 1.423539589523079352e+00
1.250752507839637095e+00 2.308807432466119636e+00 2.147101364299639936e+00 2.228868776342687763e+00 1.436507355182613521e+00
1.252656856393508100e+00 2.284344709125429418e+00 2.143796300372378560e+00 2.201136194266132939e+00 1.443485887849272009e+00
1.256036579727743741e+00 2.283914505617032464e+00 2.153232060632598976e+00 2.189719076971620826e+00 1.420916618917022811e+00
1.265064510891440452e+00 2.267228103866484545e+00 2.175074037809473726e+00 2.192069551703967445e+00 1.436006677534285902e+00
1.270821636484467776e+00 2.247292908378538012e+00 2.184926226483591361e+00 2.195714897946432931e+00 1.461816807402826823e+00
1.276921724039607131e+00 2.233627986071631710e+00 2.190215726327068069e+00 2.203622947468138360e+00 1.489496783929282309e+00
1.286901572345770406e+00 2.243346210773097926e+00 2.197614379694125208e+00 2.202642340043353464e+00 1.516259736319935714e+00
1.283481845021674062e+00 2.241486160373098446e+00 2.175008003810809054e+00 2.195718926775150237e+00 1.534857693357694286e+00
1.284129652005203459e+00 2.217217820286649932e+00 2.158065998896976367e+00 2.197417358164671874e+00 1.555629642084485953e+00
1.292820728625472704e+00 2.175661921499580487e+00 2.156126660073423018e+00 2.197779886894421164e+00 1.572390971436230966e+00
1.300000000000000044e+00 2.169999999999999929e+00 2.154999999999999805e+00 2.209999999999999964e+00 1.600000000000000089e+00
