8.699999999999999956e-01 2.740000000000000213e+00 1.850000000000000089e+00 2.629999999999999893e+00 1.350000000000000089e+00
8.967025076382827420e-01 2.736326976935268718e+00 1.850655332025746613e+00 2.608697103811097762e+00 1.344192524844760595e+00
9.206973047568087765e-01 2.737521385756720882e+00 1.854856952510445689e+00 2.589220729010793143e+00 1.331040552220117856e+00
9.428131990694482711e-01 2.745448613795141046e+00 1.866344031550293492e+00 2.574137764511376769e+00 1.319168193117521870e+00
9.616485668868973713e-01 2.757983403676086631e+00 1.884738917641392675e+00 2.569190321209344319e+00 1.322945413157092576e+00
9.677784860775385800e-01 2.780720553165256348e+00 1.897616917561545602e+00 2.561265706298159195e+00 1.307150201553669344e+00
9.815509434335552008e-01 2.749549931965412419e+00 1.902302321007074859e+00 2.545511885130636642e+00 1.292067772818306759e+00
9.999390476669937078e-01 2.716898871355744038e+00 1.907729315059421893e+00 2.532708593499650718e+00 1.281522820514911620e+00
1.019286706655508912e+00 2.694956121972207796e+00 1.914903685060060923e+00 2.514718471048252191e+00 1.269145157275982427e+00
1.037433062647979520e+00 2.682091379981445201e+00 1.924367915554723973e+00 2.494181486621831478e+00 1.255638333852812538e+00
1.053452664369446401e+00 2.674414304285559929e+00 1.937096522981616165e+00 2.474331547650812535e+00 1.242079317233162117e+00
1.065493417942614540e+00 2.672980909697113994e+00 1.954517608491716629e+00 2.458095071063668424e+00 1.229550229883195067e+00
1.071118925154719737e+00 2.684437289912251945e+00 1.975470441792517740e+00 2.446236865219658441e+00 1.220798313967061732e+00
1.073061706523354752e+00 2.703212322342409379e+00 1.995641436385346079e+00 2.431258119054864775e+00 1.219934089916023590e+00
1.077614500072584969e+00 2.689473256234917287e+00 2.015393292448998341e+00 2.412488144513282418e+00 1.222713310578338097e+00
1.084864501924354796e+00 2.668839223340883748e+00 2.029766211048188218e+00 2.387598247964399789e+00 1.225065043585782831e+00
1.091753998197327213e+00 2.630124730557894530e+00 2.034003751880265831e+00 2.365008458313488937e+00 1.224181725961480227e+00
1.108346379314488761e+00 2.592843429755665952e+00 2.039952316773923524e+00 2.351944128996948269e+00 1.230611116904944291e+00
1.133625307059208387e+00 2.569834101858992526e+00 2.047948624179515509e+00 2.342955500206574282e+00 1.237963786724012971e+00
1.161860590575564123e+00 2.554025516826200271e+00 2.055268015261052739e+00 2.333595538340019981e+00 1.243554592603310471e+00
1.189445456648470234e+00 2.535951826258645347e+00 2.060077830237625918e+00 2.321417681623061835e+00 1.250109993860116342e+00
1.214391218798500205e+00 2.515063833050526831e+00 2.062364968206768179e+00 2.302557993833960204e+00 1.253786246065883292e+00
1.234598273148687753e+00 2.493219432767181498e+00 2.067781049124536530e+00 2.278775453920932392e+00 1.251769845857863217e+00
1.250234490945768773e+00 2.469517033655433291e+00 2.083253914947439167e+00 2.265067869267689105e+00 1.254919628422787037e+00
1.264741392175818158e+00 2.456809465592126873e+00 2.102973237106319004e+00 2.272180333264329111e+00 1.260440256379217860e+00
1.274490931175892516e+00 2.425073875102088383e+00 2.109088935640428986e+00 2.285132959399880370e+00 1.277100480428431828e+00
1.273068877390500564e+00 2.389032359195392363e+00 2.105596021163276266e+00 2.281199114402883144e+00 1.298026460811418481e+00
1.269982598420525077e+00 2.356651078043909830e+00 2.099345348371705278e+00 2.272534914056541844e+00 1.319063195186419346e+00
1.265134407008233097e+00 2.343606645870107474e+00 2.080894891577613315e+00 2.265156238630047447e+00 1.335874708532801991e+00
1.260904681184105147e+00 2.333303088913154966e+00 2.065480533874500590e+00 2.263216989601577023e+00 1.358096582699511945e+00
1.257937157867982325e+00 2.316504350233455689e+00 2.066240977638591048e+00 2.261117624945603310e+00 1.386348442032077966e+00
1.256478445898512541e+00 2.303782380397972229e+00 2.080874183289031176e+00 2.252296392671214065e+00 1.408204735772302207e+00
1.256892208311803039e+00 2.295660717407244533e+00 2.100282954588603257e+00 2.238871879731783032e+00 1.422475421431234066e+00
1.258740224637410421e+00 2.286996697810007362e+00 2.119217635956410106e+00 2.224306303950764452e+00 1.436723926430032883e+00
1.261029966671109559e+00 2.272883902998995342e+00 2.133960768407209940e+00 2.209385357620438306e+00 1.455810832212219186e+00
1.260361433530916564e+00 2.251842322572421562e+00 2.139268720544964086e+00 2.194809261908484910e+00 1.480060454176074902e+00
1.256211726800677608e+00 2.228178561964961890e+00 2.137152482479504734e+00 2.182263714735606541e+00 1.504720146573726769e+00
1.258829713700664099e+00 2.202482177383759954e+00 2.139089588777284057e+00 2.174586939561085508e+00 1.529938065227375521e+00
1.272825027102858275e+00 2.183317470322388765e+00 2.147262128643717460e+00 2.177957789975865754e+00 1.552762443737414344e+00
1.287767872471356378e+00 2.174391357190604168e+00 2.153318277182894924e+00 2.191946588977433219e+00 1.575813423342505626e+00
1.300000000000000044e+00 2.169999999999999929e+00 2.154999999999999805e+00 2.209999999999999964e+00 1.600000000000000089e+00
