8.699999999999999956e-01 2.740000000000000213e+00 1.850000000000000089e+00 2.629999999999999893e+00 1.350000000000000089e+00
9.028055551981954974e-01 2.804029632655429705e+00 1.836524067424224693e+00 2.605613772105099812e+00 1.342268672189815604e+00
9.401857805385408495e-01 2.779288325132451387e+00 1.844135613977665011e+00 2.574765705132806559e+00 1.327560352234435914e+00
9.518730017386266562e-01 2.767777476380213209e+00 1.883419400159119128e+00 2.570441626043821870e+00 1.302955333578605934e+00
9.765671074424937537e-01 2.741751396263912621e+00 1.919962807123026804e+00 2.554208966164092320e+00 1.290390807536580642e+00
1.003078742690908909e+00 2.713524338993893892e+00 1.946804820476672582e+00 2.520349950534748196e+00 1.272993960069400687e+00
1.026291420063653037e+00 2.684415146916120598e+00 1.969374403238381310e+00 2.482623155480800037e+00 1.250180155503441304e+00
1.050386389286507516e+00 2.649938789048840171e+00 1.990263620432834113e+00 2.445842569629579355e+00 1.227373929155602506e+00
1.082895792577253324e+00 2.621658267691579614e+00 2.003411824063065616e+00 2.410594551840710587e+00 1.202100777635422002e+00
1.140756192326194629e+00 2.602368344872520112e+00 2.014183550238409559e+00 2.401393693751551872e+00 1.203183777779946784e+00
1.195532459490355359e+00 2.618145808774936523e+00 2.030069816020389606e+00 2.386434616696702093e+00 1.198626493522195080e+00
1.240586495267397282e+00 2.596987479190608017e+00 2.055902995260807220e+00 2.371440861124519905e+00 1.202194705930336838e+00
1.256118002982424153e+00 2.533293493600767388e+00 2.074586019499580214e+00 2.337096419926987689e+00 1.204928159108224150e+00
1.265557998627883318e+00 2.466054310147992812e+00 2.080400038076466007e+00 2.301826798888951586e+00 1.224636539916698075e+00
1.271036187040743171e+00 2.411718286361912877e+00 2.079565936393501513e+00 2.279021637140849599e+00 1.265130960630102219e+00
1.282129222494282406e+00 2.380368721745993010e+00 2.088047942271439528e+00 2.280542256991599626e+00 1.316043216101913993e+00
1.300753580663113196e+00 2.341844142552981900e+00 2.096978912568460363e+00 2.280640024535813826e+00 1.363143929121386266e+00
1.317475017982161933e+00 2.294913119295243664e+00 2.103741304929675149e+00 2.287012915847894678e+00 1.408219470475341240e+00
1.295097899272892539e+00 2.270158042589061509e+00 2.112112511598425613e+00 2.255967397153734844e+00 1.446899851500859535e+00
1.274347083776973033e+00 2.250336440139592220e+00 2.124433044169298679e+00 2.209056476626510168e+00 1.472978054137890958e+00
1.263153968731926868e+00 2.219572377058755208e+00 2.137124532523866804e+00 2.172939358615072258e+00 1.508602352846987626e+00
1.288874805696372139e+00 2.210991936201462504e+00 2.150162537216767866e+00 2.193523726966136955e+00 1.553105980507591077e+00
1.300000000000000044e+00 2.169999999999999929e+00 2.154999999999999805e+00 2.209999999999999964e+00 1.600000000000000089e+00
