8.699999999999999956e-01 2.740000000000000213e+00 1.850000000000000089e+00 2.629999999999999893e+00 1.350000000000000089e+00
8.911106358921321302e-01 2.736584629251381795e+00 1.860719787475831666e+00 2.600681823519589209e+00 1.311183370582235996e+00
9.241379756885350627e-01 2.761474553353171935e+00 1.885539940692695149e+00 2.586724254533393719e+00 1.288807924493894141e+00
9.456568867969802339e-01 2.801614484005659822e+00 1.905103077185274385e+00 2.563949531151545003e+00 1.274065996074385643e+00
9.605773003824195078e-01 2.799919486392804302e+00 1.905691984965819596e+00 2.548053773009431033e+00 1.252613404468814418e+00
9.657400075159289221e-01 2.795918392603689462e+00 1.903618002137943854e+00 2.542337047565514929e+00 1.245107255275697433e+00
9.822192579230891729e-01 2.783543168848331195e+00 1.903276806198098026e+00 2.523470158567016064e+00 1.229206747352134421e+00
1.008028655531033602e+00 2.760481111716208691e+00 1.919374122989810694e+00 2.493818881340566840e+00 1.215934502470314760e+00
1.042547286591108957e+00 2.719352238364492358e+00 1.956667772056096766e+00 2.450659605762369520e+00 1.214711065692179570e+00
1.056194723704554805e+00 2.699994417493373433e+00 1.969584982045701649e+00 2.433022700020775808e+00 1.219004552349077786e+00
1.070318453810111814e+00 2.678317309900498433e+00 1.975066775457883006e+00 2.418112092298421167e+00 1.225058511078005896e+00
1.074872850735396401e+00 2.671371263628823822e+00 1.975689946123480478e+00 2.413991594362068227e+00 1.226765893000012486e+00
1.084916071192000064e+00 2.657074707283841875e+00 1.974801042127832140e+00 2.407148347658451648e+00 1.228936075726348776e+00
1.095866148142389473e+00 2.642930361073028589e+00 1.975251012221005409e+00 2.399903992489996085e+00 1.230490239975351230e+00
1.183474106830003425e+00 2.566244590311636209e+00 2.006985821989975438e+00 2.333990166683129974e+00 1.223428257800454499e+00
1.195390367450437585e+00 2.556231511588479943e+00 2.011557334637967376e+00 2.324964774454716832e+00 1.222222069217594465e+00
1.206599524861292627e+00 2.547100511715293170e+00 2.016005857912058996e+00 2.316463293198676165e+00 1.220904809501431432e+00
1.231960480003470693e+00 2.524490444357661900e+00 2.025873215981266018e+00 2.297424342236956019e+00 1.219800805962208745e+00
1.251095072963670507e+00 2.466743722742736900e+00 2.044704265292109913e+00 2.287321888152845428e+00 1.260953244446733734e+00
1.253082165970281991e+00 2.455747694992945540e+00 2.048603358824357290e+00 2.286814253711082046e+00 1.270513423448538015e+00
1.256737951457022939e+00 2.438578869021644557e+00 2.060221444067674934e+00 2.285570656941123602e+00 1.285901345402499230e+00
1.264120308296167394e+00 2.413321125919114074e+00 2.082567299754285894e+00 2.280254531917223382e+00 1.304043171149454228e+00
1.306057942265231198e+00 2.370819614526136210e+00 2.106522292660819584e+00 2.296393922953211764e+00 1.357341052387890157e+00
1.312428350047775583e+00 2.367174977126432545e+00 2.108505027893324169e+00 2.300296443224778109e+00 1.365275936327063011e+00
1.312487726265619603e+00 2.364796682561770780e+00 2.125540951084470276e+00 2.302112668643933269e+00 1.382820564604965607e+00
1.279668610855159594e+00 2.339807103852470593e+00 2.143138825385560775e+00 2.256777156229124337e+00 1.387833349178895670e+00
1.278669026661570340e+00 2.334682295570885469e+00 2.149190549466733380e+00 2.245767369234918931e+00 1.399433562858024116e+00
1.272266304018760730e+00 2.302280023631254391e+00 2.178065937902050386e+00 2.186274988457534540e+00 1.462860023790757191e+00
1.263104065957957767e+00 2.255777688938517489e+00 2.164897020939333228e+00 2.162931916343728833e+00 1.497878559206744509e+00
1.261818361353607143e+00 2.206734088254292736e+00 2.143092486173983957e+00 2.170421202452016640e+00 1.532922165176831442e+00
1.266340394879536646e+00 2.201061770242151994e+00 2.144086056240861460e+00 2.175248179830939321e+00 1.541465048620940248e+00
1.276180693823641299e+00 2.190168970430215190e+00 2.146705468496907354e+00 2.185598988709745782e+00 1.559398131986701408e+00
1.300000000000000044e+00 2.169999999999999929e+00 2.154999999999999805e+00 2.209999999999999964e+00 1.600000000000000089e+00
