8.699999999999999956e-01 2.740000000000000213e+00 1.850000000000000089e+00 2.629999999999999893e+00 1.350000000000000089e+00
8.891636284898786213e-01 2.771224395208435887e+00 1.865770973297836921e+00 2.625036262236006390e+00 1.352221446991745069e+00
9.169524154687852535e-01 2.801119214089234255e+00 1.871355645802298406e+00 2.616890737619850249e+00 1.356493094257646526e+00
9.417255111603378692e-01 2.813688437706618473e+00 1.880221872217394452e+00 2.612802823894220250e+00 1.374760367664672245e+00
9.569536218450499510e-01 2.828334696028458328e+00 1.901048450289792413e+00 2.606892404660645202e+00 1.379539988846967269e+00
9.718062479647607832e-01 2.808931410817529173e+00 1.902319724619150110e+00 2.576155265014914431e+00 1.377810119626640351e+00
9.880849046439430516e-01 2.796233693930584963e+00 1.901733840574061807e+00 2.546522117495205961e+00 1.389348253717088255e+00
1.005253778114886698e+00 2.791096834314648500e+00 1.903269818901461630e+00 2.516804734532587240e+00 1.401315560046046960e+00
1.021816341370127779e+00 2.785418971253891485e+00 1.904930869766536139e+00 2.485061312803028333e+00 1.409451624267345160e+00
1.032817863633414657e+00 2.771658762338540249e+00 1.900267431919267169e+00 2.451157775177054354e+00 1.410935194114236069e+00
1.048433312340639301e+00 2.749830411773784622e+00 1.917404778024283774e+00 2.441005120097179404e+00 1.404183277407402564e+00
1.057395965867156118e+00 2.729831305682191900e+00 1.935455855746661236e+00 2.437377519487551325e+00 1.386728858202039394e+00
1.063942865694835538e+00 2.710725222042003502e+00 1.950794067627052542e+00 2.430374526286539272e+00 1.365029777179858073e+00
1.068558230451652102e+00 2.704476313793926501e+00 1.962180234212018703e+00 2.422502135985810767e+00 1.337678423991033538e+00
1.070519623510723495e+00 2.717070581834234222e+00 1.968590262620645071e+00 2.419709206843494886e+00 1.307403528803831261e+00
1.068924798651431862e+00 2.711418165718032736e+00 1.970301904566157836e+00 2.416362379019232787e+00 1.275638486348567469e+00
1.066560093626551131e+00 2.684322250511103292e+00 1.967608393115562571e+00 2.405502490655424985e+00 1.249060959474050492e+00
1.071792625182341752e+00 2.647076519719719911e+00 1.962603026324718947e+00 2.390251410818364786e+00 1.230160261916836140e+00
1.092766272231508351e+00 2.613028530657551141e+00 1.960684149312676317e+00 2.374225609277412552e+00 1.220160721391465142e+00
1.122358291604578895e+00 2.590406366325747278e+00 1.964015146603410367e+00 2.360932981905618178e+00 1.217763383915144049e+00
1.152546867949816312e+00 2.570782367212294695e+00 1.969729637284233670e+00 2.348736183834887026e+00 1.219186120467567136e+00
1.180619833242609662e+00 2.546781720418695993e+00 1.976417356214382526e+00 2.336045455269372351e+00 1.222887481430380729e+00
1.203276465556639252e+00 2.516525897957115454e+00 1.986393068992323707e+00 2.323548784064650263e+00 1.229403706936341489e+00
1.216716880338566398e+00 2.488196449840014424e+00 2.002871593869747890e+00 2.314536346990660576e+00 1.240689519124076323e+00
1.224925183904420622e+00 2.473677238739526274e+00 2.022381580149246627e+00 2.310219488047057901e+00 1.257379018150949213e+00
1.233374362250180045e+00 2.469940834995040024e+00 2.040673925955145851e+00 2.306243469363435494e+00 1.277747346226908887e+00
1.235632906120128549e+00 2.469751916595981811e+00 2.058353946885461028e+00 2.292408447699028073e+00 1.296908520448981195e+00
1.229558564909224216e+00 2.493124246500733499e+00 2.078576768550531195e+00 2.279510615581282096e+00 1.301467313642890478e+00
1.237949641452600114e+00 2.501748611666476663e+00 2.096874474810328959e+00 2.278404159776459714e+00 1.320435438270213258e+00
1.245586163144633662e+00 2.493357883157880206e+00 2.100141760950099190e+00 2.279591877043832593e+00 1.351161806546370414e+00
1.248270490613707873e+00 2.477873244578880474e+00 2.094700345346228065e+00 2.285071039756298994e+00 1.381104788613757295e+00
1.248333574516907518e+00 2.456790407029606271e+00 2.089362160287795422e+00 2.286816001854092839e+00 1.410039823468584252e+00
1.247730741845677782e+00 2.433703538481767570e+00 2.091182005651002651e+00 2.270140828165633451e+00 1.435572341245717531e+00
1.246922948652795071e+00 2.411145002894574230e+00 2.096535787848747834e+00 2.241758907634707754e+00 1.451275902112441951e+00
1.246391036694301846e+00 2.377669118688719330e+00 2.098558662904271177e+00 2.215179353189893785e+00 1.463978497578399596e+00
1.247499277798746586e+00 2.332998285750134126e+00 2.096596274890750955e+00 2.199648725522012516e+00 1.479204442068905001e+00
1.248708327907761317e+00 2.289312677807974872e+00 2.094467170188698546e+00 2.195156241129481600e+00 1.499718828738903165e+00
1.250939430512722161e+00 2.256605478885568949e+00 2.098168005529486457e+00 2.194419914922002945e+00 1.525662912533868765e+00
1.261386967418768545e+00 2.237143086789053825e+00 2.111429848855790326e+00 2.192454422316853613e+00 1.548913815631051349e+00
1.277429077369339749e+00 2.215943519831203190e+00 2.127740070296938235e+00 2.191783481944704182e+00 1.564583186271631954e+00
1.287573663392087786e+00 2.178723787491024133e+00 2.138663794188102152e+00 2.196485542607450547e+00 1.582129308989344008e+00
1.300000000000000044e+00 2.169999999999999929e+00 2.154999999999999805e+00 2.209999999999999964e+00 1.600000000000000089e+00
