8.699999999999999956e-01 2.740000000000000213e+00 1.850000000000000089e+00 2.629999999999999893e+00 1.350000000000000089e+00
8.963687860521912798e-01 2.724097454002444074e+00 1.838100945434044231e+00 2.612908835017552889e+00 1.360117498750735621e+00
9.290922120194864409e-01 2.718589027297409366e+00 1.836772725213671631e+00 2.597756347684827105e+00 1.367793016132210715e+00
9.529937859985675441e-01 2.727621939741875945e+00 1.851147229202876332e+00 2.581907716631282046e+00 1.354129681604787194e+00
9.638496343687626977e-01 2.747094378533108117e+00 1.863723464901720472e+00 2.569698711486738674e+00 1.328106535732027638e+00
9.675826456139760001e-01 2.760137785352777318e+00 1.877511335629921341e+00 2.562425293138444804e+00 1.297933894773449115e+00
9.653202280308363914e-01 2.755665050357049672e+00 1.871964504541166585e+00 2.541894707613163273e+00 1.269164430417516698e+00
9.863167789979858657e-01 2.758284422699952998e+00 1.880797016061292792e+00 2.520337104589406962e+00 1.249974744388463010e+00
1.002091335839918385e+00 2.773584655515183517e+00 1.904168540839942247e+00 2.510862963961169925e+00 1.236913649999080489e+00
1.017214448286592576e+00 2.783406387479248068e+00 1.926328814825187141e+00 2.494054371737060904e+00 1.223633559843484653e+00
1.032003452785362096e+00 2.784633760129266999e+00 1.947145609810830624e+00 2.472120957155463206e+00 1.211600691689509457e+00
1.044953703360857578e+00 2.766170222241377097e+00 1.963846096061724555e+00 2.448388310926740807e+00 1.198946687404311096e+00
1.053978190628554579e+00 2.735361153185693173e+00 1.982469792870791059e+00 2.428559906275776115e+00 1.193788662258944644e+00
1.061325743569626390e+00 2.726436081898311325e+00 2.000426459026305892e+00 2.411631814027335174e+00 1.214613512303131193e+00
1.065771682048134883e+00 2.702279956988579812e+00 2.015869282523539585e+00 2.400078827034552109e+00 1.239218866755229520e+00
1.073988762129420849e+00 2.666536368446752903e+00 2.029011719981528294e+00 2.387555499510640278e+00 1.257092793327135860e+00
1.091578727866462595e+00 2.629173254071495158e+00 2.028007004395987689e+00 2.379459873313052309e+00 1.241881099355741203e+00
1.105967651207856228e+00 2.602343496968633652e+00 2.045887342743845316e+00 2.365658321148505827e+00 1.228558568872922807e+00
1.129658404574628738e+00 2.601477251838304028e+00 2.062393440695859503e+00 2.343729363858977344e+00 1.225580976183185733e+00
1.159329157870254923e+00 2.589438926939709340e+00 2.077067828876036248e+00 2.335178988149723356e+00 1.218596731045406667e+00
1.188902034333586100e+00 2.578576105696575027e+00 2.093313246896027380e+00 2.327593580934488315e+00 1.214507605158197556e+00
1.219033656964040535e+00 2.565893795492240059e+00 2.107816791353585906e+00 2.318205064316591901e+00 1.211275092243104146e+00
1.248835309853025821e+00 2.545822422162372867e+00 2.112580175298981455e+00 2.301227833776414489e+00 1.211842019374737900e+00
1.245135038405711381e+00 2.529278158147707956e+00 2.087824053077600883e+00 2.284094168915378198e+00 1.221334361972622240e+00
1.237412328114335436e+00 2.514317280005961663e+00 2.061660199055420861e+00 2.270269321474096991e+00 1.231774427292172680e+00
1.247167770128599917e+00 2.479574688857425269e+00 2.048144444158690458e+00 2.254239284216573935e+00 1.244687066074549708e+00
1.259251920352318921e+00 2.457416178898589543e+00 2.069335426360372487e+00 2.257163422941825370e+00 1.260113034919099650e+00
1.260991409623661630e+00 2.428255137076816617e+00 2.087438040135513262e+00 2.256783223674736494e+00 1.281848136420362883e+00
1.264261234184261173e+00 2.398116596322594773e+00 2.094415387874061896e+00 2.253820693232082117e+00 1.309870474536876328e+00
1.260265692511737923e+00 2.380074333049409407e+00 2.088266777511584404e+00 2.258225229388078681e+00 1.341584063435199425e+00
1.255115737821357103e+00 2.363101349474824975e+00 2.085522532370331472e+00 2.262726263052652786e+00 1.374814805992566891e+00
1.252479606610050089e+00 2.344513223917793709e+00 2.089819779942658329e+00 2.258070642224651703e+00 1.407449874597351158e+00
1.251905413014831270e+00 2.326042402253751362e+00 2.097697652740135421e+00 2.243971254300547002e+00 1.437280611920623619e+00
1.252024137697780093e+00 2.309325388281510349e+00 2.108964545693208681e+00 2.221382030144994690e+00 1.461466850879796553e+00
1.253072141368191561e+00 2.293952565532095811e+00 2.125938018647670180e+00 2.194453939985939961e+00 1.476219297417072029e+00
1.258750376633867019e+00 2.270778907249381806e+00 2.146170228679632253e+00 2.172200094290376970e+00 1.485417621233611207e+00
1.267268691134686431e+00 2.252626832648320754e+00 2.139293479457797353e+00 2.171867281377801717e+00 1.505231975625204388e+00
1.274812795684564515e+00 2.236245412136410593e+00 2.156750231913608484e+00 2.185827577102191999e+00 1.529024961672265537e+00
1.278405630584390051e+00 2.235027427914228593e+00 2.171252510961723559e+00 2.204681520961289110e+00 1.555240654291757840e+00
1.288603184754078423e+00 2.207700733698756412e+00 2.168956833308139043e+00 2.213470796224938919e+00 1.583152221372484902e+00
1.300000000000000044e+00 2.169999999999999929e+00 2.154999999999999805e+00 2.209999999999999964e+00 1.600000000000000089e+00
