8.699999999999999956e-01 2.740000000000000213e+00 1.850000000000000089e+00 2.629999999999999893e+00 1.350000000000000089e+00
8.904893002317907369e-01 2.770682484073037521e+00 1.859906027241579718e+00 2.615733036405906820e+00 1.344779814982422383e+00
9.202743055433173502e-01 2.778893251608676174e+00 1.866594661051343529e+00 2.602782286520683552e+00 1.350517203137622912e+00
9.428541977497191251e-01 2.793112317717304727e+00 1.880155079167521004e+00 2.596076165622541509e+00 1.362664090635907987e+00
9.567224944587033875e-01 2.810487322933246102e+00 1.898284276410215909e+00 2.589743722341503851e+00 1.374710255689212790e+00
9.700086296311598577e-01 2.823136870669215703e+00 1.914074051809311117e+00 2.572114699535543725e+00 1.387185687708185178e+00
9.849262547936248335e-01 2.822850082343710820e+00 1.916958084832166787e+00 2.541358681870482972e+00 1.398318907375912357e+00
9.997638305128017100e-01 2.812395347521615019e+00 1.910996362892779743e+00 2.510356199605636718e+00 1.406413706647030359e+00
1.020040211699504207e+00 2.796985987580934196e+00 1.911551743747795795e+00 2.482280212896765370e+00 1.412426448278725877e+00
1.039998199693704883e+00 2.778908958264936224e+00 1.925863274499195699e+00 2.466547432452125044e+00 1.409953233204603196e+00
1.054797851535146602e+00 2.784335889726450297e+00 1.942803088987224092e+00 2.452311903395856696e+00 1.397207462676180345e+00
1.059285541144273424e+00 2.766593859271460509e+00 1.950323555200755177e+00 2.441589421525810266e+00 1.373031813270474411e+00
1.052616493620931903e+00 2.723585972359982676e+00 1.943670250259924348e+00 2.426610996556824329e+00 1.362871403177337237e+00
1.042048494550968485e+00 2.692983970969005547e+00 1.934345780066900389e+00 2.410367543524387646e+00 1.349004546298141927e+00
1.035747939446450827e+00 2.693106740958619572e+00 1.944246109596460936e+00 2.403834743831122722e+00 1.322847728686102675e+00
1.039102907423347766e+00 2.695421656421189471e+00 1.958013548355083122e+00 2.406420221150491034e+00 1.298529601852578708e+00
1.045713094710857716e+00 2.681254157943084415e+00 1.962687120694510678e+00 2.405417629718888062e+00 1.271153573775954726e+00
1.054948721338112794e+00 2.652437641763240261e+00 1.958342669429576022e+00 2.395995380476231951e+00 1.249166742888911941e+00
1.070668916519771585e+00 2.617262788694187936e+00 1.955283937355569934e+00 2.379851674246543869e+00 1.238128694251985573e+00
1.094834521866235200e+00 2.587892039978224812e+00 1.959188366927327563e+00 2.364254626240960278e+00 1.235552954938777592e+00
1.123685163369121387e+00 2.567346664521767519e+00 1.965721335815817206e+00 2.353169363343561749e+00 1.235948692102698088e+00
1.153876174879247207e+00 2.550753768466957006e+00 1.973030195594661196e+00 2.344835418885169886e+00 1.236911089700029720e+00
1.182148836674052017e+00 2.536124990258065370e+00 1.983815232075031743e+00 2.337080736370861889e+00 1.239284177843565482e+00
1.204672368399343441e+00 2.523919641305911288e+00 1.999505474036577191e+00 2.328402222215911976e+00 1.245567123766051054e+00
1.219201037628456774e+00 2.513514287709062156e+00 2.017590412107096220e+00 2.318163681957185140e+00 1.257660644361644930e+00
1.227097197514256610e+00 2.502975553393669728e+00 2.034872175245775683e+00 2.307208954375183030e+00 1.275116924673220797e+00
1.231369447281190022e+00 2.491110916339769332e+00 2.050185388142293341e+00 2.297231398288376525e+00 1.296227149339544527e+00
1.234574555930338713e+00 2.477257871009821422e+00 2.062664963329305490e+00 2.289452339688741844e+00 1.320275241035970160e+00
1.238106766330718145e+00 2.460240580188580051e+00 2.069416330993396613e+00 2.285371562735595052e+00 1.347481571412527890e+00
1.242003105723217260e+00 2.439644405102282310e+00 2.069420210378496883e+00 2.286712237206668608e+00 1.375571148577586333e+00
1.246149027521073371e+00 2.415374118744698873e+00 2.070463503839156338e+00 2.289513076269729996e+00 1.402493809065661123e+00
1.248933538272023247e+00 2.392063240129858048e+00 2.076380972398734315e+00 2.285041045034205354e+00 1.428642856721280552e+00
1.249656880830727124e+00 2.372358863181676547e+00 2.084225438584502932e+00 2.268212033672498240e+00 1.451782242492163810e+00
1.251469118264544100e+00 2.347330339715459679e+00 2.088567202707552806e+00 2.242422256840193917e+00 1.468449732034029953e+00
1.256616756553742942e+00 2.335417997732619710e+00 2.098543991088531069e+00 2.209322447923966592e+00 1.464837380371776465e+00
1.257627245592568777e+00 2.319838885226235714e+00 2.110057510120975977e+00 2.184094925596097525e+00 1.479917066596096564e+00
1.262124352473913635e+00 2.282962922356374325e+00 2.111339395347375358e+00 2.174170393297541359e+00 1.500023137787611427e+00
1.264260265001758032e+00 2.251876609876877211e+00 2.107948734032803806e+00 2.184417283530915022e+00 1.523239782886099292e+00
1.269398991283613221e+00 2.225973653718237522e+00 2.112071181277637155e+00 2.195411343293245832e+00 1.547545904184411514e+00
1.279118820826838920e+00 2.196804780609570074e+00 2.123568957409492697e+00 2.192084952917324525e+00 1.566667604502484101e+00
1.292485576171831907e+00 2.192456617654396478e+00 2.142621717607085419e+00 2.195280957889467643e+00 1.581084321747774579e+00
1.300000000000000044e+00 2.169999999999999929e+00 2.154999999999999805e+00 2.209999999999999964e+00 1.600000000000000089e+00
