8.699999999999999956e-01 2.740000000000000213e+00 1.850000000000000089e+00 2.629999999999999893e+00 1.350000000000000089e+00
8.967889312574923721e-01 2.769048962689359961e+00 1.860505836266499236e+00 2.627030030793185311e+00 1.351812282541472010e+00
9.249267541885225485e-01 2.779955510335927471e+00 1.874558918474830804e+00 2.622440772923272156e+00 1.355007005433785050e+00
9.474600082237879528e-01 2.807163180779119749e+00 1.884701432793447262e+00 2.608939359973512229e+00 1.364784473541171828e+00
9.605580994464013589e-01 2.810744350161479055e+00 1.893768260412965976e+00 2.591356821416448852e+00 1.388437961925071962e+00
9.761431836438611009e-01 2.807082066492050831e+00 1.897624538631525581e+00 2.558770629446643685e+00 1.394040837556262957e+00
9.909477354655015224e-01 2.813237190733169690e+00 1.895530084070298660e+00 2.526676378661921074e+00 1.383869743249940498e+00
1.009705099534486950e+00 2.813525735247291770e+00 1.892454733997469107e+00 2.495106877392639255e+00 1.387709294230262458e+00
1.023093015144818985e+00 2.799729664450138600e+00 1.892455389723398218e+00 2.482027254508670566e+00 1.414281880994495699e+00
1.038506313097866673e+00 2.815711579816939647e+00 1.906058892467443533e+00 2.459126931586397280e+00 1.419770769423473356e+00
1.052986474037212572e+00 2.826838830874424779e+00 1.919597193876158681e+00 2.454598625698518166e+00 1.396666342072131695e+00
1.064707777906072295e+00 2.825708443317600072e+00 1.930913312671021620e+00 2.454154972113320454e+00 1.368916876354683509e+00
1.069433741226233137e+00 2.815140765984030402e+00 1.940900667397637447e+00 2.439094097532264360e+00 1.342381868504002984e+00
1.067085788639027699e+00 2.790140581989691171e+00 1.947032077874429223e+00 2.421828949595137281e+00 1.317706055316326008e+00
1.063111687188706744e+00 2.755204707825623434e+00 1.949858621557200022e+00 2.411972718257073822e+00 1.292991947048324874e+00
1.060575104194177776e+00 2.720398048567065352e+00 1.956180130783789384e+00 2.406955605629937711e+00 1.268023974700333900e+00
1.064224245625104759e+00 2.687031202118462581e+00 1.969403740773610245e+00 2.403226404061069577e+00 1.247809246203061662e+00
1.079828341688557458e+00 2.653721684630030886e+00 1.982697169607417154e+00 2.390994843173652740e+00 1.238950826029262764e+00
1.103163220639514552e+00 2.622023035461232610e+00 1.987520077742807922e+00 2.375011519843353014e+00 1.231711777932574359e+00
1.129846141406813054e+00 2.591946886023866803e+00 1.986211922537473251e+00 2.360196253316285908e+00 1.228268440428088137e+00
1.157205991669342904e+00 2.562766707376419095e+00 1.981327267327765762e+00 2.347185136062054589e+00 1.227304837649158875e+00
1.187092884479756805e+00 2.541259877896601793e+00 1.977370801165785563e+00 2.334483030463559761e+00 1.223073150701310396e+00
1.209698722487559497e+00 2.535093571723437744e+00 1.988082787650647054e+00 2.316804583506799187e+00 1.211935010535093005e+00
1.219030199936706138e+00 2.524864628251672016e+00 2.008935993636230766e+00 2.303221108690280516e+00 1.219465790878765388e+00
1.225163117459454831e+00 2.508128089226723478e+00 2.027284961565178900e+00 2.294685568248923779e+00 1.237912683287748505e+00
1.232625908623546263e+00 2.489321293276955949e+00 2.045365715939723383e+00 2.290643346249664258e+00 1.257000461463064989e+00
1.240919175395769791e+00 2.474602921600039807e+00 2.064483422592381157e+00 2.288030656894921577e+00 1.275360266990693825e+00
1.248598999413630839e+00 2.462900173224978229e+00 2.081147779157297428e+00 2.286906252279274465e+00 1.298357878788277242e+00
1.253274951339220511e+00 2.451528929671108692e+00 2.089801711358584058e+00 2.289589420208284931e+00 1.328421940988591565e+00
1.253761218266076449e+00 2.441120509965736929e+00 2.091664878246174641e+00 2.294723734479702681e+00 1.360842657267509193e+00
1.253080328268002308e+00 2.431147379660626662e+00 2.093172775911455563e+00 2.299659635117064838e+00 1.393496158506033034e+00
1.254204836110725196e+00 2.421508798135383778e+00 2.096940026291363335e+00 2.297769004652807201e+00 1.425986051016977729e+00
1.254903788016233479e+00 2.408529443971774597e+00 2.099609529500054972e+00 2.279330167825377895e+00 1.453529619790549843e+00
1.251007827879490497e+00 2.388387125824469770e+00 2.097632236610607048e+00 2.249647286364395260e+00 1.469709669588822987e+00
1.245417752557485880e+00 2.360997224044716347e+00 2.093609998825590957e+00 2.220105577910826522e+00 1.481899129999249221e+00
1.244501206046725095e+00 2.323864502289224365e+00 2.091636540069625294e+00 2.197351444587399616e+00 1.497648281681456028e+00
1.247369456438162105e+00 2.280623460697505323e+00 2.093517115977021170e+00 2.184132422580635335e+00 1.516175901646700686e+00
1.246962240760264296e+00 2.245174122149156570e+00 2.098983005630324694e+00 2.178125242968955710e+00 1.540829589334087757e+00
1.259257607609054253e+00 2.252661249843127322e+00 2.110192617871375909e+00 2.185507224100656121e+00 1.562836381910619021e+00
1.274791542521034549e+00 2.220322498366836594e+00 2.127537769102139098e+00 2.189695345507581603e+00 1.562154944092009501e+00
1.287237763107871080e+00 2.195306780686439030e+00 2.142051152250016077e+00 2.199377472558548874e+00 1.580421602333367259e+00
1.300000000000000044e+00 2.169999999999999929e+00 2.154999999999999805e+00 2.209999999999999964e+00 1.600000000000000089e+00
