8.699999999999999956e-01 2.740000000000000213e+00 1.850000000000000089e+00 2.629999999999999893e+00 1.350000000000000089e+00
8.958552376915398519e-01 2.758876516466719941e+00 1.858496958259685083e+00 2.617626102721129389e+00 1.344495317080530272e+00
9.198658478564012420e-01 2.766592069995337688e+00 1.871995710300020210e+00 2.602696946247959886e+00 1.339635579031657198e+00
9.384469865202145211e-01 2.770084082341626619e+00 1.891477798809885869e+00 2.589921010053095163e+00 1.343688160492864769e+00
9.551705265267056433e-01 2.765782011396212159e+00 1.911743156903223051e+00 2.576074422382300000e+00 1.347411129012433317e+00
9.698480265363447206e-01 2.748668876863970212e+00 1.926485734007593820e+00 2.555847134427901679e+00 1.341879942885204624e+00
9.862481387593967641e-01 2.732466766192128027e+00 1.933659445833959767e+00 2.529840220212148161e+00 1.336630495196058144e+00
1.007089452716414035e+00 2.728364994971006929e+00 1.937541829599494836e+00 2.503254170184983973e+00 1.335007993291102535e+00
1.030860547591886833e+00 2.736474375193564512e+00 1.944354652562615415e+00 2.483019994204917147e+00 1.327632106367467646e+00
1.046084488189213513e+00 2.741599148668054653e+00 1.953360160742217966e+00 2.464938659924543973e+00 1.307376567601949535e+00
1.049437656035203670e+00 2.733102166736667282e+00 1.953474935704163862e+00 2.449173518126867677e+00 1.279233428077016566e+00
1.048474208563556331e+00 2.709915604956679491e+00 1.938261879949156885e+00 2.437748758405248406e+00 1.261519197634886069e+00
1.056318058649867941e+00 2.677306336569079459e+00 1.943961509611409788e+00 2.417436463651726264e+00 1.258801463629033002e+00
1.064788033852825722e+00 2.660317080391492617e+00 1.963166222142913142e+00 2.400101987311608731e+00 1.250638124773432613e+00
1.076980937870962052e+00 2.635266419889698231e+00 1.977913260992683719e+00 2.381665307296026768e+00 1.244802928072800574e+00
1.093458578250490865e+00 2.610859066299094255e+00 1.990934969191265447e+00 2.366754217932545590e+00 1.234609026186680003e+00
1.108398422641671655e+00 2.587093515047278913e+00 1.997615977658337982e+00 2.353167231317452757e+00 1.214922804635744535e+00
1.121629346233441238e+00 2.564066481410584242e+00 1.992004415140183449e+00 2.339941884406555150e+00 1.193248440004660571e+00
1.150418232145675512e+00 2.554149206560636820e+00 1.996823037256917122e+00 2.329666026881709762e+00 1.192883147966224966e+00
1.175185947908296669e+00 2.552845509211095099e+00 2.010017757057387389e+00 2.323957038526448748e+00 1.206225248814878359e+00
1.195763850735429346e+00 2.551209000014267314e+00 2.025478685508221854e+00 2.319323410582723621e+00 1.223397263649569799e+00
1.211737088525249195e+00 2.543139029601310774e+00 2.041240179880241978e+00 2.314121714001925234e+00 1.243689898443654407e+00
1.222724609497856108e+00 2.523839450143040342e+00 2.054650610003548206e+00 2.307109282190864530e+00 1.265667961440012590e+00
1.230112733719719742e+00 2.496568702861304612e+00 2.065252927889323242e+00 2.298796196364810918e+00 1.287376041974231722e+00
1.236677389351175771e+00 2.468548041821780892e+00 2.075811252905435111e+00 2.290521109193893512e+00 1.309114513037177963e+00
1.244381134343998108e+00 2.446368486848925272e+00 2.089128369175627498e+00 2.283713501461329898e+00 1.331498727122773174e+00
1.253870166740281622e+00 2.433756287443884947e+00 2.106171024064889430e+00 2.281435178749279036e+00 1.353278552653436551e+00
1.261032451758851813e+00 2.421788957800515174e+00 2.119792724596366806e+00 2.287285891840529661e+00 1.378646008517979693e+00
1.260698938599595476e+00 2.399090593887645895e+00 2.120401617683059570e+00 2.293655281877595264e+00 1.406155325209967666e+00
1.258017298142521501e+00 2.368570152262586159e+00 2.117796544969037242e+00 2.290069168298684676e+00 1.431167844111826959e+00
1.256182966373237342e+00 2.337205690145909731e+00 2.119899463370806370e+00 2.275193125821926454e+00 1.451574688497686783e+00
1.256420082947633299e+00 2.311556913492502918e+00 2.129187344394484871e+00 2.252822956680729849e+00 1.465458672681774877e+00
1.259681911516048025e+00 2.293946359916386957e+00 2.144479501611874284e+00 2.228435448761954873e+00 1.471710668284667900e+00
1.265393938693974096e+00 2.277541463757398077e+00 2.160354173336537453e+00 2.203400984189362699e+00 1.473810555584942339e+00
1.284218135823156359e+00 2.258142026744723196e+00 2.169549350743241956e+00 2.190316114721668317e+00 1.484900616795409078e+00
1.291107740329478615e+00 2.286540646452914771e+00 2.175214550281388881e+00 2.214589596982686093e+00 1.481901863049526202e+00
1.275941310116089467e+00 2.288784248152601286e+00 2.155562674425670178e+00 2.223110522445568282e+00 1.482454445299817403e+00
1.269855153972476725e+00 2.258018186183822440e+00 2.143378713002524361e+00 2.207221868298249401e+00 1.495033951126059968e+00
1.270817136471295683e+00 2.227395220425433475e+00 2.139216987848438389e+00 2.197335430335143336e+00 1.518209252595668080e+00
1.280180405628035700e+00 2.205527447025207088e+00 2.140425749606424510e+00 2.199499586950265595e+00 1.546315316715465293e+00
1.291825522584264307e+00 2.185489179585820008e+00 2.149553698299147886e+00 2.199275985453504667e+00 1.571947938108772203e+00
1.300000000000000044e+00 2.169999999999999929e+00 2.154999999999999805e+00 2.209999999999999964e+00 1.600000000000000089e+00
