8.699999999999999956e-01 2.740000000000000213e+00 1.850000000000000089e+00 2.629999999999999893e+00 1.350000000000000089e+00
8.882049535614660041e-01 2.749423125097210541e+00 1.870180620823234108e+00 2.624771669517318440e+00 1.332754488527218006e+00
9.085687044380199584e-01 2.753339724232421126e+00 1.889408159847727919e+00 2.615533247395747996e+00 1.316837874827719634e+00
9.338815279375125566e-01 2.741738879141638829e+00 1.895630395644733568e+00 2.591266166406119176e+00 1.317087810245943569e+00
9.465396105107612978e-01 2.780668482405979969e+00 1.882366166408196761e+00 2.583473172741239665e+00 1.325693092394389039e+00
9.665602038474884194e-01 2.792515416089729197e+00 1.896490900852961792e+00 2.561067328645184382e+00 1.316092558884425667e+00
9.821404198440994993e-01 2.789072192219815172e+00 1.910452592955757645e+00 2.542239553672914987e+00 1.293611054279955264e+00
9.976874061201740362e-01 2.780146247890041611e+00 1.923915057534908213e+00 2.522713391016580431e+00 1.271688295506335997e+00
1.014253119546617787e+00 2.768872170893485141e+00 1.937427352984015361e+00 2.501860724661656210e+00 1.252733178055867258e+00
1.031979311904805297e+00 2.757464559272180260e+00 1.951392113056098720e+00 2.481088397801096690e+00 1.235631738195944518e+00
1.047651351499816252e+00 2.739402678164061911e+00 1.967254802313477491e+00 2.464460657813623889e+00 1.217841381058464956e+00
1.056759818941195750e+00 2.709494000353970478e+00 1.980535587461775826e+00 2.443815933963898512e+00 1.204167594633264171e+00
1.063434260193971248e+00 2.673963822483850450e+00 1.983370184100275324e+00 2.417443041880940946e+00 1.194716096397614225e+00
1.075538407569158084e+00 2.640613452488723922e+00 1.979160353863310906e+00 2.394980861050870935e+00 1.178808690279220084e+00
1.094371954985096540e+00 2.618714933636609565e+00 1.982420339438697221e+00 2.377453378318640898e+00 1.155870757019964667e+00
1.107132524777186156e+00 2.616841068403779502e+00 2.001896158664099534e+00 2.359401874727957260e+00 1.154026379370725497e+00
1.108711926123134850e+00 2.616453269335852649e+00 2.023589925861556615e+00 2.346726963283314760e+00 1.173146433197910676e+00
1.109103394493132777e+00 2.606670830251788473e+00 2.041840012199310106e+00 2.345034393210453150e+00 1.201469440207012962e+00
1.123013113904642646e+00 2.579643672627338624e+00 2.053664120418525307e+00 2.357574736417836103e+00 1.222098615166935076e+00
1.125463207951182154e+00 2.591189918727303532e+00 2.076992005203147862e+00 2.360960761587482359e+00 1.232504845921399639e+00
1.125780598053765180e+00 2.604857190236118392e+00 2.102651308269274377e+00 2.354767678070043058e+00 1.227651605979531269e+00
1.139349309060931903e+00 2.584941313128628515e+00 2.094539266231598695e+00 2.338453947306550873e+00 1.208874160833873779e+00
1.167710919972910766e+00 2.556573334785851248e+00 2.083221905749371494e+00 2.334404806377747832e+00 1.213732524907647603e+00
1.195278624117678934e+00 2.527232580534316764e+00 2.072017001866263808e+00 2.328906841258205684e+00 1.219710747661637784e+00
1.220260768602097645e+00 2.494211777750351189e+00 2.064512357196047088e+00 2.319306546208443898e+00 1.231891556274584243e+00
1.233841929199455567e+00 2.467912000278539075e+00 2.074346130847044556e+00 2.311499580349505312e+00 1.259755514262919984e+00
1.246462539915712764e+00 2.462804285719511821e+00 2.087225354712229475e+00 2.311739223944027533e+00 1.287628865499301778e+00
1.264486689564086275e+00 2.461168266808924976e+00 2.110195928730787873e+00 2.307016685167081249e+00 1.277592997985324219e+00
1.281795811101664073e+00 2.460770362693971425e+00 2.130841579645886608e+00 2.302293789346566033e+00 1.272172907966772515e+00
1.294631224110729395e+00 2.462895598329788438e+00 2.134290583376664330e+00 2.293041753448173736e+00 1.306881489707544253e+00
1.291898775183721870e+00 2.460556684569739083e+00 2.129219874893829800e+00 2.281611836267880555e+00 1.343737711646573851e+00
1.284863637965803829e+00 2.443016330235637579e+00 2.122550795679360558e+00 2.268504396589075878e+00 1.376505478512877634e+00
1.276986595786892664e+00 2.408115071084789172e+00 2.114070880656277129e+00 2.256837689778195877e+00 1.401185977970197838e+00
1.272054998749637011e+00 2.364818080132277345e+00 2.115281395413444177e+00 2.242583178066073657e+00 1.421160081947290488e+00
1.271778533694668978e+00 2.328233154882493050e+00 2.128563595937555064e+00 2.227968382788566348e+00 1.439408991000717730e+00
1.273685703222813270e+00 2.286499641668845229e+00 2.135874867546389222e+00 2.221129850798080341e+00 1.460768227288045784e+00
1.269518030066171033e+00 2.253518360227145134e+00 2.120315920843408364e+00 2.222352473680714979e+00 1.483651088016366693e+00
1.258447207763256248e+00 2.231699626455195151e+00 2.101813417465135281e+00 2.220491031953228944e+00 1.504501834915751068e+00
1.254250306926291580e+00 2.196977610718605423e+00 2.105833544935177937e+00 2.211288033897896632e+00 1.532073658613619660e+00
1.260908782580159926e+00 2.184492508187426463e+00 2.127203200214168977e+00 2.205220271113397690e+00 1.553157574825585474e+00
1.280021398413494493e+00 2.159943164840342433e+00 2.141951547627590990e+00 2.204480221222260727e+00 1.573419545805128550e+00
1.300000000000000044e+00 2.169999999999999929e+00 2.154999999999999805e+00 2.209999999999999964e+00 1.600000000000000089e+00
