8.699999999999999956e-01 2.740000000000000213e+00 1.850000000000000089e+00 2.629999999999999893e+00 1.350000000000000089e+00
9.098099329697125759e-01 2.736676409019116019e+00 1.875579168303788125e+00 2.611794090099856192e+00 1.333817400878227977e+00
9.398916579733133103e-01 2.730431731488821789e+00 1.893183080151578102e+00 2.582432268620988847e+00 1.303798223466653416e+00
9.593792646340627561e-01 2.754048393392828586e+00 1.926657564716609761e+00 2.573441395584336266e+00 1.286330819054195551e+00
9.881129208134773467e-01 2.748639379259670168e+00 1.946560219980702611e+00 2.534510609069630771e+00 1.269460779049239818e+00
1.009655302178662950e+00 2.710744711206952928e+00 1.936768541073841110e+00 2.490731906719009903e+00 1.254397337514993716e+00
1.027592798793597106e+00 2.667587009987417712e+00 1.921754619476524706e+00 2.451726780608979084e+00 1.239909645939570648e+00
1.051356200509199201e+00 2.614958931635007033e+00 1.921242231889186858e+00 2.418047700382452536e+00 1.228103583632900619e+00
1.084895664502803836e+00 2.599068010673909690e+00 1.948823889317210956e+00 2.407663500198997664e+00 1.211859768450076258e+00
1.133283908907961379e+00 2.596881695386178635e+00 1.950097303335346144e+00 2.375450401878950846e+00 1.198990059493795224e+00
1.177169607902625925e+00 2.597027427016016077e+00 1.973832902765756181e+00 2.356098459191655170e+00 1.190845697531215386e+00
1.196600567168217610e+00 2.590873909031581324e+00 2.012325177582493740e+00 2.349521199649137859e+00 1.188346583590636607e+00
1.213319788386934439e+00 2.564791342211395708e+00 2.047134088556617382e+00 2.339638072213030995e+00 1.202022285576563876e+00
1.233556848504281156e+00 2.522003268402001730e+00 2.069355455689982026e+00 2.321562878798362650e+00 1.225984625176713916e+00
1.255028796974941852e+00 2.462381844607011150e+00 2.080117828279794079e+00 2.299699750063856740e+00 1.242757242322138911e+00
1.276251456939416995e+00 2.394334508313938237e+00 2.075624093186616559e+00 2.291314781514298460e+00 1.256052428693633205e+00
1.298792583325069749e+00 2.372800583000732821e+00 2.081995460090032335e+00 2.296073463633804490e+00 1.300973479254760701e+00
1.320923686044882750e+00 2.362298056028670601e+00 2.093281617068760259e+00 2.304055951790132450e+00 1.345908282803948142e+00
1.340303133741094221e+00 2.372923865374052976e+00 2.105417681659740747e+00 2.312548012752810411e+00 1.391352964140270654e+00
1.330162716002707191e+00 2.358018907989591906e+00 2.122074992358903067e+00 2.281600324381560352e+00 1.428429896408015765e+00
1.309566679772779407e+00 2.334180277669389625e+00 2.139340199249081031e+00 2.251089683741714254e+00 1.460091133155998921e+00
1.286865681209034662e+00 2.313685759619235505e+00 2.155475309462329569e+00 2.216003267178053626e+00 1.489246145597085791e+00
1.280496904906643252e+00 2.274940748486555364e+00 2.156034938572023218e+00 2.190698019814516950e+00 1.527819929127804954e+00
1.293516810149788476e+00 2.228835673984578492e+00 2.154099804356699455e+00 2.205477709009971754e+00 1.566205214495302256e+00
1.300000000000000044e+00 2.169999999999999929e+00 2.154999999999999805e+00 2.209999999999999964e+00 1.600000000000000089e+00
