8.699999999999999956e-01 2.740000000000000213e+00 1.850000000000000089e+00 2.629999999999999893e+00 1.350000000000000089e+00
8.967053962820509261e-01 2.739542500773411327e+00 1.865904875866510881e+00 2.604839095035217156e+00 1.353184288023522530e+00
9.189943811556700037e-01 2.752732511682752126e+00 1.883656509242049859e+00 2.583214216762490523e+00 1.364568343531874506e+00
9.398801739742200789e-01 2.776611883450355922e+00 1.901730283259170928e+00 2.564423390094073163e+00 1.356278943244330071e+00
9.523359768015798865e-01 2.798030622821328528e+00 1.908416867632311886e+00 2.553593057223084273e+00 1.324632535175867210e+00
9.688780406776812404e-01 2.786746590879225050e+00 1.909388157820734566e+00 2.547151056499982857e+00 1.290487386161867533e+00
9.909867138703986056e-01 2.778792163628188039e+00 1.929779004985697988e+00 2.539147672051345506e+00 1.279153648322784997e+00
1.013822264664992367e+00 2.763486497268917930e+00 1.946816719390841444e+00 2.516355287756642856e+00 1.269924129641757826e+00
1.034294418066996180e+00 2.739896872426356822e+00 1.958752180031625212e+00 2.485850277019916454e+00 1.260930229765365951e+00
1.051305405193347031e+00 2.703736122157164523e+00 1.966731604959111479e+00 2.454059125221460747e+00 1.258443028144972331e+00
1.066916457514384131e+00 2.662783838037016348e+00 1.978419878726427772e+00 2.428783896109892204e+00 1.254839338399491355e+00
1.079785379938556833e+00 2.639820241790594491e+00 1.998992602134058494e+00 2.418184481032814137e+00 1.239331927145048917e+00
1.099742050016297323e+00 2.620210489731409353e+00 2.016569359701037900e+00 2.408450177242728252e+00 1.219953225620960424e+00
1.127874150724450519e+00 2.591582511829408464e+00 2.022196515069809575e+00 2.388234766617772120e+00 1.210152548673494532e+00
1.153644775133294775e+00 2.560793352385608568e+00 2.031178974075090515e+00 2.363407158978107603e+00 1.206667675002205620e+00
1.177309486700943264e+00 2.530544321583889644e+00 2.043091879990471593e+00 2.338059760481515426e+00 1.204774013725071979e+00
1.201279692556115108e+00 2.502632665411808510e+00 2.055910914230485886e+00 2.312703705043851254e+00 1.203710161720222604e+00
1.228118916873355282e+00 2.485695531358902866e+00 2.067882133748924378e+00 2.288695525434010669e+00 1.213404949478162465e+00
1.246264705492137415e+00 2.446841451511296839e+00 2.066469400370140264e+00 2.275462217274064169e+00 1.232806125247754681e+00
1.253476466452484228e+00 2.406290346741685404e+00 2.059579111776891569e+00 2.276539101549391653e+00 1.260354173568627889e+00
1.258608875465843990e+00 2.380885482395610264e+00 2.060504557668743519e+00 2.275706479477000777e+00 1.295558085424339367e+00
1.262905712686799076e+00 2.366920621317195383e+00 2.071427349801045370e+00 2.268596654196945561e+00 1.329748887781059929e+00
1.265046235939051300e+00 2.345541544547558033e+00 2.085072829668126904e+00 2.265503463148779595e+00 1.361377789103276781e+00
1.256460789881888473e+00 2.306132557902764280e+00 2.073921361354229553e+00 2.283305621821731801e+00 1.370571768867730800e+00
1.249923007954423682e+00 2.292774908031737002e+00 2.059269061686321844e+00 2.289804790979870663e+00 1.344290441463942942e+00
1.264858380496252543e+00 2.308441502957712110e+00 2.076332932484638238e+00 2.262559410772797541e+00 1.349890346340598235e+00
1.272231984544763606e+00 2.309637667477342671e+00 2.090251612416559546e+00 2.248924360643202114e+00 1.381532518002224208e+00
1.274282209095533469e+00 2.310642407515944186e+00 2.106586094060271641e+00 2.233369680319974737e+00 1.411191266950184708e+00
1.272627199987508728e+00 2.305849153752276948e+00 2.121340697429545674e+00 2.212400421424481678e+00 1.439932627158874379e+00
1.266981285677319047e+00 2.296605430164898376e+00 2.126503862904491005e+00 2.186280880817328409e+00 1.470653994091567496e+00
1.260978646314587559e+00 2.279461046086846299e+00 2.116757190374929820e+00 2.162024014370416136e+00 1.499237746989299902e+00
1.261619893557134997e+00 2.241867211704841267e+00 2.114001825026824655e+00 2.146127949701899240e+00 1.527551705338269006e+00
1.264505248744945520e+00 2.211134887237186764e+00 2.125208632349778082e+00 2.132617026229807422e+00 1.556080799371783563e+00
1.275570085579927238e+00 2.191331985534795024e+00 2.137303783033812188e+00 2.134667889361969273e+00 1.586022977006758428e+00
1.291257760250823061e+00 2.200462962455383309e+00 2.142045686623266665e+00 2.178587979712125478e+00 1.586369994550436147e+00
1.300000000000000044e+00 2.169999999999999929e+00 2.154999999999999805e+00 2.209999999999999964e+00 1.600000000000000089e+00
