8.699999999999999956e-01 2.740000000000000213e+00 1.850000000000000089e+00 2.629999999999999893e+00 1.350000000000000089e+00
8.946668231211321043e-01 2.745626284201906131e+00 1.862260450326450822e+00 2.626519206420845354e+00 1.332434034883815732e+00
9.186887222157069655e-01 2.762757841097061018e+00 1.873911726872867112e+00 2.616060127719558093e+00 1.318696248783897351e+00
9.319439229726026452e-01 2.788874167035340967e+00 1.884919442848936866e+00 2.601405457795941789e+00 1.298928934230156429e+00
9.394977152889693039e-01 2.818193255680507381e+00 1.900554724943971818e+00 2.588775699848643530e+00 1.282525994291032978e+00
9.490811752919297017e-01 2.846256368215461130e+00 1.920265276173752200e+00 2.580111188018989754e+00 1.275845060403212550e+00
9.608936038176127958e-01 2.870927125512671818e+00 1.941302870190559249e+00 2.576367159583271338e+00 1.278334465477803494e+00
9.728149060262729630e-01 2.888721722329283814e+00 1.963025767639717145e+00 2.575943380091628931e+00 1.285701556927516975e+00
9.843265214308831723e-01 2.860794487111581574e+00 1.967485133360216576e+00 2.556882884030113878e+00 1.278829760691383433e+00
9.892386958853691681e-01 2.824606723249015516e+00 1.955416851822452839e+00 2.538132900574634476e+00 1.265922116888779314e+00
1.001767050174934726e+00 2.789823862145752287e+00 1.948418888065232446e+00 2.517416526200406235e+00 1.252577734347059879e+00
1.021537431870452650e+00 2.760853921860592308e+00 1.946306832719633784e+00 2.497667837355598497e+00 1.238720125724508403e+00
1.043693125263042143e+00 2.735041143544699516e+00 1.946196160632787997e+00 2.480287082558509049e+00 1.223326762114222754e+00
1.061695269372131767e+00 2.712008402312588107e+00 1.954286906354232300e+00 2.460656201447227964e+00 1.208873540764826560e+00
1.070821416256458658e+00 2.698751690985361051e+00 1.971156979958248456e+00 2.438243638050388462e+00 1.203876494068827796e+00
1.079849459464364392e+00 2.682735854600688086e+00 1.983493687514220172e+00 2.410711095462701348e+00 1.203415346920004403e+00
1.081255839886705816e+00 2.661370470701762692e+00 1.986701790781110200e+00 2.378368482705485842e+00 1.201471877695601931e+00
1.072128610648271696e+00 2.644299129264820802e+00 1.995323293947481869e+00 2.351382436085773797e+00 1.198847484176125411e+00
1.086406083238797171e+00 2.623902927268164653e+00 2.014714116438143687e+00 2.344060346466293243e+00 1.197774237244262352e+00
1.107404981577848391e+00 2.614324972569158412e+00 2.032940576235392260e+00 2.352078117011390468e+00 1.199066232126643650e+00
1.123318411808746253e+00 2.623736703362728573e+00 2.054276022701521320e+00 2.358511337075123393e+00 1.199563011882347929e+00
1.142156530172141693e+00 2.629877402664735797e+00 2.072711361481121450e+00 2.359297050218366554e+00 1.199959829728723060e+00
1.173192116493023018e+00 2.614044794629206248e+00 2.081017955223839699e+00 2.354550287157149313e+00 1.205194593786993007e+00
1.204447206200741194e+00 2.593270298116654438e+00 2.086816234834492079e+00 2.348626935601713761e+00 1.209967599134066596e+00
1.234127647419065443e+00 2.569860348785803605e+00 2.094755372737675092e+00 2.341575304171733318e+00 1.212811212693653884e+00
1.257817780037887800e+00 2.539236212653041669e+00 2.102749212132178691e+00 2.331437533577743082e+00 1.219867592520737842e+00
1.267564057929101873e+00 2.502674625356783089e+00 2.106505308793433784e+00 2.317698242304107925e+00 1.242189279334195984e+00
1.270899105073661106e+00 2.470671031111017601e+00 2.110282378135983627e+00 2.307971202594570226e+00 1.269293282739181405e+00
1.275674801820128046e+00 2.429664391759986941e+00 2.105272243075921423e+00 2.305079873240891697e+00 1.294811946875366937e+00
1.277157482010710332e+00 2.396851080320803185e+00 2.102577271547854565e+00 2.298792103516097640e+00 1.322780029401504853e+00
1.276534290554782514e+00 2.386197290607544819e+00 2.109032543303426710e+00 2.287526917611173438e+00 1.354281002369891240e+00
1.273934016022839621e+00 2.383491440760279190e+00 2.113770573415810095e+00 2.276752996845058163e+00 1.386602334773638701e+00
1.268522023384322850e+00 2.368152111356428779e+00 2.110149088604521772e+00 2.267599151169502836e+00 1.418505064665946724e+00
1.261128670009372454e+00 2.340144305884272136e+00 2.101972451876771952e+00 2.257842201637404678e+00 1.444924926066767590e+00
1.252384513039230374e+00 2.300029266011235585e+00 2.097331899308904291e+00 2.239823299332191819e+00 1.460314873240769806e+00
1.251979289344532731e+00 2.256507191234779608e+00 2.103833087542976710e+00 2.219215538164311941e+00 1.462570701613997048e+00
1.252482917458949130e+00 2.217569184216137579e+00 2.100734609221308169e+00 2.217938723658609224e+00 1.490133939261272467e+00
1.248888134665778304e+00 2.178153624704503688e+00 2.095028884835004934e+00 2.219187675987547959e+00 1.515352303510931087e+00
1.268373862830942223e+00 2.156233230174064097e+00 2.099821598658252242e+00 2.209786574887408150e+00 1.537864456235554567e+00
1.278982839462824872e+00 2.160669090229128564e+00 2.120177020682630697e+00 2.206422553563833766e+00 1.554561944858557476e+00
1.289366272123457335e+00 2.164878855675796743e+00 2.137386446666914352e+00 2.207894516275254126e+00 1.577703075286520429e+00
1.300000000000000044e+00 2.169999999999999929e+00 2.154999999999999805e+00 2.209999999999999964e+00 1.600000000000000089e+00
