8.699999999999999956e-01 2.740000000000000213e+00 1.850000000000000089e+00 2.629999999999999893e+00 1.350000000000000089e+00
9.092708540203234824e-01 2.754930029202506958e+00 1.872406693285036727e+00 2.603639264715016832e+00 1.359483630681611599e+00
9.399252339390518074e-01 2.781336203329576762e+00 1.901867963707401854e+00 2.588689359035098558e+00 1.375338837123371460e+00
9.610304328512945249e-01 2.817723137264811939e+00 1.911467003450837865e+00 2.578618359065721233e+00 1.342122974528062507e+00
9.632031243129859366e-01 2.786707876213135648e+00 1.916131863297257487e+00 2.580180221164504406e+00 1.299238017311957982e+00
9.613015294418183476e-01 2.777649311492955242e+00 1.885740484980434672e+00 2.576002993147948228e+00 1.265186603235130214e+00
9.760934794537794446e-01 2.775674960791795876e+00 1.923638790110347108e+00 2.556433667844333790e+00 1.247864045353050733e+00
9.971421885875063618e-01 2.745226565353028114e+00 1.953222745914416469e+00 2.527732683300891736e+00 1.236708451704321865e+00
1.014275878878799109e+00 2.702781796079232635e+00 1.976827019528347940e+00 2.494337548624032230e+00 1.228262161143328646e+00
1.031041466807442575e+00 2.658839178572291573e+00 1.999991760716003819e+00 2.460824067909288537e+00 1.220834812667874525e+00
1.049972866804652627e+00 2.608186005056935208e+00 2.022013911306405287e+00 2.431889487767544100e+00 1.223192873496054878e+00
1.079756381997945658e+00 2.555659985195038786e+00 2.027551484626222589e+00 2.403523870556401487e+00 1.229612722344651132e+00
1.117635909327294730e+00 2.533180932075854486e+00 2.020714708636104362e+00 2.368542706252874552e+00 1.216732279813549367e+00
1.163134627476968275e+00 2.505594821861554689e+00 2.025286960479441234e+00 2.343043124527989463e+00 1.224540882556531374e+00
1.208664629454469619e+00 2.485781352602363103e+00 2.041124815716830021e+00 2.322172207420210022e+00 1.233890031629347517e+00
1.247103505177496352e+00 2.479210960620730209e+00 2.071303894111420352e+00 2.309603965309539486e+00 1.243937318700967687e+00
1.291231782484564716e+00 2.473071090975058617e+00 2.090367482651728004e+00 2.302829509662599694e+00 1.264566105310425348e+00
1.321289420077489396e+00 2.463111383589951409e+00 2.115528024047319988e+00 2.298487912137827660e+00 1.293868594942748418e+00
1.338842820458086891e+00 2.430924756198446612e+00 2.139272608757250893e+00 2.301113916283322069e+00 1.325749713980435951e+00
1.339597775852461981e+00 2.388108542799284972e+00 2.137529376169931439e+00 2.306496111902642809e+00 1.364216243250135685e+00
1.314826506707840181e+00 2.398206601427178786e+00 2.137463357085360727e+00 2.307175188584046577e+00 1.405004744598649102e+00
1.299740499998327525e+00 2.401306041292393445e+00 2.160111344389976207e+00 2.273697182370864489e+00 1.432906374392310722e+00
1.289668982279133402e+00 2.380976307643385415e+00 2.179743430054161379e+00 2.234752280637972710e+00 1.457674974495884790e+00
1.273911352362886884e+00 2.356172525278690699e+00 2.197456836313187001e+00 2.197932651259016712e+00 1.482645602545106911e+00
1.251349488924723641e+00 2.318036574069071598e+00 2.211361728432255092e+00 2.163868270249967640e+00 1.502448942356692019e+00
1.240920636774115238e+00 2.259605699242598131e+00 2.189630627721888434e+00 2.148306278438240291e+00 1.505987556301169317e+00
1.276319928618049548e+00 2.246401885546296384e+00 2.169255899996314518e+00 2.169598674885007128e+00 1.528490175001225193e+00
1.288011557676448815e+00 2.206163874281852788e+00 2.161389395387622869e+00 2.192596702927998908e+00 1.562339249977178879e+00
1.300000000000000044e+00 2.169999999999999929e+00 2.154999999999999805e+00 2.209999999999999964e+00 1.600000000000000089e+00
