8.699999999999999956e-01 2.740000000000000213e+00 1.850000000000000089e+00 2.629999999999999893e+00 1.350000000000000089e+00
8.906689697304143172e-01 2.733339768139371628e+00 1.859880819037566635e+00 2.607039431902692606e+00 1.335882672396329962e+00
9.119381430440614000e-01 2.731607392413114344e+00 1.875209018371672309e+00 2.586460104860726972e+00 1.332118945241283381e+00
9.294439346351095477e-01 2.731206534643966233e+00 1.895505433813393648e+00 2.574450260400054091e+00 1.338141594225874309e+00
9.448159116225337550e-01 2.733449132314321961e+00 1.913309801424764922e+00 2.557124974708198106e+00 1.326619605968202054e+00
9.515456269063230499e-01 2.735340340741212906e+00 1.920293096512337927e+00 2.538491129999523643e+00 1.299104723729389343e+00
9.536734441935312834e-01 2.764658485241966890e+00 1.918333111736703067e+00 2.525856733840739388e+00 1.272914713696932099e+00
9.705810026343008046e-01 2.762300564591423591e+00 1.933241509380634549e+00 2.514117304801711139e+00 1.277838457366353486e+00
9.880619002546883189e-01 2.748006510635403465e+00 1.949503572377539795e+00 2.502888480524649406e+00 1.262356114717620326e+00
1.009867850424321700e+00 2.734418012821486332e+00 1.961021687404314040e+00 2.485152525668964163e+00 1.248376648121872767e+00
1.032115421167917546e+00 2.718364826886602081e+00 1.970166209479443875e+00 2.463555210408884921e+00 1.237162608997943058e+00
1.052786483259373629e+00 2.702069613769447098e+00 1.981030744478673000e+00 2.442509790256246038e+00 1.225392905071397198e+00
1.070509550835465395e+00 2.686442325119533070e+00 1.995213341482505731e+00 2.422471189567022343e+00 1.214033186338533188e+00
1.085351060553326530e+00 2.674236830143536636e+00 2.009764516260466927e+00 2.399146366870979374e+00 1.210732847920833022e+00
1.098731135806629622e+00 2.656099812637764401e+00 2.006297330788775035e+00 2.369641106773084260e+00 1.224369117298931497e+00
1.118622187849312333e+00 2.624570553102515191e+00 2.004081515425412796e+00 2.346807586621703745e+00 1.229274045898675727e+00
1.145092246725672336e+00 2.596596045931491847e+00 2.007295009500408955e+00 2.330032722961218994e+00 1.232140583553865243e+00
1.174856878419373141e+00 2.573053358028774884e+00 2.013369710056947426e+00 2.318972397220677717e+00 1.233614998207908542e+00
1.202900240542867927e+00 2.551397212200286368e+00 2.024839076118444492e+00 2.311396176970776484e+00 1.231300863370931920e+00
1.225254167168656094e+00 2.529324373050234609e+00 2.040643237559115253e+00 2.306794355137423480e+00 1.222735596034642436e+00
1.244991668793892670e+00 2.496098919452590881e+00 2.049024696996462058e+00 2.299619088058182381e+00 1.207404557953829061e+00
1.248477866544809300e+00 2.459100354043792791e+00 2.051016680539819337e+00 2.291957697226771451e+00 1.226263855105514722e+00
1.249809936627772178e+00 2.438638805047054881e+00 2.066951808890957309e+00 2.294751105190611540e+00 1.249872658924407576e+00
1.255951827837926693e+00 2.413236256725003859e+00 2.081733293468223334e+00 2.297248991410731023e+00 1.272303044820302764e+00
1.262646292636272261e+00 2.387213397773849000e+00 2.092220995553167207e+00 2.296793465679380475e+00 1.298492238671529186e+00
1.267862214281401778e+00 2.360612448245558603e+00 2.097184921073989017e+00 2.292111849122765665e+00 1.327278673631160588e+00
1.270694390880169111e+00 2.330541562342747675e+00 2.096316602286180775e+00 2.282684853400685832e+00 1.355039904339129464e+00
1.271898192146741602e+00 2.304044945788575216e+00 2.093725734351070678e+00 2.268864985721507743e+00 1.381688715482308538e+00
1.272279577032175757e+00 2.305251689823749395e+00 2.098351834282343731e+00 2.250660596067626251e+00 1.411193702568965369e+00
1.269931134414541640e+00 2.322491812555940172e+00 2.107247913904861214e+00 2.228106990752215744e+00 1.434153853808235457e+00
1.265805303353352507e+00 2.325789744722293051e+00 2.113972950577847065e+00 2.199981490595989797e+00 1.455643216181785382e+00
1.254738949507572476e+00 2.312819588042377195e+00 2.116765213367572063e+00 2.180243812575936690e+00 1.481145680510789209e+00
1.248049456448010019e+00 2.282000784216204448e+00 2.118536646833165005e+00 2.182708119546436620e+00 1.508018679835630538e+00
1.258878942394565659e+00 2.257147851546185358e+00 2.130537977541284267e+00 2.185853461513532547e+00 1.532032226982176004e+00
1.273042615019076340e+00 2.234038883145617049e+00 2.140597224289706446e+00 2.196930489741480308e+00 1.554964531256813220e+00
1.286233999793203964e+00 2.201561967658342223e+00 2.148426682924371001e+00 2.204350561186064539e+00 1.576812746280229716e+00
1.300000000000000044e+00 2.169999999999999929e+00 2.154999999999999805e+00 2.209999999999999964e+00 1.600000000000000089e+00
