8.699999999999999956e-01 2.740000000000000213e+00 1.850000000000000089e+00 2.629999999999999893e+00 1.350000000000000089e+00
9.152635090842079491e-01 2.747883697474899467e+00 1.879794781283053995e+00 2.609571606373335406e+00 1.365766043132435659e+00
9.440221573751576001e-01 2.743729630861009294e+00 1.922322785790415933e+00 2.592446876612323425e+00 1.369838161039194313e+00
9.592496285772891262e-01 2.717609018588703407e+00 1.934314090048140589e+00 2.585899097502913691e+00 1.322809169376405025e+00
9.599450052047424631e-01 2.692745768539784201e+00 1.902045398246758445e+00 2.581587815984610401e+00 1.283811624334428192e+00
9.862763305112520751e-01 2.675256300582257385e+00 1.903745247050941503e+00 2.535877311532331646e+00 1.257958701822285530e+00
1.023113033206359601e+00 2.659501556029050917e+00 1.922220205714937791e+00 2.492372875268952015e+00 1.249277743816979314e+00
1.055044789611858436e+00 2.641560738001986319e+00 1.948573389539310474e+00 2.453713901014971110e+00 1.235971310735227924e+00
1.059631778144554559e+00 2.593528696833860892e+00 1.951917837330887417e+00 2.415700526462989384e+00 1.212758259778540237e+00
1.076924714523099125e+00 2.630018754267306580e+00 1.965884180010285309e+00 2.419310167707323878e+00 1.222906792341007076e+00
1.127003977349274599e+00 2.597483463501298218e+00 1.980335826810029953e+00 2.398989938062207727e+00 1.206951211622997677e+00
1.182590977269538879e+00 2.592846168853278233e+00 1.993498890561347769e+00 2.374536493891258537e+00 1.190965105604088414e+00
1.222762064994886044e+00 2.558744127144548131e+00 2.017707739181589410e+00 2.346398993286041179e+00 1.191322492138937372e+00
1.242957089153863715e+00 2.512770035693100645e+00 2.048395027829970072e+00 2.328666512690193091e+00 1.210503959444892530e+00
1.268844657458009229e+00 2.470178707820487762e+00 2.077461443666464902e+00 2.316277706185063234e+00 1.234969126089598301e+00
1.303939650424616570e+00 2.415554458958268924e+00 2.089544185790276565e+00 2.310411292591048937e+00 1.259661446884264402e+00
1.331605486325498022e+00 2.357930193664608876e+00 2.089384297806515800e+00 2.304773497405783189e+00 1.290629076835870803e+00
1.356856151185634518e+00 2.324134822222744035e+00 2.093848155149725443e+00 2.308100289149942252e+00 1.336441708185833077e+00
1.358000121764469048e+00 2.358036329682051679e+00 2.104635575359071087e+00 2.325961543579306845e+00 1.383973163205376222e+00
1.342381372106639104e+00 2.371266108901813219e+00 2.115578216342422380e+00 2.319681727696172757e+00 1.432542870962979720e+00
1.331815286659656650e+00 2.346222587181425290e+00 2.132532503977666583e+00 2.270389852966729904e+00 1.450821817822499193e+00
1.306754320924348400e+00 2.344244652230318859e+00 2.158039177180205659e+00 2.233058470732997680e+00 1.478807701348993309e+00
1.284018751567354455e+00 2.331438341285858584e+00 2.183205142359922135e+00 2.197505952019669806e+00 1.506313034782647442e+00
1.280868526263191587e+00 2.265121631533389301e+00 2.194273424464807665e+00 2.183436173541734249e+00 1.527906417378549708e+00
1.290079520222577436e+00 2.210546371056572035e+00 2.172624957166290116e+00 2.193082001117340418e+00 1.558769393201678177e+00
1.300000000000000044e+00 2.169999999999999929e+00 2.154999999999999805e+00 2.209999999999999964e+00 1.600000000000000089e+00
