8.699999999999999956e-01 2.740000000000000213e+00 1.850000000000000089e+00 2.629999999999999893e+00 1.350000000000000089e+00
9.014440168900789141e-01 2.756621638813691710e+00 1.882071561954152816e+00 2.593504278932077689e+00 1.351782680503274214e+00
9.341491111391138080e-01 2.766393545312729518e+00 1.901364033495917427e+00 2.570342873157351882e+00 1.310722883388031335e+00
9.389284595139928413e-01 2.782302666814441494e+00 1.897057431871325583e+00 2.568680804683183716e+00 1.287627832268188222e+00
9.507817217978982161e-01 2.819475836120921564e+00 1.898789066754587695e+00 2.567991952708994052e+00 1.267039338359727374e+00
9.635420729716104304e-01 2.797976588653516838e+00 1.905930050282754529e+00 2.552118203281650288e+00 1.269680887619348164e+00
9.902750737568155603e-01 2.769000733888848043e+00 1.917215548555267546e+00 2.517785330784979347e+00 1.262092711601315642e+00
1.012353779175175994e+00 2.754054011320673290e+00 1.933970553591280339e+00 2.493733535875345630e+00 1.250276664630396661e+00
1.034074723244924776e+00 2.737395663044571936e+00 1.952565321468209492e+00 2.471853676718843928e+00 1.238221724252666300e+00
1.083722481124403503e+00 2.645133765293556927e+00 1.999537566311292425e+00 2.403360070220433187e+00 1.211124893157943028e+00
1.085972473632335067e+00 2.621512587172377451e+00 2.000355484862625488e+00 2.389095015931423482e+00 1.213034457101630714e+00
1.093395053730627176e+00 2.599876282487624479e+00 2.008408087683668519e+00 2.373524203908961017e+00 1.213443473724944877e+00
1.107354019486828989e+00 2.577843146091948867e+00 2.024257533584803870e+00 2.358592159412676192e+00 1.214198453364226715e+00
1.129856352489779114e+00 2.549067110367541744e+00 2.044282596504435556e+00 2.343568463050255346e+00 1.218163074529261758e+00
1.152437289092621331e+00 2.520839733457292731e+00 2.056011841754979752e+00 2.329021146271531340e+00 1.224913937871845437e+00
1.162966442736669714e+00 2.508735810229420604e+00 2.059604674801501112e+00 2.321870419934805252e+00 1.228616062480657467e+00
1.188285637185980903e+00 2.479992278567556330e+00 2.067393441836384405e+00 2.305473245419646044e+00 1.238519498526138962e+00
1.215323935330905325e+00 2.449754956268014539e+00 2.074279570753958524e+00 2.291219212316240039e+00 1.253918344725230893e+00
1.228271858911443859e+00 2.434204275407073848e+00 2.079680288565382451e+00 2.287068472498323679e+00 1.267715181123949097e+00
1.268722358914203152e+00 2.377059749030291602e+00 2.109517704440913022e+00 2.276492317740180127e+00 1.329712096271142174e+00
1.268023199243054400e+00 2.360849046267186946e+00 2.120252418962363716e+00 2.275342623784033513e+00 1.353602567916055044e+00
1.264476264180885101e+00 2.344257176657193131e+00 2.124718278513574532e+00 2.269434916041104700e+00 1.376755019901312993e+00
1.259980684622617586e+00 2.330151842199671197e+00 2.125571402901980100e+00 2.258761110906157832e+00 1.398547382607973955e+00
1.257437000791739701e+00 2.323111858185014533e+00 2.125815774997021901e+00 2.248623000052363263e+00 1.413008462507926666e+00
1.253959804310638804e+00 2.313551870971624513e+00 2.127308222410132732e+00 2.226953288441444911e+00 1.438884040084423610e+00
1.254005022745509068e+00 2.312292374313769550e+00 2.129277184673734613e+00 2.220760792262729044e+00 1.445192241736103833e+00
1.255425913271523974e+00 2.308240055853635564e+00 2.137343042998424814e+00 2.202279675377779355e+00 1.465119508156183414e+00
1.264344398105198497e+00 2.299717056441093366e+00 2.156682143731660339e+00 2.180724689698207097e+00 1.497430258767044275e+00
1.269661352058801373e+00 2.292142680058554927e+00 2.159687866261286171e+00 2.174858840187694042e+00 1.514375945220814312e+00
1.268396914972689471e+00 2.284618041851371739e+00 2.154813814244898484e+00 2.162709626055538958e+00 1.529761730638254935e+00
1.260692879106304565e+00 2.271274738954973227e+00 2.141113938797017280e+00 2.150655329793882853e+00 1.549271210170576563e+00
1.258228008525501762e+00 2.263035316140726394e+00 2.133220213683945321e+00 2.157440808978032809e+00 1.556844949676952528e+00
1.261067668393484720e+00 2.246143590215341934e+00 2.127949587223409544e+00 2.171446100771357024e+00 1.568050591408110650e+00
1.274669768835238415e+00 2.213142486507788664e+00 2.133312687474267832e+00 2.191232533862917720e+00 1.584221510361778940e+00
1.300000000000000044e+00 2.169999999999999929e+00 2.154999999999999805e+00 2.209999999999999964e+00 1.600000000000000089e+00
