8.699999999999999956e-01 2.740000000000000213e+00 1.850000000000000089e+00 2.629999999999999893e+00 1.350000000000000089e+00
8.897301021702770374e-01 2.751761947611272241e+00 1.868424194911951330e+00 2.618547410256373720e+00 1.352850157140264464e+00
9.106752916438285439e-01 2.767604703157770629e+00 1.883230237043711508e+00 2.603578426348089003e+00 1.357505641518441220e+00
9.308866583112803683e-01 2.786653802775181266e+00 1.895515088449438945e+00 2.585733661144036688e+00 1.352498965716447010e+00
9.456582907987844955e-01 2.799429634271898060e+00 1.903404523239325297e+00 2.569948607234885163e+00 1.331270737964341588e+00
9.564826069829793775e-01 2.790490161439600048e+00 1.904548885387710611e+00 2.558665570496723163e+00 1.303459138900779690e+00
9.651884827233241371e-01 2.764191592634917427e+00 1.898319093909141886e+00 2.549072459133519430e+00 1.280043032364610367e+00
9.796681243554234975e-01 2.739473997165225327e+00 1.896758197092402787e+00 2.529137179964350501e+00 1.264081868846225420e+00
9.956215156658170251e-01 2.725929659200239996e+00 1.906982311975601085e+00 2.504878099126007118e+00 1.255452623984001814e+00
1.009871309307969423e+00 2.716799718693144960e+00 1.922380032355636370e+00 2.482157951350054681e+00 1.248941865163030851e+00
1.023561534274272988e+00 2.709057826840965966e+00 1.939371541521828668e+00 2.460752811441189625e+00 1.242711699257779578e+00
1.039815142862443142e+00 2.702353112849294359e+00 1.953050743142290546e+00 2.437269378040711310e+00 1.235939302784214266e+00
1.058959278997697151e+00 2.693018980034982413e+00 1.955613491409037508e+00 2.410024806122177843e+00 1.231853304603849786e+00
1.074983990399236866e+00 2.671626150586602577e+00 1.958949227164158202e+00 2.385196218231125709e+00 1.239988868511427311e+00
1.080018016443986761e+00 2.650094313157853598e+00 1.980724553609812144e+00 2.380218176457602919e+00 1.234505066340707780e+00
1.083356377069784715e+00 2.642998388268993359e+00 1.999718608594975633e+00 2.380801971153980734e+00 1.212770374227558401e+00
1.086202954988290337e+00 2.631784548767081677e+00 2.024050647843976591e+00 2.379775272339844872e+00 1.203164462041708349e+00
1.097355478821843366e+00 2.611317254089398521e+00 2.039666003606288136e+00 2.372454612550712216e+00 1.214634511992343180e+00
1.124798990367939400e+00 2.601902550141820925e+00 2.046177352763675295e+00 2.357767432803553387e+00 1.207019576600426802e+00
1.151643487285593626e+00 2.583638841627490912e+00 2.051092582660996477e+00 2.342308791398040491e+00 1.204704019430707485e+00
1.178260299640395692e+00 2.562132913035821691e+00 2.053147787382541001e+00 2.326975096169610957e+00 1.205488036492207371e+00
1.204750270954757063e+00 2.538352497378105976e+00 2.052306536201474074e+00 2.312892615141163066e+00 1.206202170390478390e+00
1.229885218535019531e+00 2.510169385214853666e+00 2.048993730919961287e+00 2.301343517815516382e+00 1.208332265019681273e+00
1.248450538461461701e+00 2.477692803234186947e+00 2.051016626790878039e+00 2.291881653226397031e+00 1.222287310885457501e+00
1.255773963817568450e+00 2.447705731708017751e+00 2.058471074698703607e+00 2.286723275678559375e+00 1.245211476086617752e+00
1.261346587869582203e+00 2.409549893458614811e+00 2.062093776770253850e+00 2.287504736199910571e+00 1.265603471583594208e+00
1.268243024129373175e+00 2.373422970895497919e+00 2.068092498961127568e+00 2.288882471478247194e+00 1.285355315805350118e+00
1.271516957083512533e+00 2.351520473591661720e+00 2.080477313578405596e+00 2.285826534927156928e+00 1.309919582886182932e+00
1.271722597863341520e+00 2.331245960035274400e+00 2.090764954671940679e+00 2.277804766853229523e+00 1.335708846291511875e+00
1.267651877523702231e+00 2.310254776692258538e+00 2.097983983896950733e+00 2.262970758173064478e+00 1.360107702832804577e+00
1.260200924580311188e+00 2.292450027829679549e+00 2.103882482828515421e+00 2.242329006786080825e+00 1.381786118139875175e+00
1.252886321588833063e+00 2.280641244033004167e+00 2.111363490264348552e+00 2.219508305376963975e+00 1.402623272431133161e+00
1.250032776303971360e+00 2.273916408179645021e+00 2.120702475147813626e+00 2.198781047139140021e+00 1.425906866039118981e+00
1.254333111132061473e+00 2.263889652114430717e+00 2.123246772543481153e+00 2.182948923217027826e+00 1.453764052309510335e+00
1.269290867228053843e+00 2.245477696342930152e+00 2.131210510429579763e+00 2.179284128294341816e+00 1.476769762295848665e+00
1.277463682651370114e+00 2.239099771424933216e+00 2.153719364036079220e+00 2.187001405542337462e+00 1.486268161068781124e+00
1.283433113708550621e+00 2.223554507256118473e+00 2.162165998261014188e+00 2.195031018894481267e+00 1.513399510073913934e+00
1.286612051595526607e+00 2.207014919234144834e+00 2.158850823946815378e+00 2.205496904207675080e+00 1.542028288429627025e+00
1.290960813840621224e+00 2.185119233522778703e+00 2.154462932363615302e+00 2.207247230457546561e+00 1.570414679316275208e+00
1.300000000000000044e+00 2.169999999999999929e+00 2.154999999999999805e+00 2.209999999999999964e+00 1.600000000000000089e+00
