8.699999999999999956e-01 2.740000000000000213e+00 1.850000000000000089e+00 2.629999999999999893e+00 1.350000000000000089e+00
8.890106771062491475e-01 2.756882101228849358e+00 1.877247351687017174e+00 2.603851407531588169e+00 1.373311935679002449e+00
9.162456051195831952e-01 2.780760411946992861e+00 1.893693531573259037e+00 2.575631330724940771e+00 1.396963922464533603e+00
9.501795405536629380e-01 2.788010150252441033e+00 1.922579524434457010e+00 2.567097901474062915e+00 1.379237825212828117e+00
9.615098329223598084e-01 2.797396290077902581e+00 1.924511498504264395e+00 2.575150334106505845e+00 1.334157891423176423e+00
9.688937562240267365e-01 2.810617426219800485e+00 1.921292734223765342e+00 2.582169100488944657e+00 1.288661577324359486e+00
9.696410126033108146e-01 2.782023402090646247e+00 1.916431603577012810e+00 2.576382347715206134e+00 1.245684985143819423e+00
9.819539295908372711e-01 2.733784419032896817e+00 1.928954739015530162e+00 2.544609584626451593e+00 1.229231847481070838e+00
9.982199051039974957e-01 2.691097197887875492e+00 1.947501165280428159e+00 2.508672915942521620e+00 1.227317673411911114e+00
1.016729742934315617e+00 2.649640657004268540e+00 1.968527791248428693e+00 2.475063331449327997e+00 1.225553512138479739e+00
1.039203829113060307e+00 2.606099119557897303e+00 1.985366028343696021e+00 2.443178137462741706e+00 1.217500625866129171e+00
1.068020698798522128e+00 2.562004815054762741e+00 1.991043802195420431e+00 2.413004112497169729e+00 1.205671837971263427e+00
1.105897168050737456e+00 2.524792325354661582e+00 1.996055597381882984e+00 2.385751419617914593e+00 1.200442429445314874e+00
1.148136807080675004e+00 2.501606051500745220e+00 2.010768048307619349e+00 2.363104513936751250e+00 1.206222552935521275e+00
1.188936203161925942e+00 2.487400873392534795e+00 2.031402112860975606e+00 2.343589691067428760e+00 1.218315307428783134e+00
1.226593341939387960e+00 2.472938372570106846e+00 2.054274148836967129e+00 2.326527563335099913e+00 1.235605561074389902e+00
1.259091989099964781e+00 2.453092649012601267e+00 2.077564676939431365e+00 2.313444235030704732e+00 1.259440170377481794e+00
1.286997536129606878e+00 2.431106551388242387e+00 2.099650341732187009e+00 2.304581480605869093e+00 1.289018569044519502e+00
1.311262737041402282e+00 2.414399181104560643e+00 2.119640193544992002e+00 2.298298157447631773e+00 1.323896674252642791e+00
1.325389002857861431e+00 2.404873245407297411e+00 2.138361489642027990e+00 2.289448540282048583e+00 1.363767246587942239e+00
1.323535053428315234e+00 2.395665682287337006e+00 2.159560690303409025e+00 2.269891411290669847e+00 1.400865648385088535e+00
1.313164339530382030e+00 2.381372240138437846e+00 2.184532739344995811e+00 2.240747463755226931e+00 1.427935437996245893e+00
1.300551108936100819e+00 2.360057688789935604e+00 2.208841119572810374e+00 2.207721486271759126e+00 1.449799597338553792e+00
1.283483541659381943e+00 2.328080834315341630e+00 2.222396731152548988e+00 2.175625002416103904e+00 1.474505453603526028e+00
1.280342846396862244e+00 2.285835345965795184e+00 2.205746651268600811e+00 2.164156939132465762e+00 1.504202341115193242e+00
1.278752969117122440e+00 2.248030256027919283e+00 2.177151457665470691e+00 2.175355097675971905e+00 1.531013250331292097e+00
1.288723456076009022e+00 2.212032825749134624e+00 2.161607050269903407e+00 2.193543666537135284e+00 1.565068842941832683e+00
1.300000000000000044e+00 2.169999999999999929e+00 2.154999999999999805e+00 2.209999999999999964e+00 1.600000000000000089e+00
