8.699999999999999956e-01 2.740000000000000213e+00 1.850000000000000089e+00 2.629999999999999893e+00 1.350000000000000089e+00
8.984025590280113605e-01 2.764521393607118682e+00 1.875734606257351222e+00 2.611059698911521121e+00 1.373266182663527291e+00
9.337145871088032845e-01 2.792846910547408079e+00 1.900426233740989401e+00 2.585532393730846756e+00 1.375645100493319006e+00
9.604776037822387869e-01 2.810224025737658948e+00 1.918198428334757955e+00 2.573328278272219549e+00 1.341778753202960806e+00
9.743466677423000544e-01 2.815383301729494026e+00 1.927943606658699016e+00 2.573683054970004491e+00 1.296996243087844114e+00
9.704753833190550294e-01 2.754537056656294780e+00 1.918077897176010183e+00 2.578388457721082716e+00 1.278971794966587527e+00
9.903720273129184015e-01 2.714329375898745234e+00 1.922902372835827878e+00 2.541118625177795298e+00 1.258870094300714948e+00
1.011215909219692843e+00 2.683819542036054884e+00 1.932720205096259303e+00 2.502497366618953833e+00 1.236311935371684267e+00
1.033758863973055497e+00 2.647283146885241134e+00 1.946465177518618583e+00 2.464819716123395565e+00 1.220828507439252864e+00
1.061236808156502898e+00 2.613303193258247337e+00 1.970039568235928851e+00 2.434082247188820602e+00 1.212270432547999377e+00
1.096231572039203961e+00 2.589411263676011377e+00 1.997689067898080317e+00 2.410266300872852430e+00 1.208607660846175547e+00
1.139280593689258936e+00 2.577093019009658814e+00 2.020524811257733422e+00 2.386614361122302519e+00 1.206156103232593368e+00
1.186090228320813900e+00 2.567905350916175333e+00 2.035835530498309343e+00 2.360094852952482114e+00 1.204396473435261905e+00
1.229589038119771827e+00 2.540337996431765610e+00 2.047044204493296604e+00 2.333649741951914880e+00 1.210063291139206854e+00
1.255091836151270179e+00 2.491062141662990559e+00 2.059152100037992650e+00 2.317499816290093051e+00 1.232663691850090837e+00
1.272008964273042331e+00 2.452033836225452124e+00 2.076160797367511357e+00 2.310369607108550660e+00 1.266098104391978341e+00
1.297571221389083984e+00 2.430456897973360952e+00 2.096958840790830170e+00 2.304376992350254394e+00 1.300034714024196791e+00
1.326288049974930106e+00 2.415664392601446497e+00 2.115101388141248151e+00 2.299030490745249011e+00 1.335283579556984845e+00
1.347203230315020983e+00 2.411292134131706177e+00 2.127355835827670294e+00 2.286269534568108774e+00 1.375661345948606451e+00
1.334700257710831117e+00 2.403704873133597708e+00 2.149647919624539494e+00 2.259892675486682379e+00 1.409694190610181197e+00
1.315877604845159921e+00 2.394252503799414011e+00 2.173445766161752335e+00 2.232196452950555354e+00 1.439534870081311535e+00
1.295910352263982990e+00 2.375859865196079390e+00 2.198642820420172228e+00 2.203344409479671029e+00 1.464970416043267498e+00
1.274331443280074305e+00 2.338739284311406763e+00 2.216893297963550502e+00 2.172634207981536836e+00 1.485625118192247962e+00
1.251208642504456181e+00 2.285369038685487020e+00 2.206196167011535536e+00 2.145790723711561210e+00 1.497531332339261834e+00
1.246859149646939446e+00 2.256195392532485577e+00 2.167137399055074631e+00 2.151021005230114636e+00 1.496155022807160284e+00
1.273784819572429949e+00 2.246362864336496568e+00 2.172914304649622874e+00 2.184192094263186945e+00 1.526241384688119318e+00
1.284771100318751413e+00 2.207587431123338995e+00 2.160884046075235876e+00 2.196895101894369873e+00 1.562658015855322269e+00
1.300000000000000044e+00 2.169999999999999929e+00 2.154999999999999805e+00 2.209999999999999964e+00 1.600000000000000089e+00
