8.699999999999999956e-01 2.740000000000000213e+00 1.850000000000000089e+00 2.629999999999999893e+00 1.350000000000000089e+00
8.888149056156962047e-01 2.765962017344331336e+00 1.868383535657627048e+00 2.621360561021557789e+00 1.355534117161826480e+00
9.101109478428676125e-01 2.797368346412560047e+00 1.880228462205076889e+00 2.610184206413562080e+00 1.363899218363952226e+00
9.328865641022283661e-01 2.821568837338912505e+00 1.889578914915011065e+00 2.593732260547928714e+00 1.373839325597544958e+00
9.451693687454054693e-01 2.812868721311442943e+00 1.890440313339345257e+00 2.566318058556794401e+00 1.389776919922731446e+00
9.728175687275977257e-01 2.835391620470012697e+00 1.883705034780526866e+00 2.552593182125868498e+00 1.391325005468676768e+00
9.969387267024081289e-01 2.856643224378425661e+00 1.873428798706714415e+00 2.536307701191238273e+00 1.382743536071877388e+00
1.020828899931712996e+00 2.849055666042236368e+00 1.875797572041490779e+00 2.509021258433606238e+00 1.383893246274523037e+00
1.035893606372465081e+00 2.814852995227599131e+00 1.882332499666111936e+00 2.484541912705354072e+00 1.382552733522566468e+00
1.046968240800999261e+00 2.774941444781283018e+00 1.891793521410249479e+00 2.469481325300265873e+00 1.370663761639877798e+00
1.053585728105406627e+00 2.762214473807243831e+00 1.913216041295549230e+00 2.466363596052479679e+00 1.353835789537402468e+00
1.058288279953624400e+00 2.759404439078236404e+00 1.931513027331859256e+00 2.456748540083538490e+00 1.332940817088411389e+00
1.061550118847894630e+00 2.734367354392579497e+00 1.936328380826938922e+00 2.442995605292174410e+00 1.309152415649607715e+00
1.063253827047625721e+00 2.703233760692345999e+00 1.938951049473599753e+00 2.429589948407862465e+00 1.286331151632197356e+00
1.065148917255430039e+00 2.666376368576345079e+00 1.940596748779015224e+00 2.414444999581414564e+00 1.266597283136509544e+00
1.074227025632493504e+00 2.622896901308715556e+00 1.951455405620614370e+00 2.400678160739578626e+00 1.260113574499838851e+00
1.080034765544968023e+00 2.570285726048343822e+00 1.959770060541572878e+00 2.391910285237623501e+00 1.260647577160830313e+00
1.089063293061434123e+00 2.518143199536607479e+00 1.965249119700487990e+00 2.380572532465493829e+00 1.261458558706393562e+00
1.114012237597653776e+00 2.500192289421763192e+00 1.960966662091381041e+00 2.360331790724492951e+00 1.258555074018361308e+00
1.141411232362889772e+00 2.499977812152839984e+00 1.952909293165344007e+00 2.340220920719322084e+00 1.253720597660802127e+00
1.171516471855596375e+00 2.503181836224702916e+00 1.949470329169955551e+00 2.322588717993266272e+00 1.248286796398276666e+00
1.199490658557095912e+00 2.510123154634138931e+00 1.963347144146079248e+00 2.316174884339272211e+00 1.244548013813033593e+00
1.213655423209006656e+00 2.518537458105977400e+00 1.988092099662705614e+00 2.319762930321794148e+00 1.244565583385108587e+00
1.222030083432873004e+00 2.525192639999822131e+00 2.014393817184743529e+00 2.320109406645083805e+00 1.250481270589250071e+00
1.227275711167039596e+00 2.524476994878322778e+00 2.035067874570281710e+00 2.312342853453437375e+00 1.268530011269186630e+00
1.231158801307957518e+00 2.519043605096782379e+00 2.049701900813650113e+00 2.302527726764499683e+00 1.292384794589729102e+00
1.236054132373369585e+00 2.513572835676554096e+00 2.065618219364681707e+00 2.295085069777136777e+00 1.315802902255286622e+00
1.241644068353884967e+00 2.502792817199869457e+00 2.081767809508766831e+00 2.291743795225440472e+00 1.338991351806385177e+00
1.247421865502933436e+00 2.469120643893797151e+00 2.089369332792919032e+00 2.292814303274485432e+00 1.360517419585322241e+00
1.249678354062825125e+00 2.423192770579754018e+00 2.080041191646632370e+00 2.291177532028835895e+00 1.375166242374221914e+00
1.250647926662365794e+00 2.386043700881756102e+00 2.078092652747760560e+00 2.296839381360166854e+00 1.397627856113582423e+00
1.251229171394692141e+00 2.357503615914839479e+00 2.082630513925559868e+00 2.277019800198828214e+00 1.416984081110331362e+00
1.253819397492700549e+00 2.343656378590198930e+00 2.088053447916914607e+00 2.244044774363589401e+00 1.427987767704379518e+00
1.257137180276783450e+00 2.324489315544756352e+00 2.092709674154298316e+00 2.218699356071134332e+00 1.446965801955297781e+00
1.260744797745716905e+00 2.294219632030218392e+00 2.103384534080223744e+00 2.202290253980669910e+00 1.465382546421617693e+00
1.265199632690106712e+00 2.256117180147485968e+00 2.119274513122133996e+00 2.194115978065586781e+00 1.478277192489038994e+00
1.274341260672447129e+00 2.225903801506333490e+00 2.137641179000143943e+00 2.182776682067330665e+00 1.489614144343669011e+00
1.286163154489717630e+00 2.205279880871938047e+00 2.157292462735953986e+00 2.172463830465719781e+00 1.502713989579556930e+00
1.290015003235211566e+00 2.189915509163120166e+00 2.169323667627367502e+00 2.178255727878324333e+00 1.526974284340569810e+00
1.283455625658761923e+00 2.195202838755761832e+00 2.158393795146900995e+00 2.187335636126497285e+00 1.552903572586761705e+00
1.284222487174630389e+00 2.193194227999208490e+00 2.148049399978724683e+00 2.198962541893129785e+00 1.578854731381971632e+00
1.300000000000000044e+00 2.169999999999999929e+00 2.154999999999999805e+00 2.209999999999999964e+00 1.600000000000000089e+00
