8.699999999999999956e-01 2.740000000000000213e+00 1.850000000000000089e+00 2.629999999999999893e+00 1.350000000000000089e+00
9.038852803866318508e-01 2.718941806547836126e+00 1.852520946924978151e+00 2.613517028709873458e+00 1.346584461220237117e+00
9.333590630499477570e-01 2.714444213852432508e+00 1.868961252580309873e+00 2.598489227452344341e+00 1.344066031614202350e+00
9.483565901761815686e-01 2.730680035619975854e+00 1.884106308007146957e+00 2.569934594091027424e+00 1.332318029556120997e+00
9.531267487439416541e-01 2.737937627108435912e+00 1.873589188029698427e+00 2.543800426874962994e+00 1.306205259582762901e+00
9.555630979509242007e-01 2.780865592062813807e+00 1.889156963003076672e+00 2.541928620987434329e+00 1.292630802467630069e+00
9.573481652522961571e-01 2.801652990733006998e+00 1.915704911567152724e+00 2.541962138467890764e+00 1.301240814892044018e+00
9.601222153872870368e-01 2.796340116673018628e+00 1.942255471558066660e+00 2.538071070509831717e+00 1.310179528424574524e+00
9.726691937312483827e-01 2.771670704496732807e+00 1.946124410125983584e+00 2.527370386067409047e+00 1.278478925904431573e+00
9.965207600412971933e-01 2.756746865049436668e+00 1.953680327568172670e+00 2.509965115888566523e+00 1.256876923310880745e+00
1.021077830050135304e+00 2.745296075946538572e+00 1.971687417936731190e+00 2.491748694556896737e+00 1.248813454544080770e+00
1.044022358715581467e+00 2.735757826668200998e+00 1.991426832810277991e+00 2.473806016078066161e+00 1.241905039265775113e+00
1.064393808467436253e+00 2.727378045669318407e+00 2.011709028345905814e+00 2.454737689785547960e+00 1.232378816483525652e+00
1.080272118496800493e+00 2.714055254376416926e+00 2.028756007782843263e+00 2.431021278342178515e+00 1.217601150425675183e+00
1.086349206147764201e+00 2.680854290133334317e+00 2.027119675088510764e+00 2.398969721530865851e+00 1.204310707498581490e+00
1.085825171224058749e+00 2.655634373162099937e+00 2.007490553928084509e+00 2.379007467231845752e+00 1.221287340534479737e+00
1.085345460447042498e+00 2.653142320439735080e+00 1.982644490713271201e+00 2.364923631020019457e+00 1.236378036201249087e+00
1.111765249219255569e+00 2.634379479119400624e+00 1.987899179442487840e+00 2.335758323796195857e+00 1.233689259692873241e+00
1.138621082673371809e+00 2.613596639588067649e+00 2.000694270683020637e+00 2.316042325254756395e+00 1.225488926612869456e+00
1.167425004108742836e+00 2.594422581380226411e+00 2.011557968802964336e+00 2.297349058209786854e+00 1.215458122841206912e+00
1.196635741234768791e+00 2.573003656867112632e+00 2.023666135265144383e+00 2.281594516005369222e+00 1.207516814388130966e+00
1.217695470186346940e+00 2.540499683426858724e+00 2.041947011733777018e+00 2.276623452105878354e+00 1.210217182676959435e+00
1.230915795372160781e+00 2.498834857074371030e+00 2.058220727087643809e+00 2.281248632177982127e+00 1.221400266069148977e+00
1.242822563045143935e+00 2.456751091863470737e+00 2.062083110235305661e+00 2.287983042030488079e+00 1.234230605918300361e+00
1.246546865996821518e+00 2.447873480832531534e+00 2.088987612091061319e+00 2.283795880479090989e+00 1.243251720026899765e+00
1.254675645178136900e+00 2.416001611685575146e+00 2.105117370783283981e+00 2.283148540464583931e+00 1.266565737598686736e+00
1.263427341828686101e+00 2.383129768628789780e+00 2.109196923479641050e+00 2.283242703350898850e+00 1.298288540813322234e+00
1.269133100852189555e+00 2.352860411719361000e+00 2.107157013906886256e+00 2.282892402108665397e+00 1.332330814744903336e+00
1.271540532341274066e+00 2.327924581760273615e+00 2.107274049243018865e+00 2.276795759864183477e+00 1.367715260017504653e+00
1.274887838985062860e+00 2.321850716206987908e+00 2.116821837216295243e+00 2.258658592454334091e+00 1.401252039097762969e+00
1.281572586481374287e+00 2.328918310634785271e+00 2.129874482658744128e+00 2.232664196516191524e+00 1.427396471772811815e+00
1.285181169975179172e+00 2.330378496520252529e+00 2.141493926214914634e+00 2.203417272484752054e+00 1.453071439150873889e+00
1.281329476477382379e+00 2.322390340062277403e+00 2.153681960681991470e+00 2.178125475550588774e+00 1.480989594897341277e+00
1.265161934100980323e+00 2.312401207505673018e+00 2.151706109554702095e+00 2.167170022020703524e+00 1.514655078190133564e+00
1.254910477256041101e+00 2.282658019113637859e+00 2.136983129627010314e+00 2.186450692284831909e+00 1.531143499505954075e+00
1.265963926464736655e+00 2.231901320952038414e+00 2.137806360538927031e+00 2.195012855656803819e+00 1.547194119816156732e+00
1.283402458173060534e+00 2.198790480619320142e+00 2.144603313516184162e+00 2.204005245877179497e+00 1.572936718753566554e+00
1.300000000000000044e+00 2.169999999999999929e+00 2.154999999999999805e+00 2.209999999999999964e+00 1.600000000000000089e+00
