8.699999999999999956e-01 2.740000000000000213e+00 1.850000000000000089e+00 2.629999999999999893e+00 1.350000000000000089e+00
8.999726168804061954e-01 2.759829862575881254e+00 1.873984694317103683e+00 2.614099651133462210e+00 1.353155105404403313e+00
9.303217250539467242e-01 2.761177501817108304e+00 1.899402761675902385e+00 2.602306601551215515e+00 1.362798505556633843e+00
9.692016905844165198e-01 2.789627038628101907e+00 1.908156125676234272e+00 2.577852417312592070e+00 1.364469168896780715e+00
9.636800444716316916e-01 2.827570973560737944e+00 1.917440485268693262e+00 2.578748115535197449e+00 1.327019464977838403e+00
9.634672682574603186e-01 2.861869530909347592e+00 1.911017439311815114e+00 2.583522077583084720e+00 1.286350184334265512e+00
9.784099955923986069e-01 2.844936472279935735e+00 1.923337282421409444e+00 2.574205358898386642e+00 1.249004768975263691e+00
9.934751188031792912e-01 2.797774965878711217e+00 1.942488680566222259e+00 2.552628281878222882e+00 1.239204998560960558e+00
1.010232222599865226e+00 2.752027935352947097e+00 1.953591873212655372e+00 2.521138681720905605e+00 1.230608746066654380e+00
1.025137737610663846e+00 2.710690162878930387e+00 1.954407115992982336e+00 2.484723635337120928e+00 1.217512604643427920e+00
1.039600036509658043e+00 2.669059370519992314e+00 1.958810002253530413e+00 2.449142874551682780e+00 1.203553067224050643e+00
1.051255620498758203e+00 2.633768563455272549e+00 1.980199556112703263e+00 2.426104588836994758e+00 1.188493831301129289e+00
1.069491995751465252e+00 2.621240446413934944e+00 2.009882292622557021e+00 2.421370791496265884e+00 1.186762158149823998e+00
1.102679106821609079e+00 2.609176505915409727e+00 2.026979116871222342e+00 2.393962259049978059e+00 1.189077679094619810e+00
1.141267493647012188e+00 2.587173696719899496e+00 2.041094197093502594e+00 2.371095451456431302e+00 1.189545520856157834e+00
1.174523621647296734e+00 2.560218948174951770e+00 2.057517092561550243e+00 2.346654219445944101e+00 1.187213029804607967e+00
1.209720998725682284e+00 2.533425508508224233e+00 2.071756348828484029e+00 2.322904446678296431e+00 1.189411602088966236e+00
1.246250660707327818e+00 2.507551030416420801e+00 2.073586706511656885e+00 2.304276159259533774e+00 1.212750478780510566e+00
1.262326773345063158e+00 2.472820804623764523e+00 2.068114063989743734e+00 2.286836643832140581e+00 1.247312283747778805e+00
1.276505563888404859e+00 2.441857945107959615e+00 2.075814751647702128e+00 2.270175042044245473e+00 1.283312073376629447e+00
1.295054479495302724e+00 2.425358063907665063e+00 2.083065270405665359e+00 2.271988038310024827e+00 1.324084481990373874e+00
1.313821251855360694e+00 2.432286226070231372e+00 2.088431215628003823e+00 2.294916253317759836e+00 1.360190293597235645e+00
1.336444021959890538e+00 2.411157260870313124e+00 2.102351991553207622e+00 2.304674915727747742e+00 1.392486730083789537e+00
1.308145577334784093e+00 2.380878982601045024e+00 2.114067429216873961e+00 2.289401496339291242e+00 1.419821804358234907e+00
1.289386285033431667e+00 2.369535374411595896e+00 2.122983170499779249e+00 2.256125921302285064e+00 1.445668565681373474e+00
1.277853931640281271e+00 2.365585402282941896e+00 2.131348764529310991e+00 2.221950652894892908e+00 1.474450606020258459e+00
1.283299191724264432e+00 2.348042886898668247e+00 2.143192438898217755e+00 2.201057205081541124e+00 1.510376040372706008e+00
1.291362685768011387e+00 2.288337219608852724e+00 2.151197046116466005e+00 2.204654034433592091e+00 1.538187034066488046e+00
1.295529588995186998e+00 2.228266330569123710e+00 2.153522315054115843e+00 2.208068907559777472e+00 1.568405462691392360e+00
1.300000000000000044e+00 2.169999999999999929e+00 2.154999999999999805e+00 2.209999999999999964e+00 1.600000000000000089e+00
