8.699999999999999956e-01 2.740000000000000213e+00 1.850000000000000089e+00 2.629999999999999893e+00 1.350000000000000089e+00
9.144270839596443379e-01 2.722017914071884093e+00 1.879778370592264158e+00 2.598602992454735361e+00 1.360119708845585196e+00
9.474480391792259315e-01 2.749071978713541586e+00 1.894421282559943798e+00 2.564947499710588552e+00 1.318320425237327287e+00
9.537091832376329847e-01 2.755653356230900464e+00 1.896057799010473888e+00 2.561096761948048695e+00 1.299978454310436238e+00
9.513299418856044909e-01 2.756965158269919502e+00 1.909093961075932100e+00 2.563004951527386499e+00 1.293111621907147235e+00
9.650865809085465985e-01 2.785447436661660170e+00 1.931200495409706175e+00 2.546379632651261993e+00 1.263397769809337046e+00
9.870220793761355083e-01 2.768628143074956416e+00 1.940630938774629666e+00 2.523912610085505825e+00 1.249511282824367076e+00
1.005421998241070813e+00 2.754667814771952106e+00 1.953003301498301925e+00 2.509511286272935848e+00 1.239381134230322923e+00
1.019467817496590101e+00 2.743090827585871860e+00 1.963544757819898123e+00 2.498079612269645811e+00 1.232365093882434204e+00
1.028575393983163444e+00 2.734203567214392283e+00 1.970281738781710201e+00 2.489474672013559875e+00 1.228463509288128197e+00
1.035079697803421350e+00 2.726730466678589426e+00 1.974913842580218626e+00 2.482312592331026746e+00 1.226188131458294528e+00
1.071920817113117597e+00 2.660548508008742985e+00 2.004256080095090820e+00 2.413865323307278654e+00 1.207164373324286055e+00
1.079590547555631552e+00 2.648043267215438590e+00 2.010772532897460163e+00 2.398869759308020821e+00 1.202436310741688441e+00
1.097168021973897289e+00 2.637879142591196047e+00 1.984711343716981213e+00 2.363859997126770196e+00 1.218375104468061743e+00
1.119233439710262568e+00 2.615209501041748208e+00 1.980112281489687653e+00 2.340668156588537219e+00 1.225644381727969634e+00
1.128011793528117757e+00 2.607356844918362615e+00 1.981802347077923798e+00 2.333121949342768620e+00 1.225865739060713944e+00
1.143079056916923575e+00 2.597556513429177372e+00 1.989627384561876822e+00 2.323127575067183592e+00 1.221620623518859805e+00
1.168522786469543995e+00 2.574602017104919760e+00 2.004878373060827723e+00 2.309712679776152022e+00 1.223689612238576085e+00
1.209182190741072471e+00 2.501060053592208288e+00 2.030339778095276770e+00 2.289325501444494204e+00 1.237605769362081221e+00
1.234538696087512211e+00 2.475601400415990749e+00 2.032426659661803470e+00 2.282049202399024868e+00 1.238872844354801162e+00
1.248101875791486348e+00 2.471751618956373964e+00 2.044130621544424820e+00 2.287660815007138027e+00 1.244118337154259457e+00
1.248127591319389440e+00 2.461398264204288644e+00 2.067188674702640228e+00 2.291548132194626941e+00 1.247481091270281839e+00
1.251203272125103405e+00 2.441665325447053725e+00 2.086522690844915928e+00 2.294592508439050604e+00 1.257074140753668745e+00
1.259893112259906633e+00 2.391351559255682879e+00 2.109778282295566854e+00 2.297794212113939860e+00 1.294778488662835958e+00
1.262608102376695962e+00 2.375675453958294270e+00 2.107646000173133416e+00 2.296063912054518763e+00 1.312337530187800638e+00
1.263755320527084391e+00 2.367251218915416899e+00 2.105677235379252998e+00 2.294278632006051311e+00 1.321144294529714491e+00
1.271956488987251443e+00 2.311424199074402441e+00 2.095447817599716434e+00 2.276728831314911439e+00 1.385748941990279981e+00
1.272731727814959690e+00 2.313143508723817021e+00 2.102427924488113220e+00 2.264663552284406300e+00 1.397776191510063493e+00
1.272053479491041861e+00 2.321697322962711585e+00 2.116925384185936565e+00 2.244112157704718058e+00 1.412366059208120639e+00
1.268527573709369527e+00 2.324496921427077201e+00 2.128530032889651924e+00 2.222660808231886165e+00 1.425696401176416384e+00
1.257464725569914510e+00 2.315753297257291177e+00 2.139320170756226602e+00 2.179952110157671541e+00 1.454234427050050904e+00
1.253479106782876551e+00 2.311935685134824059e+00 2.141153315310958760e+00 2.169344479747848276e+00 1.467413489592102271e+00
1.246331551299774798e+00 2.304047640025931099e+00 2.143333976353704706e+00 2.171698667163524110e+00 1.511456621101945119e+00
1.245262288848403731e+00 2.267233841878633527e+00 2.137745609356247023e+00 2.186177145073147976e+00 1.530318327241734444e+00
1.252416091707669876e+00 2.250988455436617741e+00 2.139489056914580356e+00 2.189111029723071145e+00 1.539061898765467840e+00
1.262989636846202357e+00 2.231244566841294574e+00 2.142683008252038501e+00 2.193664023291292509e+00 1.552423394449695682e+00
1.273060043400123575e+00 2.214313956343617829e+00 2.145995936716998287e+00 2.198095481992459188e+00 1.565341511320912815e+00
1.300000000000000044e+00 2.169999999999999929e+00 2.154999999999999805e+00 2.209999999999999964e+00 1.600000000000000089e+00
