8.699999999999999956e-01 2.740000000000000213e+00 1.850000000000000089e+00 2.629999999999999893e+00 1.350000000000000089e+00
9.005436236061293842e-01 2.742549388150872680e+00 1.860207172489624083e+00 2.621615127391796474e+00 1.345992400401033073e+00
9.283572213730895140e-01 2.765341757213353624e+00 1.868523845707522835e+00 2.618209267056356815e+00 1.354378366681656232e+00
9.523117430079451884e-01 2.784806063634179374e+00 1.883001119311295879e+00 2.606146305442837097e+00 1.358561807684233846e+00
9.717155906473396998e-01 2.795349249363558997e+00 1.899908761925990230e+00 2.585963913524004898e+00 1.358895939822034160e+00
9.878867150892005622e-01 2.791594276148483544e+00 1.914370879084274613e+00 2.560978524360572717e+00 1.349889638017897964e+00
1.001523356820067434e+00 2.775859671127776540e+00 1.924017692806020197e+00 2.538210253299429731e+00 1.332145403398952377e+00
1.014807644432003775e+00 2.755755682291844977e+00 1.931416089822324267e+00 2.518379611525704664e+00 1.311403228345856320e+00
1.027667001004440639e+00 2.739168797045080872e+00 1.940672928233528660e+00 2.497050768152011102e+00 1.291479672276029556e+00
1.025177687119867898e+00 2.759365741247076009e+00 1.958209114613216340e+00 2.483699237348181654e+00 1.276720024253164887e+00
1.007847390061360482e+00 2.790654093885140963e+00 1.960041743199577136e+00 2.503083261019103833e+00 1.288901385301614466e+00
1.002664939514978926e+00 2.792030779911632177e+00 1.959464955682891807e+00 2.513604981392268289e+00 1.317654423586321233e+00
1.022633780946886395e+00 2.756081385645030579e+00 1.962574676009716246e+00 2.496052417707687709e+00 1.317051038752445891e+00
1.038052658907634429e+00 2.729048861427041839e+00 1.964269409692345425e+00 2.475878625733515026e+00 1.299296398458840818e+00
1.047889241874708555e+00 2.698840343736515379e+00 1.960880736947607117e+00 2.451320037346209180e+00 1.284554788042645779e+00
1.051518973073414243e+00 2.665205982235237414e+00 1.947732279587951920e+00 2.427588530981836801e+00 1.279915365943969707e+00
1.058398181163938023e+00 2.643721706050125242e+00 1.941432003870747325e+00 2.409191242968544699e+00 1.257162106287734282e+00
1.068789889778717805e+00 2.625680374103087189e+00 1.950409019093011675e+00 2.393069510324683513e+00 1.233106394965694630e+00
1.081100483509453314e+00 2.602375597486366487e+00 1.962485701850646302e+00 2.375115331948994157e+00 1.215058477739817899e+00
1.096724429020949021e+00 2.576818253315898755e+00 1.975913761209224573e+00 2.357327427593573166e+00 1.203156153369524972e+00
1.116902610708352173e+00 2.552655644708964999e+00 1.991126462948111353e+00 2.342557433005288292e+00 1.201853953089944582e+00
1.139788228902189449e+00 2.533672566814979543e+00 2.005380043498195874e+00 2.333101740996122331e+00 1.212739486710352033e+00
1.163077247737295705e+00 2.519950599705128358e+00 2.016826455892691161e+00 2.327928086237256444e+00 1.230700044975085117e+00
1.185971835885801351e+00 2.508255511422888606e+00 2.027938430990803731e+00 2.323770795416189916e+00 1.250057306840683502e+00
1.207306583704568004e+00 2.491828152300057386e+00 2.041870583028743358e+00 2.317726328746216868e+00 1.266656152266425917e+00
1.225357334492163996e+00 2.464001609339307564e+00 2.057804539154048040e+00 2.310463641476292018e+00 1.278001218305166997e+00
1.239207914881217842e+00 2.429658921154408624e+00 2.074229066821159595e+00 2.305459397212329176e+00 1.288492999967290276e+00
1.249291002137125961e+00 2.400928449934978559e+00 2.089811467899180375e+00 2.303196563982978784e+00 1.307812527662473467e+00
1.257931820410421064e+00 2.383752951622652994e+00 2.098216595416473762e+00 2.300012923202432891e+00 1.336666519631132033e+00
1.265400491679003814e+00 2.382685282074130217e+00 2.106119133266463272e+00 2.290839068112456633e+00 1.366741122518537743e+00
1.262146751685147894e+00 2.378816317404345959e+00 2.117438185679669793e+00 2.265326119526474891e+00 1.387608068165802511e+00
1.257503135276106798e+00 2.360756599872766870e+00 2.130725151924925065e+00 2.238425655249243640e+00 1.401444828181160451e+00
1.258204983877499350e+00 2.356196453295989368e+00 2.153677796439807945e+00 2.223304708836692622e+00 1.415434577952005224e+00
1.259087974955367617e+00 2.342545105745391876e+00 2.172533164076570600e+00 2.202936069112849893e+00 1.415846159061352250e+00
1.258638998562828348e+00 2.302985991216758510e+00 2.160649615482188146e+00 2.183198568532307871e+00 1.420597101219690517e+00
1.258202177673655164e+00 2.268906138794039240e+00 2.143228731774075246e+00 2.178037722911254637e+00 1.436009470384743469e+00
1.257550090739330662e+00 2.237958483447891389e+00 2.130135633465590317e+00 2.183337720935354831e+00 1.458186937832940178e+00
1.260103559302335308e+00 2.207104719314216812e+00 2.128229997918699823e+00 2.189662680189627952e+00 1.484973661377409826e+00
1.267190736518405192e+00 2.180992447647760901e+00 2.136111043963978329e+00 2.190303211685964868e+00 1.512043859403124024e+00
1.275858901508947874e+00 2.168315171697155375e+00 2.146776497394676575e+00 2.192897508310832855e+00 1.540652858765119149e+00
1.285346711237736139e+00 2.168579440111980894e+00 2.153573657548092601e+00 2.200341999297057871e+00 1.571045843691185384e+00
1.300000000000000044e+00 2.169999999999999929e+00 2.154999999999999805e+00 2.209999999999999964e+00 1.600000000000000089e+00
