8.699999999999999956e-01 2.740000000000000213e+00 1.850000000000000089e+00 2.629999999999999893e+00 1.350000000000000089e+00
9.021693784169776409e-01 2.748697030206741498e+00 1.849099917214370947e+00 2.615263827895852877e+00 1.359285886415369404e+00
9.290080811799283911e-01 2.776216821935863610e+00 1.858504034210405331e+00 2.604121004081630719e+00 1.349130798315342439e+00
9.394861411112148675e-01 2.804245194200437385e+00 1.877295117396446278e+00 2.609215211925273614e+00 1.332384035867300920e+00
9.467287305221089300e-01 2.835676596984629150e+00 1.897126276523168453e+00 2.609595456770995359e+00 1.316179378114890053e+00
9.571344509835015835e-01 2.873825949751737330e+00 1.913656830160660238e+00 2.601774400442283142e+00 1.300452145940300230e+00
9.757560172944389487e-01 2.921752117974799390e+00 1.919872006005893139e+00 2.587514745614707845e+00 1.293351940553066681e+00
9.879715136306945755e-01 2.929209384527371451e+00 1.909190046746720881e+00 2.590551394852138589e+00 1.322260090448286629e+00
9.959278813827179277e-01 2.944016231567268438e+00 1.923048399707235845e+00 2.596917462217501082e+00 1.330592137649207585e+00
9.806625990258738268e-01 2.894711353447779967e+00 1.910511326001979260e+00 2.586855994381808355e+00 1.335501548900090318e+00
9.702306608297162072e-01 2.850889628743530579e+00 1.904193171265135431e+00 2.571917671527781835e+00 1.324053027264432636e+00
9.742332488736504814e-01 2.836003389087554005e+00 1.915529370139983589e+00 2.554744949560473710e+00 1.297076119688059137e+00
9.864099588034719313e-01 2.829055681257603982e+00 1.928762744503591753e+00 2.535133699983951772e+00 1.275203192692503151e+00
1.002039818393122950e+00 2.815840616439214905e+00 1.939751636843251914e+00 2.511526213240522942e+00 1.258029696666825847e+00
1.018804873457122673e+00 2.797331951260723759e+00 1.949191045635381592e+00 2.486648325858176634e+00 1.243350540353708178e+00
1.035813319456321935e+00 2.773863375157295863e+00 1.957768128454736578e+00 2.461927243210153993e+00 1.229704390834325700e+00
1.051349902264306024e+00 2.744615535911205662e+00 1.964685733853207328e+00 2.437436935328186838e+00 1.215248780622473657e+00
1.062483453271677369e+00 2.709989635243486905e+00 1.968298142414046437e+00 2.412544576969480659e+00 1.198987565775231356e+00
1.068106211370319913e+00 2.664320477347658755e+00 1.968079456418933892e+00 2.387013735929855773e+00 1.197236289360444683e+00
1.068902529803084533e+00 2.627251807905246483e+00 1.974601635728874038e+00 2.366028590694364553e+00 1.218745106112961496e+00
1.073546656263031140e+00 2.597474711275296944e+00 1.988455281379194473e+00 2.342678936569130954e+00 1.230904553304699833e+00
1.097105494159801742e+00 2.571816387386219205e+00 2.003212074171262458e+00 2.330738048562420062e+00 1.235183467203724295e+00
1.108543268077968769e+00 2.575439333250702845e+00 2.027957642376471803e+00 2.333149318968432695e+00 1.235182738532135227e+00
1.112598506528067244e+00 2.559233309688877966e+00 2.051527119071282268e+00 2.330244752864631508e+00 1.248153986938082660e+00
1.125034022756892682e+00 2.534043725226854615e+00 2.065397188846560539e+00 2.322496306110648057e+00 1.272785945371269989e+00
1.155169593168761555e+00 2.520783386383185665e+00 2.076019775400706369e+00 2.315133078545005940e+00 1.282998055192576370e+00
1.190002180024217537e+00 2.513499360196068455e+00 2.078979652056465177e+00 2.313297900154734243e+00 1.273038086999645158e+00
1.220179362880171592e+00 2.510753702350646321e+00 2.084587288928474447e+00 2.312580078047999255e+00 1.253315224941591755e+00
1.242875683744276927e+00 2.496695565227178726e+00 2.102427700008912215e+00 2.304926451478606086e+00 1.253789560191644448e+00
1.244596305227160249e+00 2.474494142459410462e+00 2.114241934307715454e+00 2.296937347346876823e+00 1.284098945434895667e+00
1.247795321208865271e+00 2.457218105886212367e+00 2.125532257427380500e+00 2.290253414861008086e+00 1.315896352780957068e+00
1.255367129561704598e+00 2.442678720027124051e+00 2.133215678357435863e+00 2.283368744859082700e+00 1.349411613138926214e+00
1.267588375710383186e+00 2.419354128973217666e+00 2.124804579135862515e+00 2.275525424088506554e+00 1.378594406597491329e+00
1.267876768250653541e+00 2.377714207593595308e+00 2.122259343302877355e+00 2.260021359832979471e+00 1.403821134335011989e+00
1.262726868597007890e+00 2.333783376646973995e+00 2.130482294043238856e+00 2.236209992575192373e+00 1.415031772852123781e+00
1.257049049666172369e+00 2.290868147809901778e+00 2.139016035390748804e+00 2.213025628830611158e+00 1.427830189107050174e+00
1.249459209821494721e+00 2.258291946632126290e+00 2.141150834670269898e+00 2.200889820114499962e+00 1.457252396017761686e+00
1.255451773344116173e+00 2.237512527055776967e+00 2.133437858802067488e+00 2.195865563236548024e+00 1.490188137555901404e+00
1.255321246881239361e+00 2.209453000953709889e+00 2.127589046244758197e+00 2.200925781833573680e+00 1.523183011251694863e+00
1.262060440676894935e+00 2.185366967610000710e+00 2.125219449959815599e+00 2.207024592505705929e+00 1.556534003666404153e+00
1.280995270036521694e+00 2.173468451521992417e+00 2.135719167651730199e+00 2.211052349350011603e+00 1.583747124770887416e+00
1.300000000000000044e+00 2.169999999999999929e+00 2.154999999999999805e+00 2.209999999999999964e+00 1.600000000000000089e+00
