8.699999999999999956e-01 2.740000000000000213e+00 1.850000000000000089e+00 2.629999999999999893e+00 1.350000000000000089e+00
8.943916053025632307e-01 2.754111185276252538e+00 1.870482794518971037e+00 2.612468631048706857e+00 1.342000272187630960e+00
9.165850089288224423e-01 2.767679452976452126e+00 1.889420702667480967e+00 2.594299060548445723e+00 1.324934776456336394e+00
9.339610149981885101e-01 2.757770632834010804e+00 1.904433573964426252e+00 2.565909623343705093e+00 1.304191594896161321e+00
9.562065291251616861e-01 2.780123436688376692e+00 1.918717561620366885e+00 2.549937520748482900e+00 1.282850362133233224e+00
9.509398928287515762e-01 2.798573076155438155e+00 1.903587725124124885e+00 2.536654363883160013e+00 1.263899403758793172e+00
9.783922216523293081e-01 2.795300182470747963e+00 1.918098445389749607e+00 2.508951490956069730e+00 1.256370182043335060e+00
1.004536801695590231e+00 2.795806663166537920e+00 1.938034051792001611e+00 2.488351558804321240e+00 1.251569783172498784e+00
1.031164880166477893e+00 2.796511701564023067e+00 1.956792152862274925e+00 2.467132995531664541e+00 1.243287066058585744e+00
1.056523428164198419e+00 2.789647237054129203e+00 1.972533060126450133e+00 2.444014986567832448e+00 1.229334177445852605e+00
1.071866175083580286e+00 2.736877896366615381e+00 1.974466770712235419e+00 2.431755271701732113e+00 1.218147320414029178e+00
1.076404966719257228e+00 2.685874065559200830e+00 1.971237635599305982e+00 2.429518220486758473e+00 1.194003226248349314e+00
1.078230004339431058e+00 2.639478745206538246e+00 1.971476288653762454e+00 2.412052184253890452e+00 1.171554433837102005e+00
1.077526086920013837e+00 2.598996686646377174e+00 1.988169693115895420e+00 2.388975944452518263e+00 1.177118510278757357e+00
1.084638392477612845e+00 2.579444938347417171e+00 2.011875813497579379e+00 2.373328015815649117e+00 1.191037091864880937e+00
1.109739855130813968e+00 2.575202825094200065e+00 2.033970931462438347e+00 2.357997070924929606e+00 1.190651967077899887e+00
1.141360039714150121e+00 2.569288035752450128e+00 2.051177612586447818e+00 2.342856385604357161e+00 1.186006630553388508e+00
1.174547602413466674e+00 2.554482932717179633e+00 2.065904064646980398e+00 2.327726104752255942e+00 1.185254281668057130e+00
1.209222348722656992e+00 2.537099952562865024e+00 2.078266442671627079e+00 2.313236160025100130e+00 1.184891139498049029e+00
1.243251818938818198e+00 2.514123629446606945e+00 2.085749043320276996e+00 2.295441476763865118e+00 1.187538388848691229e+00
1.266442777363915972e+00 2.477171216004046439e+00 2.083835538026927559e+00 2.274151137029835290e+00 1.200057527776872579e+00
1.269481573483596692e+00 2.436900009191444560e+00 2.095486931072037429e+00 2.265189900915469678e+00 1.224149271692694052e+00
1.268745809947124492e+00 2.422140800203857136e+00 2.091325404358086448e+00 2.259402735457162414e+00 1.264069756235768116e+00
1.270729854516345236e+00 2.421173875323811231e+00 2.109934069620432062e+00 2.259563551918561952e+00 1.298487625045471328e+00
1.267382849878806006e+00 2.421751833226819972e+00 2.125447624651760403e+00 2.252795608369330793e+00 1.334828781655091445e+00
1.262600421773925286e+00 2.403156243317824625e+00 2.130356668978122148e+00 2.236712190718228577e+00 1.373301929742609229e+00
1.259950335044835334e+00 2.373459975828611235e+00 2.132454861807593360e+00 2.217869422774791932e+00 1.408103539616978539e+00
1.258764072106851373e+00 2.345239751090530511e+00 2.136524638481358540e+00 2.201400811269457414e+00 1.444146644177455752e+00
1.258087188799401845e+00 2.316530754895187449e+00 2.138985946904548019e+00 2.184253488765958373e+00 1.479809754997018167e+00
1.255217270739890534e+00 2.285551866615010308e+00 2.129304784835126529e+00 2.158627968721643864e+00 1.507165179498490382e+00
1.261027853295534795e+00 2.258028669473276295e+00 2.121318596557067782e+00 2.139639102825651396e+00 1.538474580817531745e+00
1.271307153744775098e+00 2.229798886687072379e+00 2.135782749722604734e+00 2.149241787522477409e+00 1.568058675625350062e+00
1.286554269978381626e+00 2.201695159436242832e+00 2.151738148002673157e+00 2.176094288853897663e+00 1.581532726203986883e+00
1.300000000000000044e+00 2.169999999999999929e+00 2.154999999999999805e+00 2.209999999999999964e+00 1.600000000000000089e+00
