8.699999999999999956e-01 2.740000000000000213e+00 1.850000000000000089e+00 2.629999999999999893e+00 1.350000000000000089e+00
9.062618318664447115e-01 2.794089818131849867e+00 1.834881116595062256e+00 2.611449637905657983e+00 1.358198253004898826e+00
9.446739789534710496e-01 2.774448783694913878e+00 1.857599277865856768e+00 2.593870828838094056e+00 1.338535145727867137e+00
9.547544613948882875e-01 2.727734059870486227e+00 1.887079740986965959e+00 2.577541797473471341e+00 1.314827821211349335e+00
9.642334802153187390e-01 2.737534438419702010e+00 1.921751617129328293e+00 2.566831814600500472e+00 1.283438030480188230e+00
9.780502092556834226e-01 2.703964468395522402e+00 1.946144095763479687e+00 2.542702678442400277e+00 1.250957623334314706e+00
1.000659603251071061e+00 2.673568758083100683e+00 1.966248492706458517e+00 2.506059047251852689e+00 1.227446212136164228e+00
1.027416087496782593e+00 2.647831713663904463e+00 1.982873681084198481e+00 2.465028216926992144e+00 1.207263203994217271e+00
1.061942363579920334e+00 2.627154023311771613e+00 1.996708034703266854e+00 2.426940983328465862e+00 1.187984150906544523e+00
1.114576811324973216e+00 2.619522104776541127e+00 1.999671431077083117e+00 2.407133088363303752e+00 1.182390090077929168e+00
1.167027638866931394e+00 2.606406609066777680e+00 1.997289684953728939e+00 2.390910233465414425e+00 1.197280584952743476e+00
1.206909168763304674e+00 2.565273117968191574e+00 1.996422682189121556e+00 2.361104231694556965e+00 1.210506720772923206e+00
1.239824477499988920e+00 2.519266690795724628e+00 2.009742206417693744e+00 2.329443995745815066e+00 1.222466624784621425e+00
1.255937338285118443e+00 2.460541785805306692e+00 2.022553199112569811e+00 2.303408682131289797e+00 1.248213894311724248e+00
1.263326424398378833e+00 2.401948561928493486e+00 2.037741276049034767e+00 2.294170498838381533e+00 1.283893246726701687e+00
1.270049548204498002e+00 2.354991454334665502e+00 2.070893466999883081e+00 2.289772642968413763e+00 1.302652161193490477e+00
1.277873658646017319e+00 2.319639065730423777e+00 2.078213875384981257e+00 2.289014384736837826e+00 1.351578432964690935e+00
1.299126165846875569e+00 2.287191260241793866e+00 2.075933857791350423e+00 2.290933939572454836e+00 1.399971302454292577e+00
1.307249990959752362e+00 2.301656915972996931e+00 2.113279013827253916e+00 2.286505425545338532e+00 1.418221899660119467e+00
1.294662551963394304e+00 2.296652487874484283e+00 2.123721285597847785e+00 2.235616583745194230e+00 1.445561582068212392e+00
1.280353979058899805e+00 2.276687934349708176e+00 2.134883856551724524e+00 2.189787436274730936e+00 1.475977093361802384e+00
1.265690303372276837e+00 2.233586023179183755e+00 2.151590747136155279e+00 2.165095545407179412e+00 1.509336151517563840e+00
1.281462579604858210e+00 2.201083038561846728e+00 2.148152182878007022e+00 2.183844781983254713e+00 1.556788743836658995e+00
1.300000000000000044e+00 2.169999999999999929e+00 2.154999999999999805e+00 2.209999999999999964e+00 1.600000000000000089e+00
