8.699999999999999956e-01 2.740000000000000213e+00 1.850000000000000089e+00 2.629999999999999893e+00 1.350000000000000089e+00
8.949192441727376046e-01 2.741502095351021406e+00 1.858749090946962390e+00 2.608326482233651156e+00 1.349447139924655481e+00
9.198384883454752137e-01 2.743004190702042155e+00 1.867498181893924691e+00 2.586652964467301974e+00 1.348894279849310873e+00
9.447577325182128227e-01 2.744506286053063349e+00 1.876247272840886993e+00 2.564979446700953236e+00 1.348341419773966265e+00
9.696769766909505428e-01 2.746008381404084098e+00 1.884996363787849294e+00 2.543305928934604498e+00 1.347788559698621658e+00
9.945742879009560333e-01 2.747445725412117845e+00 1.893879053689144554e+00 2.521698774728217352e+00 1.347280380732195137e+00
1.019111891213882570e+00 2.748053761008217410e+00 1.904434576097059573e+00 2.501006572365460201e+00 1.347342897654854932e+00
1.041845492386750838e+00 2.745313414174427979e+00 1.918780318044462696e+00 2.482894133882331822e+00 1.349835170427618358e+00
1.058968956182374965e+00 2.734050000626285559e+00 1.936720096091054444e+00 2.468092421028481365e+00 1.356244675242968878e+00
1.071408065246367336e+00 2.716520380435727411e+00 1.956435200540129093e+00 2.455261681854503664e+00 1.362493188690526047e+00
1.087830456017984782e+00 2.709972736017713935e+00 1.976219458925944972e+00 2.441225612274623646e+00 1.359675494041476140e+00
1.111379936773207788e+00 2.699213336920913697e+00 1.966764700745370131e+00 2.432040660749859029e+00 1.357774719296618304e+00
1.134259492474239073e+00 2.709602674725957616e+00 1.966287648411730205e+00 2.447891281750559589e+00 1.343033557300156167e+00
1.159461271453719577e+00 2.720625148978567776e+00 1.973886032026105353e+00 2.454575334793795083e+00 1.328174553543114422e+00
1.187826801860860426e+00 2.716140352428933369e+00 1.982686405021503617e+00 2.457120588267561079e+00 1.315588769071872166e+00
1.214784345759073680e+00 2.698882260044939585e+00 1.992990343626996896e+00 2.456173023608539729e+00 1.305456020909054216e+00
1.237837932020367404e+00 2.674014858632632663e+00 2.006020125668734444e+00 2.451627377627041859e+00 1.298591258887339173e+00
1.255179453321342731e+00 2.645866688823349744e+00 2.021777073168363081e+00 2.441877855550085741e+00 1.296628743617379786e+00
1.265423372350685804e+00 2.616649153062035271e+00 2.036523475694191898e+00 2.424713017591261011e+00 1.299433294003536909e+00
1.267969363443036679e+00 2.582938082171499339e+00 2.043649101828076020e+00 2.401228747046251222e+00 1.302000202167283849e+00
1.264405435704766045e+00 2.545659811240563286e+00 2.043179359570991060e+00 2.377900607125576382e+00 1.301305308723789356e+00
1.257443539398905630e+00 2.508473942757947217e+00 2.042226880926968136e+00 2.355323338864972360e+00 1.300962842597193081e+00
1.249211507653104736e+00 2.474635987716998109e+00 2.045571145614165420e+00 2.331484140664345617e+00 1.303785710259515174e+00
1.241544644957070620e+00 2.445716420416011339e+00 2.053855547326175923e+00 2.307910857207184030e+00 1.310499767442049324e+00
1.236201536670054280e+00 2.418751192648536552e+00 2.062219238456498793e+00 2.288962788326925679e+00 1.324545129163912094e+00
1.234062050028827739e+00 2.390141692130650419e+00 2.059609697862708533e+00 2.280263333509359835e+00 1.345179550040064065e+00
1.233523097202478658e+00 2.359633615623959013e+00 2.048213794214758021e+00 2.277505534858873748e+00 1.362903003129312118e+00
1.232974058688006469e+00 2.319083602695741764e+00 2.041076116448410360e+00 2.268715375107774879e+00 1.375600993521796322e+00
1.233621369079492602e+00 2.275087593246293505e+00 2.039493061233677018e+00 2.257164023070070247e+00 1.384331783846856956e+00
1.234811598040852498e+00 2.247823894387948496e+00 2.050082830907538067e+00 2.257525306079165350e+00 1.403262586360747743e+00
1.234085771101637308e+00 2.243059160550428199e+00 2.071492582769557167e+00 2.258208012781818486e+00 1.418396936832297728e+00
1.233058502069146467e+00 2.240498441127744211e+00 2.093454294855161990e+00 2.251486108294707300e+00 1.431900227738458931e+00
1.233726760655154520e+00 2.234041162413174408e+00 2.113811792206415241e+00 2.238404599490819713e+00 1.444959315398186783e+00
1.238320525914557990e+00 2.226886881105142102e+00 2.133015230069934098e+00 2.226104440037201648e+00 1.459355727282477755e+00
1.248849952546674746e+00 2.227014543456804496e+00 2.148640656035759378e+00 2.223030630604445612e+00 1.478872027423293378e+00
1.263377481129922764e+00 2.227516768202743691e+00 2.154060607138953642e+00 2.223569585204135723e+00 1.502499552618264733e+00
1.276296257930416456e+00 2.218647245055804351e+00 2.155122194209099895e+00 2.221136277159661443e+00 1.526771353195565784e+00
1.284658476504371594e+00 2.202253737682338564e+00 2.154467151359655830e+00 2.216837759963916188e+00 1.551001398596732361e+00
1.292329238252185819e+00 2.186126868841169024e+00 2.154733575679827595e+00 2.213418879981957854e+00 1.575500699298366225e+00
1.300000000000000044e+00 2.169999999999999929e+00 2.154999999999999805e+00 2.209999999999999964e+00 1.600000000000000089e+00
