8.699999999999999956e-01 2.740000000000000213e+00 1.850000000000000089e+00 2.629999999999999893e+00 1.350000000000000089e+00
9.196698358802706252e-01 2.754804544672913913e+00 1.867846711760696277e+00 2.602097781004971910e+00 1.343823336965662918e+00
9.693396717605412549e-01 2.769609089345828057e+00 1.885693423521392686e+00 2.574195562009943927e+00 1.337646673931325747e+00
1.019009507640811885e+00 2.784413634018741757e+00 1.903540135282088874e+00 2.546293343014915944e+00 1.331470010896988354e+00
1.068749755332619733e+00 2.799048772376066196e+00 1.921268024445035971e+00 2.518289711065271330e+00 1.325465338412975536e+00
1.114725266959752714e+00 2.790159658935057685e+00 1.928866979303798024e+00 2.482353064716428026e+00 1.337405669036619615e+00
1.138731635806437659e+00 2.752101271781945524e+00 1.954434125971233893e+00 2.452206344629310308e+00 1.353482361540014889e+00
1.140451934701371073e+00 2.691415294626178678e+00 1.964475021840961455e+00 2.445435373742510077e+00 1.391533436307835325e+00
1.145536603844225398e+00 2.609268535748413775e+00 1.973541034711431719e+00 2.429736006905592216e+00 1.411405360132276687e+00
1.178301249529998262e+00 2.542246161829972095e+00 1.984502882844133342e+00 2.421336963118811969e+00 1.397652973669099241e+00
1.215471007187568953e+00 2.542112281338957835e+00 1.996319932842790301e+00 2.421621416981112329e+00 1.357072188427035808e+00
1.250976156227368685e+00 2.548720109037353243e+00 2.011928627773880596e+00 2.423757022053830479e+00 1.317362738067788586e+00
1.281388635687491728e+00 2.565854306000005636e+00 2.037935160872023310e+00 2.429843833755104932e+00 1.283401230973720608e+00
1.299560394531368290e+00 2.578945129976256023e+00 2.074450616190114616e+00 2.430010608278471818e+00 1.257987479167637757e+00
1.294229423115459632e+00 2.522024431803777222e+00 2.086539181204781102e+00 2.388701279839918534e+00 1.244223828656243924e+00
1.280714819112013458e+00 2.466598649594683224e+00 2.074932938510930303e+00 2.343723081875398240e+00 1.244105940114897946e+00
1.264975959273909822e+00 2.418430951363885750e+00 2.070565732782108537e+00 2.295324497091227656e+00 1.249082012380333895e+00
1.252696236924295103e+00 2.391920088288413737e+00 2.097763969721155863e+00 2.255805105112995701e+00 1.264140133452184678e+00
1.248144286552198112e+00 2.389746444256403812e+00 2.135863846971355340e+00 2.237749273645611936e+00 1.288495535272512038e+00
1.241668442365463143e+00 2.374240767507124872e+00 2.158500196434487428e+00 2.222787736516601775e+00 1.330040138616225942e+00
1.242524637417186106e+00 2.334536200819477436e+00 2.155951694450148892e+00 2.219349558285749868e+00 1.377057272001781740e+00
1.259902186601626006e+00 2.278923106439721735e+00 2.147033741996559719e+00 2.226538317775550002e+00 1.414362283630695494e+00
1.282549832381523203e+00 2.226861394346717482e+00 2.160043418351375699e+00 2.235373420130511768e+00 1.449493994107565742e+00
1.291192522932186115e+00 2.199896317346374808e+00 2.164788330832234209e+00 2.229693659686972307e+00 1.498641255635437819e+00
1.295596261466092969e+00 2.184948158673187368e+00 2.159894165416116785e+00 2.219846829843485914e+00 1.549320627817718732e+00
1.300000000000000044e+00 2.169999999999999929e+00 2.154999999999999805e+00 2.209999999999999964e+00 1.600000000000000089e+00
