8.699999999999999956e-01 2.740000000000000213e+00 1.850000000000000089e+00 2.629999999999999893e+00 1.350000000000000089e+00
8.912303016221920782e-01 2.747062978428524982e+00 1.862504281421989205e+00 2.615630837021835298e+00 1.349948752580161004e+00
9.124606032443840498e-01 2.754125956857049751e+00 1.875008562843978321e+00 2.601261674043670258e+00 1.349897505160321698e+00
9.336909048665760213e-01 2.761188935285574519e+00 1.887512844265967438e+00 2.586892511065505218e+00 1.349846257740482613e+00
9.549248391590841045e-01 2.768236253719494666e+00 1.900012922240905233e+00 2.572518651730460792e+00 1.349795416500716883e+00
9.761908212875831659e-01 2.775144601685440193e+00 1.912475610011351801e+00 2.558103252322772914e+00 1.349748178705849400e+00
9.975671755793722451e-01 2.781562825874061229e+00 1.924805197765089959e+00 2.543543262544091910e+00 1.349713634293714604e+00
1.019271717650962916e+00 2.786397882847203356e+00 1.936691712546145583e+00 2.528536650272194208e+00 1.349719927797964347e+00
1.041827350076698355e+00 2.785291901544205029e+00 1.946736463186132360e+00 2.512150583035393403e+00 1.349894257407228126e+00
1.064563643088969114e+00 2.769459635959220734e+00 1.951986289536540742e+00 2.496355447002306605e+00 1.352829420055366771e+00
1.086519513209001531e+00 2.771591472598614381e+00 1.962862855960629593e+00 2.483702115748791517e+00 1.354828955901862475e+00
1.098748513358904333e+00 2.779780097278064410e+00 1.976004094951566037e+00 2.467378479917268219e+00 1.363257758371375639e+00
1.107749725619315395e+00 2.762224889349187862e+00 1.980044315762012008e+00 2.443879291621198657e+00 1.370968004368870119e+00
1.118910111614667580e+00 2.729318150783087482e+00 1.968973028858151508e+00 2.432674111914808091e+00 1.374612193273411886e+00
1.119691780286899307e+00 2.688150574648831448e+00 1.969614632009855759e+00 2.431191228720151809e+00 1.385400873076507500e+00
1.117029785187705571e+00 2.651946962979593536e+00 1.977183546591439800e+00 2.426972719824453062e+00 1.396709715006152486e+00
1.117887489881526308e+00 2.611942743609742656e+00 1.982204591978713903e+00 2.420107177789467823e+00 1.406700980338576823e+00
1.123346238651699913e+00 2.568251907833021708e+00 1.980620102364982094e+00 2.411069876648804566e+00 1.413386729931986663e+00
1.129250476329437536e+00 2.526792209426961033e+00 1.973156995438719141e+00 2.398591996401010285e+00 1.414604452708204452e+00
1.129798906727874863e+00 2.489196176235029867e+00 1.965637396874293508e+00 2.382185205481559098e+00 1.410805889435247762e+00
1.123165344582935266e+00 2.454006115674868038e+00 1.964114606971455901e+00 2.363437968632813302e+00 1.405287849536152711e+00
1.113982807036691502e+00 2.421725291600003160e+00 1.967703272736627484e+00 2.342700581111942348e+00 1.402667793999628598e+00
1.109514316398275025e+00 2.393805123980078609e+00 1.973229669077728898e+00 2.319178676513544257e+00 1.405119961452741872e+00
1.114066224576969244e+00 2.368085772100975817e+00 1.986336323834800632e+00 2.302016286294994440e+00 1.408692594390222208e+00
1.126018874094996347e+00 2.341903572421010438e+00 2.001100882748720000e+00 2.290756588971303298e+00 1.410164256629012014e+00
1.143308789347917465e+00 2.323950088207439091e+00 2.016019182263236509e+00 2.281136781975626970e+00 1.412968036284675488e+00
1.161845421923699329e+00 2.316351866885568267e+00 2.031867990630693566e+00 2.271804832188271117e+00 1.416455837605113066e+00
1.180342161156460623e+00 2.313866804738796912e+00 2.048172028261361355e+00 2.262665045717492607e+00 1.420121492095294480e+00
1.199838068821669435e+00 2.304663330974894286e+00 2.063199504722522448e+00 2.254810212480380827e+00 1.424799787130566653e+00
1.218777097212571991e+00 2.275844143106481976e+00 2.070098754453611800e+00 2.250121821630663099e+00 1.430622390914119357e+00
1.233106804879198659e+00 2.245129709459576794e+00 2.080611269804861774e+00 2.244384815277808087e+00 1.436909532104976073e+00
1.241245123213127410e+00 2.247993235633612308e+00 2.098347916105289368e+00 2.244526435998349001e+00 1.443031407383266185e+00
1.246189685826349924e+00 2.247236850712511558e+00 2.091552938454361410e+00 2.247567230277188521e+00 1.453135057209290926e+00
1.251823034068211715e+00 2.257387039077440871e+00 2.107838137871142159e+00 2.244380547565627548e+00 1.465086873615845331e+00
1.257828891511792557e+00 2.260190694243266574e+00 2.123404347362636280e+00 2.243112243273992945e+00 1.478084184985688720e+00
1.264240781159265081e+00 2.254092658168069807e+00 2.133785738219366568e+00 2.240152690467676067e+00 1.494318828759100493e+00
1.270436533445346461e+00 2.242336887844906812e+00 2.139528096103963328e+00 2.235703690064417604e+00 1.511780900712684117e+00
1.276407763623105929e+00 2.228337005480990562e+00 2.143099432546486494e+00 2.230676709502871891e+00 1.529419112941196035e+00
1.282310238658012302e+00 2.213790290689709561e+00 2.146111613182053013e+00 2.225515576360372005e+00 1.547064589942186874e+00
1.288206825772008290e+00 2.199193527126472869e+00 2.149074408788035573e+00 2.220343717573581177e+00 1.564709726628124686e+00
1.294103412886004278e+00 2.184596763563236177e+00 2.152037204394017689e+00 2.215171858786790793e+00 1.582354863314062499e+00
1.300000000000000044e+00 2.169999999999999929e+00 2.154999999999999805e+00 2.209999999999999964e+00 1.600000000000000089e+00
