8.699999999999999956e-01 2.740000000000000213e+00 1.850000000000000089e+00 2.629999999999999893e+00 1.350000000000000089e+00
9.019784041745878556e-01 2.733593069895038141e+00 1.863820752157190119e+00 2.598699866014582582e+00 1.350557286826756354e+00
9.339568083491757156e-01 2.727186139790076069e+00 1.877641504314380372e+00 2.567399732029165715e+00 1.351114573653512618e+00
9.659523141055366136e-01 2.721392666603807964e+00 1.891632505596271496e+00 2.536230599872242308e+00 1.351927473250150058e+00
9.979680841503479893e-01 2.717342695220161364e+00 1.906093623513692492e+00 2.505460166191654015e+00 1.353464004318793990e+00
1.029601248844901784e+00 2.710874611298663250e+00 1.917944415869952124e+00 2.473240184222140314e+00 1.359219868643211537e+00
1.068809788831832641e+00 2.731022182860094905e+00 1.928649295363830785e+00 2.459615061990451323e+00 1.354821456913156696e+00
1.108837364103758327e+00 2.747349149952723835e+00 1.935851715215740398e+00 2.456646642325925445e+00 1.338106418047316781e+00
1.125739087522898085e+00 2.777311979226702476e+00 1.958768637537366297e+00 2.438148003553436194e+00 1.329461578780062547e+00
1.155902610836162747e+00 2.792082213086430897e+00 1.972246407859368666e+00 2.425626339214075777e+00 1.348072170476659837e+00
1.190032884740310104e+00 2.796666229641086687e+00 1.980724207037997342e+00 2.417132677281585096e+00 1.371261835782543459e+00
1.228539852653481868e+00 2.761775905762082761e+00 1.979670836365627240e+00 2.408987160432664254e+00 1.369286629751420570e+00
1.238655535009284048e+00 2.718174869733828825e+00 1.967983487115457786e+00 2.409285790721722442e+00 1.344810974800639158e+00
1.243583626991396240e+00 2.675770760809012216e+00 1.953877360044379063e+00 2.412964513470388539e+00 1.319957708686603448e+00
1.262704703170662857e+00 2.624243138092946737e+00 1.965671642546234610e+00 2.411261178412477335e+00 1.306328608833917659e+00
1.271629891564157955e+00 2.598869472881091713e+00 1.995745112860805026e+00 2.399262532355002087e+00 1.306737431416361561e+00
1.263313926612749771e+00 2.539763369724609365e+00 2.009327198204303944e+00 2.386722809857360517e+00 1.300253801522025743e+00
1.259675446878594229e+00 2.484987159887300123e+00 2.008438371601584116e+00 2.357184089289320106e+00 1.293119539414396835e+00
1.262386901537561723e+00 2.441452390892431268e+00 2.015639764909088694e+00 2.319881552235892652e+00 1.289237702129812924e+00
1.262948980643481045e+00 2.395875602094070800e+00 2.027311697824659475e+00 2.285396381826592105e+00 1.289466805479329459e+00
1.251699333134030923e+00 2.358632379379857813e+00 2.020550186699506590e+00 2.271159804162274476e+00 1.306882051951116619e+00
1.260023566004480511e+00 2.376010876686665441e+00 2.030749937260870830e+00 2.280977115038794523e+00 1.337856848053055270e+00
1.260979311636709621e+00 2.356972875579906201e+00 2.031057657372673741e+00 2.276348957125711170e+00 1.372355804569684867e+00
1.256196692085126632e+00 2.324411691349847153e+00 2.039663268597854628e+00 2.259445552099008214e+00 1.399519427124786830e+00
1.252543894600661734e+00 2.303218686747652733e+00 2.065870211706178239e+00 2.237253091343542444e+00 1.411878147228894820e+00
1.253847704537368379e+00 2.294115903123501443e+00 2.096168997331989026e+00 2.216122748226094785e+00 1.415516922584475035e+00
1.261870437995601613e+00 2.265792756763346016e+00 2.115906724258255878e+00 2.199423343263382513e+00 1.435085638942803277e+00
1.269413696798775693e+00 2.231629091709573576e+00 2.118018570168662684e+00 2.197647708924371557e+00 1.466164881062054004e+00
1.277780072804571621e+00 2.214982304986133244e+00 2.123920386658615378e+00 2.200012130849732017e+00 1.500289441619145681e+00
1.285266987088010016e+00 2.199784745468575498e+00 2.133833415451182880e+00 2.203304510007483508e+00 1.533647802740748523e+00
1.292633493544005141e+00 2.184892372734287491e+00 2.144416707725591564e+00 2.206652255003741736e+00 1.566823901370374417e+00
1.300000000000000044e+00 2.169999999999999929e+00 2.154999999999999805e+00 2.209999999999999964e+00 1.600000000000000089e+00
