8.699999999999999956e-01 2.740000000000000213e+00 1.850000000000000089e+00 2.629999999999999893e+00 1.350000000000000089e+00
8.990208899215266225e-01 2.732822379862250184e+00 1.860434169048564179e+00 2.604295755058453121e+00 1.356415949538346322e+00
9.280417798430532494e-01 2.725644759724500155e+00 1.870868338097128492e+00 2.578591510116906793e+00 1.362831899076692554e+00
9.570626697645797654e-01 2.718467139586750125e+00 1.881302507145692582e+00 2.552887265175360021e+00 1.369247848615038787e+00
9.860835596861063923e-01 2.711289519449000096e+00 1.891736676194256672e+00 2.527183020233813249e+00 1.375663798153385020e+00
1.015150145005698779e+00 2.704342922840380137e+00 1.902184999145678734e+00 2.501361248716677199e+00 1.381658454049951912e+00
1.044434141340981670e+00 2.700294879822706218e+00 1.912764227830536790e+00 2.474665574331690987e+00 1.382669895236805058e+00
1.072132485893438680e+00 2.706061402246008107e+00 1.923593061528194426e+00 2.451171946643433408e+00 1.370691578135691868e+00
1.097106317400768472e+00 2.726492611502729702e+00 1.936986578659017910e+00 2.443690494199791452e+00 1.351442844296975254e+00
1.124596777977615369e+00 2.728434419441487790e+00 1.959849533407215239e+00 2.441758848969021400e+00 1.356462496782431471e+00
1.163283616098016005e+00 2.729692139798252981e+00 1.971222802195356838e+00 2.439013807587856242e+00 1.355879495056341089e+00
1.198489376008087692e+00 2.713165224774936046e+00 1.978631374370163565e+00 2.433862437737439155e+00 1.368377061833078390e+00
1.232907145326838094e+00 2.685947836022116952e+00 1.985487320407225642e+00 2.433136345147593360e+00 1.362079336377575611e+00
1.255255007330314143e+00 2.657624878250219869e+00 1.988356963272807754e+00 2.433031523507421134e+00 1.338431081388816057e+00
1.269893976353724696e+00 2.620799075712068049e+00 1.991009276369439140e+00 2.421666255545278812e+00 1.316432547324681623e+00
1.269101593882489443e+00 2.580842344570153379e+00 1.997955654013726212e+00 2.397550231767681783e+00 1.303010714466344977e+00
1.260972390257981912e+00 2.547430886054864008e+00 2.009965824343778795e+00 2.371301002617055786e+00 1.290610209840391764e+00
1.256741950872984681e+00 2.517457738934662181e+00 2.025013744393802995e+00 2.345290279032345993e+00 1.276741034667607799e+00
1.257095089342705752e+00 2.485758306461811618e+00 2.039002447003048335e+00 2.318733349725640380e+00 1.263313747144449328e+00
1.261161251900954960e+00 2.443556137693522867e+00 2.044495143949577542e+00 2.291980849658651120e+00 1.257957631148793665e+00
1.265085863430180257e+00 2.401469428198109934e+00 2.036620671993940590e+00 2.279893057045866644e+00 1.275896412089032372e+00
1.264543569380734978e+00 2.362947650544699130e+00 2.032756308171812076e+00 2.277300607955977441e+00 1.301923041805105763e+00
1.261097822263836488e+00 2.320763155251540866e+00 2.044274857250420574e+00 2.267612698909754698e+00 1.320979684945590815e+00
1.256074347854492235e+00 2.291525585152050404e+00 2.064697869006341335e+00 2.249460440087066804e+00 1.336266439137805406e+00
1.250077967895807163e+00 2.274592064533852653e+00 2.083350059590939107e+00 2.227337212400786193e+00 1.356401886535781864e+00
1.246833757241403884e+00 2.261322618215558133e+00 2.101417426919891973e+00 2.206790450576670448e+00 1.379537071554999939e+00
1.251718974698136755e+00 2.254287131855245541e+00 2.128599488613279522e+00 2.194380324646621805e+00 1.396658820345416441e+00
1.263697309889943998e+00 2.264012638226438057e+00 2.156171476245618557e+00 2.197801443996620030e+00 1.407641507458873953e+00
1.258249822933443340e+00 2.246104770945724027e+00 2.138842312516537447e+00 2.199665539451192142e+00 1.434641614937883780e+00
1.263585674950592486e+00 2.229302004555606675e+00 2.140276506599791961e+00 2.198879817704970208e+00 1.468152885241539307e+00
1.273123928569754870e+00 2.217566501009000657e+00 2.141606369012212241e+00 2.200664533214977681e+00 1.501786631560778851e+00
1.282132616727807761e+00 2.202807915599543698e+00 2.144933832376175520e+00 2.203436067557605682e+00 1.534886862549264874e+00
1.291066308363903792e+00 2.186403957799771813e+00 2.149966916188087662e+00 2.206718033778802823e+00 1.567443431274632371e+00
1.300000000000000044e+00 2.169999999999999929e+00 2.154999999999999805e+00 2.209999999999999964e+00 1.600000000000000089e+00
