8.699999999999999956e-01 2.740000000000000213e+00 1.850000000000000089e+00 2.629999999999999893e+00 1.350000000000000089e+00
9.048475411344967245e-01 2.732629740797454243e+00 1.863930578426556295e+00 2.605687368476058641e+00 1.348218748451928128e+00
9.396950822689935645e-01 2.725259481594908273e+00 1.877861156853112501e+00 2.581374736952117388e+00 1.346437496903856168e+00
9.745426234034902935e-01 2.717889222392362747e+00 1.891791735279668707e+00 2.557062105428175691e+00 1.344656245355784208e+00
1.009390164537987022e+00 2.710518963189816333e+00 1.905722313706224913e+00 2.532749473904234438e+00 1.342874993807712469e+00
1.045416081379380024e+00 2.712386042451147450e+00 1.918092144560956003e+00 2.508501946188113507e+00 1.339260613981150261e+00
1.082472110924870501e+00 2.728441767745468649e+00 1.928694098969415460e+00 2.486660353345618191e+00 1.341667562365874034e+00
1.120423194052210913e+00 2.742684198168221066e+00 1.943564980786647745e+00 2.471478596276990292e+00 1.338828430102775524e+00
1.152714794161454837e+00 2.726390235919138316e+00 1.962036998594419934e+00 2.455324031411437069e+00 1.330861902827623400e+00
1.180251915440323263e+00 2.692159847595320343e+00 1.979613228852303397e+00 2.440079051618345929e+00 1.321901547522969622e+00
1.211148566419432804e+00 2.659829563244424211e+00 1.995908514731761674e+00 2.429943088468812906e+00 1.310349034315459127e+00
1.244062803201980039e+00 2.632114183229238069e+00 2.009998660017589867e+00 2.424168426097080165e+00 1.294024454289049553e+00
1.264920643723586036e+00 2.590494772427565096e+00 2.017655677786285295e+00 2.411159803147774561e+00 1.272158584027164530e+00
1.266205050027828127e+00 2.540044647743580519e+00 2.025504071172865572e+00 2.387342088137570428e+00 1.256700965712502782e+00
1.259921697630446591e+00 2.491155136302351192e+00 2.039016898979954640e+00 2.360415473903879846e+00 1.253433256119865113e+00
1.254012882639041315e+00 2.442524072297801219e+00 2.053701716154567869e+00 2.335985980597927281e+00 1.262369616236952208e+00
1.252209876634314822e+00 2.398195571236237722e+00 2.066404092257650760e+00 2.316507042052577514e+00 1.283657128926896762e+00
1.254807296410869855e+00 2.375525623508322859e+00 2.083314391269147858e+00 2.302683453746380060e+00 1.313065757924721577e+00
1.256081589543999177e+00 2.359619160138599181e+00 2.105048269584251841e+00 2.291548089518820497e+00 1.341097383863737003e+00
1.247796630748627011e+00 2.313132206953779413e+00 2.100432105103124947e+00 2.274076782395520357e+00 1.359345244688594967e+00
1.244360323063653517e+00 2.285917852054252020e+00 2.084444250368687968e+00 2.243653578947886196e+00 1.368700913714063550e+00
1.246661898473998775e+00 2.270471069037828027e+00 2.107152946130606441e+00 2.224070678271384160e+00 1.391832889572781395e+00
1.251686608566854764e+00 2.265622982028694832e+00 2.130809303943215660e+00 2.214851174813847301e+00 1.419114315903955426e+00
1.256371873953814333e+00 2.258485086327360669e+00 2.145226733598766700e+00 2.211860505275982547e+00 1.454618603837170232e+00
1.261294449145322627e+00 2.239217667303177173e+00 2.147228504943104799e+00 2.210764911121392728e+00 1.492701306390472604e+00
1.271884932524665057e+00 2.212911249041135342e+00 2.146313831116011261e+00 2.207642366280250457e+00 1.528533061397939541e+00
1.286153601103737554e+00 2.190377155754586802e+00 2.150577685994845556e+00 2.207374190188028162e+00 1.564047779503539015e+00
1.300000000000000044e+00 2.169999999999999929e+00 2.154999999999999805e+00 2.209999999999999964e+00 1.600000000000000089e+00
