8.699999999999999956e-01 2.740000000000000213e+00 1.850000000000000089e+00 2.629999999999999893e+00 1.350000000000000089e+00
9.981906638290709566e-01 2.708991317494518825e+00 1.884098121528715586e+00 2.537335471513762819e+00 1.369902905224267053e+00
1.148141612942004564e+00 2.687439303246669908e+00 1.931429390999453544e+00 2.499138856232584249e+00 1.375673343734012954e+00
1.170272514529045793e+00 2.702264907290867768e+00 1.934790813238841611e+00 2.516188746605839466e+00 1.340387969281693570e+00
1.208730983166366624e+00 2.716323508478221793e+00 1.956819636455767730e+00 2.530248440926004427e+00 1.289385686897692951e+00
1.218428401928056015e+00 2.715949558788958829e+00 1.970347993496620376e+00 2.523498483637585110e+00 1.283578845836389259e+00
1.237919469257145355e+00 2.714531865703428970e+00 1.995018538131422936e+00 2.509501664768989837e+00 1.274953033508535283e+00
1.248353874422987397e+00 2.711671390261590098e+00 2.007072879452563186e+00 2.501127415283596722e+00 1.271529530858032775e+00
1.280885886781545357e+00 2.672594929812779352e+00 2.047158831940690593e+00 2.460823065330585369e+00 1.258534187196081344e+00
1.278019717125249866e+00 2.645538576678888365e+00 2.046552213610773663e+00 2.450451242003135466e+00 1.258510180457529604e+00
1.264410768270093133e+00 2.530319914583975205e+00 2.043728740088318396e+00 2.411226386165831403e+00 1.264215062099817599e+00
1.261080049434882833e+00 2.484810034114052435e+00 2.048140430598905048e+00 2.399279693948334735e+00 1.273860643401507620e+00
1.259534671191710586e+00 2.442400189944108124e+00 2.056696726993251012e+00 2.380225440554447847e+00 1.281225570079557396e+00
1.257763801933757142e+00 2.395705838704610180e+00 2.068037606519831595e+00 2.345302131292869685e+00 1.288723301832052304e+00
1.256007897257021666e+00 2.365020007416584136e+00 2.075688626204855503e+00 2.310014677744868905e+00 1.300831583733126795e+00
1.250282672603173939e+00 2.321828988875345168e+00 2.090273530204214580e+00 2.247951864622933282e+00 1.335196096228233431e+00
1.245549240196877072e+00 2.302731223502464619e+00 2.102588954364942975e+00 2.235518925114707844e+00 1.351321125608128781e+00
1.243896612750390984e+00 2.286237545684052019e+00 2.113103273251122349e+00 2.229768809982284772e+00 1.368085243820037933e+00
1.242704972020080678e+00 2.272253248113800250e+00 2.119277685726602023e+00 2.228875889106028296e+00 1.390162487253385759e+00
1.241302881817162973e+00 2.245799693555531107e+00 2.125828039720624840e+00 2.231839081368303113e+00 1.440252029686461821e+00
1.243712614133962280e+00 2.238446981860871876e+00 2.127694456629376951e+00 2.232201846631354680e+00 1.458289445024315345e+00
1.253046629093882203e+00 2.224199422288427819e+00 2.135376051487920090e+00 2.229269635926790283e+00 1.496175497224168538e+00
1.263186206422363567e+00 2.214682863140243985e+00 2.141671628052619347e+00 2.224366604342684628e+00 1.518451327221551628e+00
1.272344885773357248e+00 2.203566485929001395e+00 2.144987512482714909e+00 2.220792424402229681e+00 1.538739324542496734e+00
1.300000000000000044e+00 2.169999999999999929e+00 2.154999999999999805e+00 2.209999999999999964e+00 1.600000000000000089e+00
