8.699999999999999956e-01 2.740000000000000213e+00 1.850000000000000089e+00 2.629999999999999893e+00 1.350000000000000089e+00
8.948292843934197993e-01 2.750792451578029763e+00 1.859841051104559773e+00 2.609935480247192352e+00 1.353067963156158848e+00
9.196585687868397141e-01 2.761584903156058868e+00 1.869682102209119234e+00 2.589870960494384811e+00 1.356135926312317608e+00
9.444878531802596289e-01 2.772377354734088417e+00 1.879523153313678918e+00 2.569806440741577269e+00 1.359203889468476367e+00
9.693171375736794326e-01 2.783169806312117522e+00 1.889364204418238380e+00 2.549741920988770172e+00 1.362271852624635127e+00
9.939564206487585540e-01 2.792671067099246951e+00 1.899086145746641252e+00 2.528980470916418088e+00 1.364671381292288821e+00
1.017703414264014894e+00 2.797250775987062177e+00 1.908418758728319453e+00 2.506211762603396398e+00 1.365685255263748399e+00
1.038597485502337214e+00 2.790453828553712601e+00 1.917135462290425307e+00 2.481067248281560556e+00 1.369063704444390739e+00
1.053466041626392347e+00 2.775940067375525011e+00 1.922189376777223124e+00 2.451390667954010727e+00 1.367814727123777496e+00
1.084176088335006449e+00 2.765542070522434948e+00 1.928633962625706300e+00 2.446176331004744853e+00 1.365889858036614113e+00
1.097884756145219409e+00 2.769393841287698166e+00 1.949497777572586577e+00 2.441615074436309651e+00 1.358442146686016816e+00
1.099141749634116483e+00 2.731260341525390878e+00 1.965159053536751577e+00 2.426957692276388023e+00 1.359552360989346509e+00
1.103004967349713539e+00 2.684327125468728426e+00 1.976115047716526574e+00 2.414398933107916534e+00 1.362145975782109719e+00
1.109784240150998302e+00 2.633100067855809634e+00 1.982700163471342814e+00 2.403756179776921353e+00 1.365493398554452842e+00
1.116570277201995642e+00 2.581972758625155073e+00 1.986673486761320273e+00 2.391881529325260658e+00 1.371236826994485458e+00
1.120767941903831888e+00 2.534762970696638806e+00 1.989544312290317141e+00 2.375032666023842776e+00 1.379368437931483449e+00
1.122673536869373434e+00 2.489820191062255716e+00 1.988532461052393785e+00 2.354921417052813659e+00 1.386815514988393172e+00
1.128637110684070244e+00 2.445945253265128905e+00 1.984237733697763906e+00 2.333987355983062617e+00 1.389683883067968528e+00
1.152011647941121542e+00 2.420808143057713302e+00 1.990367796727064764e+00 2.317206661287129599e+00 1.382520272527135941e+00
1.178335735698279985e+00 2.417634954274914705e+00 2.002793196832179934e+00 2.310031434905087444e+00 1.370854885849277283e+00
1.203274155580321247e+00 2.421004985688185673e+00 2.013640186303442547e+00 2.307210449379084594e+00 1.353927056506123217e+00
1.221564898914037967e+00 2.430748943762843339e+00 2.017998448121107291e+00 2.308285140796905388e+00 1.329523393084367733e+00
1.228398461363515715e+00 2.448922790368565749e+00 2.015884850799243289e+00 2.311836421824250198e+00 1.302222660855603786e+00
1.231160639910305221e+00 2.475812030363172322e+00 2.016713639609754249e+00 2.314540740273952402e+00 1.275938697206146832e+00
1.248081854425209691e+00 2.506035559382047140e+00 2.024939216360494676e+00 2.328710831998526132e+00 1.271497696193707005e+00
1.254296403054586007e+00 2.512021177126235738e+00 2.017227126356391231e+00 2.349427728218804745e+00 1.293164099032868330e+00
1.249156132259154672e+00 2.484535453657730653e+00 2.004398835035899662e+00 2.343384013260746634e+00 1.310331268655229309e+00
1.244111653088063818e+00 2.444792714473856154e+00 1.998386984352904072e+00 2.321898973507555031e+00 1.317840504276690083e+00
1.241204460099113227e+00 2.401876525702628218e+00 1.998241605067968329e+00 2.305499388459328891e+00 1.330630491180932573e+00
1.240529724500381903e+00 2.363039326848598964e+00 2.006242266552355602e+00 2.297074452352604546e+00 1.348850359338906291e+00
1.241221017721522379e+00 2.332055145356331849e+00 2.020237565033404792e+00 2.293057033294549019e+00 1.367614848698168295e+00
1.241937180783941441e+00 2.306478875947477469e+00 2.037178513507257982e+00 2.289154080603303054e+00 1.385240641051867394e+00
1.241974789802662071e+00 2.283791861278955615e+00 2.055682160967542860e+00 2.283039010637935906e+00 1.401199555489310189e+00
1.241451814364365358e+00 2.261838164234553972e+00 2.075126021140794030e+00 2.273910181330295543e+00 1.414621287542651151e+00
1.241631303037589618e+00 2.239515978241875427e+00 2.094727551905382512e+00 2.262271184909848909e+00 1.426007037998655136e+00
1.244996134868896487e+00 2.218948186636083619e+00 2.112913945171113639e+00 2.250639612597444827e+00 1.440203882420230563e+00
1.252880237328209079e+00 2.205007026226347033e+00 2.125759003878193276e+00 2.243347939791008105e+00 1.463139415262416865e+00
1.262183633979216069e+00 2.197020535576178712e+00 2.131661709751803802e+00 2.239407265472690423e+00 1.490875332748143212e+00
1.271494058925445536e+00 2.189391342767981641e+00 2.135825268433563018e+00 2.233017909124796141e+00 1.518758132918590853e+00
1.281351127322463812e+00 2.182124277456654049e+00 2.141898939951634606e+00 2.225281461158436613e+00 1.545785911768405629e+00
1.290675563661231928e+00 2.176062138728326989e+00 2.148449469975817205e+00 2.217640730579218289e+00 1.572892955884202859e+00
1.300000000000000044e+00 2.169999999999999929e+00 2.154999999999999805e+00 2.209999999999999964e+00 1.600000000000000089e+00
