8.699999999999999956e-01 2.740000000000000213e+00 1.850000000000000089e+00 2.629999999999999893e+00 1.350000000000000089e+00
9.060774335388479539e-01 2.748484916526200195e+00 1.866064355942334219e+00 2.609180846751349758e+00 1.349173044488544582e+00
9.421548670776960233e-01 2.756969833052400176e+00 1.882128711884668570e+00 2.588361693502700067e+00 1.348346088977089074e+00
9.782323006165440926e-01 2.765454749578600602e+00 1.898193067827002700e+00 2.567542540254049932e+00 1.347519133465633345e+00
1.014309734155392162e+00 2.773939666104800583e+00 1.914257423769337052e+00 2.546723387005399797e+00 1.346692177954177838e+00
1.050956631094371208e+00 2.782459035192299535e+00 1.928290373174670780e+00 2.524397141239635545e+00 1.345335619049756737e+00
1.087970885702844281e+00 2.791426774557663304e+00 1.938817198233416583e+00 2.499590565669278952e+00 1.342930085328992051e+00
1.122341620832503883e+00 2.789439147681429088e+00 1.955910551764425742e+00 2.477277907549920055e+00 1.345110834859635007e+00
1.149192672743713173e+00 2.752969752687816296e+00 1.968077175011916813e+00 2.453552742453773305e+00 1.350304263243750524e+00
1.175873663110037715e+00 2.711184221167253661e+00 1.959738580777657280e+00 2.432133117766863251e+00 1.342214077645545789e+00
1.205284092439572241e+00 2.690369698341453120e+00 1.955146449632965799e+00 2.424808525559714045e+00 1.316188102971657781e+00
1.233556603174951638e+00 2.674656879045341995e+00 1.968086056747172075e+00 2.427865637053934655e+00 1.290709558809151725e+00
1.249630176711274299e+00 2.639025094840224739e+00 1.989834005201026823e+00 2.426095536831142319e+00 1.271411643355457421e+00
1.262586457050932420e+00 2.593319159572774257e+00 2.014944594426197444e+00 2.427571705879180808e+00 1.273521879933357859e+00
1.267342575549602612e+00 2.531129860475119564e+00 2.013044519817507538e+00 2.406848809286701307e+00 1.279285313428766724e+00
1.258329608527450905e+00 2.483284227481589834e+00 2.007720593947923238e+00 2.379883785716756961e+00 1.294849073340527568e+00
1.247399243269505575e+00 2.443020316397130465e+00 2.011040294831574649e+00 2.357018626275949380e+00 1.318739867883416128e+00
1.241465258876998545e+00 2.404979581933610167e+00 2.013072699692988188e+00 2.330498058300896513e+00 1.342021891960033297e+00
1.245995990519102481e+00 2.372386776332789271e+00 2.008425212815442062e+00 2.289507690872263357e+00 1.347421928987322159e+00
1.252697308651572472e+00 2.356485533568768886e+00 2.024718932969193919e+00 2.251722578427048926e+00 1.358044874901660704e+00
1.255497735423458439e+00 2.339171671597079172e+00 2.054358985684905381e+00 2.235790742362220307e+00 1.371855119660438715e+00
1.260409752705273778e+00 2.314497559105324953e+00 2.085139300724084155e+00 2.227999847409812606e+00 1.383533131985118070e+00
1.266578243285322092e+00 2.295944677395447275e+00 2.118103212086206000e+00 2.220582025531572246e+00 1.389802021932552645e+00
1.262777807200822000e+00 2.299311556563195857e+00 2.149223707145194950e+00 2.202557789632460405e+00 1.392507657257233245e+00
1.253756011974619389e+00 2.262322304864856637e+00 2.159293755838911366e+00 2.199131129742581070e+00 1.421677690196681887e+00
1.261044374047652017e+00 2.246734529756373000e+00 2.166876505664661945e+00 2.202546969955947009e+00 1.457297402744020420e+00
1.270332268520134589e+00 2.228094442813878029e+00 2.165685924976815890e+00 2.204775866762395342e+00 1.493256200831371894e+00
1.280198763533065609e+00 2.208855659641602021e+00 2.162500807299437611e+00 2.206590201974774956e+00 1.528900901547248781e+00
1.290099381766532716e+00 2.189427829820801197e+00 2.158750403649718486e+00 2.208295100987387460e+00 1.564450450773624324e+00
1.300000000000000044e+00 2.169999999999999929e+00 2.154999999999999805e+00 2.209999999999999964e+00 1.600000000000000089e+00
