8.699999999999999956e-01 2.740000000000000213e+00 1.850000000000000089e+00 2.629999999999999893e+00 1.350000000000000089e+00
8.939015133821340831e-01 2.734463421112224957e+00 1.859453051459772244e+00 2.608207099658166772e+00 1.358964585055057572e+00
9.178030267642680595e-01 2.728926842224449256e+00 1.868906102919544177e+00 2.586414199316333651e+00 1.367929170110115278e+00
9.417045401464021470e-01 2.723390263336674000e+00 1.878359154379316331e+00 2.564621298974500085e+00 1.376893755165172761e+00
9.656060535285361235e-01 2.717853684448898743e+00 1.887812205839088264e+00 2.542828398632666964e+00 1.385858340220230467e+00
9.893402549130272394e-01 2.712419899373445631e+00 1.897621343168922392e+00 2.521290013365664606e+00 1.395005440891931237e+00
1.012332300174760391e+00 2.707491588293374107e+00 1.908931094460345701e+00 2.500890818101714430e+00 1.404785128193253740e+00
1.033561272022498700e+00 2.704268601439880459e+00 1.923729009420953817e+00 2.483425171383451424e+00 1.414921548594967549e+00
1.052727894906842376e+00 2.705865000348914862e+00 1.943731620249839143e+00 2.470926471711540451e+00 1.420464464061800713e+00
1.069547080828722629e+00 2.714898477309010350e+00 1.963726656425109240e+00 2.464006709275984086e+00 1.411249120894700004e+00
1.083629634559823973e+00 2.743726642625036405e+00 1.966499011339524206e+00 2.464307748843769019e+00 1.391489945411604090e+00
1.089407043453976875e+00 2.770380157823879141e+00 1.963203320734939972e+00 2.466908876974843068e+00 1.367927142721644618e+00
1.093253905317248309e+00 2.769092921734318757e+00 1.960081378129989726e+00 2.472535287993129050e+00 1.341534304304600411e+00
1.097820844985640587e+00 2.721730368802590228e+00 1.969561074662904643e+00 2.460186255225987662e+00 1.339162904637750451e+00
1.107801544144686456e+00 2.692675965576848185e+00 1.986266583802660746e+00 2.451477821088639431e+00 1.351188582768103608e+00
1.122462456481699622e+00 2.648318871401210473e+00 1.992312232051010490e+00 2.438128725563096122e+00 1.358076622933880540e+00
1.152567005793225796e+00 2.622622257370395005e+00 1.997129006023262043e+00 2.427386099417573995e+00 1.360131433946042856e+00
1.187230477724640965e+00 2.622799527559953603e+00 2.005355838931162094e+00 2.429006021581789465e+00 1.354767669621777859e+00
1.215721796929438270e+00 2.634774988718571631e+00 2.016549413684122438e+00 2.436664242745670617e+00 1.343781501654579991e+00
1.241592416469459836e+00 2.646705021037227379e+00 2.028796969752277857e+00 2.442353688692748381e+00 1.330254888964818472e+00
1.269680467486380193e+00 2.650670180607664239e+00 2.035552950134199790e+00 2.442130626041632890e+00 1.313655817637042089e+00
1.282813959984598018e+00 2.614120148614746508e+00 2.027011664756471099e+00 2.430476957698770590e+00 1.300068083046105771e+00
1.276962789351346883e+00 2.566262694831836111e+00 2.030267785855139007e+00 2.410502425184851472e+00 1.299586793346392266e+00
1.266662559493565654e+00 2.526154447577684259e+00 2.032606565881469152e+00 2.386585653544768704e+00 1.304102725871364443e+00
1.259903456729188242e+00 2.486929463249205607e+00 2.031526987755704727e+00 2.360607781414423290e+00 1.307982972960861634e+00
1.256250967275992059e+00 2.446179395822059011e+00 2.029833109667207314e+00 2.334955403933579365e+00 1.311614124478093668e+00
1.251610823239986070e+00 2.409752826373298795e+00 2.034621566216321398e+00 2.308753896742538281e+00 1.317988698375533341e+00
1.246428549850277845e+00 2.384753654183661808e+00 2.046512071802298660e+00 2.290170304599591589e+00 1.333443093153052761e+00
1.242653617237253982e+00 2.358316348989773381e+00 2.049705647160039668e+00 2.284202234874903148e+00 1.356439639230220040e+00
1.238401236249608850e+00 2.320491216582960980e+00 2.037230033970544696e+00 2.280525911324010391e+00 1.370962376575314723e+00
1.234099999441418127e+00 2.279752579236980825e+00 2.042327082059260501e+00 2.264657484047733149e+00 1.378777572186923317e+00
1.238891691059314182e+00 2.276457280007005313e+00 2.067618748399495665e+00 2.255053453122151108e+00 1.381345846658789123e+00
1.244804881957389808e+00 2.271370560012683004e+00 2.091370401852358007e+00 2.247607688852014451e+00 1.390445912401399475e+00
1.245907721644114563e+00 2.255723693172777100e+00 2.108303356637200476e+00 2.240592621516038108e+00 1.409310787265614318e+00
1.243953826933706264e+00 2.233092892469994428e+00 2.117636428345166522e+00 2.235964828299239926e+00 1.431988710031557810e+00
1.243002118456791205e+00 2.208093494624923547e+00 2.114442069282380654e+00 2.232276789163043063e+00 1.456212471607504000e+00
1.246455249436294821e+00 2.189137856791619097e+00 2.110296476815077149e+00 2.229371428784664211e+00 1.480844285989597164e+00
1.251829473287544348e+00 2.184567461070483052e+00 2.119580659898709918e+00 2.229442735731304470e+00 1.505860236478754999e+00
1.259926234020348979e+00 2.191622251534611987e+00 2.129109698490580627e+00 2.225432594322536595e+00 1.530091667088937291e+00
1.272020576491319277e+00 2.184588641656972197e+00 2.137278726198710288e+00 2.219856931180230308e+00 1.553894047215208962e+00
1.285907327123284150e+00 2.177210523331762015e+00 2.146064215946752451e+00 2.214889905979043672e+00 1.576999659596636238e+00
1.300000000000000044e+00 2.169999999999999929e+00 2.154999999999999805e+00 2.209999999999999964e+00 1.600000000000000089e+00
