8.699999999999999956e-01 2.740000000000000213e+00 1.850000000000000089e+00 2.629999999999999893e+00 1.350000000000000089e+00
8.906471744350461517e-01 2.740816282543448779e+00 1.862416037770530552e+00 2.613594380284331553e+00 1.350442424579704870e+00
9.112943488700923078e-01 2.741632565086897344e+00 1.874832075541061016e+00 2.597188760568663213e+00 1.350884849159409429e+00
9.319415233051383529e-01 2.742448847630346354e+00 1.887248113311591480e+00 2.580783140852994428e+00 1.351327273739114210e+00
9.525886977401845090e-01 2.743265130173794919e+00 1.899664151082121943e+00 2.564377521137326088e+00 1.351769698318818769e+00
9.732358721752306652e-01 2.744081412717243484e+00 1.912080188852652407e+00 2.547971901421657748e+00 1.352212122898523550e+00
9.938830466102768213e-01 2.744897695260692050e+00 1.924496226623182871e+00 2.531566281705989407e+00 1.352654547478228109e+00
1.014530221045323088e+00 2.745713977804141059e+00 1.936912264393713334e+00 2.515160661990321067e+00 1.353096972057932890e+00
1.035114545706819378e+00 2.746261551772709808e+00 1.949476181631138783e+00 2.498923293571176263e+00 1.353853317757173880e+00
1.055413416485740941e+00 2.745583877049448063e+00 1.962500127546652484e+00 2.483372935432948125e+00 1.355887439658130189e+00
1.075298092961419316e+00 2.740841295163416014e+00 1.975200181072021000e+00 2.468749019555696922e+00 1.360473578009410378e+00
1.092126332624113072e+00 2.716643541377312232e+00 1.981363193109336285e+00 2.453120153637352363e+00 1.364127554119004992e+00
1.100336595247893845e+00 2.687109727389120906e+00 1.971023774902127546e+00 2.437918921144912598e+00 1.362818741128897448e+00
1.095948923009800291e+00 2.652209993892238327e+00 1.967037389407272130e+00 2.425035637008238432e+00 1.369143646172489071e+00
1.090619767704651411e+00 2.623807504217475106e+00 1.956160295298950302e+00 2.420399310623049249e+00 1.379150555554349067e+00
1.087182351490625143e+00 2.596547267093953781e+00 1.943373764113409008e+00 2.417038001847096496e+00 1.388621047774935890e+00
1.092126356626313521e+00 2.566599998343641165e+00 1.933992459368039318e+00 2.404414338742672630e+00 1.395981652420160257e+00
1.102346832047254921e+00 2.531888375233882549e+00 1.929012193930841113e+00 2.392074449178111628e+00 1.399496529139416134e+00
1.109924166468154727e+00 2.493558634123349105e+00 1.924509200111249152e+00 2.387499497726230935e+00 1.404854632308635720e+00
1.115108887484493883e+00 2.455814421573874640e+00 1.925456345979210893e+00 2.375736885825904476e+00 1.408771545957849369e+00
1.119198665147672633e+00 2.425258014969580600e+00 1.932607751198183399e+00 2.357839260439384965e+00 1.404671483576601654e+00
1.125223627496476198e+00 2.398857019737941521e+00 1.941504061107796719e+00 2.340224968448038290e+00 1.398309833682960024e+00
1.130646016720185720e+00 2.369400544960091004e+00 1.947658576764303540e+00 2.321242622252392973e+00 1.393895367964510967e+00
1.140184347463851999e+00 2.345159781248057573e+00 1.957907089257766575e+00 2.302079102364091856e+00 1.395620048042558459e+00
1.151771414776973979e+00 2.327252646123143531e+00 1.971156373312916932e+00 2.284968121958045550e+00 1.399827004550072473e+00
1.162234790647353133e+00 2.307272393698896806e+00 1.984223622742841808e+00 2.267434796233625871e+00 1.402841000430079976e+00
1.173249162555945802e+00 2.288999506447510601e+00 1.998980859516932718e+00 2.252425052064292998e+00 1.406636345497551233e+00
1.183995974762466430e+00 2.275764305911717411e+00 2.016517388761257745e+00 2.245348448078727799e+00 1.413533684173700067e+00
1.192988543355689934e+00 2.272587126370504862e+00 2.032208946646303804e+00 2.253903673156333110e+00 1.424846323605344134e+00
1.206948518132065828e+00 2.259399272818973792e+00 2.045068761892627318e+00 2.249250441231899433e+00 1.436005151131472202e+00
1.215133829567696999e+00 2.257674602691950749e+00 2.062824060646992308e+00 2.233345357951503463e+00 1.440392030442287474e+00
1.227178063234934724e+00 2.257444839641693957e+00 2.080288572042111817e+00 2.221138209759031312e+00 1.446410432666551005e+00
1.242660788560772334e+00 2.253624037809169423e+00 2.093559508756544396e+00 2.214153047468402580e+00 1.457553296440722734e+00
1.252723525835037988e+00 2.244693681183785650e+00 2.093786150576460781e+00 2.213486123877836054e+00 1.475048043674261233e+00
1.254202788340432750e+00 2.232687831817437463e+00 2.087840164464569437e+00 2.216533821207924859e+00 1.492373729507113778e+00
1.250945706561103821e+00 2.224891000948969300e+00 2.089398883385188199e+00 2.218453781070010677e+00 1.510871843143876792e+00
1.250932241723800464e+00 2.217120625842568415e+00 2.095258682259860450e+00 2.219226685361250340e+00 1.528874059194823110e+00
1.256260785581701844e+00 2.208452579733868326e+00 2.105003900347525825e+00 2.218518781782611970e+00 1.545262354711466779e+00
1.265588565816484046e+00 2.199148178187986247e+00 2.116910886414648640e+00 2.216771094991804247e+00 1.559807340445593216e+00
1.276720693233945436e+00 2.189530122059453188e+00 2.129538840120167809e+00 2.214583519601748929e+00 1.573371832744002941e+00
1.288360346616972851e+00 2.179765061029726780e+00 2.142269420060083807e+00 2.212291759800874669e+00 1.586685916372001515e+00
1.300000000000000044e+00 2.169999999999999929e+00 2.154999999999999805e+00 2.209999999999999964e+00 1.600000000000000089e+00
