8.699999999999999956e-01 2.740000000000000213e+00 1.850000000000000089e+00 2.629999999999999893e+00 1.350000000000000089e+00
8.915540009767819463e-01 2.742597768034454209e+00 1.860802925983589651e+00 2.611606435264311354e+00 1.352785367946440331e+00
9.131080019535640080e-01 2.745195536068908648e+00 1.871605851967179213e+00 2.593212870528623260e+00 1.355570735892880574e+00
9.346620029303459587e-01 2.747793304103362644e+00 1.882408777950768775e+00 2.574819305792934721e+00 1.358356103839320816e+00
9.562160039071279094e-01 2.750391072137817083e+00 1.893211703934358336e+00 2.556425741057246181e+00 1.361141471785761059e+00
9.778127767302562390e-01 2.753032406925211006e+00 1.904038310144995361e+00 2.538112417747950378e+00 1.363934977868181964e+00
9.996896263468115773e-01 2.755964587254424725e+00 1.915020303072419994e+00 2.520341436875450647e+00 1.366782151903566778e+00
1.022400919020270749e+00 2.759187028321961943e+00 1.926278428270270071e+00 2.503978115450413711e+00 1.369607538222628262e+00
1.047289896802577891e+00 2.759506304192695048e+00 1.936308150957345209e+00 2.488700008752545934e+00 1.371167435306068993e+00
1.072769085423600721e+00 2.749279650133558572e+00 1.940080665344672495e+00 2.472524797819682707e+00 1.367907992815502682e+00
1.092411340552823296e+00 2.725168186241973434e+00 1.943409446294926290e+00 2.458789150088956266e+00 1.359867335495259288e+00
1.104986644692781184e+00 2.702342836495684075e+00 1.957102548570231804e+00 2.453079019471255950e+00 1.351230933917733745e+00
1.107794879736289984e+00 2.674999450953211344e+00 1.955380146294613652e+00 2.435504736709663387e+00 1.355709355799951554e+00
1.109126551765067914e+00 2.647252308528543097e+00 1.956062973735145372e+00 2.424737816584233929e+00 1.370737360926030490e+00
1.115256115583465713e+00 2.624863093199299779e+00 1.957783644662508538e+00 2.418995862611892811e+00 1.387947794253793665e+00
1.122696786553702530e+00 2.598981765139540823e+00 1.958752332202925217e+00 2.412602084825578252e+00 1.404002696014724716e+00
1.127357007898792451e+00 2.563546250834586093e+00 1.961658515104503175e+00 2.402631135119734029e+00 1.415574461304738740e+00
1.126960828418707372e+00 2.522560447133547878e+00 1.967587026437527253e+00 2.389560704834454263e+00 1.419369531733630563e+00
1.123188484844855006e+00 2.482711117812570478e+00 1.975059483643780700e+00 2.376039746489168270e+00 1.416685854661877908e+00
1.119688932330028752e+00 2.444065580884888789e+00 1.982108248059912148e+00 2.362418703938130804e+00 1.411140961767527902e+00
1.119101894321437474e+00 2.404677989215506351e+00 1.985714242932915319e+00 2.347213155949055441e+00 1.405338563216588454e+00
1.120974071799528904e+00 2.365983317643016282e+00 1.981948627502538196e+00 2.329891547551941500e+00 1.402595857023897441e+00
1.122021319734810563e+00 2.335993589834139517e+00 1.974314210654679824e+00 2.307985096849511919e+00 1.405394782808551346e+00
1.124788145778132797e+00 2.333500363553690171e+00 1.982594737907273696e+00 2.281778992331018774e+00 1.410282590893225496e+00
1.133845662942931654e+00 2.343764789456343589e+00 2.003067288039765081e+00 2.272156808563878805e+00 1.412253568954751959e+00
1.147572853906248636e+00 2.342515257050137745e+00 2.023753196921624475e+00 2.268092888191025391e+00 1.414799879578303665e+00
1.163412778512280088e+00 2.332859401361726981e+00 2.043158990126258789e+00 2.265826905088278664e+00 1.418007333329622588e+00
1.179934070417009817e+00 2.321006297964442577e+00 2.061974618729736974e+00 2.263739666571159326e+00 1.421321103583790046e+00
1.197378502711535786e+00 2.309644161545286956e+00 2.080305592114830571e+00 2.260614364809372834e+00 1.424857651995189212e+00
1.218339619834093668e+00 2.293804611142732597e+00 2.094382664796300642e+00 2.255651263266495121e+00 1.430897511317640980e+00
1.225859219971811243e+00 2.268746872091742084e+00 2.080136723296268197e+00 2.256403114581831737e+00 1.439092803294539369e+00
1.228260210609832814e+00 2.241774835469935390e+00 2.064762652121176156e+00 2.260043281052324549e+00 1.446681666249376885e+00
1.245129308812595204e+00 2.207326631459014088e+00 2.073404141992770899e+00 2.256085767597181047e+00 1.447514073050486516e+00
1.252534059946065481e+00 2.202878187121320330e+00 2.091094056063479201e+00 2.248584713216707609e+00 1.454707838668479525e+00
1.252192890623561983e+00 2.211245316668368766e+00 2.096972721523190586e+00 2.244150916403912621e+00 1.473744828213612523e+00
1.255196862462739871e+00 2.207462237309444131e+00 2.101622933191011455e+00 2.240372830114138569e+00 1.493353040228464490e+00
1.261924860928534953e+00 2.199958303791925029e+00 2.109468504078934714e+00 2.235687246579733944e+00 1.511576456586026351e+00
1.269602362593051481e+00 2.192961533963665222e+00 2.118427146084179924e+00 2.230623171484173994e+00 1.529252606311049867e+00
1.277254340182247816e+00 2.186902103965076005e+00 2.127558119054711927e+00 2.225479311352555722e+00 1.546918067278530984e+00
1.284837271687665705e+00 2.181261755050266871e+00 2.136705176811470874e+00 2.220319773414741071e+00 1.564611633848694394e+00
1.292418635843832986e+00 2.175630877525133400e+00 2.145852588405735339e+00 2.215159886707370518e+00 1.582305816924347353e+00
1.300000000000000044e+00 2.169999999999999929e+00 2.154999999999999805e+00 2.209999999999999964e+00 1.600000000000000089e+00
