8.699999999999999956e-01 2.740000000000000213e+00 1.850000000000000089e+00 2.629999999999999893e+00 1.350000000000000089e+00
8.990812414499348426e-01 2.730956679588138591e+00 1.856919874538448756e+00 2.598966942874485930e+00 1.349228692889425263e+00
9.281624828998696897e-01 2.721913359176276970e+00 1.863839749076897201e+00 2.567933885748971523e+00 1.348457385778850437e+00
9.572437243498046477e-01 2.712870038764415348e+00 1.870759623615345868e+00 2.536900828623457560e+00 1.347686078668275611e+00
9.863433463840955984e-01 2.703909212855444277e+00 1.877729079823673652e+00 2.505897184126802735e+00 1.346893368330566387e+00
1.015903046272954136e+00 2.698195805743418330e+00 1.886416514380018006e+00 2.475946196477049277e+00 1.345168646856259809e+00
1.043120663771763379e+00 2.704497412433667147e+00 1.897288578639004797e+00 2.446586526391579142e+00 1.338001636945496342e+00
1.063772263141011365e+00 2.715174253887016054e+00 1.917991341239531300e+00 2.428862953226674115e+00 1.325227977200180929e+00
1.085035283090085123e+00 2.705853633105719691e+00 1.943373771292661978e+00 2.421889914005754374e+00 1.327100265922672939e+00
1.103612229958143232e+00 2.730962289181369851e+00 1.957418863972230083e+00 2.423094474745975280e+00 1.348495956030224319e+00
1.122953326663044926e+00 2.747651585692034715e+00 1.968268772184513793e+00 2.434784812913192820e+00 1.376063086432206095e+00
1.130884959500833897e+00 2.744349053940558836e+00 1.976687863267627465e+00 2.442534660706649596e+00 1.410653656011670476e+00
1.156198812839750234e+00 2.716190607167204618e+00 1.968337614273939495e+00 2.429138712327625349e+00 1.419961537705240806e+00
1.193564012091180349e+00 2.710708946546958042e+00 1.961663271741193038e+00 2.421209793619185646e+00 1.404758149030110870e+00
1.227829937163750218e+00 2.707063234984129707e+00 1.967317424819280847e+00 2.418120908126563773e+00 1.382625409238610548e+00
1.244800526725200918e+00 2.686447498356919539e+00 1.981198074082237914e+00 2.413754299032852213e+00 1.354744026050307193e+00
1.251706001333310780e+00 2.655266777544997403e+00 1.995417257532369426e+00 2.408177983884617568e+00 1.327611191796808532e+00
1.255736621211773318e+00 2.612874788825871875e+00 2.007802223784655116e+00 2.399813530673097439e+00 1.305427100602297719e+00
1.254795631343565532e+00 2.559972438091316249e+00 2.006719785664525357e+00 2.385108449829309585e+00 1.290180542559858035e+00
1.254147752940303784e+00 2.513843765649151241e+00 1.998399348039566314e+00 2.363233308426082591e+00 1.276279066338817936e+00
1.260422953439044980e+00 2.476404744681299341e+00 2.003750441035573537e+00 2.335181200382357769e+00 1.259400178946311177e+00
1.266422492473586070e+00 2.439192330737663283e+00 2.013920898247435698e+00 2.306834743231339413e+00 1.246713590531157489e+00
1.260346293780769455e+00 2.391238287175892818e+00 2.016777776537668654e+00 2.285657799311497929e+00 1.258093683974392807e+00
1.249838352650770368e+00 2.357577028885869730e+00 2.017255969236306345e+00 2.279262174543441155e+00 1.288191782810971908e+00
1.244314719839544559e+00 2.334382834136318863e+00 2.024225172931393146e+00 2.275000837395289022e+00 1.321992727529699208e+00
1.243357030735877444e+00 2.315188135047618001e+00 2.038866512245161466e+00 2.267647144110388702e+00 1.352642060245575095e+00
1.244399958631962511e+00 2.296408207595888484e+00 2.062320364621212043e+00 2.256416100832173921e+00 1.372398749019267727e+00
1.245135834886524018e+00 2.278038541088726276e+00 2.089305369603714269e+00 2.243437482938635430e+00 1.382583969562473758e+00
1.245493248744769854e+00 2.262486185035414099e+00 2.112847035504659132e+00 2.228595345802460326e+00 1.401644540478976131e+00
1.249833002076390809e+00 2.243913565758569373e+00 2.129132400262598868e+00 2.207020442688496509e+00 1.423373520065097875e+00
1.255228470440726607e+00 2.221811498688625264e+00 2.132741720358620974e+00 2.205865182753221188e+00 1.458529262695977824e+00
1.267108259414146287e+00 2.205313257548510819e+00 2.134506969315181468e+00 2.205147074836068199e+00 1.493867135782652067e+00
1.278185509207149018e+00 2.192877345031611025e+00 2.141020241708143867e+00 2.206161084816582463e+00 1.529242206849596997e+00
1.289092754603574642e+00 2.181438672515805255e+00 2.148010120854071836e+00 2.208080542408290992e+00 1.564621103424798321e+00
1.300000000000000044e+00 2.169999999999999929e+00 2.154999999999999805e+00 2.209999999999999964e+00 1.600000000000000089e+00
