8.699999999999999956e-01 2.740000000000000213e+00 1.850000000000000089e+00 2.629999999999999893e+00 1.350000000000000089e+00
8.914086528584339586e-01 2.738080218623064166e+00 1.859433601496910393e+00 2.608631239954306125e+00 1.347987623060756812e+00
9.128173057168678106e-01 2.736160437246128119e+00 1.868867202993820698e+00 2.587262479908611912e+00 1.345975246121513536e+00
9.342259585753016626e-01 2.734240655869192516e+00 1.878300804490730780e+00 2.565893719862917699e+00 1.343962869182270481e+00
9.556346114337356257e-01 2.732320874492256024e+00 1.887734405987641084e+00 2.544524959817223930e+00 1.341950492243027204e+00
9.771007241598862469e-01 2.730473266461770798e+00 1.897189148083796351e+00 2.523222750984460028e+00 1.340000722786014009e+00
9.988693211342816181e-01 2.728827010813397180e+00 1.906713968593431341e+00 2.502240812400274184e+00 1.338460973362129547e+00
1.021222845486799313e+00 2.726392049964420750e+00 1.916196621206573303e+00 2.481826034866974950e+00 1.338299288332629677e+00
1.044204487660672864e+00 2.719175815993288392e+00 1.925635052799582914e+00 2.463635886565186173e+00 1.341469321516142621e+00
1.065142434642230462e+00 2.705485577832091870e+00 1.935891690290055589e+00 2.448946757289205856e+00 1.348500591903478263e+00
1.080277241021602830e+00 2.685461583480221570e+00 1.948355873352965562e+00 2.435741170361583663e+00 1.356551422672868323e+00
1.086816781419584821e+00 2.656665548355269468e+00 1.961057420101854687e+00 2.421021480760956468e+00 1.360773281702490456e+00
1.091160448859495924e+00 2.621036739728622500e+00 1.968901600744008329e+00 2.405559159918555956e+00 1.358803866771120639e+00
1.104368723666904639e+00 2.587279959800079521e+00 1.976984035662153083e+00 2.395035700108028465e+00 1.361888127842900698e+00
1.119088480064272639e+00 2.559407353650907879e+00 1.986007775931296626e+00 2.389668705124260661e+00 1.372075334072627939e+00
1.129001862018038427e+00 2.525399030121377564e+00 1.991231894172157624e+00 2.380728450899226356e+00 1.381802013076353752e+00
1.133966957372239737e+00 2.488290021141258190e+00 1.990548184982780189e+00 2.366918895267008160e+00 1.389070727917707249e+00
1.137489018700894583e+00 2.451528815176069465e+00 1.985856548210390482e+00 2.350383812384150062e+00 1.392947865484899683e+00
1.143249557161400753e+00 2.414087878855220470e+00 1.981251147532091306e+00 2.334205161917644933e+00 1.393361831525215644e+00
1.152481878113538638e+00 2.375615025435006800e+00 1.981326853754518336e+00 2.320167196612006322e+00 1.392620724645264429e+00
1.163399001125648535e+00 2.340389680177054288e+00 1.988841954649620103e+00 2.307406320678956124e+00 1.393676938738707793e+00
1.173479936064192986e+00 2.313093718807332611e+00 2.002522633908211169e+00 2.294496774459912292e+00 1.396915060544094311e+00
1.182314785711588767e+00 2.293876611229891171e+00 2.019715480653297313e+00 2.281504341187562179e+00 1.401029726559850141e+00
1.190876070203671366e+00 2.282629326921794100e+00 2.038718554947150707e+00 2.268945426122669140e+00 1.405892051472438897e+00
1.200921848532867431e+00 2.278575596277668147e+00 2.057514842295689483e+00 2.256582488068903380e+00 1.412704646360429583e+00
1.214621144544566045e+00 2.275884814379727672e+00 2.074077208516852622e+00 2.244163067028589253e+00 1.421643456177990261e+00
1.230628970306770986e+00 2.269055830083097192e+00 2.088046645977001958e+00 2.231517074708110115e+00 1.432075237843707383e+00
1.243885637706771741e+00 2.257258292693245849e+00 2.098149623468366975e+00 2.217789314452860872e+00 1.445848203870203852e+00
1.250408409748294147e+00 2.242506337171664921e+00 2.097943515058890984e+00 2.205107464045819921e+00 1.463495012372494131e+00
1.255111900481971299e+00 2.227769538272180494e+00 2.080987463518761071e+00 2.196650164783415349e+00 1.470556478795031596e+00
1.257731985531047147e+00 2.235790028500714843e+00 2.092310540819771081e+00 2.198049589739923704e+00 1.455397236816843742e+00
1.256308242212474502e+00 2.249349941065289737e+00 2.105727147870460669e+00 2.202158788081678864e+00 1.439100847428656627e+00
1.247803592013609908e+00 2.251979972400063978e+00 2.092607415105973701e+00 2.199049780427016376e+00 1.428971148500223443e+00
1.242072456975040318e+00 2.245056164656109576e+00 2.093620816216707148e+00 2.192614715140496884e+00 1.449566110117531892e+00
1.245277667353595463e+00 2.238213954541206974e+00 2.100511011066567235e+00 2.194535081658805176e+00 1.470023203852934390e+00
1.250737085735265097e+00 2.228635502694395587e+00 2.102859501355732519e+00 2.198654911806829482e+00 1.490843604635974318e+00
1.257866185328699205e+00 2.218201196427250999e+00 2.103547519068745153e+00 2.203106081530346039e+00 1.511408906201547886e+00
1.266489251816223849e+00 2.209490554196717138e+00 2.107405970982149768e+00 2.206399638070412283e+00 1.531635434641855475e+00
1.275256662684145503e+00 2.203502563234949641e+00 2.117282488687449948e+00 2.207804537527787936e+00 1.550297768231857942e+00
1.282962927575696854e+00 2.196574247203563424e+00 2.130484424702697499e+00 2.208390819278573947e+00 1.567182787853168557e+00
1.290691691774630279e+00 2.184404867306824372e+00 2.142770423309204642e+00 2.209481959561632625e+00 1.583969977233270710e+00
1.300000000000000044e+00 2.169999999999999929e+00 2.154999999999999805e+00 2.209999999999999964e+00 1.600000000000000089e+00
