8.699999999999999956e-01 2.740000000000000213e+00 1.850000000000000089e+00 2.629999999999999893e+00 1.350000000000000089e+00
8.959507339876480181e-01 2.735702785278995464e+00 1.855728209758717329e+00 2.611103566503004458e+00 1.349949432781051728e+00
9.219014679752961516e-01 2.731405570557990714e+00 1.861456419517434790e+00 2.592207133006008579e+00 1.349898865562103367e+00
9.478522019629441742e-01 2.727108355836986409e+00 1.867184629276152030e+00 2.573310699509013144e+00 1.349848298343155006e+00
9.737917065746146683e-01 2.722961595681486990e+00 1.873029412739464661e+00 2.554441813357397617e+00 1.349712538773242931e+00
9.996523137986289553e-01 2.719594475541552203e+00 1.879470950844444932e+00 2.535730306498246822e+00 1.349137328036876360e+00
1.024982812181378211e+00 2.718910643552194806e+00 1.887874961546498254e+00 2.517743150754284898e+00 1.347074715264600986e+00
1.047152758746798584e+00 2.724832116156301609e+00 1.900174602509277166e+00 2.502143239297478061e+00 1.341339818952402618e+00
1.066164480812621607e+00 2.740565056228537966e+00 1.911412432688088581e+00 2.485445954404598812e+00 1.334553302069615643e+00
1.088215788204546008e+00 2.746545991501345707e+00 1.924370835788991041e+00 2.482978965912513658e+00 1.342990428460087982e+00
1.106435175442560537e+00 2.726295741152087171e+00 1.929485661954909892e+00 2.469273989445721185e+00 1.352696286795557645e+00
1.107058221560214939e+00 2.710761268361575382e+00 1.939299162320969883e+00 2.443107139012248297e+00 1.350013006835471430e+00
1.094574817471751116e+00 2.699578565205307257e+00 1.957070007426557456e+00 2.430306583228564410e+00 1.342147243432534331e+00
1.087508735996454368e+00 2.668797089670395639e+00 1.974008147021294235e+00 2.428200589520371544e+00 1.345690705219680261e+00
1.086086656803487038e+00 2.637104378438757113e+00 1.977629205732424955e+00 2.416116312964139201e+00 1.358867538959416699e+00
1.088374662944924243e+00 2.612889578264350199e+00 1.978593850098067319e+00 2.399192169061556967e+00 1.373406910154427729e+00
1.096904882141136461e+00 2.590714571382134679e+00 1.979170180919473276e+00 2.380785131141733846e+00 1.386872666636150608e+00
1.111257599565231846e+00 2.560600992983844026e+00 1.977812900675588459e+00 2.363235841710515928e+00 1.393768684336788244e+00
1.121284270070278755e+00 2.522657699342877979e+00 1.974332920447617656e+00 2.348171621850374535e+00 1.395793163588106456e+00
1.124154956535025285e+00 2.482287256769531325e+00 1.970648590180450688e+00 2.333742122657020523e+00 1.398759098697507586e+00
1.127834320694783399e+00 2.441905578534579124e+00 1.968066527428696366e+00 2.320593348158122016e+00 1.403935394489071786e+00
1.142260544593588723e+00 2.402474990351191941e+00 1.969367070199875780e+00 2.312116965934085222e+00 1.405689876859309351e+00
1.140047692513272537e+00 2.365063957518847459e+00 1.972647342182649588e+00 2.300090982799313455e+00 1.396200992969020227e+00
1.133939573111506949e+00 2.329357915134832258e+00 1.974129355099120575e+00 2.285786286981973170e+00 1.387065949963933065e+00
1.135345108927869884e+00 2.292150623254324948e+00 1.978185176764068798e+00 2.267910493208321832e+00 1.384834793345596449e+00
1.149475237079117029e+00 2.264869166261836764e+00 1.987270992219924537e+00 2.253696157352271356e+00 1.393269402203850094e+00
1.168562292318104490e+00 2.248950324219624708e+00 1.999858270130265625e+00 2.245348987574074417e+00 1.403942207434894618e+00
1.188528318515661653e+00 2.240374650438037296e+00 2.015464926772710275e+00 2.240350204209470064e+00 1.413849693810196095e+00
1.207160242914389059e+00 2.237471079603803759e+00 2.033808517026312490e+00 2.237243807295975273e+00 1.422525561816797346e+00
1.222885237050043372e+00 2.239543633894046426e+00 2.054657690981791074e+00 2.235305641614877104e+00 1.429699367613970207e+00
1.234572655558108245e+00 2.245787457512090857e+00 2.077608351303519285e+00 2.234117712907868647e+00 1.434830500447307422e+00
1.241378720834096061e+00 2.254528505726189458e+00 2.102068131552238039e+00 2.233575407066359819e+00 1.437249090191308198e+00
1.243273516080567243e+00 2.260543929371058081e+00 2.127437958043610244e+00 2.234359337411253588e+00 1.437762517839588305e+00
1.243403272258762460e+00 2.236355180550384070e+00 2.135645864153900231e+00 2.237790311252781272e+00 1.451748358628348168e+00
1.245682376932891078e+00 2.215701934853818056e+00 2.123810517649943552e+00 2.238129411609557806e+00 1.468160160832403971e+00
1.250028330752359418e+00 2.201968274656760816e+00 2.113264428905148762e+00 2.237237378052625125e+00 1.486401800705602794e+00
1.256755262944046825e+00 2.191819324129999025e+00 2.109406692055541654e+00 2.235801971860429394e+00 1.506595025248963271e+00
1.265112312478342771e+00 2.184712414406479564e+00 2.112604535139314343e+00 2.232761295590618200e+00 1.526871818537267833e+00
1.273913733322953545e+00 2.179855149536022552e+00 2.120738868024526713e+00 2.227958632334674949e+00 1.546102157116065801e+00
1.282651799491380196e+00 2.176238246359402773e+00 2.131494849253899648e+00 2.222210627267915850e+00 1.564371004842463275e+00
1.291325899745690231e+00 2.173119123179701351e+00 2.143247424626949726e+00 2.216105313633958129e+00 1.582185502421231682e+00
1.300000000000000044e+00 2.169999999999999929e+00 2.154999999999999805e+00 2.209999999999999964e+00 1.600000000000000089e+00
