8.699999999999999956e-01 2.740000000000000213e+00 1.850000000000000089e+00 2.629999999999999893e+00 1.350000000000000089e+00
9.070248048790856554e-01 2.743099907672847948e+00 1.866273377115811094e+00 2.607973232856371393e+00 1.348511133584479493e+00
9.440496097581712043e-01 2.746199815345695683e+00 1.882546754231622321e+00 2.585946465712742892e+00 1.347022267168958676e+00
9.810744146372568641e-01 2.749299723018543862e+00 1.898820131347433326e+00 2.563919698569113947e+00 1.345533400753438080e+00
1.018155446629277039e+00 2.753095387440971820e+00 1.914680556245309306e+00 2.541423955791696443e+00 1.344697469472645235e+00
1.055595328682050527e+00 2.753074825882938725e+00 1.928985086264524362e+00 2.517531226419240653e+00 1.345763953624115716e+00
1.090454489339361288e+00 2.735994039543300005e+00 1.938803865632803047e+00 2.492312156986582483e+00 1.355552277651350446e+00
1.124599548635008217e+00 2.735238421217359495e+00 1.948778099575854572e+00 2.461254340684344122e+00 1.353525513217668674e+00
1.166428855168614609e+00 2.743106628912486578e+00 1.949692432795226082e+00 2.438467217144464350e+00 1.354026879316470477e+00
1.200134240900513571e+00 2.712994490908426037e+00 1.962127851002152035e+00 2.419931450455291788e+00 1.347298978811812820e+00
1.223714957492024968e+00 2.681217363636442919e+00 1.980053453035693911e+00 2.411422090629721904e+00 1.327342947205419676e+00
1.247403733538607451e+00 2.651324616525609024e+00 1.998001756020534092e+00 2.410002183880833648e+00 1.305406761949262417e+00
1.266215458761328128e+00 2.603838803563280013e+00 2.007135475871936414e+00 2.410674693477410813e+00 1.283770105257603822e+00
1.268327851305379728e+00 2.537125035558570829e+00 2.001229013506278243e+00 2.406015429191822097e+00 1.275459453462526538e+00
1.260758840153872296e+00 2.473875297708183041e+00 1.994503745359226921e+00 2.390719637925938112e+00 1.283202383312674000e+00
1.256115714865563060e+00 2.416113081096368909e+00 1.997664582535269462e+00 2.367353472140325987e+00 1.295021521176907386e+00
1.254901482760984344e+00 2.370323754369771940e+00 2.010986869734330273e+00 2.337889131927698649e+00 1.306818797574195612e+00
1.256372376904110855e+00 2.352892174042710227e+00 2.032653830039748755e+00 2.304570987982914598e+00 1.320739815876703416e+00
1.260510402599729574e+00 2.342186245582079884e+00 2.053097102833866039e+00 2.272774457610422960e+00 1.339863397449403637e+00
1.261799653531215482e+00 2.330197814883858243e+00 2.069885994516174499e+00 2.248504277560890330e+00 1.367385025941269650e+00
1.256407014332424410e+00 2.322475891744819609e+00 2.091119358254958982e+00 2.230681143432042379e+00 1.394500914452193596e+00
1.250158686966406973e+00 2.313541995221036984e+00 2.120473540592847428e+00 2.221240336000002813e+00 1.414113259822765478e+00
1.247078112920323889e+00 2.295240991569619471e+00 2.144101983331049510e+00 2.193813056188205213e+00 1.407669972986648865e+00
1.248509499417295388e+00 2.282855470775766449e+00 2.117334935701540743e+00 2.190454253478702817e+00 1.429965567785813851e+00
1.257737906257446081e+00 2.260885626725861020e+00 2.116686036165961848e+00 2.193590778289555843e+00 1.465395102529912341e+00
1.268221052822485539e+00 2.238145442694415177e+00 2.125358205637943421e+00 2.197619899354910977e+00 1.499340865191490790e+00
1.278814035214990152e+00 2.215430295129610094e+00 2.135238803758628734e+00 2.201746599569940788e+00 1.532893910127660630e+00
1.289407017607495209e+00 2.192715147564805012e+00 2.145119401879314491e+00 2.205873299784970154e+00 1.566446955063830471e+00
1.300000000000000044e+00 2.169999999999999929e+00 2.154999999999999805e+00 2.209999999999999964e+00 1.600000000000000089e+00
