8.699999999999999956e-01 2.740000000000000213e+00 1.850000000000000089e+00 2.629999999999999893e+00 1.350000000000000089e+00
8.911306353143296777e-01 2.734485768869487909e+00 1.860590642560956187e+00 2.613513626102491383e+00 1.349717267375242669e+00
9.122612706286593598e-01 2.728971537738975162e+00 1.871181285121912286e+00 2.597027252204982872e+00 1.349434534750485026e+00
9.333919059429890419e-01 2.723457306608462858e+00 1.881771927682868384e+00 2.580540878307474362e+00 1.349151802125727606e+00
9.545225412573187240e-01 2.717943075477950110e+00 1.892362570243824482e+00 2.564054504409966295e+00 1.348869069500969964e+00
9.756439730590487081e-01 2.712447095783336870e+00 1.902971498805305250e+00 2.547576783720868043e+00 1.348594313188088867e+00
9.967226455685458397e-01 2.707035289297099023e+00 1.913664484301712099e+00 2.531139207789769419e+00 1.348356306182508568e+00
1.017676110022618152e+00 2.701864431936225941e+00 1.924595620140380436e+00 2.514818670488785379e+00 1.348223170028082452e+00
1.038405124877592067e+00 2.697460342274076162e+00 1.935960238009983847e+00 2.498726058646991710e+00 1.348771972681082953e+00
1.058285505427868145e+00 2.695700234068644896e+00 1.948017529862579256e+00 2.482850803462656852e+00 1.351304202932334997e+00
1.076517861880550431e+00 2.695164748264712529e+00 1.959649772131142331e+00 2.464677181633391889e+00 1.354785973538530364e+00
1.085178804913626838e+00 2.679374711930390784e+00 1.970391575518650740e+00 2.443187722296573661e+00 1.358381138785878850e+00
1.088807392937980234e+00 2.650075724179374870e+00 1.969793499390805280e+00 2.424461707573609015e+00 1.364149233137489814e+00
1.093640846334636318e+00 2.619777287511370734e+00 1.966411293470539556e+00 2.408112369983571366e+00 1.370965745671475222e+00
1.098856311246341422e+00 2.587027700327945823e+00 1.963371423520334780e+00 2.396265214013893363e+00 1.378466629707016278e+00
1.104139064609156895e+00 2.552419103905289699e+00 1.961783268688892523e+00 2.388424783589011557e+00 1.386277111344432766e+00
1.110159900402400535e+00 2.518949490511604328e+00 1.964183587777891704e+00 2.381697378958789191e+00 1.395041248598221539e+00
1.116548489842535297e+00 2.488145362244498671e+00 1.970718592920796874e+00 2.372054686568610737e+00 1.403242796700103545e+00
1.122324128722292480e+00 2.456734098543592371e+00 1.977117270842431829e+00 2.357546573137485169e+00 1.407896490267043443e+00
1.126747076352784038e+00 2.423664896857108619e+00 1.978869199297199399e+00 2.340431468710748142e+00 1.407501047422624607e+00
1.129613075127566146e+00 2.391579511870017161e+00 1.976309495354435342e+00 2.323192307665097989e+00 1.403258530222590394e+00
1.128173148404555404e+00 2.366632647532656453e+00 1.969630308101599336e+00 2.307357890906303499e+00 1.393794996231510375e+00
1.125244366129491302e+00 2.342010509648452476e+00 1.960663060299236538e+00 2.300860004361383826e+00 1.384410154990295627e+00
1.136330744316125241e+00 2.310194488369634591e+00 1.966112146447837272e+00 2.290019148969888452e+00 1.388185635150601005e+00
1.150813478525670508e+00 2.291209089013971578e+00 1.977853789358843484e+00 2.279332788824112832e+00 1.395267059703776180e+00
1.166809835599273537e+00 2.281207247164770191e+00 1.990904446023073149e+00 2.269865127138170457e+00 1.403967234213614468e+00
1.183801996410271729e+00 2.275134617416660010e+00 2.003343663239814720e+00 2.261248262740097825e+00 1.413691267843830479e+00
1.200916183275343219e+00 2.270430591137985399e+00 2.015059326247981009e+00 2.253506725491214002e+00 1.424381582217583597e+00
1.216118577797799194e+00 2.266214192370885172e+00 2.026848027172891253e+00 2.247692443169583498e+00 1.436451096595651178e+00
1.226528173420322165e+00 2.261877979477508571e+00 2.040448298069847954e+00 2.245127931017998790e+00 1.449280038549992655e+00
1.233074645703068573e+00 2.256281158273630627e+00 2.059069456791234209e+00 2.242709909964447412e+00 1.457147547530940113e+00
1.239993697261682959e+00 2.250100153605358866e+00 2.079310710712158450e+00 2.235679093517439764e+00 1.456789150395441101e+00
1.248510724486508572e+00 2.242430832052935585e+00 2.097637167798934055e+00 2.223489222196120441e+00 1.458507651776736136e+00
1.257230015564797965e+00 2.232323517411461289e+00 2.106755068875579617e+00 2.206959011255755332e+00 1.470409174396133167e+00
1.260927549628679367e+00 2.228468039443732618e+00 2.104147297513937254e+00 2.196605981870921376e+00 1.487815929907610357e+00
1.258792968153475744e+00 2.225717983549257095e+00 2.111239773191591951e+00 2.188153894885764839e+00 1.504769751188700599e+00
1.260806687196513121e+00 2.221768363033144400e+00 2.121535164147265728e+00 2.188352033926424856e+00 1.521237188848286292e+00
1.265462396307781567e+00 2.219928248566603646e+00 2.131819675899973898e+00 2.189767028571209639e+00 1.537566018369909804e+00
1.272180440603207785e+00 2.215358528852124032e+00 2.141347385699470252e+00 2.192884059033286537e+00 1.553764401738610745e+00
1.280804768540940497e+00 2.205730686792743978e+00 2.148975080374265989e+00 2.197762380941306048e+00 1.569748316507802111e+00
1.290600405951985330e+00 2.190352812769300606e+00 2.153619107460975179e+00 2.203869447998866526e+00 1.585217923145930685e+00
1.300000000000000044e+00 2.169999999999999929e+00 2.154999999999999805e+00 2.209999999999999964e+00 1.600000000000000089e+00
