8.699999999999999956e-01 2.740000000000000213e+00 1.850000000000000089e+00 2.629999999999999893e+00 1.350000000000000089e+00
8.944495621468223634e-01 2.741015751709689585e+00 1.859365250171114425e+00 2.608945820960806294e+00 1.350497541021229875e+00
9.188991242936447312e-01 2.742031503419378957e+00 1.868730500342228762e+00 2.587891641921612695e+00 1.350995082042459439e+00
9.433486864404670991e-01 2.743047255129068329e+00 1.878095750513343098e+00 2.566837462882419096e+00 1.351492623063689225e+00
9.677982485872894669e-01 2.744063006838757701e+00 1.887461000684457435e+00 2.545783283843225497e+00 1.351990164084918788e+00
9.922478107341119458e-01 2.745078758548447517e+00 1.896826250855571772e+00 2.524729104804031898e+00 1.352487705106148574e+00
1.016753061308723005e+00 2.745117216487641176e+00 1.905722421878346173e+00 2.503355291290543683e+00 1.352039596502643271e+00
1.041588290188772081e+00 2.742367827867896679e+00 1.912826262833309920e+00 2.481926687830291467e+00 1.347985018884289010e+00
1.068754774711464295e+00 2.741889464492071493e+00 1.919471420820141772e+00 2.464762077637941751e+00 1.340817413217683551e+00
1.095694614322762162e+00 2.754707668686855904e+00 1.932560450167358113e+00 2.459187886698271264e+00 1.337463570710063943e+00
1.103434219701004526e+00 2.781380780617159765e+00 1.952487335394465617e+00 2.463883829922084434e+00 1.339515361736171251e+00
1.114445951240293997e+00 2.740427656267220957e+00 1.957011125516299188e+00 2.457465418304165539e+00 1.333082732120495439e+00
1.135394945540952882e+00 2.707648329038988777e+00 1.964826495086686053e+00 2.449502511699030549e+00 1.324610339640783785e+00
1.159565163493359252e+00 2.687464683212387406e+00 1.976141613706853706e+00 2.441364668111033698e+00 1.315560567728087937e+00
1.187024120255038007e+00 2.674052642007559211e+00 1.986717115942098433e+00 2.433586358683655693e+00 1.307532314645888816e+00
1.216135593975030016e+00 2.660627364790520755e+00 1.995090573043440951e+00 2.424373841444830369e+00 1.300913443572568218e+00
1.241947336758229437e+00 2.644406390729564738e+00 2.005659091607777889e+00 2.413443161449236207e+00 1.297383102352302808e+00
1.255820353186701155e+00 2.627198902068997199e+00 2.026348866776364499e+00 2.404884770168997932e+00 1.297944629071283273e+00
1.265375412608424677e+00 2.602937318673817835e+00 2.045459874556390556e+00 2.393192179229216787e+00 1.298632561477998992e+00
1.268782892813596019e+00 2.568580937668493380e+00 2.057487631533454486e+00 2.373236960958489128e+00 1.300693711019296428e+00
1.264683881597525872e+00 2.530802299578882142e+00 2.063672807534552067e+00 2.351173179666293578e+00 1.304651080025212018e+00
1.257744171896439944e+00 2.491606274811654753e+00 2.066368665364668900e+00 2.330289037098695726e+00 1.310619162962407991e+00
1.252194956293339878e+00 2.452185775815028279e+00 2.065787217133046916e+00 2.311573003991630681e+00 1.320159235330138348e+00
1.249821323138064821e+00 2.413362165796125947e+00 2.058801485268612286e+00 2.298915745929443588e+00 1.332408546461043342e+00
1.250490868137250855e+00 2.374877576826489367e+00 2.065342603155050583e+00 2.299775705204911702e+00 1.348888842266743771e+00
1.250582809627223124e+00 2.347004509509007075e+00 2.071419808956269648e+00 2.292560132060883049e+00 1.369312045006372713e+00
1.248843756569741670e+00 2.318272904813832191e+00 2.073892755363122564e+00 2.281449747143226237e+00 1.389245178333039732e+00
1.246507965901424653e+00 2.294157018861443298e+00 2.081525114932170517e+00 2.268258181687081265e+00 1.408385559316369440e+00
1.245091306515924590e+00 2.274234603909545349e+00 2.094505953084605299e+00 2.256110073803668570e+00 1.426045966272990517e+00
1.245858582227210798e+00 2.247004005477753363e+00 2.105037901856314342e+00 2.247872575947105211e+00 1.444294629362876448e+00
1.245213860009591444e+00 2.217398267111409638e+00 2.108126587911195671e+00 2.245472883406700149e+00 1.465416060628837336e+00
1.244639440761110105e+00 2.204871109262867890e+00 2.112543240924952492e+00 2.243569380551713621e+00 1.489887086624983814e+00
1.255230531530144411e+00 2.197542743478834826e+00 2.120383581426960706e+00 2.239973631757359751e+00 1.512696878807837875e+00
1.267203289601989802e+00 2.191018343156663217e+00 2.130169320212986772e+00 2.233178878840583526e+00 1.533958951594292408e+00
1.278251085158976341e+00 2.184062774115990369e+00 2.138734938559593513e+00 2.225540317748885499e+00 1.555847015050519477e+00
1.289125542579488304e+00 2.177031387057995371e+00 2.146867469279796659e+00 2.217770158874442732e+00 1.577923507525259783e+00
1.300000000000000044e+00 2.169999999999999929e+00 2.154999999999999805e+00 2.209999999999999964e+00 1.600000000000000089e+00
