8.699999999999999956e-01 2.740000000000000213e+00 1.850000000000000089e+00 2.629999999999999893e+00 1.350000000000000089e+00
8.909465837599992444e-01 2.739448268650086504e+00 1.862550495696268849e+00 2.614441985245974376e+00 1.353725015049433988e+00
9.118931675199986042e-01 2.738896537300172351e+00 1.875100991392537608e+00 2.598883970491949302e+00 1.357450030098867888e+00
9.328397512799978530e-01 2.738344805950258642e+00 1.887651487088806146e+00 2.583325955737923785e+00 1.361175045148301566e+00
9.537863350399972129e-01 2.737793074600344490e+00 1.900201982785074906e+00 2.567767940983898711e+00 1.364900060197735465e+00
9.747329187999964617e-01 2.737241343250430781e+00 1.912752478481343665e+00 2.552209926229873194e+00 1.368625075247169365e+00
9.958211154560517864e-01 2.736379552837026274e+00 1.925182707692603801e+00 2.536555088392403068e+00 1.372114963892896000e+00
1.017541647455144638e+00 2.733973684471227905e+00 1.936969951875200380e+00 2.520471515037873811e+00 1.374419687202745877e+00
1.040405346069585235e+00 2.726519542200190216e+00 1.946155427277319827e+00 2.503614079983980556e+00 1.372692102111211510e+00
1.060535550177534425e+00 2.710278443561844774e+00 1.948545718026746698e+00 2.487882837766638655e+00 1.363367953751400963e+00
1.077644466243265153e+00 2.702298483281411201e+00 1.950310460983335714e+00 2.464768454597885849e+00 1.368093156363269447e+00
1.079647132043624502e+00 2.700807140717645272e+00 1.963348252532499449e+00 2.450536045390626416e+00 1.381472789633224618e+00
1.078263112840349702e+00 2.671007086255225538e+00 1.973047364609056498e+00 2.431330337221976556e+00 1.382690405717551974e+00
1.078575259818534526e+00 2.633637723283809962e+00 1.976411992951469188e+00 2.414686937688258261e+00 1.384590890809331842e+00
1.082632430962255032e+00 2.595764437632976485e+00 1.975875172669877999e+00 2.401694192796201666e+00 1.392032357533379061e+00
1.086920094279506088e+00 2.562207555341613041e+00 1.976554541910202412e+00 2.388297811368807366e+00 1.403034704216069128e+00
1.091322913154361807e+00 2.528846554309642336e+00 1.980366164155599851e+00 2.371398999882872616e+00 1.410523919333669829e+00
1.099136740711035731e+00 2.492764884435887396e+00 1.983413127738687498e+00 2.354961047737760271e+00 1.411004245802483625e+00
1.110344708763013388e+00 2.459801001740432813e+00 1.986716806522111911e+00 2.342567971765013635e+00 1.402303407545829605e+00
1.123627959168975510e+00 2.437023855327944410e+00 1.990906971545826742e+00 2.335782456328746814e+00 1.386854860676333789e+00
1.138818613292108317e+00 2.421426303130486346e+00 1.993188249038590820e+00 2.333290425174881388e+00 1.369213885414543919e+00
1.156629498532449674e+00 2.410415117140537689e+00 1.995033088765139073e+00 2.331293063627226214e+00 1.351857984165513393e+00
1.177324927526550269e+00 2.401649627145273858e+00 1.999174003647551379e+00 2.327039369557518000e+00 1.336415196155781748e+00
1.200565529043016388e+00 2.392380197529765162e+00 2.006797499547985808e+00 2.319992694331213912e+00 1.325162215128334209e+00
1.223468152547933396e+00 2.377033752758702434e+00 2.016648791512262839e+00 2.309757314411007290e+00 1.324785387806254322e+00
1.232919618965009567e+00 2.357629227966207885e+00 2.024453022271774039e+00 2.299628762943350946e+00 1.340126695119759681e+00
1.230734219858947043e+00 2.342370693308795104e+00 2.031296289672908983e+00 2.293962292009269710e+00 1.359271584170802072e+00
1.226023546202519965e+00 2.320013875884525678e+00 2.033148849087860643e+00 2.288912681098478785e+00 1.377625991627144941e+00
1.222948123886614669e+00 2.290466303013920069e+00 2.033520387605904478e+00 2.279934535509538396e+00 1.391972345581071968e+00
1.224099294038337282e+00 2.270518787011440498e+00 2.048182479233665809e+00 2.267725143633060547e+00 1.402007146943499150e+00
1.227766023226940062e+00 2.265386431426550384e+00 2.069279186770348389e+00 2.261849900344016007e+00 1.408987290986994934e+00
1.232036315645692159e+00 2.261186176887678645e+00 2.089919675245495156e+00 2.258922927507740486e+00 1.417796601515965982e+00
1.236536234182227911e+00 2.254262475822862655e+00 2.108701102225881918e+00 2.251857626079563079e+00 1.428583127625961069e+00
1.242790747758960812e+00 2.249776850888970170e+00 2.127264124595264150e+00 2.242897162002396971e+00 1.437821430395916922e+00
1.249563543366765117e+00 2.241089151306248084e+00 2.137658078778939874e+00 2.240611822182222657e+00 1.456234409249619777e+00
1.256322612121337556e+00 2.231396772645140469e+00 2.141319483564148474e+00 2.237583730711672825e+00 1.476867025995571403e+00
1.263456268826726347e+00 2.222225192255489645e+00 2.144110562155522981e+00 2.233652952972672079e+00 1.497546998960651354e+00
1.270720626109326457e+00 2.212630322979909359e+00 2.146584821608180871e+00 2.229238235757248443e+00 1.518148677110452871e+00
1.278021806474615607e+00 2.202347296268877930e+00 2.148819955402517579e+00 2.224567727080155599e+00 1.538663330670416496e+00
1.285342504106784745e+00 2.191675561788288817e+00 2.150918915045949120e+00 2.219752894965902001e+00 1.559124684300174923e+00
1.292671252053392283e+00 2.180837780894144373e+00 2.152959457522974240e+00 2.214876447482950983e+00 1.579562342150087506e+00
1.300000000000000044e+00 2.169999999999999929e+00 2.154999999999999805e+00 2.209999999999999964e+00 1.600000000000000089e+00
