8.699999999999999956e-01 2.740000000000000213e+00 1.850000000000000089e+00 2.629999999999999893e+00 1.350000000000000089e+00
8.893726465657962876e-01 2.738805544761679478e+00 1.861262033854793163e+00 2.613017032343567525e+00 1.354291689921812480e+00
9.087452931315924687e-01 2.737611089523358299e+00 1.872524067709586237e+00 2.596034064687135157e+00 1.358583379843625094e+00
9.281179396973887608e-01 2.736416634285037119e+00 1.883786101564379312e+00 2.579051097030703232e+00 1.362875069765437708e+00
9.474905862631850528e-01 2.735222179046716384e+00 1.895048135419172386e+00 2.562068129374270864e+00 1.367166759687250099e+00
9.669010581660638648e-01 2.733997091450921513e+00 1.906288594631089017e+00 2.545065179062321103e+00 1.371402919075511706e+00
9.865296221256779630e-01 2.732591730849065925e+00 1.917399034718696438e+00 2.527948714756106163e+00 1.375310650596944129e+00
1.007005812449268012e+00 2.730600590896805180e+00 1.927925941581845048e+00 2.510502167054914580e+00 1.377910937503974198e+00
1.030137468710127679e+00 2.730830092509461959e+00 1.936507250095870880e+00 2.493869634279271441e+00 1.377121944767198958e+00
1.053002815249745705e+00 2.734271508683711271e+00 1.941072453444352197e+00 2.478991806457788272e+00 1.369460053630269680e+00
1.072514336386309663e+00 2.724344365674565616e+00 1.943697561076970004e+00 2.461736549803116070e+00 1.360637127219547216e+00
1.087628975201436088e+00 2.699766837134781383e+00 1.952098956632040139e+00 2.446127052564352145e+00 1.359180017567004350e+00
1.100415644403571980e+00 2.679569039717012213e+00 1.963715049996801243e+00 2.441584225572153155e+00 1.369185203955598285e+00
1.116444135573801955e+00 2.654916049487043850e+00 1.963665933397528374e+00 2.425731315293429002e+00 1.373346071620117792e+00
1.116549975745510404e+00 2.619630512824872248e+00 1.967977568291190194e+00 2.417485292604663272e+00 1.382672689977202829e+00
1.120967104582183849e+00 2.592953081718247343e+00 1.973533266620408400e+00 2.414775891904316296e+00 1.396855492587130598e+00
1.128868661092955472e+00 2.566494300393014072e+00 1.978466885436566125e+00 2.410599183141814983e+00 1.410481183251185433e+00
1.135907070946347019e+00 2.532798235595269176e+00 1.982341587089602619e+00 2.400660482941137097e+00 1.419288738213825285e+00
1.135784491347173297e+00 2.495382806521754482e+00 1.985917159343558058e+00 2.385743431898909694e+00 1.419625126792161351e+00
1.128267825848446870e+00 2.462302979277386061e+00 1.989431659170064259e+00 2.370529266361501630e+00 1.413428947339241404e+00
1.119993669868124764e+00 2.432058353150007513e+00 1.988439120558287865e+00 2.355433616107843076e+00 1.404903160681223895e+00
1.116148056046021519e+00 2.403718618310777266e+00 1.978757153079830022e+00 2.339385630488634238e+00 1.398948103321857150e+00
1.114269062860929083e+00 2.374218406819408766e+00 1.970605719781610699e+00 2.321100070947067273e+00 1.399849018698947178e+00
1.119956659107064434e+00 2.350016818745785052e+00 1.976810195552893834e+00 2.301062242162637439e+00 1.404783091862342070e+00
1.134270309013311273e+00 2.345816928959293612e+00 1.992342172305922476e+00 2.286668783214588885e+00 1.408617182601615614e+00
1.150033377455208061e+00 2.342414249094317835e+00 2.010946441214411795e+00 2.282923828373469188e+00 1.411291786305772566e+00
1.164497895516532155e+00 2.334745293049582671e+00 2.029923241803808676e+00 2.281722245307657992e+00 1.414204353981230344e+00
1.178192492979278638e+00 2.324636383231682313e+00 2.048793764991931443e+00 2.280297966368322715e+00 1.417573866667408922e+00
1.192037925819668054e+00 2.312549809225440622e+00 2.067188591651794027e+00 2.277949675761740789e+00 1.421156765326667903e+00
1.207452518451104906e+00 2.295973647009847962e+00 2.083609647987334501e+00 2.273918620779599831e+00 1.424891936492541422e+00
1.225645025937516674e+00 2.270022682567200079e+00 2.092830129576129572e+00 2.267981491952713036e+00 1.429586051060191876e+00
1.240594292766871387e+00 2.238981645477710281e+00 2.088539103670678632e+00 2.262087184981524057e+00 1.436607550652610588e+00
1.243683969435283476e+00 2.228896518633139756e+00 2.083451447292453462e+00 2.251029141521124544e+00 1.452933588865501724e+00
1.246435611161103907e+00 2.237588716938513134e+00 2.080769593768760917e+00 2.243832319971062361e+00 1.470865973959915918e+00
1.251805025904672464e+00 2.237885958830205357e+00 2.084484399595785131e+00 2.238066098752428346e+00 1.489091717075142318e+00
1.258359537896605929e+00 2.231173579522930606e+00 2.093026964711205196e+00 2.233468109447559691e+00 1.505879587741102421e+00
1.265241338547849148e+00 2.221584337825840194e+00 2.103081633514228610e+00 2.229432658071520024e+00 1.521769503276657387e+00
1.272185381414086658e+00 2.211350499197014763e+00 2.113430493828023060e+00 2.225529132047344039e+00 1.537442912463832467e+00
1.279139036060565005e+00 2.201012874397761276e+00 2.123822870371017579e+00 2.221646849035507909e+00 1.553082184347874373e+00
1.286092690707043351e+00 2.190675249598507346e+00 2.134215246914011654e+00 2.217764566023671780e+00 1.568721456231916278e+00
1.293046345353521698e+00 2.180337624799253859e+00 2.144607623457005730e+00 2.213882283011836094e+00 1.584360728115958183e+00
1.300000000000000044e+00 2.169999999999999929e+00 2.154999999999999805e+00 2.209999999999999964e+00 1.600000000000000089e+00
