8.699999999999999956e-01 2.740000000000000213e+00 1.850000000000000089e+00 2.629999999999999893e+00 1.350000000000000089e+00
9.022514706802421403e-01 2.733592512448991929e+00 1.860123138035646884e+00 2.602142480697450466e+00 1.353428870654153071e+00
9.345029413604842849e-01 2.727185024897983201e+00 1.870246276071293678e+00 2.574284961394901039e+00 1.356857741308306053e+00
9.667544120407265407e-01 2.720777537346974917e+00 1.880369414106940473e+00 2.546427442092351612e+00 1.360286611962458814e+00
9.988776321085872656e-01 2.714896378334209270e+00 1.890702319815005250e+00 2.518413475545830060e+00 1.363309445451243773e+00
1.030657834815022822e+00 2.711128765493153292e+00 1.901578156662669938e+00 2.490043599320381773e+00 1.365554830060439873e+00
1.062128891512343687e+00 2.714385277663091678e+00 1.912883170931579002e+00 2.461682139702070504e+00 1.368312382495575186e+00
1.095265289950569043e+00 2.732150348929573092e+00 1.922406626873889746e+00 2.437446054403741513e+00 1.370047975160446407e+00
1.109083835966169662e+00 2.740333737675655357e+00 1.952257184385423283e+00 2.437645116465740003e+00 1.374337618672119232e+00
1.133901221910388113e+00 2.754611630707866521e+00 1.976881151118342173e+00 2.444965851118487077e+00 1.387755149617199146e+00
1.174895983906144359e+00 2.747576906594434210e+00 1.989846861423085533e+00 2.446892606316102281e+00 1.384357540893398797e+00
1.210676357844795437e+00 2.718252574032973712e+00 1.991180366802463686e+00 2.447084958253524789e+00 1.370760906411389035e+00
1.233740443929458586e+00 2.679827158799424236e+00 1.988761766007654419e+00 2.440267454276412007e+00 1.349524247322168691e+00
1.248301893141954722e+00 2.641638585925506266e+00 1.989611304251779123e+00 2.424226510889933905e+00 1.326202028861992455e+00
1.261098156604936404e+00 2.594172781988917098e+00 1.992708685426636706e+00 2.405124517321535649e+00 1.311222420905152175e+00
1.263753984554088827e+00 2.551759457812805554e+00 2.000029789209770037e+00 2.375751309586127125e+00 1.301472751272911177e+00
1.263858113160345464e+00 2.514958991396222032e+00 2.006290327506767390e+00 2.345109239640370546e+00 1.286251601401831923e+00
1.266644891937479755e+00 2.473152894346810626e+00 2.011893492587584653e+00 2.317448816178549365e+00 1.271427355962601258e+00
1.265950078062193507e+00 2.430181782336695129e+00 2.022298018140736175e+00 2.289388180433916897e+00 1.262291809736229009e+00
1.264156779338736714e+00 2.391335052508732240e+00 2.041680017834422767e+00 2.275109638555058211e+00 1.274760940456682423e+00
1.262205230992311300e+00 2.365569733668267727e+00 2.054648499919107252e+00 2.267653690207380723e+00 1.304291989976917199e+00
1.257080956252612847e+00 2.335870991354922488e+00 2.040919417642243161e+00 2.274615598892727242e+00 1.330115031542568715e+00
1.251782115606933754e+00 2.310936467703668562e+00 2.028129074016359112e+00 2.252183244820187724e+00 1.312699366969624526e+00
1.246923473033376917e+00 2.298769332041977087e+00 2.049768561605923356e+00 2.220748415765032568e+00 1.317738750996282793e+00
1.240026124447367373e+00 2.282332485958870283e+00 2.069826386439939547e+00 2.211374660713631535e+00 1.344890703617957373e+00
1.235818733200151565e+00 2.262235383975176983e+00 2.085285635180710972e+00 2.208357035591658413e+00 1.375546975085031542e+00
1.233818469519125438e+00 2.238790036919551696e+00 2.093596840296732431e+00 2.204885139668020244e+00 1.407488983267810578e+00
1.249028546530682959e+00 2.236157678434082641e+00 2.120958623386720809e+00 2.197633377951184297e+00 1.425368185544648503e+00
1.261065936780716878e+00 2.235834765789021628e+00 2.152709194726021291e+00 2.202094508038645593e+00 1.427973350931117658e+00
1.270509012508159286e+00 2.237222630397840639e+00 2.160795487658062619e+00 2.216120209996253365e+00 1.460532753376244441e+00
1.277850167780909763e+00 2.225906822965226350e+00 2.156411620963245568e+00 2.216905599723421272e+00 1.495982350185444787e+00
1.285273916675416794e+00 2.207776577013287778e+00 2.155590044140163641e+00 2.214983375494385509e+00 1.530749641357897373e+00
1.292636958337708641e+00 2.188888288506643853e+00 2.155295022070081501e+00 2.212491687747192515e+00 1.565374820678948620e+00
1.300000000000000044e+00 2.169999999999999929e+00 2.154999999999999805e+00 2.209999999999999964e+00 1.600000000000000089e+00
