8.699999999999999956e-01 2.740000000000000213e+00 1.850000000000000089e+00 2.629999999999999893e+00 1.350000000000000089e+00
8.961915886620260840e-01 2.738905122973440243e+00 1.859502998046631106e+00 2.611465182177794553e+00 1.348997772970984110e+00
9.223831773240520615e-01 2.737810245946880716e+00 1.869005996093262123e+00 2.592930364355588768e+00 1.347995545941968132e+00
9.485747659860781500e-01 2.736715368920321190e+00 1.878508994139892918e+00 2.574395546533383428e+00 1.346993318912952153e+00
9.747538189575056800e-01 2.735650350965204147e+00 1.888021544078168246e+00 2.555849015555321735e+00 1.346012953743998652e+00
1.000874131010522028e+00 2.734723980837941326e+00 1.897578243395458886e+00 2.537248488150294801e+00 1.345134106245748029e+00
1.026816112050640939e+00 2.734206531320816147e+00 1.907263207946379158e+00 2.518492453142858079e+00 1.344554709254751623e+00
1.052034961927632351e+00 2.735195182067765796e+00 1.917395193190607916e+00 2.499212542443823626e+00 1.345078738898629611e+00
1.073311262037443647e+00 2.742496217246554124e+00 1.928843950148627862e+00 2.478225603137240718e+00 1.349143640463019711e+00
1.084448943939497534e+00 2.748431362156630087e+00 1.941096277995808750e+00 2.451411082358671667e+00 1.349821701417004638e+00
1.106258077016287977e+00 2.723126703575400320e+00 1.951879656244221106e+00 2.442157766150972353e+00 1.342912552721367447e+00
1.133934617488091545e+00 2.711458571934536543e+00 1.960026351337852857e+00 2.430114014398576217e+00 1.336193336530036690e+00
1.160783481179855636e+00 2.701138278654381608e+00 1.969556604661872434e+00 2.423571143761600322e+00 1.326154771510291930e+00
1.185954891218788276e+00 2.686343750820844534e+00 1.981555463661572647e+00 2.418866582115431374e+00 1.317461843422935264e+00
1.212032859263338702e+00 2.666719663270597174e+00 1.990794230948972343e+00 2.414277747940130059e+00 1.308957572977675898e+00
1.237002785303401797e+00 2.642417695029699587e+00 1.999961094303037479e+00 2.411003715562792138e+00 1.303682031037412870e+00
1.253339523732443173e+00 2.620039669747996403e+00 2.017935025560716689e+00 2.406781316866322573e+00 1.307009584982772532e+00
1.265045114185455066e+00 2.599254238105091375e+00 2.035634644746803446e+00 2.393867992147748591e+00 1.312273690456599917e+00
1.270974271702817626e+00 2.575659838367635679e+00 2.050136492486462458e+00 2.372160512321312975e+00 1.315236557469772416e+00
1.268981901266803103e+00 2.543569449502284474e+00 2.061093703726306181e+00 2.350238751384460034e+00 1.315458704923559541e+00
1.262863899724390837e+00 2.502827479087318174e+00 2.066619537574399423e+00 2.332024484748215443e+00 1.315663050407066326e+00
1.256338357298037334e+00 2.459863381744915589e+00 2.066999061730224518e+00 2.315608934700599253e+00 1.319581903467885731e+00
1.250818342961193208e+00 2.419162393433822444e+00 2.065200286639893523e+00 2.301091627164860487e+00 1.329120101618385563e+00
1.246685506885532035e+00 2.383530981260399084e+00 2.063032303344349838e+00 2.289348828090187915e+00 1.344088483883876251e+00
1.243960763287288218e+00 2.353664718457684213e+00 2.061548137361637334e+00 2.280278670587591705e+00 1.362773726364061799e+00
1.242267950640225216e+00 2.327477608086464755e+00 2.062130425040914705e+00 2.272495750040580020e+00 1.383079307073308284e+00
1.240886750617373302e+00 2.302241315992247461e+00 2.066282084902371086e+00 2.263815253003047090e+00 1.403060212155045505e+00
1.239211145706779149e+00 2.277455969078129971e+00 2.074170029116062963e+00 2.252237915253022749e+00 1.421285137796466147e+00
1.237790932050867321e+00 2.254073157541741868e+00 2.083091371983782913e+00 2.238526538213994499e+00 1.438713750157903259e+00
1.238779578721619368e+00 2.231871335684447732e+00 2.088844096430515052e+00 2.228531449194669278e+00 1.458758576697602338e+00
1.243587732483191433e+00 2.212487128467041764e+00 2.090622817584193438e+00 2.228227097072261298e+00 1.481142273780564178e+00
1.250977019440345117e+00 2.197808057930113801e+00 2.093550798644706390e+00 2.232512019807168180e+00 1.503681257768622048e+00
1.259833559862678865e+00 2.188272995846850311e+00 2.101107973997719203e+00 2.233774913496616499e+00 1.525696557836215828e+00
1.269577126720382809e+00 2.182458965547060536e+00 2.112472774896100081e+00 2.230597265491654380e+00 1.546042106538073613e+00
1.279657006055404667e+00 2.178183038106214386e+00 2.126057058553179502e+00 2.224542608919374054e+00 1.564642405097723898e+00
1.289828503027702356e+00 2.174091519053106936e+00 2.140528529276589875e+00 2.217271304459687009e+00 1.582321202548861994e+00
1.300000000000000044e+00 2.169999999999999929e+00 2.154999999999999805e+00 2.209999999999999964e+00 1.600000000000000089e+00
