8.699999999999999956e-01 2.740000000000000213e+00 1.850000000000000089e+00 2.629999999999999893e+00 1.350000000000000089e+00
8.931518000360132437e-01 2.739372702311770880e+00 1.860073828182937428e+00 2.609971366829717976e+00 1.347979750891800332e+00
9.163036000720263807e-01 2.738745404623541546e+00 1.870147656365874989e+00 2.589942733659436502e+00 1.345959501783600354e+00
9.394554001080396288e-01 2.738118106935312657e+00 1.880221484548812327e+00 2.569914100489154585e+00 1.343939252675400597e+00
9.626004192998892650e-01 2.737448702873186424e+00 1.890295695019733602e+00 2.549876890390269768e+00 1.341922721892663706e+00
9.857220959019351580e-01 2.736634797462233148e+00 1.900371297095100998e+00 2.529810637021271624e+00 1.339919375272029312e+00
1.008608136417636469e+00 2.734430273210167961e+00 1.910460795252034938e+00 2.509489953656585559e+00 1.338063706819425658e+00
1.030586860096246893e+00 2.727814582486472794e+00 1.920558364635461368e+00 2.488597762408697900e+00 1.336815742730639744e+00
1.050507625495247455e+00 2.713645996686667949e+00 1.930718250550225612e+00 2.467952459426048240e+00 1.337657907182433270e+00
1.067399137609848392e+00 2.692987492373564606e+00 1.940654826714506287e+00 2.451306290292534218e+00 1.344121067676223191e+00
1.080177713112757676e+00 2.678245062258048481e+00 1.944382710848260309e+00 2.448230002951731876e+00 1.359835332863771562e+00
1.100054801530832904e+00 2.687487531647854588e+00 1.937458432694990407e+00 2.440684042845737256e+00 1.364465916047548744e+00
1.094789883483978432e+00 2.660505213103703248e+00 1.947378365489478291e+00 2.420881012829967371e+00 1.362324168674651892e+00
1.089797242143032641e+00 2.618390093341586677e+00 1.946722105024762506e+00 2.411566625635519934e+00 1.362991431723159064e+00
1.095972883150750699e+00 2.576895955506452562e+00 1.945951286022550297e+00 2.400616367164858378e+00 1.365012895566241058e+00
1.105766258328311213e+00 2.537794200546370949e+00 1.945889519622479025e+00 2.388661820788597012e+00 1.368908678717793759e+00
1.116076556847351409e+00 2.501567954137078775e+00 1.948580347237513388e+00 2.377078906228865751e+00 1.375911108990650167e+00
1.123508337633204457e+00 2.471989757846593250e+00 1.959285236844581002e+00 2.367993457180872063e+00 1.385807111285104698e+00
1.125637972306349432e+00 2.451594304663738288e+00 1.976831020834755037e+00 2.360384392355884486e+00 1.394796604151920638e+00
1.126450245632053093e+00 2.429451389317329291e+00 1.994452346481343508e+00 2.348926524716192343e+00 1.400853264837143008e+00
1.131241401758259268e+00 2.397599148917946010e+00 2.004214992444965482e+00 2.331595845773686282e+00 1.406025659396422434e+00
1.138487017239447674e+00 2.364599988933590247e+00 2.008581370377778619e+00 2.313078429573236949e+00 1.412622914272618990e+00
1.144910324441403171e+00 2.333955345917650082e+00 2.015821749110376260e+00 2.294483620012092828e+00 1.419889781541753271e+00
1.150832780491079399e+00 2.305282539025269806e+00 2.026591000718324764e+00 2.276357881706840836e+00 1.425929339638293492e+00
1.157342075515514379e+00 2.279376259262280602e+00 2.041660096009991321e+00 2.260384223227430933e+00 1.427378593253263217e+00
1.167730168393322332e+00 2.260153214282479173e+00 2.056739311318708907e+00 2.250967711728861786e+00 1.418300807749393933e+00
1.184800350087749976e+00 2.257361984340958472e+00 2.061590829583173967e+00 2.251737526417447288e+00 1.402126900481584837e+00
1.193267953659524760e+00 2.274547790102829925e+00 2.079203347966764870e+00 2.255601308836896468e+00 1.400344853972886217e+00
1.198616392854119583e+00 2.291448224365846276e+00 2.099180206655860470e+00 2.257801700491134600e+00 1.406948450550916885e+00
1.210341874716032606e+00 2.295831353728103874e+00 2.112493826352771720e+00 2.250545720944113981e+00 1.420782132709878409e+00
1.220398872026826842e+00 2.280075027545354072e+00 2.102588766781478657e+00 2.235158580545968388e+00 1.430801728162155895e+00
1.232219502300490044e+00 2.267018287195475157e+00 2.088810814727640519e+00 2.213395084153015002e+00 1.435844092654776194e+00
1.247303454435444436e+00 2.269233020478192309e+00 2.081328061420955500e+00 2.202342423186397280e+00 1.438623232694070664e+00
1.253010316682978020e+00 2.258557371132462688e+00 2.086061576293413378e+00 2.203045943883013003e+00 1.457979017379577469e+00
1.258145032612899117e+00 2.248363810878242663e+00 2.091679986218276888e+00 2.200915802337296778e+00 1.477236790564322888e+00
1.263046385533865168e+00 2.239107181188120244e+00 2.096327232291580245e+00 2.196281644341927297e+00 1.496668291784748472e+00
1.269183501545309900e+00 2.229929978213205821e+00 2.103410911032070452e+00 2.190344732388343374e+00 1.515179346996244014e+00
1.276426506760846458e+00 2.219027950900039681e+00 2.114997581252555214e+00 2.187259346524678350e+00 1.531766133105273431e+00
1.283146126958868205e+00 2.206944606248371077e+00 2.128028810654535974e+00 2.189965971854920479e+00 1.547462375628166908e+00
1.289082673598024753e+00 2.195741713248189786e+00 2.138193186641537125e+00 2.195765308250460013e+00 1.564727480633562706e+00
1.294632303019958464e+00 2.183181103221305985e+00 2.146917254583206258e+00 2.202656797952563750e+00 1.582314489614396802e+00
1.300000000000000044e+00 2.169999999999999929e+00 2.154999999999999805e+00 2.209999999999999964e+00 1.600000000000000089e+00
