8.699999999999999956e-01 2.740000000000000213e+00 1.850000000000000089e+00 2.629999999999999893e+00 1.350000000000000089e+00
8.916373109324210455e-01 2.732182408944469287e+00 1.862738758626091728e+00 2.614657171408971248e+00 1.352678280564049595e+00
9.132746218648420955e-01 2.724364817888938362e+00 1.875477517252183368e+00 2.599314342817942602e+00 1.355356561128099102e+00
9.349119327972631455e-01 2.716547226833407436e+00 1.888216275878275008e+00 2.583971514226913957e+00 1.358034841692148609e+00
9.565492437296841954e-01 2.708729635777876510e+00 1.900955034504366425e+00 2.568628685635885756e+00 1.360713122256198115e+00
9.781865546621052454e-01 2.700912044722345584e+00 1.913693793130458065e+00 2.553285857044857110e+00 1.363391402820247622e+00
9.999400232898820740e-01 2.692935725038921646e+00 1.926162075244097327e+00 2.537704883339816142e+00 1.366108283812186297e+00
1.022155367405993776e+00 2.684196517706054941e+00 1.937268011716680283e+00 2.520973658824917862e+00 1.368997719181700878e+00
1.044762909330161360e+00 2.673548254760208298e+00 1.944265788488857449e+00 2.501222316739868834e+00 1.372159657221124762e+00
1.064255967861953645e+00 2.660818910197581655e+00 1.942493693085909801e+00 2.476964302525778816e+00 1.374721212210133103e+00
1.082590124644856822e+00 2.659268173729687934e+00 1.939910540236842174e+00 2.449388023103241885e+00 1.373629867370316004e+00
1.091709465970712500e+00 2.683134687794614059e+00 1.953132596609837845e+00 2.439435631975283236e+00 1.370896168483025646e+00
1.097478589380416425e+00 2.666130333508128558e+00 1.957981211539383537e+00 2.435272487103054662e+00 1.357394920296549179e+00
1.103158092105939625e+00 2.630531644024830751e+00 1.961394994398432123e+00 2.423442254893280801e+00 1.363783020202160579e+00
1.105245751759570627e+00 2.600641428695722901e+00 1.956457226252994230e+00 2.412420814410927594e+00 1.376120624672463544e+00
1.109074156114270293e+00 2.565909851141397802e+00 1.953003450206249436e+00 2.400823044431923847e+00 1.385203505801179347e+00
1.113788349014319001e+00 2.528848236927987436e+00 1.954816208654879928e+00 2.387749455640704621e+00 1.390285345239811843e+00
1.117622460875961510e+00 2.503489525444913433e+00 1.971782331900483909e+00 2.378638926500033612e+00 1.391720244658234629e+00
1.123356642749517409e+00 2.468910005518161199e+00 1.977654602761948599e+00 2.368485845575579507e+00 1.400016953418626864e+00
1.128125933106637335e+00 2.430266071252184190e+00 1.982354022404483329e+00 2.356175974393242001e+00 1.400300981206466844e+00
1.128265194927731141e+00 2.397326627919575071e+00 1.984485993766656353e+00 2.334267166908479574e+00 1.399993634157998157e+00
1.128434293775789410e+00 2.365923496493897105e+00 1.988846035331556017e+00 2.311808417283291561e+00 1.398469182138147637e+00
1.130108399110056006e+00 2.336193539027660027e+00 1.997243713416696265e+00 2.290453802882454593e+00 1.398667652483522872e+00
1.144519435130810781e+00 2.304246094090603769e+00 2.006790595414983169e+00 2.282254645923929459e+00 1.399050441221007857e+00
1.167335235831721940e+00 2.285383405852116301e+00 2.016974896621990698e+00 2.281942339466874525e+00 1.405317258609785513e+00
1.188289792904796194e+00 2.280175885095478083e+00 2.029066489298464226e+00 2.278159334706848949e+00 1.415821137711775757e+00
1.207788968284298603e+00 2.275487387387664651e+00 2.039416723539744236e+00 2.270187894536288553e+00 1.428210189099186289e+00
1.224858757337680792e+00 2.259157242942323229e+00 2.039175682851328109e+00 2.260630893996886659e+00 1.441982307624050552e+00
1.229388739962738120e+00 2.235331477946680856e+00 2.027930243965133439e+00 2.256467874995635281e+00 1.454222480276206708e+00
1.224011491661502138e+00 2.230657788544112119e+00 2.033033960277283114e+00 2.259933400669685621e+00 1.471453513613141251e+00
1.232291700835262516e+00 2.250367297707806635e+00 2.051003045461180285e+00 2.255210894223059537e+00 1.466216360397229801e+00
1.236826184974663345e+00 2.248342009651566276e+00 2.068319907906528421e+00 2.233634660020026530e+00 1.463702249061052507e+00
1.247958353259160047e+00 2.234016961645538313e+00 2.071738885512528938e+00 2.204393174731680283e+00 1.466682460738745641e+00
1.255191687801234801e+00 2.217463462367123661e+00 2.085349481780452763e+00 2.193050108865827408e+00 1.477518072182281594e+00
1.255654564625695802e+00 2.228308260198058388e+00 2.106827773639226464e+00 2.188024937665401293e+00 1.480591057689469858e+00
1.253569095487379714e+00 2.241175600458962247e+00 2.120378290082798323e+00 2.185092422291827319e+00 1.494681268916577377e+00
1.255073113379934657e+00 2.234577079120654286e+00 2.121843088732903393e+00 2.186176575852600834e+00 1.514670330451291846e+00
1.261738242907026297e+00 2.218038697188345676e+00 2.121897572994620340e+00 2.190694939615727144e+00 1.532805276430149855e+00
1.271480654465877880e+00 2.202273296353160159e+00 2.126869934574615151e+00 2.196262049198995925e+00 1.549898813616373383e+00
1.281259641853249809e+00 2.190855425212777874e+00 2.135842091793290987e+00 2.200997121424771663e+00 1.566601136157725449e+00
1.290629820926624927e+00 2.180427712606388901e+00 2.145421045896645396e+00 2.205498560712385814e+00 1.583300568078862769e+00
1.300000000000000044e+00 2.169999999999999929e+00 2.154999999999999805e+00 2.209999999999999964e+00 1.600000000000000089e+00
