8.699999999999999956e-01 2.740000000000000213e+00 1.850000000000000089e+00 2.629999999999999893e+00 1.350000000000000089e+00
8.876900069609130473e-01 2.728417619396889648e+00 1.860640895121647764e+00 2.612428662329709717e+00 1.356360460703714077e+00
9.053800139218262100e-01 2.716835238793778640e+00 1.871281790243295662e+00 2.594857324659419540e+00 1.362720921407428287e+00
9.230700208827392617e-01 2.705252858190667631e+00 1.881922685364943337e+00 2.577285986989129363e+00 1.369081382111142275e+00
9.407609297793341208e-01 2.693676565644461895e+00 1.892560428624412427e+00 2.559706027983883914e+00 1.375432406114191597e+00
9.584562979090602841e-01 2.682130918063374558e+00 1.903182287276460327e+00 2.542082813852595713e+00 1.381735977600955234e+00
9.761643467162569587e-01 2.670677944925661684e+00 1.913755916187550365e+00 2.524330199122591711e+00 1.387896527048164019e+00
9.939013282331533583e-01 2.659481288366746909e+00 1.924194683195549427e+00 2.506230439197398852e+00 1.393665177237215946e+00
1.011673650129984114e+00 2.649153685454967544e+00 1.934161174299490638e+00 2.487063533821684658e+00 1.398142563958441942e+00
1.029123094306235053e+00 2.642503572611762497e+00 1.942163692300078459e+00 2.465174006914752081e+00 1.398029341222838395e+00
1.042573441108891608e+00 2.648006113569898456e+00 1.943940263826483994e+00 2.443337286638456618e+00 1.386997463142147335e+00
1.050402149361408410e+00 2.653969646692783346e+00 1.935949956161926000e+00 2.423944860553401082e+00 1.371499351167544400e+00
1.064112764920160048e+00 2.673692580583038936e+00 1.951123232810263675e+00 2.416782696658836826e+00 1.372685179447806991e+00
1.080885380530874462e+00 2.681958516567879869e+00 1.965764650479286724e+00 2.408832737925580059e+00 1.376324640366294316e+00
1.094220560116120344e+00 2.650819948560146244e+00 1.970915793647582293e+00 2.407649337880866547e+00 1.389242836149324312e+00
1.109926235508077008e+00 2.616670697962198755e+00 1.977372438135916344e+00 2.406060453560621593e+00 1.395516009599014451e+00
1.125360696304416042e+00 2.581244533878559899e+00 1.983848476283195383e+00 2.401268409967291628e+00 1.396346646175397055e+00
1.137045314093874993e+00 2.545058473257874709e+00 1.989238461518434864e+00 2.390971435528403966e+00 1.393648770206986853e+00
1.144907509516513988e+00 2.511496653804757173e+00 1.993371914976320269e+00 2.375908224167669669e+00 1.386797717507140648e+00
1.153847019874299606e+00 2.484045212277810943e+00 1.997073048999702394e+00 2.359759368709872351e+00 1.375075778784104807e+00
1.168698795132968815e+00 2.464217192889276653e+00 2.001801218914517566e+00 2.346239760171825228e+00 1.360657956614722996e+00
1.188968480099388936e+00 2.451166594341350979e+00 2.007868856953354264e+00 2.336488082053590265e+00 1.346530270723279576e+00
1.210809473028993555e+00 2.442372024262967400e+00 2.013751435988411220e+00 2.328585873677785578e+00 1.332000760232269654e+00
1.230260436596122275e+00 2.432526420663201350e+00 2.016808174283429622e+00 2.318333532493673577e+00 1.315580412347308714e+00
1.240547211018469209e+00 2.405286890776585196e+00 2.014086298384095475e+00 2.300725095831366307e+00 1.313793364337348502e+00
1.238615312157673065e+00 2.378357052177928921e+00 2.010763832807191953e+00 2.290258075654278080e+00 1.331261932035698647e+00
1.234241864822643420e+00 2.355451154702672412e+00 2.010193428644217573e+00 2.284968982194279352e+00 1.352178082316863872e+00
1.229588441788003861e+00 2.334356655452548335e+00 2.013941767672281280e+00 2.282014825086811083e+00 1.373594589433844604e+00
1.226238272542944596e+00 2.315616517567972821e+00 2.023920733331227684e+00 2.279851863920062449e+00 1.393641525945508386e+00
1.225845821719119266e+00 2.299640683485918657e+00 2.040545485553756588e+00 2.276443171559648704e+00 1.409122754880353545e+00
1.228333208433272317e+00 2.284826637547245021e+00 2.061248341228210990e+00 2.270304775906543338e+00 1.417198247971439118e+00
1.231340003918830694e+00 2.269458014371828813e+00 2.082929553768560815e+00 2.262857923685244188e+00 1.419101934185113212e+00
1.232642344339519580e+00 2.254308337603900814e+00 2.105209486497500393e+00 2.257488887482314688e+00 1.419602928514110740e+00
1.233046540537234614e+00 2.240298722717979363e+00 2.127462295902104117e+00 2.254457534624220827e+00 1.423982015168844040e+00
1.238397856651870743e+00 2.223718285632295011e+00 2.142734148837223351e+00 2.245864576986552841e+00 1.437859460038323878e+00
1.248128422976213958e+00 2.208354673474876240e+00 2.145905724908319545e+00 2.233923263455452002e+00 1.457498541562596284e+00
1.257634799565590766e+00 2.196961580901014344e+00 2.146188135706103672e+00 2.226622464740037000e+00 1.479912190085080459e+00
1.266092337372134446e+00 2.188464320826203569e+00 2.148477736469846189e+00 2.223126225622644725e+00 1.503593965472798555e+00
1.274480026939902366e+00 2.182408821870446936e+00 2.151110810853791300e+00 2.220053377805235151e+00 1.527545908714638800e+00
1.282972764097285889e+00 2.177892333525544899e+00 2.152882531279145084e+00 2.216707520735230919e+00 1.551647749976414747e+00
1.291486382048642856e+00 2.173946166762772414e+00 2.153941265639572666e+00 2.213353760367615664e+00 1.575823874988207418e+00
1.300000000000000044e+00 2.169999999999999929e+00 2.154999999999999805e+00 2.209999999999999964e+00 1.600000000000000089e+00
