8.699999999999999956e-01 2.740000000000000213e+00 1.850000000000000089e+00 2.629999999999999893e+00 1.350000000000000089e+00
8.911690964434538786e-01 2.739859868125150477e+00 1.857524631104560342e+00 2.610384768187492988e+00 1.348527166669504895e+00
9.123381928869076507e-01 2.739719736250301185e+00 1.865049262209120373e+00 2.590769536374986526e+00 1.347054333339009924e+00
9.335072893303614228e-01 2.739579604375451449e+00 1.872573893313680626e+00 2.571154304562479620e+00 1.345581500008514730e+00
9.546814389391862221e-01 2.739431518423596223e+00 1.880090593454920578e+00 2.551539094568039623e+00 1.344109031409499444e+00
9.758719745850475968e-01 2.739257596937794581e+00 1.887581523290338570e+00 2.531923980642652783e+00 1.342637749390601209e+00
9.971993615868265382e-01 2.738861872283438359e+00 1.894853322516210969e+00 2.512311047230242345e+00 1.341176124402150283e+00
1.019002548564574617e+00 2.737559753441616284e+00 1.901304609203617435e+00 2.492731139249497296e+00 1.339744653235711791e+00
1.041255505700905193e+00 2.733784147575295531e+00 1.906669759280707366e+00 2.473255748748401928e+00 1.338292466512419621e+00
1.062322142365120126e+00 2.726574897960343247e+00 1.913801260314847763e+00 2.454047452052477318e+00 1.336623191344063599e+00
1.078784905992845600e+00 2.718819004743403323e+00 1.926960278091482959e+00 2.436322632326227478e+00 1.336104214028758452e+00
1.088705846128749988e+00 2.700325049183699200e+00 1.943949242540088607e+00 2.424868825808662809e+00 1.336420879694478980e+00
1.094207463895397137e+00 2.673081461300573114e+00 1.960899468887905561e+00 2.421554534843424200e+00 1.337180484042162387e+00
1.099085593572173725e+00 2.645798743416372112e+00 1.975675754070082668e+00 2.418337500171082066e+00 1.344556616649573710e+00
1.102773983675650937e+00 2.622006381282489862e+00 1.983735252809731620e+00 2.414612331518894095e+00 1.359198280779708279e+00
1.104329336284669782e+00 2.600252437375669246e+00 1.987972544529454044e+00 2.410472496167313849e+00 1.376140760336888480e+00
1.104205238248660459e+00 2.574999592177935170e+00 1.993323307768159358e+00 2.401808248848416483e+00 1.390707360883685517e+00
1.105850631465897127e+00 2.548036541263487553e+00 2.003792889911194308e+00 2.386576549566483685e+00 1.396939297366003752e+00
1.121249487978542625e+00 2.529299511785826127e+00 2.013125859882687774e+00 2.370838309538978006e+00 1.392400390267569010e+00
1.126371941829436896e+00 2.505956900214351801e+00 2.001756257007996531e+00 2.355227078057698709e+00 1.395539157068931946e+00
1.128418392190940756e+00 2.479837994262654277e+00 2.000095963166632629e+00 2.333880680698463550e+00 1.401556675563480292e+00
1.132034870766573054e+00 2.448557528846873499e+00 1.999756112367471861e+00 2.314126307590821163e+00 1.404243130500387959e+00
1.128947535286544124e+00 2.418047902913326830e+00 1.986984396674015496e+00 2.304606936923530469e+00 1.401487207465011320e+00
1.121873493783338782e+00 2.400445988747218262e+00 2.003694739500114341e+00 2.299547357096774380e+00 1.399973744698657319e+00
1.131373409982060485e+00 2.390830507004309879e+00 2.024751715902631144e+00 2.296094871151835193e+00 1.402028065067957519e+00
1.146712390530182146e+00 2.374609271919948306e+00 2.041819407237610573e+00 2.291555644468718622e+00 1.406314319241593669e+00
1.163783855359240782e+00 2.354045941186860169e+00 2.055585487197852057e+00 2.285574898954122247e+00 1.411818883067843089e+00
1.180963176444506324e+00 2.330833981248281450e+00 2.067401796301690187e+00 2.278345633055398611e+00 1.417604598518994008e+00
1.197924836905402302e+00 2.305651716026853926e+00 2.077717905436554435e+00 2.270358204340564789e+00 1.423542432969753690e+00
1.214663659098496051e+00 2.277548190930967387e+00 2.084869829750126691e+00 2.261992761021147214e+00 1.430096986524699965e+00
1.230671480135391516e+00 2.245882295805042173e+00 2.086250938674565347e+00 2.254360240971143625e+00 1.437055497401507065e+00
1.243551578964720461e+00 2.218509304762193324e+00 2.096895536429881801e+00 2.245980498125197400e+00 1.441741660381200330e+00
1.247575258924605635e+00 2.215494498110962773e+00 2.118910899220379118e+00 2.238350805000141719e+00 1.443294063403331107e+00
1.251216152469668552e+00 2.223117457056944968e+00 2.139605150600498273e+00 2.230647121024442292e+00 1.448821578191453296e+00
1.257148612558927070e+00 2.229833632676284427e+00 2.153486649079796589e+00 2.223804016702868314e+00 1.463135209397930625e+00
1.263723499717626098e+00 2.226317219689194271e+00 2.157448790606385725e+00 2.220084757667100561e+00 1.482580741550501457e+00
1.269888261623469461e+00 2.217883529857603619e+00 2.157647516838876456e+00 2.218014824236739013e+00 1.502221017271161640e+00
1.275923586836831713e+00 2.208390078127342449e+00 2.157169432583863067e+00 2.216344384602194850e+00 1.521782881795464837e+00
1.281944779767095310e+00 2.198804613403682051e+00 2.156637947680240863e+00 2.214744046436100344e+00 1.541337942782702308e+00
1.287963186511396962e+00 2.189203075602454973e+00 2.156091965120160658e+00 2.213162697624066588e+00 1.560891961855134902e+00
1.293981593255698392e+00 2.179601537801227451e+00 2.155545982560080454e+00 2.211581348812033276e+00 1.580445980927567717e+00
1.300000000000000044e+00 2.169999999999999929e+00 2.154999999999999805e+00 2.209999999999999964e+00 1.600000000000000089e+00
