8.699999999999999956e-01 2.740000000000000213e+00 1.850000000000000089e+00 2.629999999999999893e+00 1.350000000000000089e+00
9.144169799180184022e-01 2.739032184282025550e+00 1.867151132401058344e+00 2.585484645198206977e+00 1.342088844098433098e+00
9.588339598360368088e-01 2.738064368564050888e+00 1.884302264802116600e+00 2.540969290396414060e+00 1.334177688196866107e+00
1.004201035786970175e+00 2.736822764745352021e+00 1.905385553068979165e+00 2.500502078790246774e+00 1.331737939068410537e+00
1.050105856550486827e+00 2.734330680427271787e+00 1.932608005128738649e+00 2.471328463215785476e+00 1.337870097396357316e+00
1.099374857418083273e+00 2.738037612013475730e+00 1.962702223086306708e+00 2.479636019013875092e+00 1.334856113312907100e+00
1.153082319486809615e+00 2.734067881211685425e+00 1.977540489333692753e+00 2.503398143164684342e+00 1.315797944521963414e+00
1.206453744330534761e+00 2.721345512037855574e+00 2.000153301544272733e+00 2.503851357747403750e+00 1.298758006536817167e+00
1.247431128337876505e+00 2.698089695167936064e+00 2.033154865678693302e+00 2.492707765520651098e+00 1.289022424871270056e+00
1.261248329202636853e+00 2.663298546100820730e+00 2.071005208133522846e+00 2.467494434418270099e+00 1.280776173137140095e+00
1.258584347878756393e+00 2.595495094955202475e+00 2.082923397246610353e+00 2.426216267945230598e+00 1.277437914308201750e+00
1.258687970311470394e+00 2.526590431826114092e+00 2.072964329282800389e+00 2.382887073413248125e+00 1.279378454210841731e+00
1.256977855883435691e+00 2.461710663182057779e+00 2.066138072827353511e+00 2.334768227774272287e+00 1.282132348791668708e+00
1.254973844692370610e+00 2.396490091835439706e+00 2.064197369064137089e+00 2.286545103949730429e+00 1.288626849778585992e+00
1.258448517495681873e+00 2.337501030464864460e+00 2.078596496558536622e+00 2.238719458974215648e+00 1.295219355488077317e+00
1.263301978929644687e+00 2.292441075632272618e+00 2.098623738743165656e+00 2.193361144379250227e+00 1.309605153923688148e+00
1.252717022339451702e+00 2.265576558495107751e+00 2.091987325578164025e+00 2.200493258799042895e+00 1.360476953101831699e+00
1.247340666614883631e+00 2.241222399150645472e+00 2.101825975409886915e+00 2.223961274461816462e+00 1.408776019281256398e+00
1.260996237206109205e+00 2.218558866760146131e+00 2.112613766908597590e+00 2.245280435364580995e+00 1.456183825154918399e+00
1.280431405579315784e+00 2.194254636562616323e+00 2.112494589506464848e+00 2.230302727956299691e+00 1.505267116876610078e+00
1.290693977146485594e+00 2.181566210233214509e+00 2.132705082263518737e+00 2.218206484919994725e+00 1.552897065026288992e+00
1.300000000000000044e+00 2.169999999999999929e+00 2.154999999999999805e+00 2.209999999999999964e+00 1.600000000000000089e+00
