8.699999999999999956e-01 2.740000000000000213e+00 1.850000000000000089e+00 2.629999999999999893e+00 1.350000000000000089e+00
8.985078322492838776e-01 2.735598512347366729e+00 1.858919525433532005e+00 2.603240390288593442e+00 1.353337451639025524e+00
9.270156644985677596e-01 2.731197024694732800e+00 1.867839050867063921e+00 2.576480780577186991e+00 1.356674903278050959e+00
9.555234967478517527e-01 2.726795537042098871e+00 1.876758576300595838e+00 2.549721170865780540e+00 1.360012354917076394e+00
9.839631595554695354e-01 2.722472982273115960e+00 1.885813085988752080e+00 2.522955975306298448e+00 1.363264639940752865e+00
1.011630195882253336e+00 2.718982772749779286e+00 1.896255200128218688e+00 2.496190805755134967e+00 1.365621918058276041e+00
1.037053107037636090e+00 2.716787056922747468e+00 1.910351885654655746e+00 2.470485950667683284e+00 1.365659497648114451e+00
1.058104062930359524e+00 2.717575872371592816e+00 1.928906541396167018e+00 2.447809206425143103e+00 1.360545164983439914e+00
1.084943838845148223e+00 2.730643700290977360e+00 1.946027639353007599e+00 2.433535776213165747e+00 1.354952881480153470e+00
1.109655812352385418e+00 2.745811076947714202e+00 1.965282804940797323e+00 2.438307783373739657e+00 1.346440832380049413e+00
1.144884106393968759e+00 2.749347744936055715e+00 1.975340503912602408e+00 2.444952950902662625e+00 1.338614522591386358e+00
1.184481236459294262e+00 2.741092277196306881e+00 1.975875190437680562e+00 2.442054084222075261e+00 1.336307429401832225e+00
1.221201298303375982e+00 2.729714801266753810e+00 1.979572336680718081e+00 2.441243587573534768e+00 1.325334010080946090e+00
1.242735251912804095e+00 2.716182179207122349e+00 1.990411788359290890e+00 2.446703009664728423e+00 1.303014775678860815e+00
1.256840720874554451e+00 2.686793408765601132e+00 2.002905078255322824e+00 2.445225345174469211e+00 1.281995947121769230e+00
1.266665882328590342e+00 2.639435559330920444e+00 2.009376871154203936e+00 2.429254892757843454e+00 1.278598664392869955e+00
1.268539291274878522e+00 2.591027391032563187e+00 2.009906286886755655e+00 2.411449829130896561e+00 1.289103431449035053e+00
1.266393888513731580e+00 2.544757284155106714e+00 2.008642031204042500e+00 2.388315744507624405e+00 1.296122657790863331e+00
1.263917480631917778e+00 2.501965759775261144e+00 2.008088912029003748e+00 2.360337093101567252e+00 1.297238797794370457e+00
1.262096827592918524e+00 2.458415026179065155e+00 2.009292454655779547e+00 2.332957429438780039e+00 1.299054242093794054e+00
1.259773692507012655e+00 2.412731050705825275e+00 2.011203783878562579e+00 2.308328405547110052e+00 1.303745016399082246e+00
1.255853346548666760e+00 2.365425782504483543e+00 2.012908104804629339e+00 2.285490354429401627e+00 1.308206665712752681e+00
1.250159469853291627e+00 2.317800110321029283e+00 2.017252485608592938e+00 2.269566174261539615e+00 1.319295878299475255e+00
1.244847511135337648e+00 2.294773965014375250e+00 2.034456029140232491e+00 2.269217774731668413e+00 1.339568395167152870e+00
1.243967342666281839e+00 2.291917352327708990e+00 2.057543797131647256e+00 2.264334397426027046e+00 1.358588992737355339e+00
1.245742699806647868e+00 2.284816712895394009e+00 2.078310225359173646e+00 2.249358804651031107e+00 1.377563994176030482e+00
1.246585194155239940e+00 2.268785856466023265e+00 2.097397274115474275e+00 2.232538444267011979e+00 1.396212986099462539e+00
1.247462846954923821e+00 2.235960638168832393e+00 2.108943630085075238e+00 2.207116508399413313e+00 1.407840974510123022e+00
1.255438845481280818e+00 2.207237959592459831e+00 2.105646889300323288e+00 2.222079632201326760e+00 1.427528671898272483e+00
1.260431484580301298e+00 2.188525534749104828e+00 2.126996679439843607e+00 2.226250880477341099e+00 1.444680561768171723e+00
1.267920802801235425e+00 2.182174214456407135e+00 2.137399824791986092e+00 2.223535496858644489e+00 1.474160497599607211e+00
1.275844442892645203e+00 2.178833117176938838e+00 2.142208360035816384e+00 2.220176388193173977e+00 1.505552564442830255e+00
1.283866720932254291e+00 2.175879416907935404e+00 2.146435022875314846e+00 2.216774952095375895e+00 1.537045389263933748e+00
1.291933360466127167e+00 2.172939708453967445e+00 2.150717511437657326e+00 2.213387476047687930e+00 1.568522694631967029e+00
1.300000000000000044e+00 2.169999999999999929e+00 2.154999999999999805e+00 2.209999999999999964e+00 1.600000000000000089e+00
