8.699999999999999956e-01 2.740000000000000213e+00 1.850000000000000089e+00 2.629999999999999893e+00 1.350000000000000089e+00
8.971632454357172382e-01 2.743473289649309699e+00 1.860874315379679844e+00 2.607271342859386110e+00 1.349726543185285399e+00
9.243264908714344807e-01 2.746946579298619184e+00 1.871748630759359600e+00 2.584542685718772770e+00 1.349453086370570709e+00
9.514897363071517233e-01 2.750419868947928670e+00 1.882622946139039355e+00 2.561814028578158986e+00 1.349179629555856019e+00
9.787470972165747130e-01 2.753857039885776015e+00 1.893474889103540226e+00 2.539163710032934063e+00 1.348978765069941632e+00
1.006292214830928344e+00 2.757172685267253787e+00 1.904254844183744577e+00 2.516755906203936632e+00 1.348999210912404045e+00
1.034558681691820414e+00 2.758778900625841857e+00 1.914601260269711780e+00 2.494704897582898706e+00 1.349351616994213021e+00
1.063220443539488080e+00 2.753801562487098842e+00 1.924099103690922075e+00 2.472815191246422017e+00 1.351109373816360426e+00
1.084403783428511625e+00 2.742385894648977640e+00 1.938632477852860525e+00 2.453406641491704399e+00 1.360135120878412707e+00
1.098856501790350437e+00 2.734520147881411845e+00 1.943886621747915600e+00 2.446739907707338180e+00 1.383994069225684909e+00
1.117406771028244261e+00 2.746524127671148285e+00 1.962958689364092457e+00 2.438926378658887284e+00 1.370799368367766613e+00
1.141118177131317690e+00 2.727803200068225742e+00 1.963607340631212006e+00 2.427757654964497025e+00 1.350754174595800494e+00
1.171139148029074484e+00 2.702404790689070246e+00 1.969619425551099701e+00 2.427870803365237862e+00 1.338412988636452861e+00
1.202010061125448281e+00 2.689254721815192539e+00 1.979928644366849788e+00 2.435107901229921712e+00 1.326670451937885797e+00
1.225050037741269193e+00 2.669468206530986265e+00 1.986412222952181228e+00 2.439415895972520065e+00 1.306301257524988380e+00
1.236126690487313384e+00 2.641632501945538891e+00 1.987992659880585045e+00 2.432702133395316935e+00 1.282545193852597576e+00
1.258535930799921987e+00 2.629962362227836525e+00 2.003822816406882534e+00 2.418913967004017174e+00 1.274914427334107092e+00
1.278576590031538007e+00 2.636387970712164019e+00 2.026162675059562712e+00 2.417139921945012038e+00 1.279939207138760082e+00
1.293046319202317829e+00 2.607311281622963328e+00 2.040455684172156392e+00 2.405773524143722142e+00 1.291875055724594601e+00
1.290862903699759423e+00 2.563070709983811923e+00 2.038172202684983336e+00 2.388632923800781072e+00 1.303458998488481679e+00
1.282444090338817677e+00 2.518367731313098545e+00 2.037152735283965566e+00 2.371696849725872358e+00 1.313659289368310557e+00
1.274010829057581784e+00 2.473507004804991194e+00 2.040917872675730660e+00 2.353658400242763626e+00 1.321237512997626151e+00
1.266959774868803068e+00 2.429889226091428434e+00 2.048064651814531789e+00 2.333916039484434268e+00 1.325099135081400537e+00
1.257675864400108701e+00 2.391501488905761086e+00 2.054529899407325111e+00 2.310526006445920544e+00 1.320696333618026852e+00
1.245048218766339865e+00 2.383643271472008607e+00 2.055263240774200639e+00 2.288398933595450213e+00 1.303734667220645571e+00
1.249105495645006725e+00 2.356419495386038232e+00 2.075267143157740968e+00 2.278902322793675772e+00 1.315035689992591461e+00
1.251715140794579462e+00 2.331914004350896352e+00 2.093547066624316333e+00 2.270177794780289915e+00 1.319520184282620301e+00
1.255103274460626972e+00 2.305494365680973878e+00 2.087706972806124828e+00 2.251398123586146216e+00 1.340121653721830119e+00
1.254373883459912076e+00 2.279259930160189018e+00 2.086155619063849720e+00 2.238413992878967029e+00 1.364446254456737950e+00
1.251018751089389314e+00 2.254535062190555550e+00 2.089641793380710766e+00 2.231841642353675770e+00 1.390554006996270964e+00
1.246037068073627019e+00 2.232786134207162210e+00 2.094894937606257557e+00 2.231659628142828922e+00 1.417499045990163964e+00
1.241004956282217631e+00 2.214973471900802515e+00 2.098535243378440107e+00 2.234097437293756538e+00 1.445357310460067657e+00
1.243458742786859306e+00 2.210986943717646813e+00 2.107698290598139845e+00 2.230673912517417978e+00 1.473037480257361809e+00
1.254788848426290793e+00 2.216785837060193387e+00 2.124528147108294629e+00 2.225249467034542850e+00 1.494386839268111666e+00
1.267556963117424385e+00 2.212391648565007696e+00 2.137316219339435719e+00 2.223439114485602275e+00 1.518976020162599916e+00
1.278753079849556551e+00 2.200251535150649307e+00 2.144561413686611573e+00 2.219873281749028315e+00 1.545890127045075557e+00
1.289376539924778298e+00 2.185125767575324396e+00 2.149780706843305467e+00 2.214936640874514140e+00 1.572945063522537712e+00
1.300000000000000044e+00 2.169999999999999929e+00 2.154999999999999805e+00 2.209999999999999964e+00 1.600000000000000089e+00
