8.699999999999999956e-01 2.740000000000000213e+00 1.850000000000000089e+00 2.629999999999999893e+00 1.350000000000000089e+00
9.006754393039141382e-01 2.748224170024424318e+00 1.869530525687985945e+00 2.613470437398762058e+00 1.347930718184419341e+00
9.313508786078283919e-01 2.756448340048847534e+00 1.889061051375972022e+00 2.596940874797524668e+00 1.345861436368838593e+00
9.620263179117425345e-01 2.764672510073271638e+00 1.908591577063957878e+00 2.580411312196287277e+00 1.343792154553257845e+00
9.927386257841657180e-01 2.772875526554271275e+00 1.928098151937236437e+00 2.563871443452276910e+00 1.341850522089148345e+00
1.023723413640882374e+00 2.780805745061193601e+00 1.947421562899289249e+00 2.547314423595973487e+00 1.340521791427131015e+00
1.055451110043555296e+00 2.787856928429696346e+00 1.966104648090362117e+00 2.530632512656829203e+00 1.340497746483817476e+00
1.088425205416806429e+00 2.791987813292453602e+00 1.982617133860856473e+00 2.512028015682450821e+00 1.341520829588593866e+00
1.116450630140416456e+00 2.785255879005363866e+00 1.993845765518618585e+00 2.481736973425955117e+00 1.341530834104317060e+00
1.141820760581216732e+00 2.762768385669601479e+00 1.996068359769548772e+00 2.448887030919053132e+00 1.345047167888120843e+00
1.173696770069339257e+00 2.720943505967837517e+00 1.991627193688116693e+00 2.439310262945950214e+00 1.338349394403723247e+00
1.201839778974829631e+00 2.674575329376409627e+00 1.989209468584437479e+00 2.426822633573489707e+00 1.330383534194073736e+00
1.226109543156049142e+00 2.626962608479154859e+00 1.982930065419755028e+00 2.417423281424790016e+00 1.317527361878616077e+00
1.243998011129954229e+00 2.574629094866955015e+00 1.974634750133723138e+00 2.407833934609122206e+00 1.304010584664300865e+00
1.260102769790724775e+00 2.519044355019496528e+00 1.968706005377914181e+00 2.389647678478946435e+00 1.298809745011182626e+00
1.266050755344058976e+00 2.470927760677059659e+00 1.962068521971700896e+00 2.360854019060284692e+00 1.306231287438580191e+00
1.259176368890903674e+00 2.432949243799410244e+00 1.956402359918919309e+00 2.330800163846540762e+00 1.321411538490647297e+00
1.257082040781014598e+00 2.402402423095027828e+00 1.966777715205097588e+00 2.303694338527211727e+00 1.341527616900259678e+00
1.251293660940319352e+00 2.383851706262705594e+00 1.986710581353799965e+00 2.282333688048669096e+00 1.361003585482128075e+00
1.244781394858919699e+00 2.372758863986228040e+00 2.013457358130911867e+00 2.268443014437909078e+00 1.376306552496065594e+00
1.240942057110605123e+00 2.359887761555763852e+00 2.043958727483765614e+00 2.259254529980885717e+00 1.384581052112165533e+00
1.241305267645575139e+00 2.339072650058388714e+00 2.074506776286625165e+00 2.250348603183887963e+00 1.387893882438212545e+00
1.245225391943878712e+00 2.309962621734165999e+00 2.102134951925375361e+00 2.237052723028764678e+00 1.392893942524237039e+00
1.252425066844915724e+00 2.282365537947142364e+00 2.123453483285225651e+00 2.218886196750835094e+00 1.409210247783840186e+00
1.263477031282179475e+00 2.261209994401364387e+00 2.132380615836199755e+00 2.205817237111470153e+00 1.437817435092353824e+00
1.273506950736091881e+00 2.243505122446876054e+00 2.134222416811235146e+00 2.201659222456824327e+00 1.470144189925026934e+00
1.280110551572731348e+00 2.227073725491508061e+00 2.137264192094500359e+00 2.201928258828797169e+00 1.503251621917012670e+00
1.286574395713517838e+00 2.208787154280541731e+00 2.142786846601155926e+00 2.203959381697945030e+00 1.535738246914088778e+00
1.293287197856758830e+00 2.189393577140270608e+00 2.148893423300577865e+00 2.206979690848972719e+00 1.567869123457044545e+00
1.300000000000000044e+00 2.169999999999999929e+00 2.154999999999999805e+00 2.209999999999999964e+00 1.600000000000000089e+00
