8.699999999999999956e-01 2.740000000000000213e+00 1.850000000000000089e+00 2.629999999999999893e+00 1.350000000000000089e+00
9.680905119937673886e-01 2.736331673455136393e+00 1.897062968189755727e+00 2.558761932437514819e+00 1.353950253365586498e+00
1.048330714566610755e+00 2.722500811790328434e+00 1.952279966345534357e+00 2.483245539439535410e+00 1.377176906837200177e+00
1.058398193597930526e+00 2.720647030670710897e+00 1.959390743619367159e+00 2.473582134806554311e+00 1.380309803050892015e+00
1.069929081092853007e+00 2.718186557013360094e+00 1.968077630641861919e+00 2.462131195228640212e+00 1.383846019229145297e+00
1.078371297234515636e+00 2.682629785602594019e+00 1.965781332339866960e+00 2.433603250620896663e+00 1.387696550097906156e+00
1.075890238863116632e+00 2.655763888311706289e+00 1.954857152715720137e+00 2.421832488624435342e+00 1.390896801397752069e+00
1.077942380301910141e+00 2.627142400630831265e+00 1.945552370848663504e+00 2.409171691027587769e+00 1.396691366451095817e+00
1.083693525773168131e+00 2.610410781649125322e+00 1.941882886146768961e+00 2.401433991317164729e+00 1.401196457026824937e+00
1.099200279413167447e+00 2.604233287726537949e+00 1.944924352614431085e+00 2.398136539774501585e+00 1.406458373511894289e+00
1.108629338323789959e+00 2.610236641400068613e+00 1.951352564390467226e+00 2.401154090942361652e+00 1.407318278496589858e+00
1.113866737400533102e+00 2.621029546482791517e+00 1.976041800483726574e+00 2.407747321667575768e+00 1.391948484289800003e+00
1.121075018850912430e+00 2.640602807295473475e+00 1.973856207035870280e+00 2.420259942472968273e+00 1.404041548280251517e+00
1.137737064598617565e+00 2.656734001035138348e+00 1.965209830307727668e+00 2.438854503231775439e+00 1.407088093073670887e+00
1.170315125253940103e+00 2.664916704981174611e+00 1.955596201794769007e+00 2.450950682756587451e+00 1.389051076420510844e+00
1.182275922371073040e+00 2.661344732038824379e+00 1.956377477697018197e+00 2.446837283728082291e+00 1.376581637273053049e+00
1.204724396711467582e+00 2.653043804483330881e+00 1.959918455843915774e+00 2.439441189768370766e+00 1.353174597479259278e+00
1.226193319217426581e+00 2.639612607003473777e+00 1.970713519790224577e+00 2.435938053546887083e+00 1.332517616878251099e+00
1.274453680362734431e+00 2.578476069024350892e+00 2.026537528433521640e+00 2.439225353621252257e+00 1.295231765378739297e+00
1.274472941369857670e+00 2.557709835513969132e+00 2.036632623494046168e+00 2.429964780488188314e+00 1.297363199962994207e+00
1.271705570800462981e+00 2.546512561619055148e+00 2.042865405112015420e+00 2.420429847137154145e+00 1.297903879889034551e+00
1.266179645067414761e+00 2.520150247511445674e+00 2.046624295199336085e+00 2.399516839511949939e+00 1.299480824204246154e+00
1.261781311571949615e+00 2.496862029340598088e+00 2.042261527537539312e+00 2.382061332194409520e+00 1.299865134326191551e+00
1.255095458825224108e+00 2.462301682043901430e+00 2.036326919198719665e+00 2.356485685910089778e+00 1.301009028699294579e+00
1.250460667632682821e+00 2.434205186563994427e+00 2.036710531462144758e+00 2.338506219867592772e+00 1.305404378823162403e+00
1.246757126963091711e+00 2.411465032963622690e+00 2.039363344338072981e+00 2.325712225136532751e+00 1.310587814342156987e+00
1.233259761048128400e+00 2.335612283831972835e+00 2.044498558598103699e+00 2.287557931506039477e+00 1.334753999911427291e+00
1.230864287948827629e+00 2.320509331389292385e+00 2.037943389439540010e+00 2.286450129779228124e+00 1.356108938917032436e+00
1.230904164125381728e+00 2.317766386445004212e+00 2.036708319828727021e+00 2.286279328773042074e+00 1.361557206733634340e+00
1.234169477988117825e+00 2.308222607470703736e+00 2.037052154435013751e+00 2.284506067902948079e+00 1.383119245525076035e+00
1.236810394487962261e+00 2.303497936226595932e+00 2.041441880391224206e+00 2.283400969616309784e+00 1.391206821543151673e+00
1.247195226295439996e+00 2.285378359861410580e+00 2.066010212240219079e+00 2.278257059621286107e+00 1.411451423368766500e+00
1.251174583938494678e+00 2.238542888622603311e+00 2.092663407342271409e+00 2.261236264570445798e+00 1.430506379647129123e+00
1.250365763250039786e+00 2.215818794484459175e+00 2.095696830721841319e+00 2.253846052433543967e+00 1.436007268508046053e+00
1.246833054864518564e+00 2.210553651694465493e+00 2.102193474294196562e+00 2.249376029044494185e+00 1.436683271613538704e+00
1.249035822749964497e+00 2.204385123858692008e+00 2.121645819069625460e+00 2.249685783224392388e+00 1.440230428149982922e+00
1.260962080311768929e+00 2.180948768000276150e+00 2.156171794890810567e+00 2.246305722272419647e+00 1.457214637410751301e+00
1.272686112827248417e+00 2.174711096832804280e+00 2.164845072442047602e+00 2.240017312439258390e+00 1.486920403382237410e+00
1.276484735017911376e+00 2.174036170251128830e+00 2.163506915042383127e+00 2.235872931453505075e+00 1.502546040028426955e+00
1.279380252113501149e+00 2.173539182444622853e+00 2.162459428741262624e+00 2.232687106611909389e+00 1.514545888099266824e+00
1.282481202609568216e+00 2.173006933960415665e+00 2.161337624566792570e+00 2.229275251389926105e+00 1.527397110730512653e+00
1.300000000000000044e+00 2.169999999999999929e+00 2.154999999999999805e+00 2.209999999999999964e+00 1.600000000000000089e+00
