8.699999999999999956e-01 2.740000000000000213e+00 1.850000000000000089e+00 2.629999999999999893e+00 1.350000000000000089e+00
8.913460001811099875e-01 2.739277657228823770e+00 1.861394407145326779e+00 2.612971442430939817e+00 1.350737388283145268e+00
9.126920003622198685e-01 2.738555314457648215e+00 1.872788814290653470e+00 2.595942884861879740e+00 1.351474776566290448e+00
9.340380005433298605e-01 2.737832971686471772e+00 1.884183221435980160e+00 2.578914327292820108e+00 1.352212164849435627e+00
9.553840007244398524e-01 2.737110628915295774e+00 1.895577628581306850e+00 2.561885769723760031e+00 1.352949553132581029e+00
9.767300009055497334e-01 2.736388286144119775e+00 1.906972035726633763e+00 2.544857212154699955e+00 1.353686941415726208e+00
9.980936385266120370e-01 2.735631873860858043e+00 1.918321885878574884e+00 2.527791951499512191e+00 1.354436528452244159e+00
1.019611347154834036e+00 2.734572889982417099e+00 1.929258759061092121e+00 2.510392768137640562e+00 1.355281695869210434e+00
1.041440685626196849e+00 2.732834734416807798e+00 1.939176209195574430e+00 2.492202688485184225e+00 1.356245947139876451e+00
1.063389460032141187e+00 2.730635375587153746e+00 1.948165830223372641e+00 2.473157363463060587e+00 1.356691499129044187e+00
1.084164237664611230e+00 2.729412028111471322e+00 1.958085986800803591e+00 2.454142056233756808e+00 1.354278683114380266e+00
1.099513495439266464e+00 2.730388465980941870e+00 1.971670968599205320e+00 2.438904049190567580e+00 1.346603164304197131e+00
1.102541301039722921e+00 2.734382935818743476e+00 1.989235146579960478e+00 2.441685594523884895e+00 1.352627069654252168e+00
1.109833702094233709e+00 2.699869548279365539e+00 1.995515283961634578e+00 2.431031941690546816e+00 1.359626834815563123e+00
1.107742599263145333e+00 2.666140845610168064e+00 1.999902761137815288e+00 2.421977566526307690e+00 1.369934720325104216e+00
1.103937110493997897e+00 2.631796203248210730e+00 1.991803271751632520e+00 2.417376799754155758e+00 1.379026424776053306e+00
1.102674692799717304e+00 2.603246717255409681e+00 1.977635581653679697e+00 2.414631479273470216e+00 1.387062822561444309e+00
1.104115572481781715e+00 2.575208856474179075e+00 1.964197638079577590e+00 2.411843862844992969e+00 1.396415665004193007e+00
1.107307596133370708e+00 2.541524065759328987e+00 1.957251644339440322e+00 2.408826273856580436e+00 1.407189314424570625e+00
1.110309474509291183e+00 2.503347749849736292e+00 1.958349978350371279e+00 2.403457143855953326e+00 1.415858699884868788e+00
1.111008619191747648e+00 2.463415191787661662e+00 1.959783195711768844e+00 2.392734955263347896e+00 1.419095300219397560e+00
1.110205835198180058e+00 2.426108670352607355e+00 1.958070035111198148e+00 2.377561346020518496e+00 1.415995367054779353e+00
1.110985356960362491e+00 2.397676503332821785e+00 1.958656543406857686e+00 2.360812744696133780e+00 1.405099705372661045e+00
1.117749836790474793e+00 2.385747499680539008e+00 1.971837402437509823e+00 2.348943024887553133e+00 1.392805292023186148e+00
1.130580662494231170e+00 2.364804081794764201e+00 1.987232850067564449e+00 2.338453903073167695e+00 1.394947985248649047e+00
1.148535860553037136e+00 2.346046546281164158e+00 1.999034298159456879e+00 2.327424650193574251e+00 1.401092781223506112e+00
1.166911623450231694e+00 2.334634154324555233e+00 2.011530411228231952e+00 2.312418936572967265e+00 1.406177167000998374e+00
1.184216024502704911e+00 2.326007529531368689e+00 2.024484756573502686e+00 2.295308409259049220e+00 1.410350454675172394e+00
1.201560390082142105e+00 2.311173150476939053e+00 2.034628912600722650e+00 2.277029276065712704e+00 1.415032760149333768e+00
1.216482419375136015e+00 2.289323201247718487e+00 2.041702505143138779e+00 2.259106001539462394e+00 1.421863253014421069e+00
1.227282214415347683e+00 2.268700705104713666e+00 2.049991345681327015e+00 2.245089076794331007e+00 1.433681653491850838e+00
1.234700843243086377e+00 2.256440198400564423e+00 2.060110870958850704e+00 2.238291117179738166e+00 1.449854405146989933e+00
1.240664845366068469e+00 2.248875075676652457e+00 2.073097078876732891e+00 2.234593247220041157e+00 1.465697687465661980e+00
1.247664514759929233e+00 2.251704905161000525e+00 2.086927348561164131e+00 2.221469005441421007e+00 1.477167792414143976e+00
1.248087418019180550e+00 2.235117957448333748e+00 2.075577932192978370e+00 2.214563259478258495e+00 1.489792151189722968e+00
1.247100930252483142e+00 2.231962724961512379e+00 2.087034353996041869e+00 2.204035057678087384e+00 1.506058507044821360e+00
1.249117512100311300e+00 2.228672820518390996e+00 2.102080466141990733e+00 2.201417848489593432e+00 1.520979090784284615e+00
1.254602682828735549e+00 2.216683807996298938e+00 2.112302253535172092e+00 2.204027568090223266e+00 1.538074763132811773e+00
1.263436112137811485e+00 2.201813501470161416e+00 2.120560395314420976e+00 2.206507008313724594e+00 1.554965153316596460e+00
1.275517537954151903e+00 2.189191544711330817e+00 2.130760858844250372e+00 2.208450968114438862e+00 1.570466588290862830e+00
1.288713468949792773e+00 2.179478532849502326e+00 2.142686045756595270e+00 2.209754184494785445e+00 1.584995406165374598e+00
1.300000000000000044e+00 2.169999999999999929e+00 2.154999999999999805e+00 2.209999999999999964e+00 1.600000000000000089e+00
