8.699999999999999956e-01 2.740000000000000213e+00 1.850000000000000089e+00 2.629999999999999893e+00 1.350000000000000089e+00
8.914132095887835616e-01 2.745300414587419802e+00 1.861837803334773778e+00 2.609860742001448131e+00 1.356444276744932287e+00
9.128264191775671277e-01 2.750600829174838946e+00 1.873675606669547689e+00 2.589721484002896368e+00 1.362888553489864485e+00
9.342396287663505827e-01 2.755901243762258090e+00 1.885513410004321377e+00 2.569582226004345049e+00 1.369332830234796683e+00
9.556528383551341488e-01 2.761201658349677235e+00 1.897351213339095066e+00 2.549442968005793286e+00 1.375777106979728881e+00
9.771173000030103362e-01 2.766355567523910430e+00 1.909181000575228992e+00 2.529304941446217203e+00 1.382177579229504794e+00
9.987919805662266448e-01 2.770960767158320515e+00 1.920969957580969112e+00 2.509162222032974565e+00 1.388369849073012974e+00
1.021169606849582134e+00 2.774146211264791440e+00 1.932544812238201848e+00 2.488931018249075144e+00 1.393604434206204834e+00
1.045574332327189326e+00 2.770416352774232926e+00 1.942649199342159294e+00 2.468776967805989209e+00 1.392772375778042582e+00
1.063819770197503622e+00 2.741969943224042972e+00 1.951222309081758644e+00 2.454172281202402051e+00 1.385837623912030692e+00
1.071821786455257053e+00 2.696886231214666640e+00 1.958433997150445194e+00 2.447321332599579957e+00 1.383011722529414511e+00
1.094939944167422574e+00 2.666644119351238906e+00 1.965932943781649733e+00 2.437733566529803664e+00 1.380885643495025183e+00
1.116058459097122313e+00 2.680881468660192279e+00 1.968588287701769968e+00 2.437726948711873565e+00 1.364351174413039214e+00
1.114365511396257169e+00 2.682996048026887514e+00 1.986067372879872339e+00 2.438280183012346836e+00 1.350316812617150086e+00
1.140292099822756589e+00 2.699352592223838165e+00 1.994893309453536601e+00 2.443435954796811416e+00 1.339666924558423844e+00
1.169963901336069645e+00 2.700338298736932874e+00 1.999754308237032818e+00 2.443500247268936665e+00 1.327951544399273320e+00
1.200981379988496744e+00 2.687589407820095033e+00 2.003494385317408977e+00 2.439888095541511426e+00 1.320221589116767014e+00
1.229287400952150833e+00 2.663736468145210701e+00 2.007258374787615374e+00 2.431751091472345916e+00 1.316891677405288119e+00
1.249720622203323472e+00 2.630046309055805942e+00 2.012093879582988354e+00 2.418388932313169093e+00 1.317414474142942993e+00
1.259070680393385322e+00 2.590279174256986838e+00 2.015324009010714068e+00 2.400954773915156437e+00 1.319977271779935846e+00
1.259161585532127647e+00 2.549766563520193596e+00 2.013590778941052761e+00 2.381195353773494450e+00 1.321827222690055592e+00
1.254120828116821684e+00 2.512236297058337620e+00 2.009661027905742525e+00 2.359705371608832536e+00 1.321549836122895449e+00
1.246965279706295116e+00 2.478039008311174740e+00 2.010108592888802281e+00 2.336056708494273160e+00 1.320223868433077818e+00
1.239628720338373125e+00 2.447320180452304150e+00 2.017887602980385164e+00 2.312195184121724534e+00 1.320492446603172221e+00
1.233451695386161395e+00 2.417611941796157904e+00 2.029655714356088936e+00 2.291685017480282305e+00 1.325870583356770771e+00
1.229888450732737670e+00 2.385576783093660946e+00 2.037986831528340481e+00 2.278349026111256670e+00 1.339656160859345579e+00
1.230015412371027850e+00 2.354300864997839859e+00 2.037649525429629627e+00 2.271936783605711607e+00 1.358533947333332659e+00
1.233240082126770831e+00 2.323706769476515444e+00 2.034275540363955859e+00 2.264512839194303240e+00 1.376952332644064914e+00
1.238010849265843705e+00 2.293282398936704158e+00 2.038613725365927110e+00 2.251636543453915618e+00 1.393109264293119987e+00
1.241562396514189315e+00 2.272314161507530628e+00 2.054275761200893946e+00 2.239975878754676408e+00 1.407756940210076024e+00
1.242731425492955566e+00 2.262945619762565475e+00 2.075034852587326117e+00 2.233932164352438576e+00 1.422220421477506269e+00
1.242084593214478172e+00 2.257447573005243679e+00 2.097261443273673365e+00 2.230824793655767913e+00 1.435845314068654233e+00
1.240526559874726598e+00 2.249887060751269541e+00 2.119684119591814575e+00 2.228567198458695220e+00 1.448952455797427152e+00
1.240126637532539267e+00 2.237683150836197399e+00 2.138660469030227329e+00 2.225789480442501578e+00 1.465059148500150510e+00
1.244890101255648807e+00 2.226900747784748003e+00 2.146083799077284748e+00 2.222584515090908486e+00 1.487790497849890148e+00
1.255417148561735807e+00 2.224021418176537424e+00 2.143635488849322979e+00 2.221296989386920107e+00 1.511312870033167277e+00
1.268565152411931019e+00 2.216762827335938102e+00 2.143892582025238358e+00 2.221310701449425551e+00 1.534037526815977603e+00
1.279370681418671607e+00 2.201534111442745356e+00 2.146489409143797822e+00 2.218654489342084091e+00 1.556247032879595427e+00
1.289935504429130075e+00 2.186085322467539616e+00 2.150670006838012238e+00 2.214618815866502999e+00 1.578162195831537939e+00
1.300000000000000044e+00 2.169999999999999929e+00 2.154999999999999805e+00 2.209999999999999964e+00 1.600000000000000089e+00
