8.699999999999999956e-01 2.740000000000000213e+00 1.850000000000000089e+00 2.629999999999999893e+00 1.350000000000000089e+00
8.936459103743762400e-01 2.736727737965671814e+00 1.858826405652570513e+00 2.613893343412297288e+00 1.351538001493143737e+00
9.172918207487525954e-01 2.733455475931342971e+00 1.867652811305141158e+00 2.597786686824594682e+00 1.353076002986287385e+00
9.409377311231289509e-01 2.730183213897014127e+00 1.876479216957711582e+00 2.581680030236892076e+00 1.354614004479431255e+00
9.645836414975051953e-01 2.726910951862685728e+00 1.885305622610282228e+00 2.565573373649189470e+00 1.356152005972574903e+00
9.882264177697037688e-01 2.723646514522843898e+00 1.894133640133390362e+00 2.549462547036312365e+00 1.357686787922293803e+00
1.011834550533107890e+00 2.720424576139085282e+00 1.902967213432868121e+00 2.533295820711149560e+00 1.359179409702020003e+00
1.035213050920166467e+00 2.717377368285752937e+00 1.911935151851138937e+00 2.516891519791167209e+00 1.360440516951661571e+00
1.057604709975606960e+00 2.715187103724404860e+00 1.921704953882844569e+00 2.499910571245569368e+00 1.360916721463947487e+00
1.076626463217370322e+00 2.717145414250349944e+00 1.933946004553197762e+00 2.482306274405893909e+00 1.359715028488906352e+00
1.083513945047570148e+00 2.737377154167571547e+00 1.948468163710829870e+00 2.466201984493126442e+00 1.359726861733017822e+00
1.089168742572884652e+00 2.753317510465342899e+00 1.966554997520883807e+00 2.452838829427971490e+00 1.360057753469304798e+00
1.110699316095385081e+00 2.730584489707325702e+00 1.969482944611984143e+00 2.441984628351279163e+00 1.355112938840908887e+00
1.106547966322518617e+00 2.717247354216861144e+00 1.978901900829275196e+00 2.429909940530152745e+00 1.369956563600198240e+00
1.101861261567132377e+00 2.695011797645832985e+00 1.981607922180155912e+00 2.419341357871459763e+00 1.385500849054207340e+00
1.103767358052518910e+00 2.661778618337069080e+00 1.985450060405450134e+00 2.407169054805860409e+00 1.395921620870386626e+00
1.108991483513028120e+00 2.623104150245952670e+00 1.987347539410156072e+00 2.395853191017533135e+00 1.402478000689532545e+00
1.115133406648881831e+00 2.581984057306521141e+00 1.986858470696878376e+00 2.384912310296785520e+00 1.405244134862036365e+00
1.119673318118684868e+00 2.540972106622041871e+00 1.983423928602604303e+00 2.373438764860558603e+00 1.404096930204018046e+00
1.121688100686540457e+00 2.502060091358675464e+00 1.978021714722681068e+00 2.361438480701925524e+00 1.399464945298088958e+00
1.121199901188266734e+00 2.464201184076159290e+00 1.973222485713788776e+00 2.349181197908801977e+00 1.392979876999632438e+00
1.118800050594969786e+00 2.425217079351205118e+00 1.972051338360411910e+00 2.335737712943352751e+00 1.387901755632696021e+00
1.116425582206733047e+00 2.389093819913222116e+00 1.977060229347271880e+00 2.320088983465708576e+00 1.390563575209230240e+00
1.114176622883114920e+00 2.363832578949719654e+00 1.986203050201437836e+00 2.309981122976328294e+00 1.402734579685573246e+00
1.113279289212159684e+00 2.330309669310370868e+00 1.992191876973512521e+00 2.301386452213012745e+00 1.413609406173429228e+00
1.122625401711073057e+00 2.296224934055920208e+00 1.992115083702475253e+00 2.284967020720067410e+00 1.413114237473001022e+00
1.139985356837153407e+00 2.268185846981420895e+00 1.998314509446485809e+00 2.270840350287357978e+00 1.414393728048607191e+00
1.158218119645860966e+00 2.247954933094015839e+00 2.010705320139130059e+00 2.264298392030593021e+00 1.420379924973646180e+00
1.175222583010975264e+00 2.232766551561745860e+00 2.025324518836465693e+00 2.262177126849235442e+00 1.428448251513628531e+00
1.192068760936471072e+00 2.222345431834849006e+00 2.040929078253764573e+00 2.261594226286754772e+00 1.436815091891423313e+00
1.209940081351272401e+00 2.224171759748108990e+00 2.057561836539944622e+00 2.260836830044474333e+00 1.443373530369815638e+00
1.225138716676533068e+00 2.244857765262000093e+00 2.073420207276068794e+00 2.258832630355801285e+00 1.445328242201083802e+00
1.233283284036827965e+00 2.257740879920194121e+00 2.087850587300477123e+00 2.242085960368909170e+00 1.449850009099082904e+00
1.248763391218216778e+00 2.259247071749749036e+00 2.100300185226250171e+00 2.236822580317491038e+00 1.460741600971937615e+00
1.260414253773056714e+00 2.239051972786764377e+00 2.099937834882946497e+00 2.232867893540463555e+00 1.476746609766566465e+00
1.267009405424690538e+00 2.224231895047151575e+00 2.103244475688720527e+00 2.229344563477731356e+00 1.494739674236208238e+00
1.272550740157962323e+00 2.214386022419037925e+00 2.110526798178200547e+00 2.226006213875896922e+00 1.512670968570003938e+00
1.278025385706225592e+00 2.205891626831939067e+00 2.119245690528654968e+00 2.222732945250159631e+00 1.530240453386321420e+00
1.283513306056092151e+00 2.197244137261449293e+00 2.128226181473089174e+00 2.219508679321646749e+00 1.547692502835282369e+00
1.289007487470648083e+00 2.188243887836256452e+00 2.137161324356032566e+00 2.216328853174257763e+00 1.565131521157639760e+00
1.294503743735324175e+00 2.179121943918128412e+00 2.146080662178015963e+00 2.213164426587128641e+00 1.582565760578819924e+00
1.300000000000000044e+00 2.169999999999999929e+00 2.154999999999999805e+00 2.209999999999999964e+00 1.600000000000000089e+00
