8.699999999999999956e-01 2.740000000000000213e+00 1.850000000000000089e+00 2.629999999999999893e+00 1.350000000000000089e+00
8.911312822614043672e-01 2.742957799297385257e+00 1.859196834739333504e+00 2.613112418443786389e+00 1.349943663609734168e+00
9.122625645228086277e-01 2.745915598594770746e+00 1.868393669478666919e+00 2.596224836887572884e+00 1.349887327219468247e+00
9.333938467842129993e-01 2.748873397892156234e+00 1.877590504218000333e+00 2.579337255331359380e+00 1.349830990829202326e+00
9.545243157809137902e-01 2.751799426114881708e+00 1.886793462816979128e+00 2.562452870224973811e+00 1.349769467721198435e+00
9.756521248274960811e-01 2.754625095824448255e+00 1.896015723256319507e+00 2.545578653775541600e+00 1.349691563132869643e+00
9.967718432556352814e-01 2.757172897491469321e+00 1.905291089038599894e+00 2.528733163760993996e+00 1.349568320842686964e+00
1.017839082838817966e+00 2.758491278677335234e+00 1.914825011829262680e+00 2.512053778572134632e+00 1.349246694830027238e+00
1.038669260232015557e+00 2.757527159742306111e+00 1.925316272075892954e+00 2.496240227486364649e+00 1.348591208605375957e+00
1.058672852436671530e+00 2.754958765953813504e+00 1.938174942907239462e+00 2.483231553148944393e+00 1.347418094882307571e+00
1.076906182476689455e+00 2.747707865096336022e+00 1.952355080059497094e+00 2.474030089557098577e+00 1.342424912886033717e+00
1.080089342006006703e+00 2.763477950095960978e+00 1.951694899091831470e+00 2.477776614766233898e+00 1.350847609316289333e+00
1.094926869117429868e+00 2.767570709969941145e+00 1.962398312117655808e+00 2.478181834731053357e+00 1.361072885446416914e+00
1.101532476720282094e+00 2.739249212584229376e+00 1.966882098671151047e+00 2.465177502108716112e+00 1.372341231261720695e+00
1.100678224090262836e+00 2.713969021770265222e+00 1.969989718867569461e+00 2.453919429607700042e+00 1.386977218783036259e+00
1.101678681888085265e+00 2.690980697332872484e+00 1.975011093654871930e+00 2.444605433061127542e+00 1.402403772364096746e+00
1.107498614376866586e+00 2.662776656181219614e+00 1.981348778450145787e+00 2.435002417105395889e+00 1.414253574546226355e+00
1.117328321148059134e+00 2.623707978406470076e+00 1.984100308227047194e+00 2.426751799782579599e+00 1.415213222843991536e+00
1.123075538530839523e+00 2.583391758447466380e+00 1.979406278672400044e+00 2.420852949296283363e+00 1.408269214110445366e+00
1.123011853829100293e+00 2.544202035803301953e+00 1.973798196672358785e+00 2.410065786419206546e+00 1.402845575189029415e+00
1.121462574555039726e+00 2.509514287037742264e+00 1.972182385282133188e+00 2.391682678925115546e+00 1.398571530453075029e+00
1.121735731491356081e+00 2.479829324752525377e+00 1.972474774411655529e+00 2.369732415266626813e+00 1.394269182868370205e+00
1.122785482067529594e+00 2.447055971735264457e+00 1.971186170498846257e+00 2.349427020171269920e+00 1.391674730217117295e+00
1.121707655825816996e+00 2.406889854439511645e+00 1.969719508348976245e+00 2.335057044292747630e+00 1.392781615441318621e+00
1.119425195759683245e+00 2.366768524671533314e+00 1.974759510965649723e+00 2.325159080823270941e+00 1.397436105478337520e+00
1.120007934372772240e+00 2.339040910081144897e+00 1.988296637793609323e+00 2.314554548414083257e+00 1.403253757576201632e+00
1.127265428575559891e+00 2.326903372660403591e+00 2.002795215933031336e+00 2.297669183120639946e+00 1.408704998671542752e+00
1.142699014574551031e+00 2.314875986971253408e+00 2.014472443480669117e+00 2.283459208689486708e+00 1.415813547685047302e+00
1.159989683820878081e+00 2.297875910513661690e+00 2.026539407179197116e+00 2.277039046817703749e+00 1.424275042523309054e+00
1.177041684322825077e+00 2.281086521676087386e+00 2.039195467519959948e+00 2.271662056865073609e+00 1.432602726172651053e+00
1.194600730781904652e+00 2.267233065853343277e+00 2.052730016480771802e+00 2.266395913383731919e+00 1.440193276636440700e+00
1.213060036177768808e+00 2.259631765045361451e+00 2.067711236150157283e+00 2.261465528001053382e+00 1.445995295012683091e+00
1.232078222052875427e+00 2.257161427760423500e+00 2.083263982792979974e+00 2.256691900336041279e+00 1.449893167730351262e+00
1.245214917556286327e+00 2.244268374461462656e+00 2.094269778002038063e+00 2.250964959963976941e+00 1.461908088488065971e+00
1.249420512419040508e+00 2.231668217256763675e+00 2.099582758827840401e+00 2.247385690672469405e+00 1.480022441518760390e+00
1.256168678403352112e+00 2.225480502984304998e+00 2.107136046880157654e+00 2.243971465909711416e+00 1.497816186118916981e+00
1.263374179616834070e+00 2.217665002354740622e+00 2.115245912327838429e+00 2.238821665338667444e+00 1.515016402380255256e+00
1.270661177820471943e+00 2.208646043646944168e+00 2.123252942149815858e+00 2.233226058439680362e+00 1.532074197933438908e+00
1.277983747314171525e+00 2.199150695503646613e+00 2.131212355155933214e+00 2.227471455936498757e+00 1.549073822760735020e+00
1.285320697010007285e+00 2.189462615924067546e+00 2.139147609706013142e+00 2.221656144597487170e+00 1.566051428459553252e+00
1.292660348505003665e+00 2.179731307962033515e+00 2.147073804853006251e+00 2.215828072298743567e+00 1.583025714229776781e+00
1.300000000000000044e+00 2.169999999999999929e+00 2.154999999999999805e+00 2.209999999999999964e+00 1.600000000000000089e+00
