8.699999999999999956e-01 2.740000000000000213e+00 1.850000000000000089e+00 2.629999999999999893e+00 1.350000000000000089e+00
9.913271298470207604e-01 2.793814155178181657e+00 1.884064753227392419e+00 2.551643529204365990e+00 1.336520592359786264e+00
1.090948581500274628e+00 2.819454969340167594e+00 1.952232376998916719e+00 2.476674573625683440e+00 1.341876935932129200e+00
1.103038993235010867e+00 2.822341403089722256e+00 1.960994039232898833e+00 2.467446860211455206e+00 1.342726638488067392e+00
1.124202210262209789e+00 2.806237101422587088e+00 1.971061912328009758e+00 2.457475514487482471e+00 1.345282417948418852e+00
1.136307202483211709e+00 2.768957009001857372e+00 1.970924081416535634e+00 2.457981685017777362e+00 1.352221780393230599e+00
1.158422212575713761e+00 2.768562790097474302e+00 1.981479672196456931e+00 2.450737214877438230e+00 1.332818386875751715e+00
1.176931117090163958e+00 2.760624385650610080e+00 1.992131316994433021e+00 2.450619486289340454e+00 1.319464107313689905e+00
1.195351322733888333e+00 2.744175265841839462e+00 2.002800172075572149e+00 2.452691354148419656e+00 1.310904675359863214e+00
1.216322648095864656e+00 2.722371859929279658e+00 2.015229050542113320e+00 2.454241741445899905e+00 1.301715606754249466e+00
1.292170546965079936e+00 2.621228938294531297e+00 2.065658838661114327e+00 2.438169400107182305e+00 1.257278313349627696e+00
1.297193300353760792e+00 2.578301249150237506e+00 2.059180662955828911e+00 2.447325134692072357e+00 1.261703183534622408e+00
1.294989351834368030e+00 2.561543588300955410e+00 2.064926034534916965e+00 2.435654734694351564e+00 1.258739867463635420e+00
1.285822893121811195e+00 2.504074754006830883e+00 2.081217209718711381e+00 2.390073258405387868e+00 1.248696330427367274e+00
1.277310090238300999e+00 2.462141934932732923e+00 2.083227460556653199e+00 2.353395908467089903e+00 1.247659057650750247e+00
1.269582431066808681e+00 2.421197682147274488e+00 2.088874173200078843e+00 2.320274886362756028e+00 1.259111920786775141e+00
1.256413046558259694e+00 2.338146733006683409e+00 2.114964891845978912e+00 2.257093529208643812e+00 1.319221226273547876e+00
1.254446381083635931e+00 2.330202733020516614e+00 2.118001882762624355e+00 2.251326667841425433e+00 1.333268311072406176e+00
1.252064520429784444e+00 2.318623898481033230e+00 2.122912698314224578e+00 2.245146405657132860e+00 1.366767558520252779e+00
1.249454680071639290e+00 2.309627277424332714e+00 2.155345205775864859e+00 2.235968706668802319e+00 1.426111271849007212e+00
1.259645193908682792e+00 2.298440183735864561e+00 2.164817024067193785e+00 2.237217207914379724e+00 1.434805657866099260e+00
1.267038930498265215e+00 2.282772637669936877e+00 2.157559387711778243e+00 2.230618511816737648e+00 1.444481516739124061e+00
1.276837952367026796e+00 2.253807886355915446e+00 2.145708991258890030e+00 2.218611754123591240e+00 1.472767200951340394e+00
1.280128644094068235e+00 2.241978554317219263e+00 2.146794860296804330e+00 2.217215825192893952e+00 1.490532743647145386e+00
1.284233541184565786e+00 2.227109686807942968e+00 2.148489825363819161e+00 2.215725226364104294e+00 1.513145786472947396e+00
1.300000000000000044e+00 2.169999999999999929e+00 2.154999999999999805e+00 2.209999999999999964e+00 1.600000000000000089e+00
