8.699999999999999956e-01 2.740000000000000213e+00 1.850000000000000089e+00 2.629999999999999893e+00 1.350000000000000089e+00
8.914404009518601679e-01 2.738445515682990106e+00 1.861347144787257157e+00 2.613983043988482358e+00 1.347633378189062148e+00
9.128808019037202293e-01 2.736891031365980442e+00 1.872694289574514448e+00 2.597966087976964378e+00 1.345266756378123985e+00
9.343212028555802906e-01 2.735336547048970335e+00 1.884041434361771516e+00 2.581949131965446842e+00 1.342900134567186043e+00
9.557616038074404630e-01 2.733782062731960671e+00 1.895388579149028585e+00 2.565932175953929306e+00 1.340533512756247880e+00
9.772020047593006353e-01 2.732227578414950564e+00 1.906735723936285876e+00 2.549915219942411326e+00 1.338166890945309939e+00
9.986424057111606967e-01 2.730673094097940901e+00 1.918082868723542944e+00 2.533898263930893791e+00 1.335800269134371776e+00
1.020046974576629184e+00 2.729028808433462405e+00 1.929432596895026997e+00 2.517836629914755431e+00 1.333451404352469671e+00
1.041132410723940360e+00 2.726607164842073328e+00 1.940800099850238603e+00 2.501394432373651888e+00 1.331257337296345877e+00
1.061197422956932979e+00 2.723082873325902042e+00 1.951852199705374602e+00 2.483398439653964118e+00 1.330031678285342744e+00
1.078178289722347527e+00 2.721134615940514756e+00 1.961341609101135974e+00 2.461772982695524359e+00 1.332236260649023452e+00
1.088622163305540402e+00 2.714692268029211597e+00 1.975217354144408466e+00 2.441079461341983059e+00 1.337183867707903762e+00
1.095946737015799144e+00 2.693785594281976614e+00 1.991795609691597191e+00 2.432526301830796545e+00 1.344773720586268873e+00
1.106332393130411651e+00 2.664794916058932372e+00 2.001002100256953131e+00 2.430364325675521187e+00 1.354746494723676919e+00
1.117221743582642590e+00 2.637823886569093279e+00 2.010811269119704203e+00 2.426599121397766456e+00 1.365439846417193293e+00
1.122172160072917313e+00 2.613860247434183215e+00 2.022909721312812437e+00 2.422506151869341817e+00 1.377827495465209662e+00
1.119157519179033722e+00 2.589728542698593650e+00 2.031038726655479909e+00 2.418439053888056911e+00 1.392121041154345207e+00
1.116150117284149701e+00 2.565929144585735511e+00 2.025283324882584779e+00 2.407343534826807296e+00 1.405149781943002996e+00
1.118887013184322710e+00 2.548998536991583741e+00 2.007836204853222561e+00 2.390801271202927847e+00 1.406626699905622502e+00
1.120328051541039427e+00 2.526723211594853691e+00 1.992976180272684195e+00 2.373851602075731648e+00 1.402346272149709527e+00
1.120411855460189177e+00 2.496892530219230188e+00 1.985108926954023634e+00 2.356265437145864450e+00 1.397970993729449107e+00
1.120050011768184861e+00 2.462887628984072652e+00 1.983995773139135776e+00 2.338890217408621908e+00 1.397111054594762702e+00
1.123757755005424297e+00 2.430915611052504754e+00 1.991260137726516000e+00 2.324504105493908401e+00 1.402728355278757277e+00
1.135694409097215640e+00 2.412842168819337552e+00 2.006766786121602753e+00 2.317335901417361121e+00 1.411875581738670560e+00
1.150705058683621607e+00 2.399773537829761327e+00 2.024303338437046129e+00 2.311637599552318179e+00 1.419403797479976470e+00
1.166259170862236072e+00 2.385017970450318714e+00 2.041803477471087813e+00 2.304182039005057359e+00 1.424919014742708878e+00
1.181900398106888739e+00 2.368229299028961066e+00 2.058690271768745639e+00 2.294979260019861744e+00 1.428838205862843047e+00
1.197548766998763448e+00 2.348692756692543959e+00 2.074091567580787387e+00 2.283818888770723365e+00 1.431031665586743662e+00
1.212247112321368503e+00 2.324004381289765497e+00 2.086559145135128190e+00 2.271203379185139593e+00 1.431930848445959192e+00
1.223870832552602206e+00 2.294144047190325164e+00 2.097969283025297393e+00 2.260767517813688343e+00 1.435065605816212564e+00
1.234419246739565823e+00 2.268420313463622939e+00 2.113176223650248264e+00 2.255547285048249861e+00 1.441633723873155137e+00
1.240132525235265071e+00 2.232784738898376808e+00 2.122221634345703212e+00 2.249865628967059106e+00 1.445774536980443337e+00
1.240875259748276171e+00 2.231931220610231303e+00 2.146404119127900856e+00 2.245461241995888813e+00 1.440890821319019466e+00
1.250096151959037449e+00 2.232475016841289239e+00 2.162222295972924258e+00 2.232855096869714284e+00 1.450859293464980215e+00
1.256291898409011010e+00 2.228179976099049053e+00 2.159259016446660073e+00 2.224503223240732019e+00 1.468979306580973976e+00
1.261742452189083874e+00 2.221119127513418334e+00 2.155887342226217473e+00 2.220649750111594045e+00 1.487637480629366404e+00
1.267823096038296127e+00 2.212960017253500666e+00 2.154732466206873198e+00 2.218345150459240411e+00 1.506397215305780080e+00
1.274204694882651090e+00 2.204432552743262885e+00 2.154598952247017252e+00 2.216578553557056352e+00 1.525127782379453123e+00
1.280653521161988273e+00 2.195824414557447035e+00 2.154699214185263223e+00 2.214933915167792478e+00 1.543845836784589975e+00
1.287102347441325456e+00 2.187216276371631629e+00 2.154799476123508750e+00 2.213289276778528158e+00 1.562563891189726606e+00
1.293551173720662861e+00 2.178608138185815779e+00 2.154899738061754277e+00 2.211644638389264284e+00 1.581281945594863458e+00
1.300000000000000044e+00 2.169999999999999929e+00 2.154999999999999805e+00 2.209999999999999964e+00 1.600000000000000089e+00
