8.699999999999999956e-01 2.740000000000000213e+00 1.850000000000000089e+00 2.629999999999999893e+00 1.350000000000000089e+00
8.912703571225205623e-01 2.742166324576987613e+00 1.856516271661454720e+00 2.608894209848442003e+00 1.350568406694142798e+00
9.125407142450411291e-01 2.744332649153975012e+00 1.863032543322909351e+00 2.587788419696884556e+00 1.351136813388285507e+00
9.338110713675618069e-01 2.746498973730962412e+00 1.869548814984363760e+00 2.566682629545327110e+00 1.351705220082428438e+00
9.550814284900823736e-01 2.748665298307949811e+00 1.876065086645818392e+00 2.545576839393769220e+00 1.352273626776571147e+00
9.763507755760424400e-01 2.750815755349835356e+00 1.882584943421148127e+00 2.524471290104979282e+00 1.352839246010955510e+00
9.975723015265234306e-01 2.752274019324191912e+00 1.889259947904396553e+00 2.503379997513005772e+00 1.353283233835244515e+00
1.018455149976536411e+00 2.750781540794485558e+00 1.896614794585788077e+00 2.482407442034611833e+00 1.353169199555091629e+00
1.037503322589992116e+00 2.743528869270010606e+00 1.905712087728224313e+00 2.461862923975202122e+00 1.351467362174938680e+00
1.052286526513973142e+00 2.731624559495014370e+00 1.917833696928725074e+00 2.442834870336087594e+00 1.347389637162094811e+00
1.066361874685877176e+00 2.723020572109838167e+00 1.933799348290266895e+00 2.428560825258530009e+00 1.343226225798201501e+00
1.081801390927832340e+00 2.735681365424591949e+00 1.949323109238078944e+00 2.434095417093497193e+00 1.339274416840950943e+00
1.096143527306042920e+00 2.705037720979158067e+00 1.960330703290483090e+00 2.432907643403233511e+00 1.340623042137641940e+00
1.101393162458035091e+00 2.688773622126622076e+00 1.972901017339369290e+00 2.428569403241687130e+00 1.355139728662897891e+00
1.102160071513802686e+00 2.670932290336674342e+00 1.980220633194685664e+00 2.413156012651272775e+00 1.369423582122028638e+00
1.105760302143652618e+00 2.648163062529106604e+00 1.992364317663833040e+00 2.411025146855264367e+00 1.383232992177658049e+00
1.111287385018113971e+00 2.620704541555041178e+00 2.000226780952656824e+00 2.407123008646124607e+00 1.397340188577649522e+00
1.116833232791676345e+00 2.581731917808077537e+00 1.997112840917187881e+00 2.391654925568444057e+00 1.397354463807080949e+00
1.120294198512121309e+00 2.542842481018237510e+00 1.988514716032631302e+00 2.379855455516164398e+00 1.397044087316725580e+00
1.132023386936151788e+00 2.531487288050536577e+00 1.970689769778370293e+00 2.369842667683009108e+00 1.393894887401505578e+00
1.135186240190809936e+00 2.503055211200145624e+00 1.979234873527752736e+00 2.348851187903646220e+00 1.393443300265127194e+00
1.132676345860446077e+00 2.470477879766652674e+00 1.990026529631754304e+00 2.333022842299256272e+00 1.395377346210547209e+00
1.126848558608027240e+00 2.433876641292812781e+00 1.997094878965620879e+00 2.318636696317695201e+00 1.398188501527472871e+00
1.121018036686953545e+00 2.393958414229406806e+00 1.995849765248005836e+00 2.304182302301369667e+00 1.399136333836382917e+00
1.124451592234457120e+00 2.356162384611654392e+00 1.996456550800588481e+00 2.289485228054089827e+00 1.397450083789506747e+00
1.135553522290581041e+00 2.350732572571954115e+00 2.015669056690145400e+00 2.278737011933234857e+00 1.398881704865603259e+00
1.148651685641745246e+00 2.350932845425178108e+00 2.035362217392579165e+00 2.273139157717246395e+00 1.401965656109840808e+00
1.165482806321425091e+00 2.341323226056588158e+00 2.053127906904386624e+00 2.267401359522980275e+00 1.404728074751322442e+00
1.183212701159267688e+00 2.329340877529585629e+00 2.069834372084587315e+00 2.261376422753019977e+00 1.408309054129651683e+00
1.200869365701197067e+00 2.311342742001901485e+00 2.084341573237370238e+00 2.253230308602371057e+00 1.413102976951496004e+00
1.216332017235873808e+00 2.287008107227403553e+00 2.096567920999439227e+00 2.241906139563485389e+00 1.418122961033730922e+00
1.229539861610954965e+00 2.257317042569584764e+00 2.106606312930125569e+00 2.233924763649685730e+00 1.426224158242890727e+00
1.245322441886777654e+00 2.243143433760910188e+00 2.110892299957221940e+00 2.243737127446354229e+00 1.439088546891349907e+00
1.249272862318365540e+00 2.246740018721794296e+00 2.129755452533933724e+00 2.243108868710324444e+00 1.448826509474268720e+00
1.252428724415048711e+00 2.237440327905392934e+00 2.141845670327143125e+00 2.235360048058930182e+00 1.464450571933471723e+00
1.257750510481455697e+00 2.227231909089320894e+00 2.146941624433141182e+00 2.229720191441761923e+00 1.483256921671839867e+00
1.264393884828267867e+00 2.217673440860619571e+00 2.148869768959704718e+00 2.226042940228833533e+00 1.502699728935876111e+00
1.271424200464354781e+00 2.208207187407285943e+00 2.150130089511556708e+00 2.222831349604074802e+00 1.522178187634767088e+00
1.278532909826293640e+00 2.198679267816614935e+00 2.151358403389158624e+00 2.219625436482608460e+00 1.541640932290237354e+00
1.285678700336985392e+00 2.189126222365043173e+00 2.152575316102256942e+00 2.216417497690125415e+00 1.561096011119194937e+00
1.292839350168492718e+00 2.179563111182521329e+00 2.153787658051128151e+00 2.213208748845062690e+00 1.580548005559597513e+00
1.300000000000000044e+00 2.169999999999999929e+00 2.154999999999999805e+00 2.209999999999999964e+00 1.600000000000000089e+00
