8.699999999999999956e-01 2.740000000000000213e+00 1.850000000000000089e+00 2.629999999999999893e+00 1.350000000000000089e+00
8.868970053862595959e-01 2.739485571731644420e+00 1.858933066540567003e+00 2.614095607834483914e+00 1.356933418378821532e+00
9.037940107725191963e-01 2.738971143463288627e+00 1.867866133081133917e+00 2.598191215668967935e+00 1.363866836757642975e+00
9.206910161587787966e-01 2.738456715194932833e+00 1.876799199621700831e+00 2.582286823503451956e+00 1.370800255136464418e+00
9.375880215450382860e-01 2.737942286926577040e+00 1.885732266162267745e+00 2.566382431337935977e+00 1.377733673515285862e+00
9.544953950393051390e-01 2.737439982094052482e+00 1.894668633579513983e+00 2.550473019235673267e+00 1.384650569720004443e+00
9.714623339319088391e-01 2.737007804752972007e+00 1.903623881003878804e+00 2.534534949267206017e+00 1.391471747281676663e+00
9.886783070224222092e-01 2.736878226977935036e+00 1.912656414005654781e+00 2.518480648805682343e+00 1.397877027385088011e+00
1.006640589119835782e+00 2.737650444654228910e+00 1.921877536674202691e+00 2.502132805026314522e+00 1.402886973267118531e+00
1.025899943225640820e+00 2.740479954349106961e+00 1.931196928812566993e+00 2.485616254096919775e+00 1.404192248196929338e+00
1.044013478601626854e+00 2.746198717696990865e+00 1.940214138122186904e+00 2.471084940508132988e+00 1.398079837984124607e+00
1.054686591242115279e+00 2.731648037465744139e+00 1.951454529615151756e+00 2.454983965088647135e+00 1.392220827754175883e+00
1.058242012496281470e+00 2.698103947630757116e+00 1.958061698171318143e+00 2.441153513152289900e+00 1.393514117295338028e+00
1.063819399387256892e+00 2.668007080310988322e+00 1.966011097551879194e+00 2.428859264391337813e+00 1.387339703666930824e+00
1.072093591447014882e+00 2.654478426482655973e+00 1.975677802842739750e+00 2.422351668364703503e+00 1.374450603031388551e+00
1.084937372272404277e+00 2.623888237561017522e+00 1.975297760621052445e+00 2.414198627624701832e+00 1.380421202576675110e+00
1.085811260868011052e+00 2.593182896786160541e+00 1.971903063461081018e+00 2.404353593129001876e+00 1.390123994817396680e+00
1.093734811930491047e+00 2.557934251525460834e+00 1.971904999141391945e+00 2.392781124917794600e+00 1.393823187638186356e+00
1.108796997135273132e+00 2.526479312578330916e+00 1.976030954752207691e+00 2.382580494608171229e+00 1.392837584577060195e+00
1.127661772064719070e+00 2.501779072419285654e+00 1.983513684252981246e+00 2.373750353644554334e+00 1.391264818905656897e+00
1.148644787926619504e+00 2.482818542274274343e+00 1.992160220065275933e+00 2.364889805103737253e+00 1.390073050072460292e+00
1.170268397529263593e+00 2.465757559374866403e+00 1.999941055151951197e+00 2.354692826684690932e+00 1.388531813663553161e+00
1.190358498612118066e+00 2.445953355258022821e+00 2.006376224235863592e+00 2.342365930481896452e+00 1.386878853337369266e+00
1.206754354549447017e+00 2.421204354281899285e+00 2.012282978996013050e+00 2.328182365223967487e+00 1.386157940082957118e+00
1.218280001269332669e+00 2.392278489002353847e+00 2.018792893125680887e+00 2.313361854502182791e+00 1.387180377686505262e+00
1.225091048464896248e+00 2.361350828146019154e+00 2.026595975032996044e+00 2.299216669415552250e+00 1.390090563070358165e+00
1.228558431046725019e+00 2.330597598745605570e+00 2.035881131048271175e+00 2.286405925710188747e+00 1.394569030090161865e+00
1.230619965814645944e+00 2.302076510456021019e+00 2.046859510944988525e+00 2.274912943186637282e+00 1.400380713417742617e+00
1.232626811205854711e+00 2.278454018586216545e+00 2.059910820638361617e+00 2.264763697898520167e+00 1.407691890561335146e+00
1.234636866675509204e+00 2.261787777927971366e+00 2.074729043437602893e+00 2.256465086586445512e+00 1.416669409183334505e+00
1.236289836696528255e+00 2.250354694612529460e+00 2.089843333363953892e+00 2.250211592665581684e+00 1.427229429517817838e+00
1.238271989218976410e+00 2.239948512067724717e+00 2.103159116573297460e+00 2.245325180305536961e+00 1.439659799284107367e+00
1.242051246915870433e+00 2.229172182195733320e+00 2.112280681958985440e+00 2.241019627812252502e+00 1.454328988709235437e+00
1.247976148816309694e+00 2.219991509712782918e+00 2.116637971883427394e+00 2.236965350711855649e+00 1.470411600016572118e+00
1.254898721419341001e+00 2.212984484235852811e+00 2.119228273423162001e+00 2.233100176329497977e+00 1.486810896245959412e+00
1.261669409657166785e+00 2.206838275800606208e+00 2.123111153798772133e+00 2.229552635013453354e+00 1.503145974360939885e+00
1.268107060517993157e+00 2.200690920948694451e+00 2.128250457554594188e+00 2.226254024237139806e+00 1.519316193910017043e+00
1.274489376046230804e+00 2.194551951776170906e+00 2.133587800484156638e+00 2.222999947580899693e+00 1.535454935412348565e+00
1.280867032034673114e+00 2.188413963832128051e+00 2.138940850363117541e+00 2.219749960685674761e+00 1.551591201559261446e+00
1.287244688023115202e+00 2.182275975888085195e+00 2.144293900242078443e+00 2.216499973790449829e+00 1.567727467706174327e+00
1.293622344011557734e+00 2.176137987944042784e+00 2.149646950121038902e+00 2.213249986895224897e+00 1.583863733853087208e+00
1.300000000000000044e+00 2.169999999999999929e+00 2.154999999999999805e+00 2.209999999999999964e+00 1.600000000000000089e+00
