8.699999999999999956e-01 2.740000000000000213e+00 1.850000000000000089e+00 2.629999999999999893e+00 1.350000000000000089e+00
8.925970236274947123e-01 2.740578346087851003e+00 1.856684643115725342e+00 2.611532774778546173e+00 1.349802096170077848e+00
9.151940472549894290e-01 2.741156692175701792e+00 1.863369286231450594e+00 2.593065549557092453e+00 1.349604192340155606e+00
9.377910708824841457e-01 2.741735038263553026e+00 1.870053929347176069e+00 2.574598324335638733e+00 1.349406288510233587e+00
9.603880945099788624e-01 2.742313384351403815e+00 1.876738572462901322e+00 2.556131099114185012e+00 1.349208384680311346e+00
9.830076833826461025e-01 2.742784345021761716e+00 1.883490734174126047e+00 2.537736732972291076e+00 1.348949693138164152e+00
1.005766435346775234e+00 2.742489698913790797e+00 1.890717533901218994e+00 2.519879094763827876e+00 1.348258116333726164e+00
1.028905974602581264e+00 2.740219794993539626e+00 1.898898206886245665e+00 2.503505225101095188e+00 1.346839680229994896e+00
1.051858160024234046e+00 2.733475210028319946e+00 1.906827056554124322e+00 2.487509825161340782e+00 1.344515641297236774e+00
1.071664965728087893e+00 2.724400401455265630e+00 1.915044090088934725e+00 2.468885589819153292e+00 1.341447582116418680e+00
1.085621391109061307e+00 2.718160585439250987e+00 1.927501816401758994e+00 2.448903014804779232e+00 1.340755831966145450e+00
1.093764328871090985e+00 2.711269874263620316e+00 1.943493055466948061e+00 2.432263325829945533e+00 1.345518234226645404e+00
1.098121274561824290e+00 2.696482824658597899e+00 1.958691453481734568e+00 2.419609347251754805e+00 1.354609368458142393e+00
1.099449805080912945e+00 2.672939274609864579e+00 1.970473468496451552e+00 2.410240395457853957e+00 1.365922830462302340e+00
1.099187897389205304e+00 2.641275032470193018e+00 1.976598889165585460e+00 2.403655350961842352e+00 1.377428794520647370e+00
1.100760810108754040e+00 2.603481352411128213e+00 1.975707386864304693e+00 2.398512661309307514e+00 1.385719016154070671e+00
1.106267561444209235e+00 2.564338593052503779e+00 1.972040685914357994e+00 2.391748380536410146e+00 1.389953271711674931e+00
1.114349322625826533e+00 2.526735097858362700e+00 1.971500767053985470e+00 2.381054306124929631e+00 1.393015698076671471e+00
1.121094849397695548e+00 2.491133429872756544e+00 1.973557519473394084e+00 2.367222451684975137e+00 1.396930644448106440e+00
1.123946843190258393e+00 2.455550560530600279e+00 1.972893402850101507e+00 2.351834281872787979e+00 1.400447141885904356e+00
1.124237434825350768e+00 2.420459434586152980e+00 1.969145488548461609e+00 2.335630755469507491e+00 1.401185835732870588e+00
1.125451581947860991e+00 2.386523456823700151e+00 1.968458592555392350e+00 2.317891609389210572e+00 1.399129160004871419e+00
1.129980812952639635e+00 2.355952743650817194e+00 1.975100387571666838e+00 2.300327184917620560e+00 1.397024939239019936e+00
1.138664195853189343e+00 2.328661541616779296e+00 1.986349148048807578e+00 2.285818756814420372e+00 1.398296826102669366e+00
1.151673326208201953e+00 2.302949980366767679e+00 1.997232745456174685e+00 2.275438999964082054e+00 1.404211677101153466e+00
1.168095919591303655e+00 2.279286908830941982e+00 2.005985990193586588e+00 2.268257636459140247e+00 1.413199859752114707e+00
1.186728033312840491e+00 2.258141374703610538e+00 2.013676888400239839e+00 2.262240623018145325e+00 1.423108505741226271e+00
1.208739121718529042e+00 2.239022073992801509e+00 2.018402898274855417e+00 2.255315804936165680e+00 1.431992959170816038e+00
1.233228388508513129e+00 2.229200608599330113e+00 2.026243079900010624e+00 2.244937468038993522e+00 1.435053653982977018e+00
1.236724782320411498e+00 2.221002158764976198e+00 2.047400553101700993e+00 2.243941637021153568e+00 1.435541048763985028e+00
1.238020297658363855e+00 2.220141606883426544e+00 2.067909134419530837e+00 2.253144155795815617e+00 1.438764725580147674e+00
1.240128152317218069e+00 2.223002377913396277e+00 2.089735124715939474e+00 2.254399505690848127e+00 1.437944341598389020e+00
1.242780392208449491e+00 2.224836400312160567e+00 2.110572930540890457e+00 2.250901882247765773e+00 1.441379411096880947e+00
1.249668709704849556e+00 2.212136821206558857e+00 2.120385183825514108e+00 2.253676816239963188e+00 1.457286834705347811e+00
1.243831205215400804e+00 2.220569633215729421e+00 2.117925064043347572e+00 2.258475573911891132e+00 1.476461635216842705e+00
1.247238823398870711e+00 2.229791154434476397e+00 2.114462543774738634e+00 2.247583408960973195e+00 1.494298554525124834e+00
1.256504404453342438e+00 2.224391165687151783e+00 2.121347609498886566e+00 2.238839075072259099e+00 1.511753188156657046e+00
1.265245291260078231e+00 2.213752103147153427e+00 2.128133824144433639e+00 2.232932021013786184e+00 1.529387098455240457e+00
1.273933968445058795e+00 2.202814077360364831e+00 2.134850368108325291e+00 2.227199015760339407e+00 1.547040323841430531e+00
1.282622645630039138e+00 2.191876051573576678e+00 2.141566912072216944e+00 2.221466010506893074e+00 1.564693549227620384e+00
1.291311322815019702e+00 2.180938025786788081e+00 2.148283456036108152e+00 2.215733005253446297e+00 1.582346774613810236e+00
1.300000000000000044e+00 2.169999999999999929e+00 2.154999999999999805e+00 2.209999999999999964e+00 1.600000000000000089e+00
