8.699999999999999956e-01 2.740000000000000213e+00 1.850000000000000089e+00 2.629999999999999893e+00 1.350000000000000089e+00
8.906238685387748433e-01 2.739944959919140555e+00 1.858541802162398282e+00 2.610401331811003534e+00 1.350835632992677615e+00
9.112477370775496910e-01 2.739889919838280896e+00 1.867083604324796475e+00 2.590802663622007174e+00 1.351671265985355141e+00
9.318716056163245387e-01 2.739834879757421238e+00 1.875625406487194891e+00 2.571203995433010370e+00 1.352506898978032890e+00
9.524954741550993864e-01 2.739779839676561579e+00 1.884167208649593084e+00 2.551605327244014010e+00 1.353342531970710416e+00
9.731193426938743452e-01 2.739724799595701921e+00 1.892709010811991277e+00 2.532006659055017650e+00 1.354178164963387943e+00
9.936769976004418137e-01 2.739508563028478783e+00 1.901251073043774387e+00 2.512351348460117872e+00 1.355122886455846887e+00
1.013689094943310387e+00 2.738042445204823316e+00 1.909781850111132773e+00 2.492287335543924787e+00 1.356912212316141897e+00
1.031851340304862141e+00 2.734436165799345009e+00 1.918371920171965117e+00 2.471420767876649549e+00 1.361146842097110232e+00
1.046821940099560422e+00 2.732421932030415057e+00 1.927839343057279997e+00 2.450889578388248502e+00 1.369229400740619385e+00
1.060138524535764404e+00 2.738319944254341998e+00 1.941075346228914533e+00 2.437893436859208673e+00 1.380423132925680196e+00
1.082469253206644000e+00 2.743647929579668965e+00 1.955136054277616608e+00 2.436691383225725538e+00 1.381307332558299850e+00
1.090199663956106235e+00 2.748135445310805558e+00 1.963865165789463907e+00 2.431711603196824001e+00 1.361854938817598226e+00
1.090341928931344073e+00 2.719988663409634633e+00 1.967751353891273869e+00 2.415812246132851726e+00 1.349208916450268969e+00
1.096761663512129337e+00 2.674921487084328309e+00 1.969712100970432811e+00 2.408137558131230094e+00 1.351184172348963708e+00
1.106482880021823156e+00 2.632291005933650396e+00 1.971877720423723446e+00 2.406433524216265774e+00 1.358757857383528389e+00
1.111479494881788765e+00 2.590187264099939490e+00 1.973110869560509517e+00 2.401960153179678148e+00 1.368569303055925390e+00
1.112862844148492236e+00 2.551442108943194675e+00 1.973043295902670025e+00 2.389782258894261435e+00 1.378272276802245511e+00
1.126378276173364057e+00 2.521234589497264977e+00 1.972834790428410701e+00 2.372048226158492312e+00 1.382717508825213271e+00
1.150595064318658656e+00 2.505025920876265744e+00 1.974891556188964836e+00 2.358077094847223609e+00 1.377618253920558145e+00
1.173512580585524212e+00 2.496880682964054632e+00 1.979175503522158541e+00 2.347242886703366338e+00 1.365914504534146534e+00
1.192793737859370928e+00 2.490628207055298304e+00 1.985080569106320691e+00 2.337208812397948865e+00 1.351153922069008084e+00
1.209705580985738438e+00 2.484229069361114650e+00 1.993519442871468872e+00 2.327588740528773847e+00 1.336011660881964325e+00
1.225149071514722188e+00 2.476686672499773145e+00 2.004642971552438979e+00 2.317620018932116555e+00 1.322218261888812529e+00
1.238875620705972347e+00 2.458533387396151682e+00 2.017197967432597494e+00 2.307034991950968283e+00 1.313244439061684421e+00
1.244812556842795015e+00 2.420099923329685154e+00 2.026258524777007519e+00 2.302914280481942466e+00 1.320019425779137112e+00
1.244383056779904573e+00 2.388972714077875370e+00 2.033108632691225992e+00 2.303637481662603292e+00 1.335833074431046263e+00
1.243713458904227354e+00 2.362776353679570729e+00 2.041284041917465597e+00 2.301890602750864989e+00 1.352866746596071978e+00
1.242764084402903091e+00 2.334102852232818659e+00 2.045330117601106945e+00 2.298503686570982918e+00 1.370476898452807735e+00
1.241409902034809054e+00 2.306244320283168392e+00 2.047560518591920342e+00 2.293471915180766096e+00 1.388375548067510401e+00
1.239692649492972532e+00 2.283669856764139805e+00 2.056027370334724935e+00 2.286373850262267915e+00 1.405277688555347737e+00
1.237758129574014321e+00 2.268548541195672730e+00 2.071567486677276193e+00 2.278130003746986709e+00 1.418335021334459656e+00
1.236032528884486670e+00 2.254306913740706353e+00 2.088732904609521768e+00 2.269674557796963477e+00 1.429236445145806167e+00
1.235950028754053021e+00 2.236277394081649827e+00 2.103758464506664261e+00 2.261788768600829336e+00 1.442210052078195970e+00
1.239503824910002550e+00 2.218615012562616950e+00 2.115102027245997274e+00 2.255665588303264357e+00 1.458990912877392132e+00
1.246904855713308002e+00 2.206598100232966875e+00 2.123390949919592430e+00 2.250871881073620795e+00 1.478235494349267487e+00
1.256441831816887289e+00 2.199552087942501011e+00 2.129979727096206865e+00 2.245619212721804203e+00 1.498168597270598035e+00
1.266324912401092462e+00 2.193961031720650379e+00 2.135619337473229518e+00 2.239117074832185139e+00 1.518220129567651622e+00
1.275562773671399253e+00 2.187938582368013751e+00 2.140699132940709681e+00 2.231925493270598526e+00 1.538434907839513865e+00
1.284011150035097470e+00 2.181767904598337804e+00 2.145579927898863648e+00 2.224612004177348279e+00 1.558850324988854563e+00
1.292005575017548757e+00 2.175883952299169088e+00 2.150289963949431726e+00 2.217306002088673900e+00 1.579425162494427326e+00
1.300000000000000044e+00 2.169999999999999929e+00 2.154999999999999805e+00 2.209999999999999964e+00 1.600000000000000089e+00
