8.699999999999999956e-01 2.740000000000000213e+00 1.850000000000000089e+00 2.629999999999999893e+00 1.350000000000000089e+00
8.911535202171382286e-01 2.741998787749301947e+00 1.859395291636472214e+00 2.611129850774505989e+00 1.352560526682936803e+00
9.123070404342764617e-01 2.743997575498603680e+00 1.868790583272944339e+00 2.592259701549012529e+00 1.355121053365873518e+00
9.334605606514148057e-01 2.745996363247905414e+00 1.878185874909416464e+00 2.573389552323518625e+00 1.357681580048810011e+00
9.545817946491238493e-01 2.747980220760956271e+00 1.887583945795951568e+00 2.554485527959274194e+00 1.360233395292194336e+00
9.755890044054250643e-01 2.749913484610676750e+00 1.896995709080188108e+00 2.535462823941514010e+00 1.362730493515537322e+00
9.963182797987570893e-01 2.751728708696346892e+00 1.906447699905553073e+00 2.516157265752536620e+00 1.365044737464974789e+00
1.016513010973167930e+00 2.753443044176703491e+00 1.916029647260888868e+00 2.496377125062594793e+00 1.366901409322924810e+00
1.036027785329745043e+00 2.756317570065832445e+00 1.926290103135814391e+00 2.476564034925768709e+00 1.367655563278495467e+00
1.054872166596873440e+00 2.764582775436294604e+00 1.938734168980532191e+00 2.459469559653515880e+00 1.365874188354009089e+00
1.072400704821619977e+00 2.760039898606281739e+00 1.951022146865188267e+00 2.440901195795528889e+00 1.362231410408953236e+00
1.084088805639976005e+00 2.732891440433397268e+00 1.959457593183107527e+00 2.422292949158360909e+00 1.356985038110990249e+00
1.095312578446533402e+00 2.698197599571480421e+00 1.968510952126145686e+00 2.409731762848108083e+00 1.350521686798350940e+00
1.108130486208785070e+00 2.658618731687200754e+00 1.977683450855467928e+00 2.405737241960666850e+00 1.349256690477859788e+00
1.117873478907066120e+00 2.617420097296415449e+00 1.984997417235066619e+00 2.406275621015258270e+00 1.357832880211185866e+00
1.119460629153791187e+00 2.578713782413808442e+00 1.989829795069837592e+00 2.402340712243938192e+00 1.373551456481348243e+00
1.118331722809634110e+00 2.540904180403765533e+00 1.991856241014851703e+00 2.391931046771706537e+00 1.388786497747294568e+00
1.136111974619810061e+00 2.515970556039444528e+00 1.990188997463259613e+00 2.375785111616834921e+00 1.393404650479912465e+00
1.156658772674195257e+00 2.536322105204091848e+00 1.984249748808317948e+00 2.369499711337702763e+00 1.378247243164683500e+00
1.174561042172280745e+00 2.531405966095759297e+00 1.978158630914701899e+00 2.357351875185431211e+00 1.359471213316898686e+00
1.191761310012365405e+00 2.514204258749708210e+00 1.978557103257100325e+00 2.345656883043428564e+00 1.340677859332267019e+00
1.209054648040067459e+00 2.493427051059045496e+00 1.985345586738833212e+00 2.334496725733525846e+00 1.325033729031130481e+00
1.223690787470176122e+00 2.471858071226354259e+00 1.998962753108645796e+00 2.323215379738075903e+00 1.316144199763861655e+00
1.231806842909044963e+00 2.460558071367271005e+00 2.019028840611757580e+00 2.316141908351506018e+00 1.310956258354098791e+00
1.234323668219959202e+00 2.461584314503791227e+00 2.039714695809929257e+00 2.314915324763668458e+00 1.300213398196141901e+00
1.236168134240674732e+00 2.446803236272236060e+00 2.054071031687227045e+00 2.309241115865005689e+00 1.281009937857268577e+00
1.237744470671339636e+00 2.409291221345340794e+00 2.043935067816658346e+00 2.298613030444187189e+00 1.284351500368922538e+00
1.239521659503391993e+00 2.385079288744363701e+00 2.040025989871812939e+00 2.294573546226918115e+00 1.308076122531617536e+00
1.241223857832969957e+00 2.363375480793435734e+00 2.043065164222646057e+00 2.292751207849607287e+00 1.333106549985615619e+00
1.241899715385088809e+00 2.338974090253939320e+00 2.048778840630800069e+00 2.291455209638612711e+00 1.356611619824925175e+00
1.240957757063400280e+00 2.312171097908477968e+00 2.056792828592753253e+00 2.290525457392286857e+00 1.378114676526124072e+00
1.239286089199487906e+00 2.287526370913158580e+00 2.068831221235288176e+00 2.290296404259176022e+00 1.397330649876281417e+00
1.239155143961276684e+00 2.270665070136745900e+00 2.085844200483753852e+00 2.289092804385055135e+00 1.413049749282519585e+00
1.240091926641303299e+00 2.257954747500763304e+00 2.103711558660176451e+00 2.278478744164078584e+00 1.424372323458185985e+00
1.240065706093502973e+00 2.233783115233159755e+00 2.107034183185075626e+00 2.257463910310401722e+00 1.438638815200269150e+00
1.245305009594047663e+00 2.211451856372867120e+00 2.102459650368149635e+00 2.245720158769759944e+00 1.460064235740848870e+00
1.255299143940394213e+00 2.198272376109140058e+00 2.103968320352393118e+00 2.237217571571163965e+00 1.484447750449847003e+00
1.265516400038737777e+00 2.191275655006050371e+00 2.111861652181821647e+00 2.230982254963835398e+00 1.508320855183679976e+00
1.274512311449573110e+00 2.185833508361802568e+00 2.122230881721723694e+00 2.225842833450498492e+00 1.531441743410808520e+00
1.282985030721959241e+00 2.180454699849765809e+00 2.133090356302447255e+00 2.220582409067660468e+00 1.554345622149212902e+00
1.291492515360979532e+00 2.175227349924882869e+00 2.144045178151223752e+00 2.215291204533829994e+00 1.577172811074606384e+00
1.300000000000000044e+00 2.169999999999999929e+00 2.154999999999999805e+00 2.209999999999999964e+00 1.600000000000000089e+00
