8.699999999999999956e-01 2.740000000000000213e+00 1.850000000000000089e+00 2.629999999999999893e+00 1.350000000000000089e+00
9.055585702501638412e-01 2.739825903556905473e+00 1.862545443032998183e+00 2.601618060595014992e+00 1.347425657474935479e+00
9.411171405003276869e-01 2.739651807113810733e+00 1.875090886065996054e+00 2.573236121190030534e+00 1.344851314949870869e+00
9.766757107504914215e-01 2.739477710670715993e+00 1.887636329098994148e+00 2.544854181785045633e+00 1.342276972424806258e+00
1.012307609245862272e+00 2.740876578170347244e+00 1.900462586495411887e+00 2.516747509093390622e+00 1.339745849681185375e+00
1.048155376597132538e+00 2.752492856116617759e+00 1.915161695353492011e+00 2.491394996910059945e+00 1.336730323509656593e+00
1.088613969567720385e+00 2.742858697197453566e+00 1.929992767846217872e+00 2.473933760859821085e+00 1.337478661733450647e+00
1.111363387777901668e+00 2.702757951099834521e+00 1.937062320720303488e+00 2.457405099949578897e+00 1.359703272743619351e+00
1.143979193967548991e+00 2.660620209031671290e+00 1.943716745021289771e+00 2.445463826232281868e+00 1.355557711698398116e+00
1.173902331342657313e+00 2.658010548229773562e+00 1.949059148435541733e+00 2.448945967882345087e+00 1.323884926906405690e+00
1.211292037486316975e+00 2.644878172080252110e+00 1.962889445554052870e+00 2.451069616676918805e+00 1.303318023759214350e+00
1.247806284594091375e+00 2.629370346274559012e+00 1.984606095406502568e+00 2.448121981612925158e+00 1.291502141432189221e+00
1.274069738204715474e+00 2.609879033833562012e+00 2.011644670039711702e+00 2.433349985696222628e+00 1.282386252175768959e+00
1.279736641636472605e+00 2.571462317828833832e+00 2.031159593904427130e+00 2.403706167641749936e+00 1.271759019300992888e+00
1.272241181104697860e+00 2.520276128839523455e+00 2.036316033991565799e+00 2.372333485953157517e+00 1.261857763166247537e+00
1.265088332962493345e+00 2.463119313851029890e+00 2.039822666087149017e+00 2.343264012056346601e+00 1.259878911834017234e+00
1.264527865306003918e+00 2.406377652200488715e+00 2.044948853001524292e+00 2.319001672100397204e+00 1.274923696536913509e+00
1.270857654844911533e+00 2.364851972954864934e+00 2.055424624552650847e+00 2.304832922324685285e+00 1.304451438713849942e+00
1.273259652131824016e+00 2.342680539862786127e+00 2.078182960423535341e+00 2.295282110700779477e+00 1.334430020006396322e+00
1.261009605522021015e+00 2.324088990819876965e+00 2.103084208495674901e+00 2.273900755720025479e+00 1.356126665652300556e+00
1.249812302229563521e+00 2.304476818297101381e+00 2.119556106115950023e+00 2.254031314407686004e+00 1.386334681525301260e+00
1.249418288889171835e+00 2.283108610341341382e+00 2.139491976164036302e+00 2.239131772852464675e+00 1.417768353943111181e+00
1.252769329179988178e+00 2.261704161713344430e+00 2.156963094907282663e+00 2.229769581804978529e+00 1.452175801951481660e+00
1.259621943548542955e+00 2.239380042758440492e+00 2.169124228886846861e+00 2.225480174454527393e+00 1.489109715777385823e+00
1.269574418940885074e+00 2.213825800275173616e+00 2.168674794575163656e+00 2.224188548606758964e+00 1.527301164528778177e+00
1.283240703950895067e+00 2.192855221168709789e+00 2.160010340089260961e+00 2.218539018949571506e+00 1.564142024005021003e+00
1.300000000000000044e+00 2.169999999999999929e+00 2.154999999999999805e+00 2.209999999999999964e+00 1.600000000000000089e+00
