8.699999999999999956e-01 2.740000000000000213e+00 1.850000000000000089e+00 2.629999999999999893e+00 1.350000000000000089e+00
8.933845935506452562e-01 2.737039867765530765e+00 1.854504609530451154e+00 2.610958847185089304e+00 1.349616116757040407e+00
9.167691871012905169e-01 2.734079735531060873e+00 1.859009219060902218e+00 2.591917694370179159e+00 1.349232233514080725e+00
9.401537806519357776e-01 2.731119603296590981e+00 1.863513828591353283e+00 2.572876541555268570e+00 1.348848350271121044e+00
9.635234298063726222e-01 2.728059995025362561e+00 1.868131391041148115e+00 2.553877444619305770e+00 1.348449790539473003e+00
9.868290383368639729e-01 2.724622250177194616e+00 1.873170621805838154e+00 2.535041019418899477e+00 1.348012600786613557e+00
1.009927431206789850e+00 2.720270736029826164e+00 1.879227702198862593e+00 2.516635196007388053e+00 1.347525717414297164e+00
1.032393572847286611e+00 2.714522204892477752e+00 1.887238076269873277e+00 2.499121379187632552e+00 1.347342540820106738e+00
1.053085295681761568e+00 2.708305633750357710e+00 1.898499938235637563e+00 2.483244800612055325e+00 1.348311928722740305e+00
1.069718365807140970e+00 2.706233437764487437e+00 1.914157175032216385e+00 2.470028244524793415e+00 1.350012752165807850e+00
1.087199650675332308e+00 2.705919452082506282e+00 1.926799492447310413e+00 2.453185868580898710e+00 1.347283445997702556e+00
1.099531809310442476e+00 2.720262892085991702e+00 1.939191047612892405e+00 2.441835318761683027e+00 1.352955934925444303e+00
1.097484588131227845e+00 2.695534367287896416e+00 1.953707959750098810e+00 2.428873738478913413e+00 1.351007922304320541e+00
1.093778465681295442e+00 2.659603101447210793e+00 1.961687385776764492e+00 2.419332812639420460e+00 1.355926280656143623e+00
1.094805378459057454e+00 2.629303550719604754e+00 1.969484819288782385e+00 2.413048340298554972e+00 1.367563153555930056e+00
1.102188811545803171e+00 2.602248147669430800e+00 1.976170924998394751e+00 2.406514005921325694e+00 1.380323843144737772e+00
1.112908267844725074e+00 2.572488542955716717e+00 1.978863025342528115e+00 2.397550657512486971e+00 1.391224851919072858e+00
1.121870133172060413e+00 2.538584186477525151e+00 1.975578787128075664e+00 2.385497642275167696e+00 1.398322583492618731e+00
1.124845480986332413e+00 2.504229476714282754e+00 1.968760969233140035e+00 2.369782081818136987e+00 1.401041750148043441e+00
1.122373031546089805e+00 2.471991792348748440e+00 1.964345699047331362e+00 2.350351449918628877e+00 1.402122243217671871e+00
1.118890334374534667e+00 2.441286431438783655e+00 1.967168989976399995e+00 2.329602155094268046e+00 1.404350240127315574e+00
1.118441266598338313e+00 2.411186758141556474e+00 1.975745396530532272e+00 2.311178714680552915e+00 1.407072012683638240e+00
1.121680708266201920e+00 2.377858189451900195e+00 1.982701419677972199e+00 2.294313924791638648e+00 1.407274112451868397e+00
1.129191761076405509e+00 2.342111448981229138e+00 1.983946850300057685e+00 2.279307658514919677e+00 1.403376958206874026e+00
1.143613915680754545e+00 2.308548597762608789e+00 1.987590439989579627e+00 2.268825278265281131e+00 1.400122919972791813e+00
1.162183390634066837e+00 2.282145468311983283e+00 1.998002207500069405e+00 2.263739552924922904e+00 1.403655675518531876e+00
1.181150188729718220e+00 2.260793982323772155e+00 2.008358321052873485e+00 2.260080394989501418e+00 1.411562572226760848e+00
1.201327024326480419e+00 2.243132808370291720e+00 2.018005629682943169e+00 2.255395349668963600e+00 1.420366936671548785e+00
1.220482388983132660e+00 2.235300221532686926e+00 2.031667296120778232e+00 2.249200192476429550e+00 1.427972979279952481e+00
1.233050105029892984e+00 2.240232812505751347e+00 2.050334972597562366e+00 2.241614175982979518e+00 1.431967673129660223e+00
1.237982725440244680e+00 2.250920455442765977e+00 2.070793591516172150e+00 2.234277513263299930e+00 1.432838073742023655e+00
1.240397100601730696e+00 2.257643546612597252e+00 2.092117145654456500e+00 2.229291259080668386e+00 1.433685480073649376e+00
1.245968094573141505e+00 2.243718337269981600e+00 2.109097402922603504e+00 2.235498006345657540e+00 1.441309952645779324e+00
1.252566777097228190e+00 2.223979945744639419e+00 2.116226212138043294e+00 2.243713647308497094e+00 1.455565754722091043e+00
1.258438421356459225e+00 2.216681104468701591e+00 2.126703892000833207e+00 2.243009559368545958e+00 1.472037795539640426e+00
1.263688444313932457e+00 2.210965152609045692e+00 2.135483688173416716e+00 2.239056419721432434e+00 1.489242990876187944e+00
1.268896026234237473e+00 2.203390106762173950e+00 2.140196178112556247e+00 2.234224926125898403e+00 1.507505650605881264e+00
1.274723221633744075e+00 2.195894429039013218e+00 2.143287822922738339e+00 2.229239821033559110e+00 1.525963027897582203e+00
1.280958701185733073e+00 2.189144627422112244e+00 2.146171857946978179e+00 2.224370336809669890e+00 1.544463384971171527e+00
1.287305800790488730e+00 2.182763084948074805e+00 2.149114571964652054e+00 2.219580224539779767e+00 1.562975589980780899e+00
1.293652900395244387e+00 2.176381542474037367e+00 2.152057285982325929e+00 2.214790112269890088e+00 1.581487794990390494e+00
1.300000000000000044e+00 2.169999999999999929e+00 2.154999999999999805e+00 2.209999999999999964e+00 1.600000000000000089e+00
