8.699999999999999956e-01 2.740000000000000213e+00 1.850000000000000089e+00 2.629999999999999893e+00 1.350000000000000089e+00
8.910715742684310881e-01 2.738730306507889622e+00 1.860287427640012758e+00 2.608242160801907517e+00 1.350080090854261172e+00
9.121431485368622916e-01 2.737460613015779032e+00 1.870574855280025650e+00 2.586484321603815140e+00 1.350160181708522478e+00
9.332147228052933841e-01 2.736190919523668441e+00 1.880862282920038320e+00 2.564726482405722763e+00 1.350240272562783561e+00
9.542862970737244765e-01 2.734921226031557850e+00 1.891149710560051211e+00 2.542968643207630386e+00 1.350320363417044867e+00
9.753450756921863141e-01 2.733823421153511291e+00 1.901571728892949897e+00 2.521329840469807237e+00 1.350340060712790224e+00
9.963602660785452203e-01 2.733458873164380076e+00 1.912546197628576472e+00 2.500233299832749001e+00 1.350128407958476329e+00
1.017324059351336407e+00 2.734960467417019370e+00 1.924872903547594660e+00 2.480849384120885404e+00 1.349494733868331187e+00
1.039065147746811579e+00 2.738801602680151159e+00 1.939291576017444951e+00 2.466510490205211070e+00 1.349443005137365370e+00
1.063201688042307191e+00 2.733802853586308146e+00 1.953147095204020411e+00 2.462150909462282211e+00 1.353307149716475699e+00
1.078017372195881007e+00 2.700348220668100652e+00 1.955743748446675090e+00 2.454796753003457788e+00 1.357276619701266895e+00
1.081499792293084017e+00 2.667345312631719700e+00 1.956169841566989920e+00 2.431966699680035759e+00 1.355102023217214846e+00
1.088333287271662453e+00 2.663616910944426763e+00 1.966335393595504133e+00 2.408066838837680468e+00 1.361323307156768747e+00
1.091569964054181607e+00 2.644658377506221125e+00 1.963652482276201150e+00 2.403997408350915688e+00 1.379252862283323111e+00
1.098619211801246109e+00 2.608359306281183621e+00 1.959935306147954526e+00 2.397697176145483944e+00 1.390006580805919878e+00
1.106855018346184272e+00 2.567392958183559948e+00 1.956806835057556926e+00 2.388616530840382612e+00 1.395332267017462158e+00
1.113539511384231462e+00 2.523366949463802467e+00 1.957715175039171696e+00 2.380926851088636553e+00 1.396666174542307237e+00
1.118012051876142499e+00 2.480533394810607639e+00 1.957106317983959842e+00 2.378323793548838161e+00 1.389805135953609661e+00
1.128374466219438377e+00 2.448727105958813155e+00 1.949976127102526213e+00 2.365574060851012295e+00 1.381068812561992987e+00
1.131819862653168807e+00 2.409262161924681678e+00 1.952550410093639943e+00 2.349910759465245746e+00 1.381343793222247873e+00
1.126501874957303251e+00 2.369920413113619340e+00 1.957057508110723987e+00 2.335689250139058704e+00 1.385150150968863958e+00
1.127296778538589450e+00 2.340314618317216322e+00 1.968427971874688875e+00 2.316356052143933919e+00 1.386615152754590241e+00
1.140571490316712344e+00 2.322153063559179387e+00 1.982789470254983089e+00 2.298434357760231972e+00 1.388301837464466004e+00
1.163725282790335269e+00 2.305740539893892382e+00 1.993126687611558312e+00 2.286046051487428787e+00 1.392140729815128486e+00
1.189102285813476101e+00 2.286543832307605495e+00 1.999988878517009461e+00 2.277363330191422897e+00 1.398040245266237047e+00
1.210773607605520663e+00 2.263874259576387882e+00 2.005401045933961512e+00 2.267963995755190698e+00 1.406987174160504894e+00
1.224102000202998974e+00 2.247997352715484176e+00 2.013232611897781688e+00 2.258487567573318699e+00 1.421232619741312542e+00
1.232046742613781554e+00 2.244310745606207913e+00 2.028034389575713359e+00 2.254487071275942611e+00 1.435411333100303111e+00
1.241686727345329366e+00 2.243309916628343892e+00 2.048273958370121939e+00 2.256298109147086173e+00 1.442767343872062735e+00
1.251857864219665384e+00 2.241368717374627284e+00 2.070239701441379587e+00 2.259082493185604168e+00 1.445011019558786192e+00
1.259608364769265076e+00 2.240191977457186567e+00 2.092737531414978314e+00 2.255740021374579740e+00 1.444534938327370899e+00
1.262306504745590585e+00 2.237532315876852085e+00 2.108299544427207461e+00 2.234062979598981258e+00 1.441002386363165577e+00
1.260501879589492003e+00 2.223649588761761553e+00 2.096800073278022758e+00 2.210099668313660448e+00 1.442768788920117284e+00
1.258613830820905388e+00 2.212963009839276296e+00 2.083523533902029268e+00 2.203014027289015520e+00 1.458000950766696224e+00
1.262110544278982616e+00 2.201164201930906117e+00 2.089516520067786320e+00 2.196044148754266789e+00 1.475416100586673052e+00
1.269941454089482225e+00 2.190657243569089641e+00 2.105248009438736911e+00 2.192509732493838737e+00 1.488303214778863737e+00
1.275620874543591521e+00 2.185803435779707371e+00 2.116056534946933354e+00 2.193599189869697597e+00 1.505864793702658355e+00
1.280659394016253394e+00 2.182290766092373602e+00 2.124521803221253613e+00 2.196333747897109667e+00 1.524474693686253657e+00
1.285531897963963388e+00 2.179127785830933917e+00 2.132308260127486754e+00 2.199591468872108546e+00 1.543308198015174826e+00
1.290363982184151492e+00 2.176062620127938718e+00 2.139913922211597708e+00 2.203021386083650501e+00 1.562193776316265215e+00
1.295181991092075657e+00 2.173031310063969102e+00 2.147456961105798534e+00 2.206510693041825455e+00 1.581096888158132652e+00
1.300000000000000044e+00 2.169999999999999929e+00 2.154999999999999805e+00 2.209999999999999964e+00 1.600000000000000089e+00
