8.699999999999999956e-01 2.740000000000000213e+00 1.850000000000000089e+00 2.629999999999999893e+00 1.350000000000000089e+00
8.933001028790068521e-01 2.732005291785323031e+00 1.857319483818959727e+00 2.612505769063178551e+00 1.350773511870617227e+00
9.166002057580137086e-01 2.724010583570645849e+00 1.864638967637919142e+00 2.595011538126357209e+00 1.351547023741234588e+00
9.399003086370205651e-01 2.716015875355968667e+00 1.871958451456878780e+00 2.577517307189535867e+00 1.352320535611851726e+00
9.632004115160273106e-01 2.708021167141291929e+00 1.879277935275838196e+00 2.560023076252714525e+00 1.353094047482468865e+00
9.864614642558018343e-01 2.700047308671356561e+00 1.886617034508837332e+00 2.542480990999833157e+00 1.353831864812770069e+00
1.009371142473559857e+00 2.692279604788755609e+00 1.894165102414503643e+00 2.524559751744126057e+00 1.354305967949245071e+00
1.030842079167993308e+00 2.685170044348197393e+00 1.902535782865132807e+00 2.505408380429644311e+00 1.354036940410601852e+00
1.048979131454653491e+00 2.679521952852381261e+00 1.912718369064234647e+00 2.484427881660267179e+00 1.352808167326564170e+00
1.063930376030983505e+00 2.677374825226513266e+00 1.925478459696372768e+00 2.463362032783980915e+00 1.351850162328404714e+00
1.080478496562241153e+00 2.682390705217882143e+00 1.940641585701893046e+00 2.449723657018767042e+00 1.354829959451152810e+00
1.093958329681901098e+00 2.672217161645692673e+00 1.955420532107246201e+00 2.441562214263460540e+00 1.363316705887634095e+00
1.094631030043032860e+00 2.639637113984861116e+00 1.959456816298486004e+00 2.428385290392951923e+00 1.370250340380422482e+00
1.095660366459244806e+00 2.607507255242294431e+00 1.959323847470036739e+00 2.417316203066583569e+00 1.380605519082523269e+00
1.098137867577230198e+00 2.580531473837938350e+00 1.958886192787487879e+00 2.411172624187396529e+00 1.394728652683920433e+00
1.101241615084459058e+00 2.556563862520023989e+00 1.959093190408670582e+00 2.407112949353503950e+00 1.410262987492185038e+00
1.107007172657193284e+00 2.532340871471614907e+00 1.960024728478509726e+00 2.402155791993742628e+00 1.425291648149797474e+00
1.118802308905396226e+00 2.506308920164398657e+00 1.960065430837646838e+00 2.390341722205227892e+00 1.420396943754251184e+00
1.123435292745045055e+00 2.478053200907088360e+00 1.961946920922947202e+00 2.375360966927177131e+00 1.409967422012117888e+00
1.124414676075488506e+00 2.452247868868355773e+00 1.972326668847434350e+00 2.359234991157983963e+00 1.403149125857191537e+00
1.124382221763593925e+00 2.433511303917340829e+00 1.988788858444037633e+00 2.344830282743056049e+00 1.399662033545186368e+00
1.127343319780735653e+00 2.408508748546171141e+00 2.002872814343161334e+00 2.330780614269345907e+00 1.396258778600459882e+00
1.136879202218347595e+00 2.376309577478355806e+00 2.011139597091897269e+00 2.318391309201012884e+00 1.394608467451281308e+00
1.149035761128106792e+00 2.349230665680605679e+00 2.022317613978386941e+00 2.307105781879413620e+00 1.397942265067281253e+00
1.159402882873392437e+00 2.330774790538359564e+00 2.037414247558368974e+00 2.296439129513482058e+00 1.404240052427291108e+00
1.168650010516860904e+00 2.315564376323701268e+00 2.053822075469216468e+00 2.285069674888503322e+00 1.410513132946002779e+00
1.179580706439567361e+00 2.301372576478875054e+00 2.070409516631949831e+00 2.272387543578251456e+00 1.414396741174385186e+00
1.194884390378341488e+00 2.291446408647625610e+00 2.086672532764239474e+00 2.260102253443194265e+00 1.414388245983994485e+00
1.214040984272310331e+00 2.285788934526228555e+00 2.100188377332211420e+00 2.246196169032478984e+00 1.417155722297448683e+00
1.228493454120356709e+00 2.278625804482228734e+00 2.100628275499607955e+00 2.232071213565670398e+00 1.429196281149075709e+00
1.239560227008939419e+00 2.270346304726245545e+00 2.097501785173773392e+00 2.222158755271398167e+00 1.445507023486059195e+00
1.248624870572298873e+00 2.258489506439487204e+00 2.101352159380788009e+00 2.213803167585175036e+00 1.461734757517522798e+00
1.249528315954370861e+00 2.241485002885203581e+00 2.109783201532187125e+00 2.204589378465880323e+00 1.476452394572016047e+00
1.248651423274731442e+00 2.226285693524483023e+00 2.119135603547497304e+00 2.198924571583887655e+00 1.492028599916761289e+00
1.257229090644283120e+00 2.212623342988852215e+00 2.124063837059465332e+00 2.201259858430749450e+00 1.508231245570738288e+00
1.258978627780853232e+00 2.219420076316370505e+00 2.115504939794783823e+00 2.207398549056131198e+00 1.496724433000795829e+00
1.268753632389272745e+00 2.211372024890895460e+00 2.127014196835001147e+00 2.210750158349701344e+00 1.511378848292719956e+00
1.273901007851349743e+00 2.203547871163497707e+00 2.136103991759482401e+00 2.210632585272145345e+00 1.528302201525740145e+00
1.279115017482089334e+00 2.196014053823089007e+00 2.143299094362822732e+00 2.210785426665423437e+00 1.545928498174339527e+00
1.284991352491043903e+00 2.188230270586386972e+00 2.148761593167168193e+00 2.210978053817163058e+00 1.563923487552171254e+00
1.291869538490062475e+00 2.179696846893633744e+00 2.152611973340434304e+00 2.210829702423279475e+00 1.582029701845695469e+00
1.300000000000000044e+00 2.169999999999999929e+00 2.154999999999999805e+00 2.209999999999999964e+00 1.600000000000000089e+00
