8.699999999999999956e-01 2.740000000000000213e+00 1.850000000000000089e+00 2.629999999999999893e+00 1.350000000000000089e+00
8.951326245902067047e-01 2.739837568204655405e+00 1.860657059045225381e+00 2.606530077843787208e+00 1.356056479109215118e+00
9.202652491804134138e-01 2.739675136409310596e+00 1.871314118090450895e+00 2.583060155687574966e+00 1.362112958218430148e+00
9.453978737706201230e-01 2.739512704613965344e+00 1.881971177135676188e+00 2.559590233531362280e+00 1.368169437327645177e+00
9.705304983608269431e-01 2.739350272818620535e+00 1.892628236180901702e+00 2.536120311375149594e+00 1.374225916436860429e+00
9.956747611100638107e-01 2.739254265175375735e+00 1.903323451114093956e+00 2.512662481679991178e+00 1.380207171329626892e+00
1.020871570097294123e+00 2.739476757909154347e+00 1.914200229483373539e+00 2.489265670024586541e+00 1.385826969552215626e+00
1.046281903049012918e+00 2.741726187324936781e+00 1.926281576465540102e+00 2.466416053080560111e+00 1.388742280223249637e+00
1.068322339292374412e+00 2.749612401719059296e+00 1.942067133257508793e+00 2.449381621424334021e+00 1.377744602172360500e+00
1.080354601210953946e+00 2.743490888186869370e+00 1.958435040664175952e+00 2.435631824287247671e+00 1.356311159492726848e+00
1.106796744654927167e+00 2.719366694459246503e+00 1.964375531432147159e+00 2.436923442951378860e+00 1.342567779909573655e+00
1.139161564894388468e+00 2.701222937602036467e+00 1.973070549290277143e+00 2.441028176234996572e+00 1.335143985100609054e+00
1.171823063479994875e+00 2.691653801641092247e+00 1.984523049266706085e+00 2.443801134592089586e+00 1.326525341544945613e+00
1.204040702636615334e+00 2.686963766928399000e+00 1.996136783410741078e+00 2.446503296758181900e+00 1.315613564745148123e+00
1.235870469259392923e+00 2.680451250066040014e+00 2.006794211182521881e+00 2.447578769369422869e+00 1.303000015928311717e+00
1.259846662575865084e+00 2.652081047627200761e+00 2.014909667875125709e+00 2.436197277503358016e+00 1.293893468644833344e+00
1.266121247633825053e+00 2.609153989746459956e+00 2.019030485926518903e+00 2.416252919495238682e+00 1.294773002204362422e+00
1.265259426667766807e+00 2.565293350584619159e+00 2.023059373837289954e+00 2.395488120462233361e+00 1.301144660705958911e+00
1.263120603688352661e+00 2.524124576969617451e+00 2.029402772950842149e+00 2.373986467795390354e+00 1.309426899226916019e+00
1.260346666179544162e+00 2.487391422617992287e+00 2.038841458762452596e+00 2.350384423932040168e+00 1.316843379266285030e+00
1.256189293471966284e+00 2.457352357849146962e+00 2.049508301460121640e+00 2.322834445763397149e+00 1.317061522745485380e+00
1.250891563993039357e+00 2.440726584939378885e+00 2.054361031645000502e+00 2.294956942078544060e+00 1.301998586361758026e+00
1.246270849902308742e+00 2.437211406141241987e+00 2.049881734895865115e+00 2.273720015856103505e+00 1.277024463125647102e+00
1.241543533364393381e+00 2.415005601100653987e+00 2.047838165444613168e+00 2.255858996552397855e+00 1.253372732109011789e+00
1.241709934693837614e+00 2.379721154665691785e+00 2.064016816742846316e+00 2.262153065431820043e+00 1.268880842659587671e+00
1.245147812880210925e+00 2.357111554735151326e+00 2.075462379196828522e+00 2.276962053075893611e+00 1.292297299299654423e+00
1.249978220362057302e+00 2.364673605384757682e+00 2.064701656827176102e+00 2.293051729907264136e+00 1.318312903330147501e+00
1.246567049985602083e+00 2.358065780799512012e+00 2.046354895386108375e+00 2.290750590408686893e+00 1.343346927991272644e+00
1.240882466635897075e+00 2.329386710518569714e+00 2.041970739382418465e+00 2.282393213861564796e+00 1.369096143559069167e+00
1.239297204677118680e+00 2.302908418578429206e+00 2.052459068921812957e+00 2.272070059739266679e+00 1.393184938486573543e+00
1.243559449228255565e+00 2.288833168096902959e+00 2.075798125405322825e+00 2.259304879862702453e+00 1.408458899026900024e+00
1.247493442274616005e+00 2.274714500203105505e+00 2.100896253692684290e+00 2.241860980658191504e+00 1.414671154203233083e+00
1.249869857095133874e+00 2.262118214414059025e+00 2.127514270284650344e+00 2.227486368158519525e+00 1.421381614653264291e+00
1.248127490795147621e+00 2.248827726466553933e+00 2.150188253901728519e+00 2.219956595698243440e+00 1.436772948638698200e+00
1.250779156505764433e+00 2.243870764156424169e+00 2.140630481993504475e+00 2.227504117785479298e+00 1.466501053161555657e+00
1.260683960920487845e+00 2.243903821287933198e+00 2.124243940474599412e+00 2.233057385921823013e+00 1.491443250729330039e+00
1.270555306800191797e+00 2.230792983461852508e+00 2.124011278910939104e+00 2.231978581437529918e+00 1.521679824494144295e+00
1.280458569350314102e+00 2.210907050048247946e+00 2.132829119748341107e+00 2.226054934006134634e+00 1.548777630051121124e+00
1.290229284675157073e+00 2.190453525024123937e+00 2.143914559874170234e+00 2.218027467003067521e+00 1.574388815025560495e+00
1.300000000000000044e+00 2.169999999999999929e+00 2.154999999999999805e+00 2.209999999999999964e+00 1.600000000000000089e+00
