8.699999999999999956e-01 2.740000000000000213e+00 1.850000000000000089e+00 2.629999999999999893e+00 1.350000000000000089e+00
9.227541126236898927e-01 2.748175735029498412e+00 1.862469707766650773e+00 2.603490798752102986e+00 1.357589207810759646e+00
9.755082252473799009e-01 2.756351470058997055e+00 1.874939415533301235e+00 2.576981597504206078e+00 1.365178415621519203e+00
1.028262337871069798e+00 2.764527205088495698e+00 1.887409123299951919e+00 2.550472396256309615e+00 1.372767623432278761e+00
1.078285658965699056e+00 2.751163758756825395e+00 1.901567743385488507e+00 2.521381302675582692e+00 1.380390233597451388e+00
1.108145923818142142e+00 2.703504430868830077e+00 1.921827238187193476e+00 2.499135800476383285e+00 1.402434383889380465e+00
1.137371335829254537e+00 2.747584394970434829e+00 1.936316738442801499e+00 2.510771400211419646e+00 1.381075452434281647e+00
1.169996459588424687e+00 2.697223384473340868e+00 1.941158368514416255e+00 2.520378627085971601e+00 1.346856287626236659e+00
1.202844470760098927e+00 2.641761060463363453e+00 1.948261882915907073e+00 2.514595703324557618e+00 1.316736776561066691e+00
1.235535515576495325e+00 2.612308117349377845e+00 1.969439209282870085e+00 2.485585165451218437e+00 1.294173212911544857e+00
1.260321039384467490e+00 2.601949224009867390e+00 2.002242221066220740e+00 2.460065712080298450e+00 1.276365702904101784e+00
1.273242005536322052e+00 2.574796402946838203e+00 2.034246693130805639e+00 2.429758566066773540e+00 1.261121478736445756e+00
1.274181147953603377e+00 2.514516162991663251e+00 2.045802834463374964e+00 2.384851784978195610e+00 1.250866983959825429e+00
1.270866042321326717e+00 2.447449757348047594e+00 2.043653481768943792e+00 2.339420149195740262e+00 1.247195291649895621e+00
1.265977261080070804e+00 2.383610374125678000e+00 2.050674970941423592e+00 2.294687490797954865e+00 1.254903644313053235e+00
1.258094994606572925e+00 2.339676753970927336e+00 2.070156943848963760e+00 2.257646879691143305e+00 1.281016102330315709e+00
1.249179072274460456e+00 2.313545944104399066e+00 2.091165155584406854e+00 2.231567317562212605e+00 1.319031861831934549e+00
1.241765298303491916e+00 2.294733025242894797e+00 2.105739328004041511e+00 2.219742485125323572e+00 1.366626747507588835e+00
1.238270952020284810e+00 2.281183503400796564e+00 2.111225935772604867e+00 2.227323633834592975e+00 1.418617919383062809e+00
1.240883527073647130e+00 2.263005944400090730e+00 2.115646807901261806e+00 2.240440895196748716e+00 1.469440194726606475e+00
1.253123270325819494e+00 2.230257369322846017e+00 2.127578558823862487e+00 2.237563401796286211e+00 1.516255574599551625e+00
1.275224720399189327e+00 2.196361425845143156e+00 2.141185209442513226e+00 2.222481912191429654e+00 1.557599532948699572e+00
1.300000000000000044e+00 2.169999999999999929e+00 2.154999999999999805e+00 2.209999999999999964e+00 1.600000000000000089e+00
