8.699999999999999956e-01 2.740000000000000213e+00 1.850000000000000089e+00 2.629999999999999893e+00 1.350000000000000089e+00
8.963167364740882714e-01 2.739306928815740338e+00 1.851524674306542106e+00 2.608391185755909891e+00 1.350356499945013278e+00
9.226334729481766583e-01 2.738613857631480464e+00 1.853049348613084124e+00 2.586782371511819889e+00 1.350712999890026689e+00
9.489502094222650452e-01 2.737920786447221033e+00 1.854574022919626142e+00 2.565173557267729887e+00 1.351069499835039878e+00
9.752669458963534321e-01 2.737227715262961159e+00 1.856098697226168381e+00 2.543564743023639885e+00 1.351425999780053289e+00
1.001902669147304303e+00 2.736974201183993483e+00 1.858094749032424220e+00 2.522384958539950262e+00 1.351711169466859097e+00
1.029314589284823445e+00 2.736718452304806259e+00 1.862960476039435376e+00 2.503006136368765677e+00 1.350867214654957182e+00
1.055456174415707826e+00 2.738317362904723495e+00 1.874067432176491410e+00 2.487219184871042543e+00 1.346922358676768905e+00
1.077319143867499163e+00 2.744598329938089609e+00 1.889933752075686035e+00 2.472821124743477927e+00 1.341127830172143875e+00
1.091246768201602269e+00 2.743614706657915292e+00 1.910909717916482453e+00 2.458104435870792415e+00 1.335978265479973448e+00
1.085250398569575614e+00 2.730942926548969307e+00 1.926561903130487918e+00 2.436032120330785311e+00 1.339097987739362727e+00
1.076062420388782526e+00 2.704267969390077742e+00 1.913359133045566152e+00 2.425176321527654277e+00 1.331867596951382460e+00
1.086391023099455122e+00 2.670802857176964196e+00 1.916936630293499144e+00 2.427739484146073767e+00 1.318670920429165561e+00
1.095390023558661774e+00 2.675565907281805877e+00 1.942995361716796099e+00 2.426632131955000826e+00 1.322395553223435938e+00
1.101827638987317171e+00 2.686457694333487467e+00 1.966036815675879401e+00 2.425815530069308501e+00 1.331846116200135155e+00
1.109395032423391436e+00 2.673029265715161085e+00 1.976884325660580144e+00 2.426020752588317730e+00 1.351202154835982050e+00
1.113384963078262180e+00 2.643075747363423211e+00 1.976428363761653317e+00 2.422056672077190331e+00 1.369284246726637511e+00
1.114572223326295353e+00 2.608086354539160379e+00 1.976290180218908787e+00 2.411879947984919781e+00 1.384063087314072016e+00
1.116151030419319623e+00 2.572287230835171190e+00 1.975105007020537151e+00 2.396706298781964506e+00 1.395479808669981114e+00
1.125719951025166754e+00 2.545228259565395668e+00 1.970414120055689278e+00 2.372256766067464717e+00 1.401253317217172611e+00
1.135379443927822862e+00 2.515644008906304574e+00 1.964489414676637402e+00 2.349277738413888983e+00 1.405684031667762124e+00
1.138302497843010741e+00 2.476679234353071912e+00 1.962954956607740664e+00 2.329989178266047567e+00 1.409209645359948082e+00
1.136995206999248831e+00 2.435755091424232521e+00 1.967581636168882042e+00 2.312488395368544669e+00 1.409757944686227171e+00
1.135065330586043197e+00 2.391879919030030610e+00 1.968841376530413356e+00 2.298176341771339892e+00 1.407235487794783690e+00
1.133548514404496110e+00 2.346331734296791538e+00 1.966620353129653331e+00 2.287135024189912436e+00 1.403882012198825135e+00
1.133290620102022306e+00 2.301141433166493222e+00 1.967496164974518624e+00 2.275318586056264358e+00 1.400111045805155774e+00
1.137379114657540935e+00 2.260365416338875555e+00 1.976795781859590262e+00 2.261886430818631499e+00 1.396714235066662146e+00
1.148453551352506263e+00 2.233356301934734223e+00 1.996152061414607326e+00 2.251206879578559139e+00 1.396775563550445520e+00
1.163575495652309888e+00 2.225092471096516977e+00 2.019760182772980528e+00 2.246791863178570825e+00 1.401222718815470669e+00
1.179281013261790800e+00 2.226480447721010947e+00 2.043196073392618217e+00 2.245967699275087437e+00 1.407677648937669446e+00
1.194991132784922527e+00 2.230786210587049734e+00 2.066303458714586316e+00 2.246195058343414708e+00 1.414694248184805048e+00
1.210729790731455369e+00 2.236200638189579593e+00 2.089331123239944965e+00 2.246452068024164195e+00 1.421697684931860994e+00
1.225789599846569544e+00 2.244772798217308019e+00 2.112686012623940179e+00 2.245025988498199343e+00 1.427719507026394830e+00
1.243421480628201348e+00 2.255649671054780203e+00 2.129882892606021372e+00 2.230507434580733861e+00 1.433503871082213887e+00
1.245197876563668871e+00 2.235888385804764233e+00 2.118176489936033136e+00 2.231619235014471681e+00 1.449531555088358736e+00
1.249892152830285097e+00 2.227974044104880758e+00 2.129953363218904716e+00 2.233979642842409685e+00 1.470105850105772660e+00
1.257125546031233831e+00 2.216098103693627142e+00 2.137936190992862251e+00 2.233648765417891369e+00 1.491342562900757729e+00
1.264278233207207114e+00 2.202898784335833859e+00 2.146066347129587104e+00 2.230454663688016481e+00 1.512246782117022903e+00
1.272918388360964936e+00 2.193088611876576000e+00 2.151920515285806079e+00 2.225653355264149091e+00 1.533711725914001622e+00
1.282131181127569297e+00 2.185189302564585656e+00 2.154238550423315690e+00 2.220324470516985560e+00 1.555683184591388324e+00
1.291065590563784671e+00 2.177594651282293015e+00 2.154619275211657747e+00 2.215162235258492540e+00 1.577841592295694095e+00
1.300000000000000044e+00 2.169999999999999929e+00 2.154999999999999805e+00 2.209999999999999964e+00 1.600000000000000089e+00
