8.699999999999999956e-01 2.740000000000000213e+00 1.850000000000000089e+00 2.629999999999999893e+00 1.350000000000000089e+00
9.074072034462989933e-01 2.747722308654434453e+00 1.864174295922173874e+00 2.603396985970784172e+00 1.351463027788289750e+00
9.448144068925979910e-01 2.755444617308868693e+00 1.878348591844347659e+00 2.576793971941568895e+00 1.352926055576579634e+00
9.822216103388969888e-01 2.763166925963303378e+00 1.892522887766521666e+00 2.550190957912353173e+00 1.354389083364869295e+00
1.020052868734059315e+00 2.770312050416001259e+00 1.906379075468465523e+00 2.523847413793304462e+00 1.355802347151634946e+00
1.058802751814669207e+00 2.771371695127339496e+00 1.919091261943768112e+00 2.497733185689544388e+00 1.358392576811085828e+00
1.093930775662934840e+00 2.772994747183372688e+00 1.935438005552611695e+00 2.469666440871268076e+00 1.358084938536598063e+00
1.125265606232705329e+00 2.763656435677381396e+00 1.953507574103675370e+00 2.449364713091897183e+00 1.341536870841308016e+00
1.162213052770448618e+00 2.728644927549670030e+00 1.964495631106114359e+00 2.437898815597053126e+00 1.330718673847371969e+00
1.201154534572027366e+00 2.691363024903253631e+00 1.972081752214503325e+00 2.431561644640880981e+00 1.318561587921196265e+00
1.236756595829254790e+00 2.654045572557048871e+00 1.981051240196953778e+00 2.424002913502690593e+00 1.302202947577953074e+00
1.264349644234221248e+00 2.610292512426919842e+00 1.993380703454942449e+00 2.409682375888434258e+00 1.285849757022153650e+00
1.273702821600926516e+00 2.557255140817913386e+00 2.003311540517646705e+00 2.383210767636082306e+00 1.274811359057830495e+00
1.266420425597440946e+00 2.501062794092831165e+00 2.005106928214597239e+00 2.352436277888689808e+00 1.272036482437576721e+00
1.257876520166064882e+00 2.440805057678145040e+00 2.012385980258852847e+00 2.325905057596536096e+00 1.274683124046690263e+00
1.259957182566369127e+00 2.387808497625803383e+00 2.031711893368563615e+00 2.303568867033019441e+00 1.283065209851904864e+00
1.263211172799470816e+00 2.344685669561072494e+00 2.052315640725475454e+00 2.292872555606052742e+00 1.305692189546571180e+00
1.255921146231551822e+00 2.320642403565013279e+00 2.063911397341757326e+00 2.274328720353587574e+00 1.336553857106389076e+00
1.248797189226891646e+00 2.310099167100577500e+00 2.086109933555817531e+00 2.249960418223298841e+00 1.361057286668526878e+00
1.249948475490739064e+00 2.293845199169405102e+00 2.116203877538539668e+00 2.239431916102667230e+00 1.384004749266631196e+00
1.254797453059801171e+00 2.281543810126627658e+00 2.152427471276275206e+00 2.241402669305883943e+00 1.399231103317610136e+00
1.259988063701963590e+00 2.271822333684804018e+00 2.176543889512332353e+00 2.237469885419923088e+00 1.429350842714743663e+00
1.261012649634737137e+00 2.258575904002882329e+00 2.171034585113412518e+00 2.238932233715569708e+00 1.467554820304058039e+00
1.251352292656808363e+00 2.227061720178711290e+00 2.183655880469180133e+00 2.231166441210115092e+00 1.498705257785807543e+00
1.263020105173189078e+00 2.214711400507530126e+00 2.176388055388400744e+00 2.226612488500066878e+00 1.535409511849781028e+00
1.281510052586594561e+00 2.192355700253764805e+00 2.165694027694200052e+00 2.218306244250033643e+00 1.567704755924890447e+00
1.300000000000000044e+00 2.169999999999999929e+00 2.154999999999999805e+00 2.209999999999999964e+00 1.600000000000000089e+00
