8.699999999999999956e-01 2.740000000000000213e+00 1.850000000000000089e+00 2.629999999999999893e+00 1.350000000000000089e+00
8.953961233438553213e-01 2.735189966364791836e+00 1.861370476317709022e+00 2.602636153788287388e+00 1.346323403200220259e+00
9.207922466877106471e-01 2.730379932729583459e+00 1.872740952635417955e+00 2.575272307576574438e+00 1.342646806400440429e+00
9.461883700315660839e-01 2.725569899094375081e+00 1.884111428953126888e+00 2.547908461364861932e+00 1.338970209600660599e+00
9.715844933754214097e-01 2.720759865459166704e+00 1.895481905270835821e+00 2.520544615153149426e+00 1.335293612800880769e+00
9.974026194641304466e-01 2.716830432730569456e+00 1.906770146672666311e+00 2.493292738741748504e+00 1.332714922975360761e+00
1.024421250969030694e+00 2.715690795251674228e+00 1.918087068016037122e+00 2.467105949413653132e+00 1.334148227342760507e+00
1.053052455232455165e+00 2.720017224159517077e+00 1.930338632974091251e+00 2.447343174293262535e+00 1.344031327539471299e+00
1.083244770701925264e+00 2.731502721718598092e+00 1.944772262535147789e+00 2.439981972881623662e+00 1.356668220043081075e+00
1.116431388246917011e+00 2.744970623065819737e+00 1.958913183688838489e+00 2.439538165363053679e+00 1.364673089618801516e+00
1.153603822701495751e+00 2.752073786326030280e+00 1.968303760343870890e+00 2.439187553636823047e+00 1.369611845792023441e+00
1.191378109614120051e+00 2.745868780937737341e+00 1.976912688307265187e+00 2.436215675915766710e+00 1.371190823580924034e+00
1.220637974709076090e+00 2.720413815076829334e+00 1.990222359961101084e+00 2.429333214263016405e+00 1.365008745602968476e+00
1.237537667787069751e+00 2.681531964526553846e+00 2.000348953970104038e+00 2.418754725712366049e+00 1.350331610052774023e+00
1.247709619064863773e+00 2.638862228312529812e+00 2.000594802102781067e+00 2.406635253099620897e+00 1.331764476196847236e+00
1.254838143892535784e+00 2.594073904729282454e+00 1.993932738386095860e+00 2.394236001520072321e+00 1.314859618009926567e+00
1.260255254864114827e+00 2.547607142395010627e+00 1.988776871753225040e+00 2.378547704460696188e+00 1.300324510106708242e+00
1.264392289226103472e+00 2.505409569139640524e+00 1.991876344679753608e+00 2.356995643008076513e+00 1.286445549377157826e+00
1.267297108221984159e+00 2.471052248460702039e+00 2.003513124894507058e+00 2.331784063586036293e+00 1.274347003096673037e+00
1.268803073675111914e+00 2.438879112318828923e+00 2.020565230404134827e+00 2.306484049353136889e+00 1.268632946586678578e+00
1.268333614028288370e+00 2.404169768658193540e+00 2.039000716794543866e+00 2.285861912592368927e+00 1.275446504021075622e+00
1.265972835104618888e+00 2.369535584662326055e+00 2.053089711114695071e+00 2.272562376593361577e+00 1.294605443947473900e+00
1.258851250540951039e+00 2.339013812917605240e+00 2.048252140447197611e+00 2.249237299445895566e+00 1.302597940278050759e+00
1.245611984869876343e+00 2.323878328749859890e+00 2.056262803649111071e+00 2.262068448326802983e+00 1.329103803742539336e+00
1.240074817966722698e+00 2.298394186546166562e+00 2.071353755986198308e+00 2.253303687156818391e+00 1.353425432247157056e+00
1.237983693457839429e+00 2.271624123174962762e+00 2.085752147367236464e+00 2.234658060761042453e+00 1.374234208356273967e+00
1.239450007295894496e+00 2.249460928096171042e+00 2.103820447836202590e+00 2.216815323823628336e+00 1.393912902149021082e+00
1.245831618123862894e+00 2.243838406986111256e+00 2.126690979277245486e+00 2.209683579021296307e+00 1.413822420405786762e+00
1.258865411734450879e+00 2.237951809784642698e+00 2.127417064559652182e+00 2.215201161810052444e+00 1.444799258040852186e+00
1.263797075701029726e+00 2.221166972086162872e+00 2.127202163817192293e+00 2.218881956161509184e+00 1.476404947466971596e+00
1.272009439293810384e+00 2.207501292414316918e+00 2.134647667256868608e+00 2.219674509962808351e+00 1.507312154729119280e+00
1.281191154277215860e+00 2.194819292184346349e+00 2.141923489039237793e+00 2.217305387054736343e+00 1.538155216955346294e+00
1.290595577138607952e+00 2.182409646092172917e+00 2.148461744519618577e+00 2.213652693527368154e+00 1.569077608477673191e+00
1.300000000000000044e+00 2.169999999999999929e+00 2.154999999999999805e+00 2.209999999999999964e+00 1.600000000000000089e+00
