8.699999999999999956e-01 2.740000000000000213e+00 1.850000000000000089e+00 2.629999999999999893e+00 1.350000000000000089e+00
8.967162747658896649e-01 2.743478461066109375e+00 1.862593604672876824e+00 2.605341160755798136e+00 1.355392168095170158e+00
9.234325495317793342e-01 2.746956922132218537e+00 1.875187209345753780e+00 2.580682321511596378e+00 1.360784336190340227e+00
9.501488242976688925e-01 2.750435383198328143e+00 1.887780814018630515e+00 2.556023482267394620e+00 1.366176504285510074e+00
9.768650990635585618e-01 2.753913844264437305e+00 1.900374418691507250e+00 2.531364643023192862e+00 1.371568672380680143e+00
1.003506431790585962e+00 2.757172406249555952e+00 1.913014580757431471e+00 2.506542326915381480e+00 1.376656903013822486e+00
1.029705566707546538e+00 2.759203669604722631e+00 1.926034632037788574e+00 2.481094570461365389e+00 1.380193906824119798e+00
1.053296503777445770e+00 2.756250470948629072e+00 1.939621227761035849e+00 2.455380552118850535e+00 1.373945235301166745e+00
1.065310984958912188e+00 2.756044348318527959e+00 1.935214834176393284e+00 2.434722657739944118e+00 1.352224484421258088e+00
1.081129252748847636e+00 2.745930892217372854e+00 1.953513282784026472e+00 2.420875960135436600e+00 1.363243534290307535e+00
1.116469957449221617e+00 2.743546333009577065e+00 1.964639442515439205e+00 2.428013478437870631e+00 1.371569244398494369e+00
1.144908737723484116e+00 2.718634594982288544e+00 1.978567060856348814e+00 2.440941447345328807e+00 1.376209510165542715e+00
1.169067196413996701e+00 2.695789204535832262e+00 1.996583648168249958e+00 2.443253878010821722e+00 1.364748798311085975e+00
1.190396020309267833e+00 2.685585951996469767e+00 2.016437202070401113e+00 2.442081756889244115e+00 1.348666772920586343e+00
1.210792263760698262e+00 2.681079543575179081e+00 2.037027084230273566e+00 2.440757430850924337e+00 1.332018289756496054e+00
1.231326528349245386e+00 2.679702481852945795e+00 2.057239276149527729e+00 2.439619470557111036e+00 1.314854805032006579e+00
1.255019619962453037e+00 2.686809203976413762e+00 2.068827191469210458e+00 2.431235445497197389e+00 1.294645193685176610e+00
1.253344194159405234e+00 2.646094363671299465e+00 2.054375515173942901e+00 2.411718797096952027e+00 1.297338287541141000e+00
1.263941826868815177e+00 2.600194876683568079e+00 2.042648393918720995e+00 2.397312607330272627e+00 1.303296710593977670e+00
1.274513829889072580e+00 2.556183056292506084e+00 2.025660113005981700e+00 2.388197515065904053e+00 1.301130845594720808e+00
1.278312452405103272e+00 2.508855965749129613e+00 2.022343837628534313e+00 2.370588422570123477e+00 1.310612158969115093e+00
1.273345202894236250e+00 2.473060244091876303e+00 2.025807945383736097e+00 2.346076275967487579e+00 1.324470709131793766e+00
1.262287138604047509e+00 2.436816136788627851e+00 2.028165117473595735e+00 2.319269535037219221e+00 1.333273229970482809e+00
1.254738579447712166e+00 2.391728285082483474e+00 2.031551755819846150e+00 2.295857900908946814e+00 1.335341148068628581e+00
1.251041425620315506e+00 2.348930380932047424e+00 2.042380223489075775e+00 2.273663437457154934e+00 1.338681406579392830e+00
1.247359006596996167e+00 2.330177439983393217e+00 2.063020135023100110e+00 2.257806881185156378e+00 1.352252706795165071e+00
1.243703720455927808e+00 2.324738480165812415e+00 2.087992913583410548e+00 2.248497117135914269e+00 1.367950843827784979e+00
1.241126353743124522e+00 2.317849643923649783e+00 2.114433093549224374e+00 2.241538919582591660e+00 1.382066494416185343e+00
1.238868834325808521e+00 2.293688543736704499e+00 2.132319623663335051e+00 2.238512132934295629e+00 1.401925823924164760e+00
1.241203946444362050e+00 2.255024410927697787e+00 2.134210616003894501e+00 2.233534267015804264e+00 1.423483213205033682e+00
1.244866811335591184e+00 2.219650325526151935e+00 2.114663557700170671e+00 2.228538280755171019e+00 1.434277183505550113e+00
1.247065676692239888e+00 2.192013025469919718e+00 2.088758181313739026e+00 2.228474187210884860e+00 1.442016672836053059e+00
1.250977418755279125e+00 2.219734249810174198e+00 2.107317573180429449e+00 2.231792707410729992e+00 1.448031804180387017e+00
1.251592453846990249e+00 2.227422532640462194e+00 2.124874232491231751e+00 2.232143486059361859e+00 1.472446275911999169e+00
1.253447488722747583e+00 2.210265384230452490e+00 2.128281494977935839e+00 2.237846182288912633e+00 1.500349536885184243e+00
1.271328581291936377e+00 2.177443591999051353e+00 2.139762558216213861e+00 2.224420573154188840e+00 1.513698285725839865e+00
1.282235468627760167e+00 2.172628276936868108e+00 2.145752002274978310e+00 2.218220573404635410e+00 1.541830944495818700e+00
1.291117734313880216e+00 2.171314138468433796e+00 2.150376001137489279e+00 2.214110286702317687e+00 1.570915472247909284e+00
1.300000000000000044e+00 2.169999999999999929e+00 2.154999999999999805e+00 2.209999999999999964e+00 1.600000000000000089e+00
