8.699999999999999956e-01 2.740000000000000213e+00 1.850000000000000089e+00 2.629999999999999893e+00 1.350000000000000089e+00
8.945087164376834821e-01 2.734363879729146074e+00 1.858448538250548454e+00 2.612334803706915842e+00 1.350773018241514523e+00
9.190174328753669686e-01 2.728727759458291935e+00 1.866897076501096597e+00 2.594669607413832235e+00 1.351546036483028956e+00
9.435261493130503441e-01 2.723091639187438240e+00 1.875345614751644963e+00 2.577004411120748184e+00 1.352319054724543390e+00
9.680348657507338306e-01 2.717455518916584101e+00 1.883794153002193328e+00 2.559339214827664577e+00 1.353092072966057824e+00
9.925192590690203875e-01 2.711810017954595864e+00 1.892296987358908167e+00 2.541712262548198265e+00 1.354001247265060215e+00
1.016888197791498971e+00 2.706097225329169298e+00 1.900998431787979559e+00 2.524236516532293972e+00 1.355458447440258229e+00
1.040898125199907431e+00 2.699999669949303627e+00 1.910002100582563589e+00 2.507077420865671868e+00 1.358187084619074447e+00
1.064235093582277747e+00 2.691309737349358855e+00 1.918120796205522671e+00 2.489644253011903174e+00 1.362486086011770015e+00
1.084970737910257554e+00 2.673429695423053865e+00 1.920562894267138221e+00 2.469920794990104529e+00 1.365662716001587285e+00
1.087336321580965715e+00 2.663773596636481944e+00 1.932177185314718715e+00 2.452223560769008159e+00 1.357736823068004473e+00
1.088886272936427480e+00 2.662458703135940130e+00 1.948898149368121002e+00 2.435213616881755527e+00 1.353026916679317182e+00
1.088490868662897570e+00 2.651754640755148884e+00 1.958441643357833994e+00 2.421515834006702228e+00 1.368169733996548620e+00
1.088317749280536706e+00 2.637302468721185900e+00 1.959325681957867493e+00 2.414762871260039745e+00 1.386603521986478738e+00
1.094609724694592057e+00 2.618377204583797191e+00 1.961102616503006324e+00 2.410265929875779367e+00 1.403884682723932409e+00
1.110094867678560693e+00 2.597883714429797042e+00 1.963521948629460168e+00 2.412047753912686776e+00 1.418431720590540568e+00
1.128479727361225704e+00 2.563240515738517189e+00 1.964906842476966009e+00 2.411610084168510415e+00 1.422121037582697589e+00
1.134612783444504780e+00 2.524596308572405245e+00 1.966473748178227954e+00 2.399866611564880792e+00 1.418285224324370652e+00
1.138791819153562201e+00 2.493730685900136912e+00 1.974934924806759806e+00 2.382878133246173036e+00 1.412686990731427228e+00
1.142548020452200497e+00 2.470296953106585036e+00 1.988007143943484989e+00 2.362880176867283577e+00 1.414181773421208321e+00
1.138318625934908512e+00 2.439022938316630196e+00 1.996844649705192154e+00 2.344435780675957037e+00 1.413771119863342696e+00
1.131108282062194270e+00 2.406933873098503707e+00 2.003463027810870045e+00 2.327304225317099906e+00 1.409273268141245428e+00
1.126599269860320440e+00 2.377109165136725988e+00 2.015038760647370530e+00 2.310775058929829928e+00 1.409120235151205991e+00
1.126496616027165665e+00 2.351966726242402217e+00 2.029687170405590990e+00 2.296779283716352094e+00 1.414657808135538319e+00
1.134828829097215053e+00 2.328141231585303839e+00 2.043035609668092611e+00 2.285124445145631622e+00 1.422895682543578788e+00
1.153061360350220665e+00 2.306611509771784529e+00 2.053952872558416853e+00 2.275676818148741454e+00 1.430040754470230491e+00
1.176574080894013719e+00 2.290508456429930284e+00 2.065120386396958274e+00 2.266060194321346088e+00 1.432511748401652740e+00
1.198544011791061292e+00 2.282943286281578832e+00 2.078406965057378208e+00 2.253404072121091950e+00 1.429352052925602523e+00
1.214125366887479185e+00 2.281773598055802488e+00 2.093944531937876885e+00 2.236182082445086206e+00 1.425341123878421046e+00
1.224691463516319967e+00 2.276037969164641517e+00 2.107853234832139044e+00 2.216342889321545329e+00 1.431870724764784608e+00
1.231728833527272915e+00 2.260494420189814502e+00 2.104226122693453771e+00 2.207253932895536508e+00 1.448441339933983940e+00
1.239062268888922125e+00 2.243644051882272894e+00 2.096455067173348397e+00 2.204423417941030472e+00 1.464996658715687072e+00
1.241573990652125925e+00 2.237131927842494594e+00 2.103174540282626293e+00 2.208373196662398730e+00 1.483652734519310012e+00
1.247730278958892436e+00 2.240430753134447173e+00 2.116852270209757414e+00 2.212453530068516194e+00 1.496293740985590759e+00
1.253333598620934408e+00 2.245984576111416775e+00 2.122227755520101233e+00 2.208496729497491540e+00 1.478502886244171144e+00
1.266650532991373534e+00 2.229994486487939298e+00 2.136402841056613156e+00 2.205060250352967710e+00 1.487364509829055104e+00
1.267668855930080163e+00 2.214008637221418496e+00 2.140135665762228800e+00 2.203760736277130317e+00 1.505719371218483316e+00
1.267955508342773152e+00 2.198672509428618582e+00 2.142118419587923928e+00 2.204039420751637834e+00 1.524402207756406114e+00
1.272938380023466820e+00 2.186926317151759225e+00 2.145395492392378145e+00 2.205790842004952346e+00 1.543232647395232027e+00
1.281998242607397698e+00 2.180758036940510625e+00 2.148921054552237919e+00 2.207490734716257119e+00 1.562061714844940497e+00
1.290999121303698871e+00 2.175379018470255499e+00 2.151960527276118640e+00 2.208745367358128320e+00 1.581030857422470293e+00
1.300000000000000044e+00 2.169999999999999929e+00 2.154999999999999805e+00 2.209999999999999964e+00 1.600000000000000089e+00
