8.699999999999999956e-01 2.740000000000000213e+00 1.850000000000000089e+00 2.629999999999999893e+00 1.350000000000000089e+00
9.013939805484421086e-01 2.736229962314167707e+00 1.860046554081633552e+00 2.599594736585225441e+00 1.352300614165061532e+00
9.327879610968841106e-01 2.732459924628335202e+00 1.870093108163267015e+00 2.569189473170450544e+00 1.354601228330122753e+00
9.641819416453262237e-01 2.728689886942503140e+00 1.880139662244900256e+00 2.538784209755675647e+00 1.356901842495184196e+00
9.957496650004339367e-01 2.725638327922707660e+00 1.890373577001293715e+00 2.508631090458220747e+00 1.358875487959319450e+00
1.028673396823012620e+00 2.736359253238673350e+00 1.903531008354544474e+00 2.485132094378406542e+00 1.354550753906968996e+00
1.062517190935646116e+00 2.747605073626941952e+00 1.919788831068814705e+00 2.473723812559205371e+00 1.344015666761172456e+00
1.099685208616412169e+00 2.740443098326770688e+00 1.921660460137368132e+00 2.455617076240137031e+00 1.331902236568151654e+00
1.138187719582306690e+00 2.756996267686041335e+00 1.932429013007817220e+00 2.446499023762767955e+00 1.333110968303842681e+00
1.167764528100512900e+00 2.764003503064865086e+00 1.951711362635439873e+00 2.438929542493754710e+00 1.347133720650910860e+00
1.195243016317658613e+00 2.763232098301516171e+00 1.972020609521885293e+00 2.430244979268374461e+00 1.363155788473003893e+00
1.225723095159322762e+00 2.726502091663406180e+00 1.979032262087588645e+00 2.420433065703371245e+00 1.361875021559226351e+00
1.234502678018510657e+00 2.683804454690665420e+00 1.968399009274490963e+00 2.420146223576853384e+00 1.339092866142210791e+00
1.243724342735281096e+00 2.641897022335997658e+00 1.963087022300336271e+00 2.420517508915199567e+00 1.313129735838196588e+00
1.261001914240340582e+00 2.602094307687853547e+00 1.978267403724410345e+00 2.411749001113776103e+00 1.297871254891921788e+00
1.261970240126179865e+00 2.551604451747364166e+00 1.993833853687121849e+00 2.394196944849937836e+00 1.297425606121130226e+00
1.255957511896311551e+00 2.498387488567936465e+00 2.002113130265882557e+00 2.370817910192636990e+00 1.296366854919441813e+00
1.257247466514819223e+00 2.454265732974449499e+00 2.014961227110942055e+00 2.342205685245419389e+00 1.292615983285684056e+00
1.258985698649874863e+00 2.413628121597830578e+00 2.026168505431905409e+00 2.310762936533965473e+00 1.285070729744412388e+00
1.257317617344319682e+00 2.375011058042719725e+00 2.027390492891867346e+00 2.273453741255765159e+00 1.281077698492013583e+00
1.256531728194247632e+00 2.345863619185246662e+00 2.024485657867533206e+00 2.258255443224832071e+00 1.310132320656230975e+00
1.258804051064278173e+00 2.326004890969389116e+00 2.025002210578359385e+00 2.262276916665476367e+00 1.344394045960485062e+00
1.260422881770663750e+00 2.314939896692338905e+00 2.030653039830379925e+00 2.261126991894218285e+00 1.379123156930644134e+00
1.259253882468852836e+00 2.310974781320551674e+00 2.050310087876211718e+00 2.242901523531171115e+00 1.403379425632820920e+00
1.257671204054465530e+00 2.303060238704006224e+00 2.077031321806805941e+00 2.220283388340814401e+00 1.412073702232302441e+00
1.257661815854338005e+00 2.289489340416836161e+00 2.106159945637333220e+00 2.204507015368986078e+00 1.415781090589234070e+00
1.262066199610393902e+00 2.267016839334897949e+00 2.130612485783619725e+00 2.201851140080995695e+00 1.433147625827640770e+00
1.270184002626352227e+00 2.243793546333752165e+00 2.140194780072313563e+00 2.206443898671420545e+00 1.464199973055329229e+00
1.277900473512142199e+00 2.224968857394109989e+00 2.143921415073586800e+00 2.207757871872949806e+00 1.498037308000241596e+00
1.285266982341427999e+00 2.206645904929406488e+00 2.147614276715724468e+00 2.208505247915300007e+00 1.532024872000161020e+00
1.292633491170714022e+00 2.188322952464703430e+00 2.151307138357862137e+00 2.209252623957649764e+00 1.566012436000080443e+00
1.300000000000000044e+00 2.169999999999999929e+00 2.154999999999999805e+00 2.209999999999999964e+00 1.600000000000000089e+00
