8.699999999999999956e-01 2.740000000000000213e+00 1.850000000000000089e+00 2.629999999999999893e+00 1.350000000000000089e+00
8.929073996340342045e-01 2.735486854528957235e+00 1.861655203074408904e+00 2.611121757474593963e+00 1.351353973100600125e+00
9.158147992680684135e-01 2.730973709057914256e+00 1.873310406148817719e+00 2.592243514949188032e+00 1.352707946201200162e+00
9.387221989021025115e-01 2.726460563586871277e+00 1.884965609223226313e+00 2.573365272423782102e+00 1.354061919301800421e+00
9.616295985361367205e-01 2.721947418115828299e+00 1.896620812297635128e+00 2.554487029898375727e+00 1.355415892402400457e+00
9.845415135766215631e-01 2.717609671900234947e+00 1.908343623447975590e+00 2.535679984220334582e+00 1.356759369680491378e+00
1.007465892285223985e+00 2.714090317718660827e+00 1.920376879742414999e+00 2.517211505321285347e+00 1.358053469608290431e+00
1.030339289031527494e+00 2.712832132222183112e+00 1.933204763726099840e+00 2.499672303414273600e+00 1.359187611473205770e+00
1.052734909982438349e+00 2.716407477091267175e+00 1.947452873968608555e+00 2.484107457270701591e+00 1.359880721718694785e+00
1.073425414648369269e+00 2.728081225068089033e+00 1.963269108782125683e+00 2.471838285799245583e+00 1.359570046579328784e+00
1.094208482455663045e+00 2.734311217863560906e+00 1.977498780562131797e+00 2.455162797604062419e+00 1.358468258089250869e+00
1.099280567543939213e+00 2.691428086109988627e+00 1.980169181426735259e+00 2.445437041688935942e+00 1.359793975839009184e+00
1.095547653158535972e+00 2.655665453137994625e+00 1.979692779277120840e+00 2.424833616257607627e+00 1.365424268325050372e+00
1.102959750132264549e+00 2.613254813232033236e+00 1.984404539030369952e+00 2.412879309481187118e+00 1.367121832863847919e+00
1.107259296842745933e+00 2.572328373859201989e+00 1.974761707678630795e+00 2.401854323654559309e+00 1.364172665633061277e+00
1.110125145719087714e+00 2.535921437602874029e+00 1.960977899725361961e+00 2.391010625454685457e+00 1.362735519662147787e+00
1.112981847785253775e+00 2.501155437034812135e+00 1.947979732025747701e+00 2.385735074561668778e+00 1.370505202562443570e+00
1.113490954287378987e+00 2.473792877764092069e+00 1.942293592658210999e+00 2.384856545790822846e+00 1.386224207215181137e+00
1.111539903546622243e+00 2.444108239712964981e+00 1.946299458280289052e+00 2.375633735856083728e+00 1.400127011849611414e+00
1.112297036824640539e+00 2.410518278568512418e+00 1.957894207586728497e+00 2.357829729785518413e+00 1.402003174249015771e+00
1.119593006148007497e+00 2.377191637690463377e+00 1.966678692667939377e+00 2.341252856780445590e+00 1.395851742444003785e+00
1.133722523398757343e+00 2.344057864545978198e+00 1.969363893518863762e+00 2.323524846554205325e+00 1.398006779923323561e+00
1.147001831416233575e+00 2.325281021143604132e+00 1.980008026914775288e+00 2.306902075950924225e+00 1.408343006625840221e+00
1.159116366573436974e+00 2.311912708540827310e+00 1.994137879050046358e+00 2.291761341779824157e+00 1.418565823288291616e+00
1.171330652581523912e+00 2.300070538287159128e+00 2.009148506929849365e+00 2.277194372134357270e+00 1.428456276436292027e+00
1.184848414768301605e+00 2.289182168640919279e+00 2.025139164895064958e+00 2.263405393669176924e+00 1.437028364656811164e+00
1.201694999578575063e+00 2.281346740811395435e+00 2.043617000638870529e+00 2.253104680177032915e+00 1.441005137323128515e+00
1.218176610432328832e+00 2.278708473267367030e+00 2.064350338465303913e+00 2.250242088235151705e+00 1.440055772185833138e+00
1.227862645752030746e+00 2.268752318453091110e+00 2.084787857563555669e+00 2.245587473183146443e+00 1.447378415236485916e+00
1.236434793812341226e+00 2.246641145038072107e+00 2.094282859037974287e+00 2.231354087533632846e+00 1.460148835634897946e+00
1.244162557760071675e+00 2.226075024839913485e+00 2.098781471098524865e+00 2.217295491665152163e+00 1.475248686965356715e+00
1.244832450143155134e+00 2.220492169731504983e+00 2.098858797331045967e+00 2.212641279169261121e+00 1.494689041165323529e+00
1.245665093028340387e+00 2.220635537427278816e+00 2.096929009917386288e+00 2.206236399114523739e+00 1.514224612377629731e+00
1.247393110373481218e+00 2.242281212949196245e+00 2.101039319437636443e+00 2.204650803741855736e+00 1.502280997619219960e+00
1.247553095580701266e+00 2.257969267222301291e+00 2.113682207806661939e+00 2.207235417505168940e+00 1.486928564629192095e+00
1.245372665834236781e+00 2.239069254445553270e+00 2.123693917337067916e+00 2.209639845498532207e+00 1.495751884061929271e+00
1.250692868360349763e+00 2.227799153275725530e+00 2.117264163064460192e+00 2.209857275746540228e+00 1.513654393452173119e+00
1.260108647392883752e+00 2.220409996798487828e+00 2.122601688292133915e+00 2.213636975995982858e+00 1.531871406238847433e+00
1.269550934568798528e+00 2.209861941545301800e+00 2.132061586670146447e+00 2.215503722249362983e+00 1.548776287561737242e+00
1.279507848117910740e+00 2.197168817903311755e+00 2.140501924107954146e+00 2.214636927244497677e+00 1.565743407987103986e+00
1.289702778951152595e+00 2.183730691495775478e+00 2.148002502543822967e+00 2.212581801784999858e+00 1.582839539061247969e+00
1.300000000000000044e+00 2.169999999999999929e+00 2.154999999999999805e+00 2.209999999999999964e+00 1.600000000000000089e+00
