8.699999999999999956e-01 2.740000000000000213e+00 1.850000000000000089e+00 2.629999999999999893e+00 1.350000000000000089e+00
8.910599077781041766e-01 2.740131360180616316e+00 1.857454522835387145e+00 2.611791547671924008e+00 1.348401622635069241e+00
9.121198155562084686e-01 2.740262720361232418e+00 1.864909045670773979e+00 2.593583095343848122e+00 1.346803245270138394e+00
9.331797233343127607e-01 2.740394080541848965e+00 1.872363568506161036e+00 2.575374643015772680e+00 1.345204867905207768e+00
9.542195330319587221e-01 2.740509294910753013e+00 1.879828706849920428e+00 2.557149909589717662e+00 1.343618498687058738e+00
9.751829433207948039e-01 2.740563083173290337e+00 1.887333219848346566e+00 2.538863353164913850e+00 1.342077045618039532e+00
9.959367086295888294e-01 2.740449544031719142e+00 1.894942057179439754e+00 2.520410129271053457e+00 1.340656296917081880e+00
1.016196206919929956e+00 2.739953775032677452e+00 1.902773085664808406e+00 2.501576979134930045e+00 1.339505237872955501e+00
1.035250264981731227e+00 2.738603735968685005e+00 1.910990655719218001e+00 2.481853289746594360e+00 1.338916295395564893e+00
1.052486392374909263e+00 2.739669236941996822e+00 1.919577797583442269e+00 2.460901126110430770e+00 1.339423351184639621e+00
1.066877874012789551e+00 2.746597343567326099e+00 1.931240437128374232e+00 2.442042429981454710e+00 1.342236090432400886e+00
1.077624905642772246e+00 2.740469985454633495e+00 1.947895707138114663e+00 2.433031105731748855e+00 1.347298889807931221e+00
1.086955221146782335e+00 2.709695581490270566e+00 1.956603520377910854e+00 2.432901458919429327e+00 1.342271198254306075e+00
1.088640689163312025e+00 2.696685119867381797e+00 1.956404424987409740e+00 2.418790390511991184e+00 1.355192010589876261e+00
1.089792579740204159e+00 2.666123193217071030e+00 1.961449320446520206e+00 2.407533659462945064e+00 1.366200649321910987e+00
1.095061954551011629e+00 2.631751185936805904e+00 1.970107694182272162e+00 2.399334629112017669e+00 1.372999582063567647e+00
1.099883921794101882e+00 2.595306934831563606e+00 1.978474477750557181e+00 2.390910987417931732e+00 1.377585285698794904e+00
1.100973995690365692e+00 2.557276399276274148e+00 1.985776084661264207e+00 2.381303531824278341e+00 1.380927996062789598e+00
1.101847751663936670e+00 2.519838327929534216e+00 1.991202073117101623e+00 2.371269344155424896e+00 1.386992426500605058e+00
1.105764714763478151e+00 2.484686425151926059e+00 1.993264010506052397e+00 2.357978546721824387e+00 1.394079763844076281e+00
1.115872467948514135e+00 2.459413329193663955e+00 1.995869511785625106e+00 2.337711165353587361e+00 1.398659230990308533e+00
1.126638885415061964e+00 2.443645847886501077e+00 2.007249941684117189e+00 2.318200980793050814e+00 1.396816941732708761e+00
1.131637447746837610e+00 2.407711007116730695e+00 2.006974930181518069e+00 2.303453952050440456e+00 1.397240105019802670e+00
1.133983668720623506e+00 2.373804488843796356e+00 1.995186351326182495e+00 2.295628690315294929e+00 1.399602116465697321e+00
1.136603682877204591e+00 2.338362027405258559e+00 1.995015538978564207e+00 2.285346861360932014e+00 1.400521934922344780e+00
1.141786153378791191e+00 2.319760738287041324e+00 2.011557086240590486e+00 2.275017713780155493e+00 1.397649666976484850e+00
1.153977423304753280e+00 2.311946900810537997e+00 2.029697901068843624e+00 2.268633844246531694e+00 1.397280580999341160e+00
1.171259122884389603e+00 2.301388520564098261e+00 2.045329882328831950e+00 2.263647609968962193e+00 1.401639724119080110e+00
1.188637449712725003e+00 2.291075117498821534e+00 2.060630396459659508e+00 2.258765199365858400e+00 1.406902341963935266e+00
1.204454212753893749e+00 2.283338789189234053e+00 2.076816268308148583e+00 2.253493787150535166e+00 1.412646920880212598e+00
1.217776580288529642e+00 2.279525882308352625e+00 2.093837112820448709e+00 2.247773890159869836e+00 1.419486306856721614e+00
1.228600776289856089e+00 2.276982262111994171e+00 2.109328293173641455e+00 2.243122268827100196e+00 1.429653970410890151e+00
1.238442019408302563e+00 2.260038165475985128e+00 2.117579980314026944e+00 2.242784889576379115e+00 1.444081445351348414e+00
1.247380199391288969e+00 2.228767723145853363e+00 2.124316015013285153e+00 2.239264816339774367e+00 1.454078109732108937e+00
1.254405433887002985e+00 2.212122086836220358e+00 2.133511067856922239e+00 2.234362918624821503e+00 1.469015931970630184e+00
1.260207240182714239e+00 2.204412207019691206e+00 2.139529929253815244e+00 2.231243692810072510e+00 1.487138712236782734e+00
1.266307072329156291e+00 2.198595781216710510e+00 2.143384997436486028e+00 2.228332846752263396e+00 1.505892453745990345e+00
1.272728819818227386e+00 2.193188414568043143e+00 2.146235734621482205e+00 2.225168321635586199e+00 1.524762536565676285e+00
1.279377269607564482e+00 2.187720977236857323e+00 2.148651857116284702e+00 2.221663520546194093e+00 1.543620529151052745e+00
1.286189161545662207e+00 2.181987371068437209e+00 2.150844194183468616e+00 2.217880860128256248e+00 1.562436707474648134e+00
1.293094580772831126e+00 2.175993685534218347e+00 2.152922097091734432e+00 2.213940430064128329e+00 1.581218353737324112e+00
1.300000000000000044e+00 2.169999999999999929e+00 2.154999999999999805e+00 2.209999999999999964e+00 1.600000000000000089e+00
