8.699999999999999956e-01 2.740000000000000213e+00 1.850000000000000089e+00 2.629999999999999893e+00 1.350000000000000089e+00
8.894856248600824244e-01 2.740168076195250713e+00 1.860135697553884082e+00 2.609874016946623243e+00 1.351931056123147012e+00
9.089712497201647423e-01 2.740336152390501212e+00 1.870271395107768297e+00 2.589748033893246149e+00 1.353862112246293714e+00
9.284568745802471712e-01 2.740504228585751267e+00 1.880407092661652291e+00 2.569622050839869498e+00 1.355793168369440638e+00
9.479504372299289994e-01 2.740644751145472569e+00 1.890540481020547503e+00 2.549496679580832037e+00 1.357702942363406384e+00
9.674733179849396292e-01 2.740682494324170548e+00 1.900665104888718426e+00 2.529373890270553371e+00 1.359533303836567786e+00
9.871468513354167973e-01 2.740061332481544376e+00 1.910789029519788018e+00 2.509318164465125012e+00 1.360886711181264364e+00
1.007227418087574433e+00 2.736837763472927065e+00 1.920952414555812560e+00 2.489801334283542555e+00 1.360539706584418695e+00
1.027909897774524239e+00 2.727264609636518067e+00 1.930976541020116510e+00 2.472743884960698413e+00 1.357828152611300965e+00
1.049869001213645126e+00 2.706677658189254210e+00 1.936577313854749294e+00 2.460547485618720831e+00 1.360594442306476637e+00
1.065312773076018571e+00 2.676350544861979763e+00 1.941155391743236036e+00 2.447661858431867010e+00 1.361358268596514653e+00
1.078959952436754799e+00 2.661570628936673177e+00 1.957045003042483522e+00 2.435407396421782167e+00 1.361848982526806529e+00
1.090651973157608534e+00 2.638823104758638571e+00 1.970233393862891091e+00 2.420910890681228000e+00 1.362870891559460285e+00
1.101495076375260229e+00 2.612816843550634704e+00 1.968467175403544545e+00 2.408523287419929382e+00 1.373114142752453581e+00
1.107972072472332759e+00 2.593073963711011842e+00 1.964367402571368881e+00 2.401647487992159657e+00 1.389224866417731352e+00
1.108614085332134680e+00 2.571639996605132428e+00 1.956692201171103429e+00 2.390880095455371723e+00 1.403379026042951061e+00
1.112704093591640575e+00 2.565990893340722945e+00 1.958429546496305296e+00 2.382706973961720820e+00 1.421752723180015776e+00
1.128574957849216354e+00 2.537858859467522432e+00 1.967760094960141704e+00 2.377946239067558309e+00 1.420186256145139714e+00
1.133578367041309543e+00 2.502042942002169035e+00 1.971845417114181487e+00 2.368101605964150647e+00 1.414088566071549646e+00
1.137279070794370739e+00 2.469684838771179169e+00 1.981018586507183654e+00 2.357132458628400595e+00 1.407943110037728207e+00
1.139186922455208917e+00 2.437632462721913917e+00 1.990784630112035991e+00 2.346478064490939985e+00 1.401607028838977698e+00
1.138433029822391696e+00 2.404212291947473545e+00 1.999920820958658751e+00 2.335160869448229537e+00 1.397144660860410781e+00
1.140878732101932247e+00 2.377274017242483772e+00 2.013695773646618559e+00 2.321509082473648178e+00 1.398198274050998391e+00
1.151473604513321369e+00 2.360909945630282891e+00 2.029925949553676112e+00 2.307893151137062837e+00 1.401816103356044119e+00
1.165976919549024160e+00 2.343257514803412267e+00 2.044064284632572281e+00 2.293907960809975943e+00 1.404652439240771322e+00
1.181936408081524670e+00 2.324679748737023655e+00 2.057214396800622680e+00 2.279872670098060272e+00 1.406028026959889710e+00
1.197249403719530259e+00 2.309971611301880223e+00 2.072750266340556369e+00 2.267033549767873080e+00 1.405964800436887208e+00
1.210143246249085980e+00 2.299337985974116538e+00 2.090578833616442367e+00 2.255039174449976258e+00 1.406996703626843148e+00
1.220454793862227660e+00 2.288319208574226771e+00 2.107259707300150886e+00 2.241679354751931363e+00 1.413495628619755529e+00
1.228468187944824264e+00 2.274858466822613945e+00 2.118474709052734717e+00 2.228003430984626387e+00 1.426293571156000750e+00
1.237831195546243768e+00 2.261139982467685883e+00 2.127092457626271305e+00 2.217420333862503146e+00 1.441238180394009971e+00
1.252629505651797537e+00 2.253143202434143344e+00 2.134028841136680121e+00 2.214921857120499826e+00 1.457357276615847130e+00
1.247756780882391503e+00 2.255495442151165708e+00 2.134667751254923473e+00 2.212495473975367943e+00 1.439185325887497369e+00
1.243758296505795613e+00 2.228795655530138031e+00 2.134185956383148230e+00 2.206583266375937047e+00 1.453237053907643128e+00
1.250460671062492590e+00 2.224174047804313048e+00 2.136026297723841783e+00 2.207419748803657100e+00 1.472587359023338038e+00
1.255551306440372272e+00 2.225006178597305428e+00 2.128783614355760800e+00 2.207439748026525539e+00 1.491481114562987598e+00
1.260575187047733969e+00 2.223043750141549868e+00 2.123511220198632365e+00 2.207440277645593696e+00 1.510791404473196042e+00
1.267259796943297268e+00 2.214976948111990751e+00 2.124922438728953367e+00 2.207677176117889939e+00 1.530093776619508184e+00
1.275057398549439780e+00 2.203415928228083409e+00 2.130800885582455617e+00 2.207978245489583546e+00 1.548112826875093440e+00
1.283299823446942156e+00 2.192148394045684956e+00 2.138508001184389773e+00 2.208557199908510515e+00 1.565535970956774436e+00
1.291649911723470989e+00 2.181074197022842220e+00 2.146754000592194789e+00 2.209278599954255018e+00 1.582767985478387374e+00
1.300000000000000044e+00 2.169999999999999929e+00 2.154999999999999805e+00 2.209999999999999964e+00 1.600000000000000089e+00
