8.699999999999999956e-01 2.740000000000000213e+00 1.850000000000000089e+00 2.629999999999999893e+00 1.350000000000000089e+00
9.124553867985913946e-01 2.735403067057132986e+00 1.866147337315286592e+00 2.600224098996782640e+00 1.353451399521982790e+00
9.549107735971829047e-01 2.730806134114265760e+00 1.882294674630573095e+00 2.570448197993565387e+00 1.356902799043965269e+00
9.973685299526247050e-01 2.726380079491060648e+00 1.898417116389798931e+00 2.540756389043059116e+00 1.361036436209998479e+00
1.039779801055490838e+00 2.722468848715103640e+00 1.914445032536548741e+00 2.511352633132609924e+00 1.367198025726373167e+00
1.084452232199901722e+00 2.704925889516471393e+00 1.929133068465281209e+00 2.487869183120636318e+00 1.375940419187958064e+00
1.134301400130891091e+00 2.672008148819017492e+00 1.935948877757292630e+00 2.492635330365967850e+00 1.369562036870892063e+00
1.169828682732974467e+00 2.694375713821953955e+00 1.943969779431493627e+00 2.507368094033128436e+00 1.339303237842116134e+00
1.197233649547854828e+00 2.712928788471917763e+00 1.971789359712721845e+00 2.496033933638670987e+00 1.317749205521496769e+00
1.225301139627379632e+00 2.709204314872748931e+00 2.001136576631311392e+00 2.489732378999474083e+00 1.295620863848431226e+00
1.251431477483070598e+00 2.673095781724066811e+00 2.026500149891576008e+00 2.473292113283164451e+00 1.281210701466945157e+00
1.268371639309492149e+00 2.609403465886261930e+00 2.035994926870801525e+00 2.448623167052893734e+00 1.274799382168811723e+00
1.273597492761947114e+00 2.541348031385186612e+00 2.038053993087017179e+00 2.420327427159498779e+00 1.277686315652780902e+00
1.272233544447300746e+00 2.478205619924761294e+00 2.042260469261104827e+00 2.387754669696402043e+00 1.284926387152650396e+00
1.268090627183666275e+00 2.421041654599726645e+00 2.050234235444051034e+00 2.351087137768465229e+00 1.290546458318861944e+00
1.262860114474821271e+00 2.369674590336625641e+00 2.062924172547935697e+00 2.313016961596046528e+00 1.296510100575506641e+00
1.257099932765128658e+00 2.326690039801142085e+00 2.079877075034924250e+00 2.277173477195348017e+00 1.312435287108103532e+00
1.251220927740847699e+00 2.295706380632927424e+00 2.095934666227769583e+00 2.248604245002696622e+00 1.343454087381251716e+00
1.246858569454690091e+00 2.270844566742191706e+00 2.109061171724682993e+00 2.230638219786353460e+00 1.383188829503169570e+00
1.247006272794473958e+00 2.246360363253503856e+00 2.121879350777279072e+00 2.224115352061336370e+00 1.425804925992752326e+00
1.253248122089427818e+00 2.226414091908139437e+00 2.132113727521582458e+00 2.224250720035916729e+00 1.470264897683618122e+00
1.264729066070024333e+00 2.207658277666876501e+00 2.137531504439849073e+00 2.221149423568014925e+00 1.515274570499838269e+00
1.282336282270743810e+00 2.189829705403447679e+00 2.150344078974552708e+00 2.216150140184382611e+00 1.556683370923690024e+00
1.300000000000000044e+00 2.169999999999999929e+00 2.154999999999999805e+00 2.209999999999999964e+00 1.600000000000000089e+00
