8.699999999999999956e-01 2.740000000000000213e+00 1.850000000000000089e+00 2.629999999999999893e+00 1.350000000000000089e+00
9.745918071190370346e-01 2.749328686219033813e+00 1.909300737218628585e+00 2.554654526995677077e+00 1.347744278807732066e+00
1.088609548358826729e+00 2.741877721404018420e+00 1.957918535369339352e+00 2.479116751903160498e+00 1.337784081631699706e+00
1.101912738002188030e+00 2.740884634651514773e+00 1.963478542616601041e+00 2.470349601718055510e+00 1.336569285693592679e+00
1.128320332026948813e+00 2.720702440292265045e+00 1.967449326801351095e+00 2.467046675654884336e+00 1.342890732784672414e+00
1.137161056120710390e+00 2.683646059912736526e+00 1.963413829870900074e+00 2.458655892249339558e+00 1.361403693099621615e+00
1.151407999480738464e+00 2.680406547884631507e+00 1.964480363271392083e+00 2.452062543177762066e+00 1.362594786460524121e+00
1.173181011400752372e+00 2.693335218097359984e+00 1.967534933712774325e+00 2.445894794827094376e+00 1.355672781404189786e+00
1.191947542417699069e+00 2.706479864659968815e+00 1.971962962755865689e+00 2.440435646469468089e+00 1.349623651072207720e+00
1.215979357453920606e+00 2.727138469794711639e+00 1.985894374582244826e+00 2.431285171654087307e+00 1.343832871127640383e+00
1.230509171829825998e+00 2.739672394933773347e+00 2.000727610759924779e+00 2.423583707921960873e+00 1.342419955342767812e+00
1.241214737621332054e+00 2.688655842349937597e+00 1.993876085139335785e+00 2.416579393783829577e+00 1.334921676820133740e+00
1.244912436300193326e+00 2.622668445465216269e+00 1.973537317216860654e+00 2.412009977072074651e+00 1.321681539571363695e+00
1.254564302336903969e+00 2.575605074570912034e+00 1.977990025850499656e+00 2.408306360882189967e+00 1.312465013828136629e+00
1.260843627152283375e+00 2.547545287436222328e+00 1.988884852038330209e+00 2.398289325876618694e+00 1.311836151912251669e+00
1.268403895670994652e+00 2.491564996250765773e+00 2.008276562944489640e+00 2.368779591402810247e+00 1.315476261193346597e+00
1.268626515237515573e+00 2.456647265577232453e+00 2.015783312717751574e+00 2.348072500950073138e+00 1.320672156554637322e+00
1.267910268222809611e+00 2.448495518979290964e+00 2.017018972321800163e+00 2.343243553668043155e+00 1.323389145169071135e+00
1.260098815791069748e+00 2.361901293085662434e+00 2.030319250009919863e+00 2.292051688581057789e+00 1.352929506000753124e+00
1.250677082716141086e+00 2.326736880825398313e+00 2.037594843756739049e+00 2.269190503383571311e+00 1.360929180578276387e+00
1.236821761503938966e+00 2.306179847605282607e+00 2.050959593651574320e+00 2.246779215045580091e+00 1.359056839381686199e+00
1.235915945428869067e+00 2.298832528837192690e+00 2.062884598180623641e+00 2.236176988610092398e+00 1.366868267778140300e+00
1.236854758130907284e+00 2.295287208159357384e+00 2.074702685960608584e+00 2.227957073591723347e+00 1.374533487674596488e+00
1.239564025565250249e+00 2.294213956235310103e+00 2.086891589318718765e+00 2.220378629561814421e+00 1.385615191792715528e+00
1.254516144511827802e+00 2.283451344731511679e+00 2.120263147365422096e+00 2.203974109718525032e+00 1.440581830206102198e+00
1.259751002303457490e+00 2.271408216936728230e+00 2.123693030824681305e+00 2.206740708653811112e+00 1.454826318884933301e+00
1.264162681221945972e+00 2.260343259157896245e+00 2.127096370603307030e+00 2.207200891917920238e+00 1.470535012560559851e+00
1.268221565530744499e+00 2.250111108720730613e+00 2.130256696413900919e+00 2.207517914961506733e+00 1.485198034906376030e+00
1.271557945982179305e+00 2.241700337657190456e+00 2.132854466749895650e+00 2.207778506149824516e+00 1.497250958170900814e+00
1.274675209262173592e+00 2.233841944954542580e+00 2.135281628219077632e+00 2.208021982981756004e+00 1.508512304308130325e+00
1.277384783508402677e+00 2.227011306483772657e+00 2.137391355122974623e+00 2.208233616871517313e+00 1.518300843398534550e+00
1.300000000000000044e+00 2.169999999999999929e+00 2.154999999999999805e+00 2.209999999999999964e+00 1.600000000000000089e+00
