8.699999999999999956e-01 2.740000000000000213e+00 1.850000000000000089e+00 2.629999999999999893e+00 1.350000000000000089e+00
8.959404212849293447e-01 2.735024138216065381e+00 1.861215993440057614e+00 2.614920505255799110e+00 1.351554948410082835e+00
9.218808425698588049e-01 2.730048276432130105e+00 1.872431986880115140e+00 2.599841010511598327e+00 1.353109896820165359e+00
9.478212638547882651e-01 2.725072414648194830e+00 1.883647980320172444e+00 2.584761515767397100e+00 1.354664845230248105e+00
9.737186390284974236e-01 2.720114697199500498e+00 1.894869492148109957e+00 2.569600798023527588e+00 1.356194492157668519e+00
9.994739690279059730e-01 2.715127995509863279e+00 1.906088880160622390e+00 2.554168511555200638e+00 1.357661031009607111e+00
1.024877468491227184e+00 2.709883554589004095e+00 1.917246642935551915e+00 2.538064492176602460e+00 1.359044112739913768e+00
1.049269156424776472e+00 2.703619635616230532e+00 1.928059858368269319e+00 2.520146313802386739e+00 1.360459374907015961e+00
1.071133566888840649e+00 2.698644735922323790e+00 1.938468355960792255e+00 2.498510011706048140e+00 1.361969997329914861e+00
1.087268127936152240e+00 2.680167758683821511e+00 1.944821325149347579e+00 2.473707701449444407e+00 1.361297929695338693e+00
1.082981221402774530e+00 2.657903443179605585e+00 1.929181204203008981e+00 2.470653366875560142e+00 1.359197717278252782e+00
1.062362361372784170e+00 2.653250348133474379e+00 1.912013188686463527e+00 2.466797120879161476e+00 1.355074204988224063e+00
1.073236016306241325e+00 2.639928953871184092e+00 1.918629817071848764e+00 2.448652514341993935e+00 1.352093820453059703e+00
1.098139481983704480e+00 2.643523307094284736e+00 1.934494024480440055e+00 2.451940268736300332e+00 1.351969194953907660e+00
1.105036793765664660e+00 2.647730153231766970e+00 1.957619583862859169e+00 2.446691150326110620e+00 1.353458134891619258e+00
1.108063882369966002e+00 2.651250074152326608e+00 1.977225098198130748e+00 2.433933456912776627e+00 1.360797519687121149e+00
1.110724466457015946e+00 2.643335583197170102e+00 1.981571282016012736e+00 2.425583944184064311e+00 1.379386384405788091e+00
1.111931694291323325e+00 2.624710094913167868e+00 1.976278480644781510e+00 2.422165776800375259e+00 1.397064603781074332e+00
1.113503401387061720e+00 2.595453750866965947e+00 1.967754726049131708e+00 2.418740449431813655e+00 1.410410979749295857e+00
1.116265416394801813e+00 2.556138907347511147e+00 1.960880819372289974e+00 2.411162264779527220e+00 1.416899089562113190e+00
1.119886631528237642e+00 2.515038675304306359e+00 1.960699715313054314e+00 2.396957013116071344e+00 1.417479948558803216e+00
1.123965704279058730e+00 2.479776202378724648e+00 1.966822976530196998e+00 2.377601987004350548e+00 1.415044574104454389e+00
1.128633880565659275e+00 2.451234891412614303e+00 1.976574632420172506e+00 2.357036474130490777e+00 1.409324854670289895e+00
1.133425982474467020e+00 2.426207662654726871e+00 1.989795290299720909e+00 2.339759058960574567e+00 1.401894097038077103e+00
1.138439892718690505e+00 2.395265270537472624e+00 2.001404232881501599e+00 2.322807501525327112e+00 1.397504899114154098e+00
1.146238807576265062e+00 2.360220440478883575e+00 2.007721762569797175e+00 2.304499161078740421e+00 1.395100552849803277e+00
1.159208845904213359e+00 2.330529043591199390e+00 2.018529525947965642e+00 2.288368212435852200e+00 1.394007227611375743e+00
1.173206821401161948e+00 2.313965602070660488e+00 2.036748509618819369e+00 2.276931483958489544e+00 1.396523251489880435e+00
1.185439840718763627e+00 2.306852308740085178e+00 2.057402781063719654e+00 2.269214850190005350e+00 1.401588895528017575e+00
1.200589168664948803e+00 2.296112146445137281e+00 2.074653057310368975e+00 2.260963167094089954e+00 1.409844484474677584e+00
1.218235016819231520e+00 2.278598362710575032e+00 2.084497299540316817e+00 2.250888322495153915e+00 1.421466228911116847e+00
1.233196720549312175e+00 2.258866711805166627e+00 2.097855282057757620e+00 2.237521132951407310e+00 1.429668324570956051e+00
1.249423266628381324e+00 2.237130643763626470e+00 2.105906927319537658e+00 2.228575463288260394e+00 1.441459856824497843e+00
1.253889522183889493e+00 2.228535472122273209e+00 2.105580856017074343e+00 2.218415604150123066e+00 1.459512319856988594e+00
1.252106821277189308e+00 2.241456247824670456e+00 2.115723749347792282e+00 2.207312798627718564e+00 1.474896198880534914e+00
1.259810307375124783e+00 2.237542102183351034e+00 2.131647046637913157e+00 2.203646574675306891e+00 1.489032886496159058e+00
1.269234663302500010e+00 2.228508345852997952e+00 2.143106837778663731e+00 2.199263669642895103e+00 1.505100285210965838e+00
1.277822076669167917e+00 2.218733703122801160e+00 2.147896846861179210e+00 2.197397049590321672e+00 1.523707681113154688e+00
1.284036148140161870e+00 2.206837977070599699e+00 2.149687506523159541e+00 2.198643637118133487e+00 1.542826920478979957e+00
1.289409573701006950e+00 2.194508952805572122e+00 2.151342647478385217e+00 2.201717651809138143e+00 1.561924944831632800e+00
1.294704786850503497e+00 2.182254476402786025e+00 2.153171323739192733e+00 2.205858825904569276e+00 1.580962472415816444e+00
1.300000000000000044e+00 2.169999999999999929e+00 2.154999999999999805e+00 2.209999999999999964e+00 1.600000000000000089e+00
