8.699999999999999956e-01 2.740000000000000213e+00 1.850000000000000089e+00 2.629999999999999893e+00 1.350000000000000089e+00
8.896120694527280826e-01 2.740957719235111778e+00 1.857970468126113106e+00 2.612889699244460573e+00 1.351803754214141007e+00
9.092241389054562806e-01 2.741915438470223343e+00 1.865940936252225901e+00 2.595779398488921252e+00 1.353607508428281703e+00
9.288362083581843676e-01 2.742873157705334464e+00 1.873911404378338919e+00 2.578669097733381488e+00 1.355411262642422621e+00
9.484482782218215391e-01 2.743830357381847662e+00 1.881881931227463722e+00 2.561558825635956715e+00 1.357214997746269081e+00
9.680603658935379441e-01 2.744676991674718902e+00 1.889858163636289001e+00 2.544445121308137825e+00 1.359002015809066544e+00
9.876424779940852217e-01 2.744763195939655898e+00 1.897903858885328754e+00 2.527320914362598980e+00 1.360718322088557697e+00
1.007141048362206748e+00 2.743172256285009158e+00 1.906270175078772056e+00 2.510342694857166101e+00 1.362144602980543073e+00
1.026394263453320965e+00 2.739104707986264042e+00 1.915453291077416687e+00 2.493943573735791119e+00 1.362739063656577931e+00
1.044859041081561468e+00 2.731784786215845529e+00 1.925926296482621591e+00 2.478700975130329276e+00 1.361874733756598843e+00
1.061598477447329270e+00 2.719999610377292321e+00 1.937536541611323493e+00 2.464755743137998945e+00 1.359798667117850579e+00
1.075881562584338313e+00 2.701906969694548355e+00 1.949061669440689926e+00 2.451245140594240368e+00 1.358507016470878348e+00
1.086995337792750815e+00 2.677073714723975595e+00 1.957964843105939989e+00 2.437572240786546107e+00 1.361039267382088802e+00
1.094168470873298826e+00 2.649389633277596801e+00 1.961768893227232580e+00 2.425149685883769113e+00 1.368552406560153978e+00
1.098470659217817058e+00 2.622244214503519633e+00 1.961408882839473122e+00 2.415011454771910593e+00 1.378785463913546394e+00
1.102102321639779392e+00 2.594262155290476990e+00 1.959989392674036823e+00 2.406063007292308153e+00 1.389074915486890438e+00
1.106741550155426079e+00 2.563810674089653130e+00 1.960418177828650910e+00 2.396734503476011913e+00 1.397570218567089739e+00
1.113059424248292517e+00 2.532325748213448691e+00 1.964759032067802780e+00 2.386093823956405569e+00 1.403046607293326975e+00
1.120395692518127539e+00 2.503028661376658803e+00 1.973426325935762504e+00 2.374205438565914594e+00 1.405251801745775353e+00
1.127318246594068540e+00 2.477209989868963458e+00 1.985209841075321835e+00 2.361712402771686037e+00 1.404954893522692094e+00
1.132940124571161666e+00 2.453542470705026179e+00 1.998575503357714833e+00 2.349183268204433350e+00 1.403352331630258965e+00
1.137611409523015205e+00 2.430359530388031875e+00 2.012563668991017352e+00 2.336974598692289184e+00 1.401606832529193047e+00
1.142649294634182189e+00 2.407110690358185590e+00 2.026790629784597897e+00 2.325269893581683789e+00 1.400679056457006411e+00
1.149479509582053804e+00 2.384189647457044536e+00 2.040949262934729891e+00 2.314046999962599216e+00 1.401243121532393721e+00
1.158876303066809665e+00 2.361918215781305896e+00 2.054221522705285352e+00 2.302951704068694649e+00 1.403717430239882713e+00
1.170844082112255879e+00 2.339764976891368864e+00 2.064822179702040739e+00 2.291242208407751502e+00 1.408314867981688590e+00
1.184919455896630947e+00 2.317311582229106826e+00 2.070575592652786234e+00 2.278326543892641443e+00 1.414368018898913615e+00
1.200892920581516865e+00 2.295676660462710128e+00 2.072869457706205232e+00 2.264156148749315367e+00 1.419769114042831903e+00
1.218221836682714887e+00 2.277448602459248850e+00 2.078215532787655473e+00 2.249013880648084385e+00 1.423292449279554450e+00
1.233074617796931394e+00 2.265390507196575864e+00 2.090006693772178181e+00 2.234664772096514263e+00 1.427166342815161526e+00
1.242978286382153241e+00 2.256596639341037491e+00 2.103023763971619164e+00 2.221878061093748080e+00 1.435648126351503295e+00
1.249250819797895984e+00 2.244440313628861539e+00 2.111754623421891353e+00 2.206391182189883615e+00 1.446396406638918997e+00
1.256871386179924333e+00 2.254482040450105362e+00 2.125157234010178087e+00 2.198669647067509558e+00 1.455209827510688836e+00
1.261282004258089673e+00 2.250142930368527416e+00 2.126776927468077005e+00 2.200493574115984341e+00 1.471959659750676774e+00
1.264020670647001410e+00 2.242965279370869425e+00 2.129871395171436976e+00 2.200098192939913044e+00 1.488566784974360901e+00
1.267193085886913373e+00 2.234320238095308664e+00 2.132867326711628930e+00 2.200077202495144046e+00 1.505018003679890137e+00
1.271258432253083548e+00 2.224728674081794644e+00 2.136101868885406763e+00 2.200714591311863089e+00 1.521254887581246606e+00
1.276147290957897695e+00 2.214438231188109008e+00 2.139596208234790797e+00 2.201949467664250815e+00 1.537271388600919275e+00
1.281680916372741619e+00 2.203646641371579395e+00 2.143303186375222769e+00 2.203650929643873102e+00 1.553094790795634283e+00
1.287646289493937113e+00 2.192534139340996280e+00 2.147154811076187997e+00 2.205665020783758035e+00 1.568777943453896651e+00
1.293823144746968579e+00 2.181267069670497882e+00 2.151077405538094123e+00 2.207832510391879222e+00 1.584388971726948370e+00
1.300000000000000044e+00 2.169999999999999929e+00 2.154999999999999805e+00 2.209999999999999964e+00 1.600000000000000089e+00
