8.699999999999999956e-01 2.740000000000000213e+00 1.850000000000000089e+00 2.629999999999999893e+00 1.350000000000000089e+00
8.901730424982982059e-01 2.735006461581930282e+00 1.862893924302861492e+00 2.606046445127604638e+00 1.354058991572139714e+00
9.103460849965964163e-01 2.730012923163860350e+00 1.875787848605722674e+00 2.582092890255209383e+00 1.358117983144279561e+00
9.305191274948947378e-01 2.725019384745790418e+00 1.888681772908584078e+00 2.558139335382813684e+00 1.362176974716419187e+00
9.506921699931929481e-01 2.720025846327720487e+00 1.901575697211445481e+00 2.534185780510418429e+00 1.366235966288559034e+00
9.708652124914912696e-01 2.715032307909650111e+00 1.914469621514306885e+00 2.510232225638023174e+00 1.370294957860698659e+00
9.911003163673597349e-01 2.710102293779683702e+00 1.927372739953580716e+00 2.486303456893760977e+00 1.374225328779834499e+00
1.012336127594031465e+00 2.706643071374021048e+00 1.940312649897989905e+00 2.462824230979234308e+00 1.375994998565227334e+00
1.036222001338604759e+00 2.710730091742190595e+00 1.952248273325816186e+00 2.443292062470535431e+00 1.369125896773461859e+00
1.061502143872886439e+00 2.725040896294880888e+00 1.962326069435819775e+00 2.434923556386917820e+00 1.355242325893120547e+00
1.085038459188260029e+00 2.750143263808726424e+00 1.973187897916920841e+00 2.445690764361733827e+00 1.349263883742233494e+00
1.109491004394197233e+00 2.756011366805011686e+00 1.984567936620417195e+00 2.463628030510387479e+00 1.357040826803427747e+00
1.128002496013265965e+00 2.718885663395202545e+00 1.986954751399454100e+00 2.465674037869607815e+00 1.347608178149546365e+00
1.144903467524867491e+00 2.694808100568045095e+00 1.980026630336055860e+00 2.459660254552861858e+00 1.326940524052245829e+00
1.171776043287807267e+00 2.689780686465423010e+00 1.973757854840057835e+00 2.455796744795485154e+00 1.308814577290083658e+00
1.204170468638104952e+00 2.689664990471721140e+00 1.970432123534929580e+00 2.450979499226118463e+00 1.296629417739469048e+00
1.237238780619451362e+00 2.677598461222386650e+00 1.974693076954697535e+00 2.441614909818092816e+00 1.292901971165476338e+00
1.259437035854930498e+00 2.650395112340404147e+00 1.988469503301691255e+00 2.432076159604995791e+00 1.292945614978665780e+00
1.268438556817796048e+00 2.613024424455855144e+00 2.003167340397220109e+00 2.422275255941281014e+00 1.286704339085539495e+00
1.269231806030446386e+00 2.589756891243040204e+00 2.019099142189332063e+00 2.398797185063432647e+00 1.284738134170613000e+00
1.263907509355993497e+00 2.569870161926437024e+00 2.032627947938791202e+00 2.372790349919970510e+00 1.292413431802010404e+00
1.257621931985302810e+00 2.540197314435383991e+00 2.039247773640151973e+00 2.346262741827077392e+00 1.300474917165749034e+00
1.251437045973355922e+00 2.503487117399733730e+00 2.038361321925739045e+00 2.321293890348048006e+00 1.305783257121051255e+00
1.245449651027528581e+00 2.461819870421002587e+00 2.031719349401328589e+00 2.301947148836135604e+00 1.302492738327421629e+00
1.240033837063750255e+00 2.415302417009145053e+00 2.025655957799834539e+00 2.290318971923097191e+00 1.295208553511807859e+00
1.236281792327543094e+00 2.363784214159163177e+00 2.026967529741902307e+00 2.286897500796330363e+00 1.299476594628764969e+00
1.234988893604692883e+00 2.332283229919321688e+00 2.035298199562121990e+00 2.290830927403805450e+00 1.320933237193186782e+00
1.233437070777049671e+00 2.316932154536969435e+00 2.042682306911685508e+00 2.293749685513896353e+00 1.347950165612434859e+00
1.233620049142195141e+00 2.295669748083079664e+00 2.039267846692095709e+00 2.287559716159918377e+00 1.374316478812975140e+00
1.237611611821584301e+00 2.265192857286905781e+00 2.029155342360215553e+00 2.277353933686305343e+00 1.390872270480977502e+00
1.242907202112806475e+00 2.247198142400495868e+00 2.046633629851819514e+00 2.274075273738446423e+00 1.409264081513045497e+00
1.246371930336552358e+00 2.246071512146430305e+00 2.070613204924917294e+00 2.272243594783935894e+00 1.420563998997558031e+00
1.248435940659727628e+00 2.245173072201547271e+00 2.094215262764931751e+00 2.267852630061029995e+00 1.432557145350765282e+00
1.246915859454808650e+00 2.241883398518193182e+00 2.116108615146896188e+00 2.256584892395409714e+00 1.445363648436155168e+00
1.238730857013928821e+00 2.230823698265862021e+00 2.130991510322010285e+00 2.232945229486847705e+00 1.455045898980178221e+00
1.239338183611430111e+00 2.196546411880428540e+00 2.121755117355773379e+00 2.221739566588702974e+00 1.471517201977582179e+00
1.249544073773402042e+00 2.178039083000117504e+00 2.122146272853148385e+00 2.228775030305939264e+00 1.497341940199220733e+00
1.261810187477511613e+00 2.168226849146901003e+00 2.129180927845292448e+00 2.229653762410646500e+00 1.523529530807423482e+00
1.274559925094357560e+00 2.166499149345305408e+00 2.137623664548877311e+00 2.224679420255257778e+00 1.549325924270267718e+00
1.287279962547178691e+00 2.168249574672652891e+00 2.146311832274438558e+00 2.217339710127629093e+00 1.574662962135133792e+00
1.300000000000000044e+00 2.169999999999999929e+00 2.154999999999999805e+00 2.209999999999999964e+00 1.600000000000000089e+00
