8.699999999999999956e-01 2.740000000000000213e+00 1.850000000000000089e+00 2.629999999999999893e+00 1.350000000000000089e+00
8.913093339988938935e-01 2.737631835710721440e+00 1.857580640393985183e+00 2.611388825802703373e+00 1.356031858411931079e+00
9.126186679977877914e-01 2.735263671421442666e+00 1.865161280787970277e+00 2.592777651605406852e+00 1.362063716823862070e+00
9.339280019966815782e-01 2.732895507132163893e+00 1.872741921181955371e+00 2.574166477408110332e+00 1.368095575235792838e+00
9.552373359955754761e-01 2.730527342842885563e+00 1.880322561575940465e+00 2.555555303210813811e+00 1.374127433647723828e+00
9.765466699944692630e-01 2.728159178553606790e+00 1.887903201969925560e+00 2.536944129013516847e+00 1.380159292059654819e+00
9.978560039933630499e-01 2.725791014264328016e+00 1.895483842363910654e+00 2.518332954816220326e+00 1.386191150471585809e+00
1.019315608913890392e+00 2.723381753258156124e+00 1.903100539088784293e+00 2.499580333744046090e+00 1.391858040045053313e+00
1.041962209245085758e+00 2.718428042478294504e+00 1.910068550924006736e+00 2.480976172882567443e+00 1.396022669824239948e+00
1.062537001412787507e+00 2.707140247202312722e+00 1.915487215412890576e+00 2.463297053865256547e+00 1.403029761203620884e+00
1.075731337135152899e+00 2.713377427683277610e+00 1.929750637474882957e+00 2.444696302589207448e+00 1.404517408572096171e+00
1.087756866172666648e+00 2.713479256074090351e+00 1.940577020268421382e+00 2.438455938160792869e+00 1.390321211659461653e+00
1.090325409767778586e+00 2.700045986972165579e+00 1.943864895048038832e+00 2.434421762583025117e+00 1.373268291548195519e+00
1.087544097680861244e+00 2.676880229343147288e+00 1.930162169480962975e+00 2.427706745839261604e+00 1.381109971752767507e+00
1.090547358572514502e+00 2.642492113657125774e+00 1.930567049800973489e+00 2.418782259922660494e+00 1.391131200552880198e+00
1.098587922229894209e+00 2.607604166080805808e+00 1.936187352835700093e+00 2.410633175437654874e+00 1.398864984939710787e+00
1.112380064955367232e+00 2.577184183823995056e+00 1.945499175654640478e+00 2.400262900321703530e+00 1.403563238209415864e+00
1.124712448778948604e+00 2.546757882202620671e+00 1.956145555224784838e+00 2.387591358664231667e+00 1.403690786109270672e+00
1.128506851180436810e+00 2.509141787260525724e+00 1.964861022093975729e+00 2.377209438221176363e+00 1.401279421318549545e+00
1.129373481033273618e+00 2.471622681223598406e+00 1.975700224055277454e+00 2.372183741849713812e+00 1.398797253725829748e+00
1.136196357079231056e+00 2.445919124289043012e+00 1.993721873624167529e+00 2.369863382552946263e+00 1.396425442967504482e+00
1.146604267800891641e+00 2.430280986877528360e+00 2.013891220554081762e+00 2.365026680037340956e+00 1.394242793143733117e+00
1.155458530679343010e+00 2.413537425216730092e+00 2.033408052623653983e+00 2.355668398431053578e+00 1.392092460849199353e+00
1.162235387585026869e+00 2.392637923485304352e+00 2.051607745815663186e+00 2.343910861079740560e+00 1.390409362151198147e+00
1.170543567351004288e+00 2.367836077507309511e+00 2.067388151312031130e+00 2.330866443692469314e+00 1.390876265111743670e+00
1.182166258663314373e+00 2.338603485823467665e+00 2.075194767457468892e+00 2.315313510877956116e+00 1.395723151944621598e+00
1.194292751060451296e+00 2.311216730756150195e+00 2.071948785809075488e+00 2.298997384605363514e+00 1.403813589717865851e+00
1.205852932224505736e+00 2.288682390891221274e+00 2.063558657064266111e+00 2.282024472596233533e+00 1.412176114694148055e+00
1.218224611144500980e+00 2.270120468900328703e+00 2.058230588928833704e+00 2.259244441638314616e+00 1.418553060711768676e+00
1.229224584342729631e+00 2.258628715548373300e+00 2.064171027377022405e+00 2.232604999017258507e+00 1.423200609994653920e+00
1.235031488309332071e+00 2.251685033904023747e+00 2.078138414295039649e+00 2.215530408177987187e+00 1.433261182338818163e+00
1.237312195532922043e+00 2.250545138454859373e+00 2.086956295036511033e+00 2.207274748821985266e+00 1.449547765392969367e+00
1.239106394845135073e+00 2.254736127421257397e+00 2.090627788203740067e+00 2.202851280636648479e+00 1.467411721778549616e+00
1.244313951141131858e+00 2.258878174854795251e+00 2.094331125164439200e+00 2.199344474737397359e+00 1.485083372376851507e+00
1.252141778167974007e+00 2.261746110561759782e+00 2.103941091852310041e+00 2.195463535543190847e+00 1.500933017215542176e+00
1.255508243378850253e+00 2.265011763278052204e+00 2.123139573144616765e+00 2.195035165618141715e+00 1.511358315056888335e+00
1.256175993399569091e+00 2.252351686227759497e+00 2.134146088713547940e+00 2.195093077283118976e+00 1.525912299027900598e+00
1.262679612691252284e+00 2.232994867511124859e+00 2.127252300162762122e+00 2.192336603099509063e+00 1.540819766411842151e+00
1.271619175812586100e+00 2.214690576972204727e+00 2.128545727605263949e+00 2.195041030955921180e+00 1.556554449658766881e+00
1.281571534060185424e+00 2.197703078586180414e+00 2.134213386016823311e+00 2.199770811221571698e+00 1.571595640981749753e+00
1.290886320546519528e+00 2.183640175954637996e+00 2.144290742505657210e+00 2.204858448428657525e+00 1.585881350967895953e+00
1.300000000000000044e+00 2.169999999999999929e+00 2.154999999999999805e+00 2.209999999999999964e+00 1.600000000000000089e+00
