8.699999999999999956e-01 2.740000000000000213e+00 1.850000000000000089e+00 2.629999999999999893e+00 1.350000000000000089e+00
8.937508002878419289e-01 2.742974906540320390e+00 1.861929270015399984e+00 2.607780796153194025e+00 1.346712746197980870e+00
9.175016005756837512e-01 2.745949813080640567e+00 1.873858540030799880e+00 2.585561592306388157e+00 1.343425492395961873e+00
9.412524008635256845e-01 2.748924719620961188e+00 1.885787810046199775e+00 2.563342388459582288e+00 1.340138238593942654e+00
9.650032011513676178e-01 2.751899626161281365e+00 1.897717080061599670e+00 2.541123184612776420e+00 1.336850984791923658e+00
9.888068932098981190e-01 2.754971932300112947e+00 1.909574948514781489e+00 2.518876065310405199e+00 1.333620869054748193e+00
1.013182199061881672e+00 2.759072877060639861e+00 1.920668361415339698e+00 2.496399012947764007e+00 1.331042927906466611e+00
1.039822130335520622e+00 2.768152211544060215e+00 1.928818912064405922e+00 2.474608822836605881e+00 1.331987838273729796e+00
1.069748968889929541e+00 2.778361742509058097e+00 1.935413709774244095e+00 2.457842561806206305e+00 1.337253329506501887e+00
1.092666125768654073e+00 2.764519854778855645e+00 1.950251653696720933e+00 2.447946158282191753e+00 1.345595681670301857e+00
1.105437779015244981e+00 2.731285048318494724e+00 1.966262374645968647e+00 2.437879087031945780e+00 1.352556381859891799e+00
1.132389384302069146e+00 2.742753236513566506e+00 1.959354564651008879e+00 2.432345529313291177e+00 1.342399583280072362e+00
1.166771093704608298e+00 2.737473401975390352e+00 1.960436375298351130e+00 2.429717551246006746e+00 1.333908630096758863e+00
1.195085430395997239e+00 2.712611771620316858e+00 1.970202124639804708e+00 2.429692201550697206e+00 1.327276769098110876e+00
1.217810725797989768e+00 2.678528451040144365e+00 1.979420087067294221e+00 2.426460250695975152e+00 1.318283283937975447e+00
1.234677735947571131e+00 2.638768160363376136e+00 1.986823285589545796e+00 2.416987995014924895e+00 1.308848400922037358e+00
1.247847144861545132e+00 2.603766710262513939e+00 2.000213956582443497e+00 2.403554311104675545e+00 1.301912659657889382e+00
1.258338387320077745e+00 2.586272610139647821e+00 2.021937798163436995e+00 2.391898659146371120e+00 1.298872071620939650e+00
1.264192756818417473e+00 2.596241933195472473e+00 2.046908775327662244e+00 2.390255542005151224e+00 1.297459946655100227e+00
1.262136114285566713e+00 2.556939708632170127e+00 2.038629307956506764e+00 2.377956751217182862e+00 1.301245755161817064e+00
1.259319426676715148e+00 2.515641704654913102e+00 2.039543337689642133e+00 2.355164883471175141e+00 1.306559227495063480e+00
1.252422342634055497e+00 2.477809935906923666e+00 2.043758528220926074e+00 2.331234405290677714e+00 1.311416455276887660e+00
1.246419408223208514e+00 2.438992458275351716e+00 2.054454248186690535e+00 2.310933416066203172e+00 1.312195093452509287e+00
1.246248918154048368e+00 2.395496971211194204e+00 2.065682941681035611e+00 2.297715336462310631e+00 1.318418606671834414e+00
1.247271269925123605e+00 2.369086611988834523e+00 2.067900764513777023e+00 2.288583319308747477e+00 1.340954603592967143e+00
1.240065481918598111e+00 2.367582692593794391e+00 2.078044909834712239e+00 2.281254839451363647e+00 1.364674104872014126e+00
1.238905182226855750e+00 2.348635143087303589e+00 2.093660272389232802e+00 2.280157319354020107e+00 1.384246868663413288e+00
1.242785964833290846e+00 2.325356947540411667e+00 2.114158834495473371e+00 2.270873736606092042e+00 1.394227911968277667e+00
1.243350174061319757e+00 2.289012984132411610e+00 2.123051749257222731e+00 2.257574068371468012e+00 1.408992361825359474e+00
1.243871470041377103e+00 2.252618660376234594e+00 2.123130202897371532e+00 2.247902196716081491e+00 1.427596820781340758e+00
1.248531918785186656e+00 2.234140319483363779e+00 2.128625384188589376e+00 2.240917541407263514e+00 1.451483047760226963e+00
1.252736549038296232e+00 2.219316835464276050e+00 2.129596710593420816e+00 2.232595055691279473e+00 1.476406313112421875e+00
1.258520126109166526e+00 2.205111155372503351e+00 2.136066027292554459e+00 2.225266369725215299e+00 1.500638522136595210e+00
1.265583029353654521e+00 2.195090958467785125e+00 2.142295765241521988e+00 2.220509237638009559e+00 1.525606253795534162e+00
1.275677584573216450e+00 2.186677013779386503e+00 2.147267261196073029e+00 2.216486561862846205e+00 1.550542129076508013e+00
1.287838792286608136e+00 2.178338506889692994e+00 2.151133630598036639e+00 2.213243280931422863e+00 1.575271064538254162e+00
1.300000000000000044e+00 2.169999999999999929e+00 2.154999999999999805e+00 2.209999999999999964e+00 1.600000000000000089e+00
