8.699999999999999956e-01 2.740000000000000213e+00 1.850000000000000089e+00 2.629999999999999893e+00 1.350000000000000089e+00
8.978547744057706614e-01 2.736024188730032058e+00 1.858529829705328984e+00 2.608386045194027059e+00 1.351528086067136591e+00
9.257095488115414383e-01 2.732048377460063904e+00 1.867059659410658101e+00 2.586772090388054668e+00 1.353056172134272872e+00
9.535643232173121042e-01 2.728072566190095749e+00 1.875589489115986996e+00 2.565158135582081833e+00 1.354584258201409375e+00
9.814190976230827701e-01 2.724096754920127594e+00 1.884119318821316114e+00 2.543544180776108998e+00 1.356112344268545877e+00
1.008945849064951217e+00 2.720964013598662135e+00 1.893346937309390299e+00 2.521964364879057729e+00 1.357284068872778748e+00
1.034992015660849418e+00 2.720717674945186459e+00 1.905087165316009523e+00 2.500811500941601651e+00 1.357578947025860794e+00
1.057682852496743653e+00 2.723935577826659404e+00 1.920924574880283231e+00 2.481289210532547251e+00 1.358043939157940194e+00
1.078409033633844993e+00 2.721417054058193230e+00 1.938550335016460791e+00 2.462800848924374897e+00 1.360441793891071560e+00
1.102374581824152822e+00 2.705588588763350621e+00 1.949723753882118160e+00 2.442222507778257334e+00 1.361863233790694627e+00
1.131252932775240971e+00 2.688380710870700074e+00 1.953436376630619087e+00 2.422813991518416366e+00 1.362018562873056338e+00
1.164093909608543420e+00 2.677194180956466774e+00 1.956817344856653262e+00 2.407337415728853625e+00 1.361837585791151328e+00
1.197145638209438090e+00 2.666837680967185431e+00 1.964580494074218864e+00 2.395919483864936250e+00 1.359439928684604393e+00
1.224601225613040523e+00 2.652615233924545013e+00 1.978900445435982647e+00 2.388625520613635089e+00 1.352920141294357892e+00
1.242785478288876533e+00 2.639392932246143353e+00 1.998826507547074138e+00 2.386327068781398886e+00 1.343011603226717865e+00
1.253888721357147018e+00 2.635792530830404878e+00 2.021611244432611976e+00 2.388623400384735973e+00 1.331743132399941576e+00
1.260709574054057480e+00 2.620607284417251215e+00 2.038884210623153947e+00 2.389922449370832869e+00 1.314675694483514956e+00
1.256944031629064318e+00 2.582176767291830988e+00 2.022506830393498323e+00 2.380847869540146711e+00 1.316683808181540405e+00
1.253330320896129058e+00 2.539540138218202792e+00 2.012804136945160138e+00 2.366156562927194784e+00 1.321030896819837874e+00
1.250480309870843243e+00 2.497231936184780565e+00 2.010634974925622931e+00 2.346223363463946665e+00 1.325764713428938979e+00
1.255301078401810155e+00 2.457264420789322390e+00 2.022107855129998466e+00 2.329874270091050192e+00 1.327608910894344962e+00
1.261799145940731393e+00 2.414379694227388296e+00 2.034171855002234963e+00 2.321393058858650438e+00 1.323680031235344723e+00
1.256507408601898579e+00 2.371657147473803740e+00 2.034664751826741558e+00 2.301310598442649180e+00 1.324509294929467895e+00
1.247902051353322328e+00 2.340637725150855886e+00 2.044708662725537973e+00 2.279967377025059694e+00 1.332699684428856779e+00
1.244161340457564879e+00 2.324213819399023606e+00 2.057532683563844333e+00 2.270015292230505022e+00 1.353255603785634920e+00
1.246648732917570834e+00 2.303317666269452779e+00 2.061322755099896931e+00 2.266678300280161817e+00 1.377591516280738837e+00
1.249270291014966006e+00 2.273027070946255446e+00 2.061004649959554236e+00 2.260509866902941756e+00 1.399113733904931767e+00
1.252543442085980896e+00 2.239467559772338134e+00 2.062894828500763555e+00 2.251929388514457120e+00 1.418596626606124955e+00
1.253110912386141251e+00 2.210345660168909543e+00 2.070622986452404835e+00 2.243961954174291229e+00 1.438640135116106666e+00
1.251499653920092658e+00 2.196646414503403477e+00 2.085019273392164418e+00 2.238581218541359608e+00 1.459906507086883964e+00
1.256746691205685718e+00 2.192155640812741613e+00 2.095905289227301793e+00 2.233180456773133482e+00 1.484021379941624197e+00
1.265011317465996932e+00 2.189841006259194867e+00 2.109437946056615942e+00 2.226725006882633640e+00 1.506195881836086992e+00
1.274089180718534386e+00 2.186367584330691560e+00 2.121775277187874398e+00 2.221625104784739957e+00 1.529068633225684870e+00
1.282804664270807304e+00 2.181226594851296330e+00 2.133081069301289823e+00 2.217570730964716130e+00 1.552588072928734686e+00
1.291402332135403785e+00 2.175613297425647907e+00 2.144040534650644592e+00 2.213785365482358269e+00 1.576294036464367387e+00
1.300000000000000044e+00 2.169999999999999929e+00 2.154999999999999805e+00 2.209999999999999964e+00 1.600000000000000089e+00
