8.699999999999999956e-01 2.740000000000000213e+00 1.850000000000000089e+00 2.629999999999999893e+00 1.350000000000000089e+00
9.149529684280087727e-01 2.749112676544554823e+00 1.869723943562703328e+00 2.607427402113263071e+00 1.345834572074995350e+00
9.599059368560175498e-01 2.758225353089109877e+00 1.889447887125406567e+00 2.584854804226526692e+00 1.341669144149990611e+00
1.004858905284026216e+00 2.767338029633664931e+00 1.909171830688109806e+00 2.562282206339789870e+00 1.337503716224986094e+00
1.049849941603926862e+00 2.776208749790789465e+00 1.928300192634113674e+00 2.538878385082383282e+00 1.333003072300319669e+00
1.094518469301907437e+00 2.783502018295682667e+00 1.943402506362962745e+00 2.510470977371740187e+00 1.326365396258137208e+00
1.132030136590278069e+00 2.774886458671878664e+00 1.955248054918865774e+00 2.471405229783322444e+00 1.321707291724463218e+00
1.128301100408044100e+00 2.722241299935004299e+00 1.962893045374149548e+00 2.446338687034713022e+00 1.343940470941535015e+00
1.129676224844386789e+00 2.668491117842686222e+00 1.961301125467869833e+00 2.422297268067405085e+00 1.374079026866181330e+00
1.120967951399569618e+00 2.699439860452469198e+00 1.974889460415313991e+00 2.436893044727675317e+00 1.357913225190346074e+00
1.137061638094700067e+00 2.744618261425971983e+00 1.975577903056477291e+00 2.469475952413152431e+00 1.333616160507819615e+00
1.166608060942917025e+00 2.684598207428595451e+00 1.971872418430673068e+00 2.458592878240084989e+00 1.320052272200621157e+00
1.213677368113142085e+00 2.650971383490601241e+00 1.977333990827342403e+00 2.446877257043382325e+00 1.303577080444511926e+00
1.258846297354985655e+00 2.620862004150427804e+00 1.987766922824574012e+00 2.436228987904060617e+00 1.283848212744234107e+00
1.279517543609824504e+00 2.590307653428699730e+00 2.012995305432855986e+00 2.416648656778306314e+00 1.261040026455946261e+00
1.270456009265309660e+00 2.540231633688698754e+00 2.036563171374976111e+00 2.385656196885302727e+00 1.258106608423602557e+00
1.260139740897143090e+00 2.483693962522992127e+00 2.053054121410917698e+00 2.351517416703785113e+00 1.262507582048755905e+00
1.251656125084259052e+00 2.423893555862176807e+00 2.066755516514213742e+00 2.318273074759879204e+00 1.271416158183859002e+00
1.258571372588248138e+00 2.355483573095590533e+00 2.072122674799877995e+00 2.303429403537716080e+00 1.294669035540560342e+00
1.254066138292095456e+00 2.314507827345134050e+00 2.047867172988748763e+00 2.284492046622505157e+00 1.319633226808122117e+00
1.243695753374052915e+00 2.320684639410886874e+00 2.037469600167965744e+00 2.253885650295760712e+00 1.353109152417726557e+00
1.243885546118544294e+00 2.313131963296461535e+00 2.066422823708951029e+00 2.233158531420802895e+00 1.381656822602281398e+00
1.245325291038961391e+00 2.296007542870689200e+00 2.099393118423891647e+00 2.220797553066859997e+00 1.406118952533994548e+00
1.247958607032283895e+00 2.279266826662929901e+00 2.123298698538334861e+00 2.222167545211761741e+00 1.442068360643044223e+00
1.249637642969140705e+00 2.271765815850836034e+00 2.117246403103645758e+00 2.221200290624930851e+00 1.488075660853305893e+00
1.264826578632119114e+00 2.227519269288090964e+00 2.120304799942485108e+00 2.213973309639944542e+00 1.525692441285960044e+00
1.282413289316059579e+00 2.198759634644045668e+00 2.137652399971242456e+00 2.211986654819972031e+00 1.562846220642979844e+00
1.300000000000000044e+00 2.169999999999999929e+00 2.154999999999999805e+00 2.209999999999999964e+00 1.600000000000000089e+00
