8.699999999999999956e-01 2.740000000000000213e+00 1.850000000000000089e+00 2.629999999999999893e+00 1.350000000000000089e+00
9.057411090357110339e-01 2.737385094270318397e+00 1.860913094462773643e+00 2.602982823750097374e+00 1.349132790237568269e+00
9.414822180714219613e-01 2.734770188540636582e+00 1.871826188925547418e+00 2.575965647500195299e+00 1.348265580475136227e+00
9.772233271071328886e-01 2.732155282810954766e+00 1.882739283388320972e+00 2.548948471250292780e+00 1.347398370712704407e+00
1.013088157657358268e+00 2.730462511710306739e+00 1.893520447181324062e+00 2.522007775100917115e+00 1.348745133161470822e+00
1.047309294060810414e+00 2.733945787762674939e+00 1.903109200200189033e+00 2.495599109464104348e+00 1.359274398767761571e+00
1.075509563455380624e+00 2.740759676133404543e+00 1.916961129376224759e+00 2.465134053469110409e+00 1.352515095640161480e+00
1.100509564078403724e+00 2.742148509350147645e+00 1.938790841796260933e+00 2.462932275942093963e+00 1.333892940449802778e+00
1.133218744519856935e+00 2.759906713942318124e+00 1.960382712867639210e+00 2.464373695434138867e+00 1.334217483493788992e+00
1.169366315535922407e+00 2.783457933593528999e+00 1.974575297260411366e+00 2.461569067275836797e+00 1.345864243454235609e+00
1.206370604241911781e+00 2.795466579818832287e+00 1.982815542817604193e+00 2.453279140672578684e+00 1.364293519992554549e+00
1.236329725002937696e+00 2.754764108641850839e+00 1.986079679796101338e+00 2.437752162869034844e+00 1.374184502511055284e+00
1.243370995119627676e+00 2.694419476602420982e+00 1.981982983412646115e+00 2.428066979147581073e+00 1.358520303924230177e+00
1.249024764236561502e+00 2.642025421137489616e+00 1.974517308386361636e+00 2.422214703236718059e+00 1.335112332274445368e+00
1.251132737228863645e+00 2.587459390174847940e+00 1.965724714342774071e+00 2.416618661294378967e+00 1.313111460010258025e+00
1.247703264619258956e+00 2.524073790050344712e+00 1.965724575752972658e+00 2.402533080143897770e+00 1.300029099880688266e+00
1.248284732192550983e+00 2.476827892862442759e+00 1.981341035442178544e+00 2.376036195919813743e+00 1.299093638650705929e+00
1.249464379388550261e+00 2.432586647773645971e+00 1.993869758132177372e+00 2.342839549594109894e+00 1.303738229257131120e+00
1.250417848702519485e+00 2.384754471538995002e+00 2.000393839152928788e+00 2.308233881314895264e+00 1.309035132243278943e+00
1.256394255882724798e+00 2.372884173663222462e+00 2.008846915867489091e+00 2.277637077736722304e+00 1.288387970327088405e+00
1.254931028241794921e+00 2.357928698528196421e+00 2.030764616400322353e+00 2.267863272558818810e+00 1.302631229580836658e+00
1.258237295397868882e+00 2.341459244086872893e+00 2.027379339603383901e+00 2.273755311083949682e+00 1.338098124811028633e+00
1.256493667515126367e+00 2.320297809509095366e+00 2.023336237120792358e+00 2.260511515406350647e+00 1.371854967262503333e+00
1.255937300463174200e+00 2.303222069199355460e+00 2.036285627284731170e+00 2.237795336003602475e+00 1.399655915800452011e+00
1.256403325926328751e+00 2.305178872917806210e+00 2.066991256103772212e+00 2.224254563494385550e+00 1.409185375751365488e+00
1.256262564423060279e+00 2.310793721414195367e+00 2.099174128811637452e+00 2.214597166838714770e+00 1.413537769962426971e+00
1.255515116909917683e+00 2.282922040684845832e+00 2.119043509969964045e+00 2.200880028429932356e+00 1.435243728280358733e+00
1.266495583876114495e+00 2.244970855510022290e+00 2.117858987272601468e+00 2.204702100971685841e+00 1.465291944777130650e+00
1.277380622500398744e+00 2.221581279035053758e+00 2.126861596807160915e+00 2.208176752744777538e+00 1.497797263605224583e+00
1.285383692656706600e+00 2.203171178986738532e+00 2.136007121499046146e+00 2.208936363880829479e+00 1.531713103466517678e+00
1.292691846328353433e+00 2.186585589493369230e+00 2.145503560749522975e+00 2.209468181940414500e+00 1.565856551733258772e+00
1.300000000000000044e+00 2.169999999999999929e+00 2.154999999999999805e+00 2.209999999999999964e+00 1.600000000000000089e+00
