8.699999999999999956e-01 2.740000000000000213e+00 1.850000000000000089e+00 2.629999999999999893e+00 1.350000000000000089e+00
9.527132506105377985e-01 2.745365036198355480e+00 1.879261184713669097e+00 2.555663939079594993e+00 1.353329270423023534e+00
1.034624724724082068e+00 2.752531275917726727e+00 1.919247780018552341e+00 2.490962171312030904e+00 1.347545527942712207e+00
1.047589995038417099e+00 2.753691524635547783e+00 1.925731161220379573e+00 2.480845728385067783e+00 1.346502908488407924e+00
1.056094296980327307e+00 2.754463690753940153e+00 1.930049889249776829e+00 2.474263565433532097e+00 1.345764511750414671e+00
1.078147334488304354e+00 2.757835690735320533e+00 1.941454233543967067e+00 2.456976313243243837e+00 1.344269286284514475e+00
1.088412363970296504e+00 2.759898569949970515e+00 1.946596999450789234e+00 2.448967662875857432e+00 1.343844853781867688e+00
1.115111342827655116e+00 2.756277471377830413e+00 1.951486995120925494e+00 2.437385672573139761e+00 1.346148827294279648e+00
1.133591976039979077e+00 2.738589918601459949e+00 1.953296999947972346e+00 2.435557841822125535e+00 1.346384609770852281e+00
1.140910085665669094e+00 2.714733745037544832e+00 1.956623690272162763e+00 2.440405927638066075e+00 1.341345838923897027e+00
1.144521209857209509e+00 2.692110574567863512e+00 1.961032211888578347e+00 2.446499554009357702e+00 1.330504202586082485e+00
1.158854087082354933e+00 2.673428274001589777e+00 1.964929319881751235e+00 2.447465592448588190e+00 1.312534244894286273e+00
1.170531989932639405e+00 2.666160821174591078e+00 1.966464573168194230e+00 2.445817988904448903e+00 1.301897287335723519e+00
1.186371174017074370e+00 2.660332365053067694e+00 1.966910318315714390e+00 2.442437557026270856e+00 1.289712294305357387e+00
1.226822030566891542e+00 2.645024386520042903e+00 1.983690233958205429e+00 2.434096860176934385e+00 1.308404066855591186e+00
1.236144103170447650e+00 2.640876377542862308e+00 2.000472867087947026e+00 2.430784904516201106e+00 1.319985833088384464e+00
1.262021081570272818e+00 2.615258492828704817e+00 2.039910199594326734e+00 2.398939068906623895e+00 1.305691029104740331e+00
1.264959724787960482e+00 2.557141807997132865e+00 2.037940362679509843e+00 2.371021625114607900e+00 1.313059397848083121e+00
1.262115212001735598e+00 2.501714697636681528e+00 2.028599395218976476e+00 2.339518963828755904e+00 1.314207067185266586e+00
1.257029267490413549e+00 2.480591032327767564e+00 2.021326157544482527e+00 2.318968369946945884e+00 1.311552549093161879e+00
1.250727633097520108e+00 2.452048006938982727e+00 2.015810294238464362e+00 2.298233242784714747e+00 1.313885420256293513e+00
1.249287817512314547e+00 2.434885345015356251e+00 2.017297665536361695e+00 2.294357040517288393e+00 1.320196016900862190e+00
1.251260152106014267e+00 2.395907597018449131e+00 2.029928225046046197e+00 2.296819580518997039e+00 1.336517136625220648e+00
1.258035509135784880e+00 2.356233772418428352e+00 2.047750733198012263e+00 2.281995812118033484e+00 1.325164992389594731e+00
1.262990944127707404e+00 2.341015288611894007e+00 2.055328597956039616e+00 2.273493667148281272e+00 1.325114228052246546e+00
1.272743925850311930e+00 2.311479253867657402e+00 2.067738251786883197e+00 2.260344354227211916e+00 1.344377526299583181e+00
1.273229845324330922e+00 2.298907832657489436e+00 2.072405505347426846e+00 2.254879799284512654e+00 1.360265319848479759e+00
1.270046904839396529e+00 2.291498064982258054e+00 2.075951481055791525e+00 2.251395415834608560e+00 1.369928330238814329e+00
1.248269555952490562e+00 2.258283244367914389e+00 2.092762655859615961e+00 2.236591806269019322e+00 1.411881804166409404e+00
1.241687687962375941e+00 2.243926670016250569e+00 2.095628201699180071e+00 2.233782573847448383e+00 1.426218053408421893e+00
1.237545356587279599e+00 2.230146281508234019e+00 2.102798529511165526e+00 2.242176236403601752e+00 1.436088246897133214e+00
1.238367614884059220e+00 2.231587780508559327e+00 2.116287519037017617e+00 2.240954108238323528e+00 1.437393270863647210e+00
1.241245186326985772e+00 2.224397738451074247e+00 2.120351126517224127e+00 2.229770401975695648e+00 1.445961232524581863e+00
1.247931863934884866e+00 2.208221696144990531e+00 2.118699099333090974e+00 2.218369757842936441e+00 1.463903140964409655e+00
1.257072813857409210e+00 2.195565857197022908e+00 2.119997672249767984e+00 2.216934986889424142e+00 1.483674597268958673e+00
1.265187663171206456e+00 2.187428227164353700e+00 2.124373401411268958e+00 2.216385695918928533e+00 1.502431532282481719e+00
1.273433565112073840e+00 2.181650132616780091e+00 2.130508983647683596e+00 2.215253411598002931e+00 1.523928229464848183e+00
1.282627119771302837e+00 2.176944244018321761e+00 2.138527089990883034e+00 2.213590825248135552e+00 1.549593944936628942e+00
1.300000000000000044e+00 2.169999999999999929e+00 2.154999999999999805e+00 2.209999999999999964e+00 1.600000000000000089e+00
