8.699999999999999956e-01 2.740000000000000213e+00 1.850000000000000089e+00 2.629999999999999893e+00 1.350000000000000089e+00
8.921104288616777955e-01 2.743734346550281256e+00 1.860797945482398408e+00 2.612582842172412434e+00 1.349043265053251783e+00
9.142208577233554845e-01 2.747468693100562298e+00 1.871595890964796949e+00 2.595165684344824975e+00 1.348086530106503256e+00
9.363312865850332845e-01 2.751203039650842896e+00 1.882393836447195268e+00 2.577748526517237959e+00 1.347129795159754950e+00
9.584417154467109734e-01 2.754937386201123939e+00 1.893191781929593809e+00 2.560331368689650500e+00 1.346173060213006423e+00
9.805512537986098565e-01 2.758657598044936599e+00 1.903989828647573601e+00 2.542912599643832650e+00 1.345209993444892671e+00
1.002656651426039325e+00 2.762313007975134127e+00 1.914788310740960675e+00 2.525486491201907491e+00 1.344217904819955622e+00
1.024694257005382525e+00 2.765461554583051207e+00 1.925609472541690348e+00 2.507968932103313620e+00 1.343127584996630652e+00
1.046475592729527504e+00 2.765774399436481179e+00 1.936465139581614370e+00 2.490086781685819872e+00 1.341966639409510220e+00
1.067303247835436286e+00 2.755334923442999351e+00 1.946494875751392462e+00 2.472039362842861188e+00 1.341811624670345982e+00
1.083176682120691847e+00 2.726791889442625294e+00 1.953394678174711574e+00 2.457474665992894991e+00 1.344285205752058676e+00
1.091118053279209299e+00 2.686966471907400678e+00 1.958108365793580941e+00 2.446816615286404151e+00 1.345229722348586954e+00
1.091747556189401447e+00 2.653948831365645855e+00 1.973298394872720740e+00 2.442655322725532763e+00 1.343812441097132604e+00
1.096448460904525302e+00 2.628790740887674282e+00 1.990663394244692519e+00 2.436228175133012375e+00 1.350747407412699719e+00
1.099584252393902339e+00 2.603102880904435867e+00 1.995932512523887814e+00 2.427240102662258092e+00 1.365562378195739779e+00
1.099945889389637665e+00 2.580119114369965772e+00 1.994178721992150294e+00 2.418388516488728435e+00 1.382520628822259123e+00
1.098261335553663232e+00 2.554899420801005849e+00 1.989263332916022087e+00 2.408685999837943736e+00 1.398123727316422205e+00
1.096897497013059164e+00 2.520327271697241578e+00 1.981389176953780140e+00 2.395715692028524746e+00 1.404736463191331275e+00
1.097101786505853438e+00 2.483231908787237430e+00 1.974890927917298589e+00 2.379998780601380037e+00 1.404346154521140644e+00
1.100398227575634991e+00 2.448430850200872921e+00 1.974416238355460207e+00 2.360710981386962892e+00 1.402849558170832012e+00
1.108773763587830752e+00 2.420613680282573732e+00 1.981598950409623416e+00 2.340161558185859914e+00 1.400872901886688338e+00
1.122362901377304878e+00 2.400453970470798559e+00 1.994078311990439056e+00 2.322121578288944832e+00 1.398664408333907927e+00
1.140043013025068497e+00 2.384388010541605318e+00 2.008747006025724424e+00 2.308158884225827379e+00 1.397903691526774850e+00
1.160660233063557589e+00 2.368579222196182332e+00 2.022994540213092218e+00 2.297923112609284502e+00 1.399838143754416508e+00
1.183782706573329513e+00 2.349031979743967380e+00 2.033162640031406010e+00 2.290023766980708420e+00 1.403898401799963169e+00
1.207100366100636979e+00 2.322856503730458488e+00 2.032449373574749973e+00 2.283366211284515224e+00 1.406700221080558588e+00
1.221853230153504555e+00 2.297335625667957792e+00 2.017998850939850985e+00 2.278811604187015671e+00 1.404310495660308744e+00
1.231626102199145478e+00 2.269234411924622385e+00 2.008429360055813184e+00 2.269480382411082964e+00 1.406295484344325386e+00
1.233262172881530283e+00 2.266781523772471996e+00 2.029593751985659722e+00 2.267430019948585063e+00 1.416839985859854378e+00
1.234030688756435179e+00 2.266385521633044853e+00 2.051794092775579337e+00 2.269951795077607137e+00 1.425828082463762581e+00
1.234445651817432266e+00 2.266787294672704345e+00 2.074040519585664377e+00 2.269589628889752575e+00 1.434879702787237532e+00
1.234838730758244241e+00 2.270496528570354666e+00 2.094963295166671902e+00 2.263226078878765701e+00 1.445007488376335303e+00
1.236297769216786024e+00 2.277875242170844139e+00 2.115507484471245370e+00 2.257226213475237220e+00 1.455330328226023262e+00
1.238010429650437283e+00 2.282334410579782702e+00 2.139363627328219497e+00 2.258066063698746184e+00 1.460004074536090490e+00
1.243252092179150337e+00 2.263692955668846540e+00 2.155086686426450626e+00 2.248755924875657897e+00 1.467940598647279327e+00
1.250615304393682736e+00 2.242962379580204058e+00 2.152631011079814805e+00 2.240036305283453544e+00 1.484773791219246464e+00
1.258200062774902817e+00 2.229091041973926490e+00 2.152594313296686046e+00 2.234807581482925798e+00 1.503826689282216300e+00
1.266435023145013217e+00 2.216828236545197228e+00 2.153191896447576692e+00 2.229864283931550339e+00 1.523026057816253331e+00
1.274826267358760035e+00 2.205121177408897903e+00 2.153643922335682248e+00 2.224898212948662746e+00 1.542269543362190021e+00
1.283217511572506631e+00 2.193414118272598579e+00 2.154095948223788248e+00 2.219932141965775152e+00 1.561513028908126488e+00
1.291608755786253226e+00 2.181707059136299254e+00 2.154547974111893804e+00 2.214966070982887558e+00 1.580756514454063177e+00
1.300000000000000044e+00 2.169999999999999929e+00 2.154999999999999805e+00 2.209999999999999964e+00 1.600000000000000089e+00
