8.699999999999999956e-01 2.740000000000000213e+00 1.850000000000000089e+00 2.629999999999999893e+00 1.350000000000000089e+00
8.985721589813731036e-01 2.743804557636688735e+00 1.859930151755835093e+00 2.604161378914015224e+00 1.350371081198789902e+00
9.271443179627462117e-01 2.747609115273377256e+00 1.869860303511669875e+00 2.578322757828030554e+00 1.350742162397579937e+00
9.557182506444984460e-01 2.751371036977234841e+00 1.879828301895237086e+00 2.552510857789321630e+00 1.351124934539563283e+00
9.842979285657404986e-01 2.754978083441955050e+00 1.889933455166335596e+00 2.526796591688050597e+00 1.351550139743855183e+00
1.012820758577592795e+00 2.757303117937650150e+00 1.900506373934281124e+00 2.501314988206797540e+00 1.352156198370410900e+00
1.039871763797827198e+00 2.750661437528147513e+00 1.913131905815371736e+00 2.476634481536326593e+00 1.353628506393328879e+00
1.059386123534022728e+00 2.722990696846778746e+00 1.924050618013884328e+00 2.451500590578327365e+00 1.352141540696373045e+00
1.075256085930551997e+00 2.704661395071865648e+00 1.946985238303965193e+00 2.438345700045905229e+00 1.351839659839530361e+00
1.091902494920987676e+00 2.679286175775726697e+00 1.969584166603163933e+00 2.430323016662168545e+00 1.355339647213722243e+00
1.108127925789690771e+00 2.664867169037893113e+00 1.995306556188925162e+00 2.425538189766377695e+00 1.354932262072798599e+00
1.115268450748728046e+00 2.625622936356986070e+00 2.003096734321748951e+00 2.418855825207570920e+00 1.372657088077237297e+00
1.125123458237423879e+00 2.579379405385068935e+00 2.005368389392908846e+00 2.412099623315371311e+00 1.388716779922297917e+00
1.135306349450475594e+00 2.530544706193957438e+00 2.008982886686882630e+00 2.399018577114893525e+00 1.398662388079542573e+00
1.135795024679453258e+00 2.488205604393689541e+00 2.002228645142309027e+00 2.373329379345125112e+00 1.399887901911188726e+00
1.130617763289053723e+00 2.457166963919553027e+00 1.988182293026887981e+00 2.345876283352848368e+00 1.397343545236338080e+00
1.143565630286050627e+00 2.423707153726363028e+00 1.993942335203767291e+00 2.324432719722863361e+00 1.386822784415792986e+00
1.171249827154484668e+00 2.436257060718761469e+00 2.010122924758267260e+00 2.330588034170577583e+00 1.374203667559156683e+00
1.203295781859152980e+00 2.444655324580162326e+00 2.014977203719173104e+00 2.328508955877623077e+00 1.355894863893398528e+00
1.231432616841935612e+00 2.441848414411814439e+00 2.013081450494609292e+00 2.321114378674910217e+00 1.334258699139872162e+00
1.251626147880998019e+00 2.460958759317713351e+00 2.007269465239908790e+00 2.337250469859402102e+00 1.313764007544603762e+00
1.261392546742603482e+00 2.498322809514306186e+00 2.008599841000833219e+00 2.364900320828446034e+00 1.306598541476540642e+00
1.270431012902921486e+00 2.538527430684712982e+00 2.017156160504979479e+00 2.389679043139990799e+00 1.304733273485737755e+00
1.276874092573611730e+00 2.571555695380244089e+00 2.037418066586713650e+00 2.405015763745383950e+00 1.302012590471659959e+00
1.269763167756087885e+00 2.557639066046642817e+00 2.058885745188518523e+00 2.386498500181887028e+00 1.296151123323502352e+00
1.259710060220570638e+00 2.519062444657657274e+00 2.053154463546901898e+00 2.360233989201975913e+00 1.297511475707053830e+00
1.252830036255677459e+00 2.487117003228978440e+00 2.035896124374944272e+00 2.338124610588627306e+00 1.301896349516539431e+00
1.249451481288625931e+00 2.459852611381705856e+00 2.018068806688759764e+00 2.314244603494950425e+00 1.307466794724720049e+00
1.251726098940080467e+00 2.426177296509708370e+00 2.006974900636762538e+00 2.295790270105415587e+00 1.323582518006295228e+00
1.252798906744334584e+00 2.393171024588615747e+00 2.002754541989720583e+00 2.290459349319248883e+00 1.348213711151590166e+00
1.250242743120869360e+00 2.362186626471732609e+00 2.005284091390944212e+00 2.289912630702537033e+00 1.374142498138834156e+00
1.247141712683182968e+00 2.329085409376774773e+00 2.015080976266415913e+00 2.289325808838544862e+00 1.397274625258437819e+00
1.243714324731836740e+00 2.293545383004726546e+00 2.029203818422280037e+00 2.287221709273019155e+00 1.416317850811359857e+00
1.240786830611926961e+00 2.260503465837813586e+00 2.048978964951201132e+00 2.282707369154003185e+00 1.429905493434509012e+00
1.240117219587784092e+00 2.239069951164610384e+00 2.074483808990514433e+00 2.276206041723729534e+00 1.438521473564319475e+00
1.242907334136561071e+00 2.231504703306081527e+00 2.101433619221539040e+00 2.267039141276416370e+00 1.447300094279609928e+00
1.250640321889512574e+00 2.229403471632835920e+00 2.123986405515367437e+00 2.252532653067491619e+00 1.462339879366982620e+00
1.262019870069752026e+00 2.222068839404557572e+00 2.137309316872802789e+00 2.236611079601318330e+00 1.485288788578551733e+00
1.272431483246437844e+00 2.209203445253440812e+00 2.143801787621194332e+00 2.226961927143789488e+00 1.512891287617195824e+00
1.281582322034926058e+00 2.196191053667269522e+00 2.147994190422132910e+00 2.221005836951791768e+00 1.541837202616375802e+00
1.290791161017462940e+00 2.183095526833634725e+00 2.151497095211066135e+00 2.215502918475896088e+00 1.570918601308187945e+00
1.300000000000000044e+00 2.169999999999999929e+00 2.154999999999999805e+00 2.209999999999999964e+00 1.600000000000000089e+00
