8.699999999999999956e-01 2.740000000000000213e+00 1.850000000000000089e+00 2.629999999999999893e+00 1.350000000000000089e+00
9.004280990269122320e-01 2.741354006945750488e+00 1.859837449752989924e+00 2.603708159966271474e+00 1.349980163526688148e+00
9.308561980538245795e-01 2.742708013891500762e+00 1.869674899505979537e+00 2.577416319932543498e+00 1.349960327053376430e+00
9.612842970807368159e-01 2.744062020837250593e+00 1.879512349258969373e+00 2.551124479898815522e+00 1.349940490580064489e+00
9.917123961076490524e-01 2.745416027783000867e+00 1.889349799011958986e+00 2.524832639865087103e+00 1.349920654106752771e+00
1.022483384199406764e+00 2.747493060398687348e+00 1.900407503843937862e+00 2.499759416316962302e+00 1.349843335722312299e+00
1.052337226730096775e+00 2.749986184907029951e+00 1.915495687282045445e+00 2.476805008663963470e+00 1.348631149330185686e+00
1.082937258074947895e+00 2.763845714426433009e+00 1.931224719978502646e+00 2.458392170634605467e+00 1.345651970207564885e+00
1.113956000623756548e+00 2.750357164334029214e+00 1.947355858298004616e+00 2.443527968452007926e+00 1.345164233022887457e+00
1.145111574621562989e+00 2.728416641294195699e+00 1.965755539574686628e+00 2.439240645333847546e+00 1.349670819145923684e+00
1.177931148177477683e+00 2.727349706938695384e+00 1.984149302987872066e+00 2.438319848433858184e+00 1.359209003514508352e+00
1.215334594950514768e+00 2.728093474537210295e+00 1.994555464096094077e+00 2.428388587251313346e+00 1.361972554950265035e+00
1.250250528270427486e+00 2.714440601326737923e+00 1.994337123498394870e+00 2.415927095973634309e+00 1.350277649127290536e+00
1.272724847982292129e+00 2.681056684018551017e+00 2.002448350918428321e+00 2.411100807614469321e+00 1.330040623532537936e+00
1.283217507380835176e+00 2.643996502292042194e+00 2.022150852254834597e+00 2.405836041549443749e+00 1.312135711836123431e+00
1.284635079942155977e+00 2.593658424079584357e+00 2.039124328708176392e+00 2.396512195449956195e+00 1.301660593134641442e+00
1.279765601892917104e+00 2.536133877210277721e+00 2.043207877721643140e+00 2.380089517205127514e+00 1.302495817574097270e+00
1.272636792861735477e+00 2.489791515661175403e+00 2.045549997212963156e+00 2.351750367342559489e+00 1.302404639861940217e+00
1.266773180491998829e+00 2.452595388012008826e+00 2.046975465763252622e+00 2.319152726389065222e+00 1.293839799906988830e+00
1.264517268429098396e+00 2.413411473159610132e+00 2.042955934459619094e+00 2.291269143866077496e+00 1.278933991216133048e+00
1.265785490004335934e+00 2.362873339644384618e+00 2.033436257187212437e+00 2.279653912337702870e+00 1.291010377680031684e+00
1.272971805240090015e+00 2.344028635239757019e+00 2.041774869405620585e+00 2.280354682458982651e+00 1.322713970549883378e+00
1.280519355400985049e+00 2.335027439230832780e+00 2.060896529945329014e+00 2.270132697956844581e+00 1.349765132163127879e+00
1.275255078602688164e+00 2.317241002661827309e+00 2.079177246156818981e+00 2.248409728033732069e+00 1.371541990915271736e+00
1.263116896060170191e+00 2.291513080022048676e+00 2.095569417844670657e+00 2.226816926931709517e+00 1.390265964507190644e+00
1.254281834061875767e+00 2.264133611089144349e+00 2.116147231818961583e+00 2.210086436817266353e+00 1.408875360293161183e+00
1.252873511116606275e+00 2.246260563525878329e+00 2.146964829676266007e+00 2.202551511004881224e+00 1.421295883505702573e+00
1.257615631829511305e+00 2.245553767626386588e+00 2.172682538597419111e+00 2.193258102677890342e+00 1.438107973553532704e+00
1.266653529652304933e+00 2.238739224392682470e+00 2.165729743768447513e+00 2.187114343091384416e+00 1.470764604951087184e+00
1.275503535548480727e+00 2.225223044592619548e+00 2.158150354348561173e+00 2.191034710232748317e+00 1.503034564215788738e+00
1.283779187266021360e+00 2.207521308289001727e+00 2.155978956568223026e+00 2.197076936093582233e+00 1.535443170018437442e+00
1.291889593633010591e+00 2.188760654144500606e+00 2.155489478284111193e+00 2.203538468046791099e+00 1.567721585009218543e+00
1.300000000000000044e+00 2.169999999999999929e+00 2.154999999999999805e+00 2.209999999999999964e+00 1.600000000000000089e+00
