8.699999999999999956e-01 2.740000000000000213e+00 1.850000000000000089e+00 2.629999999999999893e+00 1.350000000000000089e+00
9.426976680207267423e-01 2.731716587677546215e+00 1.888012692119187319e+00 2.554267380010071253e+00 1.337986362062827617e+00
1.022672673355252027e+00 2.740893302999316994e+00 1.927890953110638961e+00 2.487433441594990580e+00 1.342360927020622485e+00
1.041942083989057410e+00 2.743245064988749427e+00 1.937504566024920383e+00 2.472091785089585159e+00 1.343769492380067154e+00
1.065531377432900495e+00 2.740787840269921283e+00 1.948733177924453441e+00 2.457627624976425285e+00 1.344818773065165285e+00
1.077294186054850389e+00 2.737228257908559392e+00 1.954050274486124117e+00 2.452045410364127154e+00 1.344992666904703649e+00
1.080979331087506212e+00 2.735616605304048932e+00 1.955652098091952507e+00 2.450629394164547836e+00 1.344971329054512887e+00
1.092037257060013200e+00 2.724353517594167329e+00 1.958542419476277718e+00 2.450178030029511067e+00 1.344744513234834793e+00
1.098651290261984048e+00 2.712090158865907874e+00 1.957643799731763501e+00 2.453594600757269095e+00 1.345442991666099264e+00
1.109157550726491692e+00 2.712581574617538571e+00 1.957388408715224237e+00 2.464320633846929010e+00 1.351374412022569471e+00
1.128512307439751172e+00 2.725935422025642652e+00 1.964030768642564206e+00 2.468558589328687880e+00 1.347954142906918396e+00
1.149570170056489760e+00 2.728761078831718478e+00 1.970822273505664857e+00 2.468899059648684169e+00 1.339927321118319581e+00
1.166405380676149850e+00 2.726457131464189221e+00 1.976995681694212914e+00 2.468643407443205984e+00 1.333365749922659882e+00
1.174268451700024363e+00 2.724593684312172304e+00 1.980093660040169956e+00 2.468485111103715823e+00 1.330359559638514932e+00
1.222076469378858610e+00 2.695709361433806350e+00 1.995868681974487746e+00 2.460723264276080346e+00 1.310912150172991453e+00
1.229915910395225076e+00 2.690605941467114626e+00 1.998320277881863394e+00 2.459255114163911848e+00 1.307672705378884581e+00
1.250445388741860953e+00 2.670361143081898980e+00 2.003557601972778102e+00 2.449996022066038392e+00 1.297365597569923867e+00
1.264172949845041805e+00 2.646436609001368012e+00 2.008034869349470952e+00 2.434877834016423215e+00 1.287750219549775421e+00
1.271200894634983758e+00 2.621259523034934702e+00 2.013872063059033657e+00 2.417882295736721865e+00 1.281514055826961762e+00
1.273505524519455534e+00 2.599751130753681583e+00 2.019805057860487807e+00 2.405869469288818951e+00 1.280344506296674956e+00
1.268988875743035649e+00 2.559841814024395035e+00 2.019709188609857264e+00 2.395817009393574892e+00 1.289276365939606483e+00
1.261529548899641195e+00 2.519499819871714674e+00 2.022049444711855770e+00 2.366556841640813147e+00 1.291192799916117240e+00
1.250618871382968234e+00 2.476878836294104325e+00 2.028206615463194584e+00 2.324224288698290675e+00 1.275650048361177680e+00
1.247231385463369868e+00 2.464590955529978977e+00 2.029722543414218094e+00 2.312563318702195669e+00 1.270375905489222967e+00
1.243547792306198829e+00 2.451718150757761450e+00 2.030760312320263772e+00 2.302164560971914131e+00 1.264900044836314130e+00
1.235245700486512721e+00 2.411095188967067759e+00 2.034985075893534390e+00 2.292032688944344088e+00 1.261612105220377256e+00
1.237150750595266802e+00 2.372719797530819186e+00 2.063752789442059310e+00 2.288584914821059524e+00 1.311317195195465857e+00
1.238167356313916612e+00 2.337135494285168758e+00 2.066815938635025329e+00 2.283473402275734809e+00 1.364827071320582785e+00
1.241084282293210661e+00 2.296323424806259617e+00 2.084557997170950472e+00 2.266163919262423665e+00 1.398137797774465341e+00
1.242566476645202478e+00 2.283608459940468016e+00 2.093543639638082876e+00 2.258570991819868201e+00 1.406364251990710468e+00
1.243342390120132146e+00 2.278372788474290811e+00 2.098215982530348356e+00 2.254635622142063589e+00 1.409426233048643784e+00
1.244163613120037759e+00 2.273414921999428184e+00 2.103148477991589882e+00 2.250419413576531191e+00 1.412207267775330344e+00
1.245727960322571271e+00 2.263756120057172527e+00 2.136817568676483869e+00 2.230055470125428041e+00 1.445105770886353724e+00
1.251075133729953937e+00 2.261236659969732887e+00 2.128369579051049065e+00 2.247901878839642986e+00 1.459963184409950321e+00
1.255240358005807133e+00 2.242184475799694265e+00 2.137749359687656447e+00 2.243175623398292462e+00 1.472848262672579622e+00
1.257963406103739690e+00 2.231498287075968534e+00 2.143303017377645503e+00 2.237358080980797137e+00 1.481479999418690907e+00
1.262768859986936221e+00 2.218667047496591049e+00 2.148806049978991162e+00 2.230647944919284864e+00 1.495902273572667029e+00
1.270102950104111894e+00 2.206117019863689688e+00 2.152160902440526158e+00 2.224719042437052874e+00 1.516881289202927530e+00
1.273796183255160530e+00 2.201655423300076464e+00 2.152511620965003480e+00 2.222900774224318532e+00 1.527149084161198545e+00
1.281377028710994459e+00 2.192497411159568532e+00 2.153231516737574847e+00 2.219168540229268238e+00 1.548225080061630621e+00
1.300000000000000044e+00 2.169999999999999929e+00 2.154999999999999805e+00 2.209999999999999964e+00 1.600000000000000089e+00
