8.699999999999999956e-01 2.740000000000000213e+00 1.850000000000000089e+00 2.629999999999999893e+00 1.350000000000000089e+00
9.018410300387393885e-01 2.748422681048071414e+00 1.865952857622489303e+00 2.606272417350111947e+00 1.349866710294581829e+00
9.336820600774786705e-01 2.756845362096142615e+00 1.881905715244978516e+00 2.582544834700224001e+00 1.349733420589163346e+00
9.655230901162179524e-01 2.765268043144213372e+00 1.897858572867467730e+00 2.558817252050336499e+00 1.349600130883745086e+00
9.976144234686238343e-01 2.773443943989874594e+00 1.913534257022310392e+00 2.535016922727219679e+00 1.349551776062869468e+00
1.030780498763918862e+00 2.780243417168840381e+00 1.927734185644663256e+00 2.510662305458267518e+00 1.350002174850357672e+00
1.065284822840264267e+00 2.780794147830480956e+00 1.937787553547016817e+00 2.484029842951434475e+00 1.352167395175319253e+00
1.093131009979513069e+00 2.755820034602503910e+00 1.939608001591268449e+00 2.454724641846344646e+00 1.358202605381944705e+00
1.103607120570270883e+00 2.702399020215696002e+00 1.941385430764952291e+00 2.443739246043124425e+00 1.359892990794033141e+00
1.120913092591689031e+00 2.753392885339080554e+00 1.937333895946409923e+00 2.455650425697231576e+00 1.344615582342467253e+00
1.156540533902117307e+00 2.762328855320115295e+00 1.956543731704797784e+00 2.461956150547427224e+00 1.347134222878912713e+00
1.191245449569759307e+00 2.759411334785907943e+00 1.977456701796397764e+00 2.462445482288663001e+00 1.349761289698333089e+00
1.225520607010595286e+00 2.739545987493948953e+00 1.994291383614047231e+00 2.452591820242651988e+00 1.343852798483412769e+00
1.253326085133945833e+00 2.702271448629110839e+00 1.997170165967294020e+00 2.436024774524482073e+00 1.329011191756737764e+00
1.270284573503600800e+00 2.655368919951057727e+00 1.988660049306368416e+00 2.420878764893937163e+00 1.313358945124917465e+00
1.280663863609576181e+00 2.599453288761932157e+00 1.983650307786331890e+00 2.407412983710262022e+00 1.300315257180531647e+00
1.287141069043965746e+00 2.550914186820166574e+00 2.000719184157921937e+00 2.394211255856709908e+00 1.292876720614048569e+00
1.289103908887093697e+00 2.524570400675376636e+00 2.028396293504785231e+00 2.378945513418215807e+00 1.289823044161881871e+00
1.283465886805665868e+00 2.490578398198395327e+00 2.046411579239266754e+00 2.350965676430963658e+00 1.282628449661359582e+00
1.270230484472231858e+00 2.450951283820936855e+00 2.041940165220904380e+00 2.318891243177548134e+00 1.272870995963771179e+00
1.258144285340494273e+00 2.410850484240685709e+00 2.029780028033447259e+00 2.289248612395782700e+00 1.267261666782973473e+00
1.258013085185151869e+00 2.369331616244044980e+00 2.019971498121636788e+00 2.259699370871433022e+00 1.276577220248235056e+00
1.268332150162824412e+00 2.356840315443924361e+00 2.032024860034964409e+00 2.256078358470567924e+00 1.308115531624543859e+00
1.267886051821613957e+00 2.341508758885201047e+00 2.054085413814819017e+00 2.254852236175657776e+00 1.333185412843151285e+00
1.264168483892965211e+00 2.315333533749881045e+00 2.075523165496922395e+00 2.241698032057065415e+00 1.354019441011816483e+00
1.260135262877072115e+00 2.284597314432909698e+00 2.093932647873817832e+00 2.223736413096278230e+00 1.374552081398376924e+00
1.255245917084995000e+00 2.257111506755598462e+00 2.111088889588840445e+00 2.207302370680878756e+00 1.397906901463337848e+00
1.253557430061621014e+00 2.243477466636838003e+00 2.123618722485711263e+00 2.199023032942170719e+00 1.429288491621515611e+00
1.259556947919568959e+00 2.223527575859453265e+00 2.123437963488467695e+00 2.204676318563793647e+00 1.463584997445855240e+00
1.270003386151948410e+00 2.208026240004255403e+00 2.132404177475958118e+00 2.208203288888618054e+00 1.496901896610153715e+00
1.280352218470158121e+00 2.195167521355572582e+00 2.139486492918559968e+00 2.208831989348164271e+00 1.531304399024371321e+00
1.290176109235078972e+00 2.182583760677786255e+00 2.147243246459280108e+00 2.209415994674082118e+00 1.565652199512185705e+00
1.300000000000000044e+00 2.169999999999999929e+00 2.154999999999999805e+00 2.209999999999999964e+00 1.600000000000000089e+00
