8.699999999999999956e-01 2.740000000000000213e+00 1.850000000000000089e+00 2.629999999999999893e+00 1.350000000000000089e+00
8.946291897348052080e-01 2.739324775201288809e+00 1.863132701824165016e+00 2.607695693934936276e+00 1.346790933466941897e+00
9.192583794696103094e-01 2.738649550402577404e+00 1.876265403648329944e+00 2.585391387869872215e+00 1.343581866933883706e+00
9.438875692044155219e-01 2.737974325603865999e+00 1.889398105472494649e+00 2.563087081804808598e+00 1.340372800400825515e+00
9.685020400750986580e-01 2.737138529922913843e+00 1.902565960949645030e+00 2.540775730910466823e+00 1.337290285212834329e+00
9.930626671866603639e-01 2.735775752950798445e+00 1.915846275838001489e+00 2.518446255069219042e+00 1.334623940873433501e+00
1.017759430923469655e+00 2.732998531092298400e+00 1.928848564057280557e+00 2.495795905581699614e+00 1.333612069978332260e+00
1.043475480635625230e+00 2.731375550951221864e+00 1.939246822205288767e+00 2.472748175222220013e+00 1.338121721493102712e+00
1.067032940596538193e+00 2.734408082350399116e+00 1.946992375990188373e+00 2.450129400012605263e+00 1.349810807098658749e+00
1.091067149686629323e+00 2.716270890164370400e+00 1.958715844791774963e+00 2.433705671323517006e+00 1.353735928715227965e+00
1.116022297229154248e+00 2.723141507767475211e+00 1.972240327398451454e+00 2.439097490982379934e+00 1.338696221383910423e+00
1.148467871829935927e+00 2.717380722050009911e+00 1.977404454397844180e+00 2.438945484233198346e+00 1.325717415164245239e+00
1.176590770917183670e+00 2.708552875178318331e+00 1.992348058120041232e+00 2.433742293021793124e+00 1.316269964572299056e+00
1.201120218397299766e+00 2.699131730608587354e+00 2.011226501297571190e+00 2.427298007575510397e+00 1.309436585947847398e+00
1.225414835460232332e+00 2.691898912980842162e+00 2.031078753117002034e+00 2.424284807605592285e+00 1.303050980083759303e+00
1.250151800281218417e+00 2.678954015646057840e+00 2.048473972295203893e+00 2.423695927104969616e+00 1.293163747948093079e+00
1.263504967187495831e+00 2.640570705097637472e+00 2.061147873809352493e+00 2.414543265877222566e+00 1.300735190435792665e+00
1.267827463507320562e+00 2.606776578512961517e+00 2.061340313997317431e+00 2.403186123024007692e+00 1.321005432926738443e+00
1.268993638896530163e+00 2.566179334069592866e+00 2.050056929979734210e+00 2.389474186802623024e+00 1.332095423336460582e+00
1.264980805852133461e+00 2.525882892876591956e+00 2.035682008219378503e+00 2.373123554603074670e+00 1.331424638734301613e+00
1.258176937988810140e+00 2.488710768150880881e+00 2.029455171933176150e+00 2.348100034960892479e+00 1.326379997587705084e+00
1.255702273760944676e+00 2.458207156871716759e+00 2.036257571036390601e+00 2.318123456009576255e+00 1.326854424463698390e+00
1.255882435701351607e+00 2.427841786469438379e+00 2.050312058781555091e+00 2.292865766361023017e+00 1.329292349585220467e+00
1.250930400666990128e+00 2.382505666188920568e+00 2.058520745256119167e+00 2.275358672451809561e+00 1.330929333356627442e+00
1.246497364637292105e+00 2.333955073262293567e+00 2.054785538040234005e+00 2.267517790434961267e+00 1.341437212537432311e+00
1.254721561588999723e+00 2.316476446617630636e+00 2.071674681963922460e+00 2.257862454663657648e+00 1.358222741399735645e+00
1.253675737693980885e+00 2.309682309062610184e+00 2.095005285983202903e+00 2.253557118114577928e+00 1.372422964821711222e+00
1.247447397594547924e+00 2.304806196833827592e+00 2.119669013843756389e+00 2.250398433273519849e+00 1.384011593070514134e+00
1.238327687077062311e+00 2.296450913769706226e+00 2.141927856780641459e+00 2.246492282769412707e+00 1.398524617022162575e+00
1.230935527439326993e+00 2.273582594221494890e+00 2.147502326255389171e+00 2.240898313681063847e+00 1.421103468320368268e+00
1.235142703986791268e+00 2.238114778345345446e+00 2.139775274786640757e+00 2.240390306387268993e+00 1.440299782669486550e+00
1.241371461907185170e+00 2.212623974041297625e+00 2.129011288390586287e+00 2.230228877894382400e+00 1.460866163769143355e+00
1.237952535213486138e+00 2.227285279855460765e+00 2.129163897167527963e+00 2.223195330839982553e+00 1.484965833470439200e+00
1.246930448688178039e+00 2.239382460979746359e+00 2.142640101259170926e+00 2.239928364294022423e+00 1.472698491502741236e+00
1.253992789137812203e+00 2.217787295673141479e+00 2.150219079525807153e+00 2.232167731541109479e+00 1.496200675684781434e+00
1.262479601086905490e+00 2.203405067153481500e+00 2.149523296258268878e+00 2.226514582468843706e+00 1.522555894660093223e+00
1.274029452171151711e+00 2.191579058258552593e+00 2.150554454773572655e+00 2.221098701267437914e+00 1.548609720009264556e+00
1.287014726085575989e+00 2.180789529129276261e+00 2.152777227386786230e+00 2.215549350633719161e+00 1.574304860004632323e+00
1.300000000000000044e+00 2.169999999999999929e+00 2.154999999999999805e+00 2.209999999999999964e+00 1.600000000000000089e+00
