8.699999999999999956e-01 2.740000000000000213e+00 1.850000000000000089e+00 2.629999999999999893e+00 1.350000000000000089e+00
9.150492505640517304e-01 2.719051360795318839e+00 1.864379413837584654e+00 2.594719242838129158e+00 1.361602586867253883e+00
9.600985011281033543e-01 2.698102721590637465e+00 1.878758827675168996e+00 2.559438485676258423e+00 1.373205173734507678e+00
1.005147751692155200e+00 2.677154082385955647e+00 1.893138241512753561e+00 2.524157728514387689e+00 1.384807760601761473e+00
1.048536245095391450e+00 2.654100676066494024e+00 1.907481667262579617e+00 2.487016737117196730e+00 1.395644696179713762e+00
1.093471742434992899e+00 2.652340035911031624e+00 1.922228194739217022e+00 2.447312533192362860e+00 1.400923107283036817e+00
1.143535456364401792e+00 2.663189021620304686e+00 1.939564460062718654e+00 2.447977297923513262e+00 1.378670880075318017e+00
1.163891880929229350e+00 2.664834818861126831e+00 1.948131348863873624e+00 2.493149683518365300e+00 1.346283390341371122e+00
1.181763627507101067e+00 2.709714734888017951e+00 1.952301711552656860e+00 2.533269757684170731e+00 1.317083116162231393e+00
1.214707452769139717e+00 2.668574405822346840e+00 1.969081532128793555e+00 2.528212900501552785e+00 1.285281306077809216e+00
1.237878446401180499e+00 2.645674323383513826e+00 2.003900962367764826e+00 2.507708463386872477e+00 1.267666512903890208e+00
1.260529105979781406e+00 2.646741012850057473e+00 2.039461992292274761e+00 2.481790843627314391e+00 1.254278442169644681e+00
1.279078987944306522e+00 2.605652249486251293e+00 2.046310390212964681e+00 2.428732147106937411e+00 1.253734866784050217e+00
1.277239195736151522e+00 2.530392095133277675e+00 2.041847588532317292e+00 2.391159474146597574e+00 1.254631107816620128e+00
1.275412320369959662e+00 2.458420410444659421e+00 2.054245733007896924e+00 2.353910285260007118e+00 1.251231992695456707e+00
1.268028184368608757e+00 2.389404817139264559e+00 2.065907554416427594e+00 2.315027020057279561e+00 1.257123041346059011e+00
1.258166951528477462e+00 2.333374533268502304e+00 2.078926825343160978e+00 2.278599154000669369e+00 1.281781018684360340e+00
1.253421879819741180e+00 2.305961995071323489e+00 2.097560778816795590e+00 2.246114543885743942e+00 1.319189471424152327e+00
1.244545984153618390e+00 2.284436002936036214e+00 2.113820348704782859e+00 2.220729583090003789e+00 1.362015666457300656e+00
1.236523581735910149e+00 2.266262895221730300e+00 2.122427035460379141e+00 2.223111666605487535e+00 1.413212940165755160e+00
1.239578027636854429e+00 2.259408532345442477e+00 2.129089035921421846e+00 2.236831545593991777e+00 1.464488655584011756e+00
1.264273271240379914e+00 2.232847022748181143e+00 2.148371734246729670e+00 2.226439057328077453e+00 1.504556269813103642e+00
1.282136635620189979e+00 2.201423511374090758e+00 2.151685867123364737e+00 2.218219528664038709e+00 1.552278134906551754e+00
1.300000000000000044e+00 2.169999999999999929e+00 2.154999999999999805e+00 2.209999999999999964e+00 1.600000000000000089e+00
