8.699999999999999956e-01 2.740000000000000213e+00 1.850000000000000089e+00 2.629999999999999893e+00 1.350000000000000089e+00
8.905510680136906609e-01 2.724903877909365946e+00 1.859633959229593847e+00 2.605734703152950527e+00 1.356454136871355409e+00
9.111021360273814373e-01 2.709807755818731678e+00 1.869267918459187605e+00 2.581469406305901604e+00 1.362908273742710730e+00
9.316532040410721027e-01 2.694711633728097411e+00 1.878901877688781585e+00 2.557204109458852237e+00 1.369362410614065828e+00
9.522042720547627681e-01 2.679615511637463143e+00 1.888535836918375344e+00 2.532938812611803314e+00 1.375816547485421149e+00
9.727090758454112196e-01 2.664542894776701143e+00 1.898180202857203458e+00 2.508743490046430935e+00 1.382492865978182772e+00
9.930354646419495834e-01 2.649617713991569978e+00 1.907864928302522189e+00 2.484863939956679868e+00 1.390069868520743546e+00
1.012983710477270316e+00 2.635417830487263746e+00 1.917651190911010994e+00 2.461976076994771834e+00 1.399829923373560048e+00
1.033523644306969747e+00 2.626106329823776786e+00 1.928074131474719177e+00 2.442412989132446643e+00 1.413196730407893398e+00
1.056733468420595345e+00 2.634427689184941634e+00 1.940368903583867821e+00 2.432278007490660254e+00 1.427567034103613963e+00
1.076707967658913745e+00 2.642241809081089077e+00 1.955731194169925802e+00 2.417847635150951024e+00 1.419215447150579346e+00
1.106022913100695781e+00 2.649018430545856617e+00 1.967609757452146724e+00 2.418198089561344410e+00 1.411335806402220339e+00
1.134949243936628438e+00 2.672263363389050017e+00 1.973675202123976513e+00 2.430927725852369381e+00 1.410573369699095636e+00
1.165747252208842788e+00 2.685217340740758907e+00 1.978687039726339636e+00 2.440143288254200460e+00 1.401155420179934774e+00
1.192061648026801590e+00 2.686633444185878794e+00 1.983200922761928053e+00 2.443435736091253752e+00 1.382244449963270450e+00
1.214618937375695484e+00 2.683942280205447339e+00 1.987412390659994754e+00 2.444171583083100341e+00 1.360572279102152171e+00
1.235845782857325048e+00 2.678172426481011836e+00 1.992143452034535800e+00 2.442690982356264140e+00 1.338540500907465347e+00
1.255418473725063544e+00 2.665812213197170877e+00 1.999312195217549881e+00 2.438224429750157629e+00 1.317683454373412832e+00
1.270866996438314134e+00 2.643645574668852749e+00 2.012411559503962444e+00 2.431959112932446487e+00 1.301793899904656993e+00
1.278112763862180534e+00 2.614727056351924261e+00 2.031472623536387356e+00 2.424919807524489102e+00 1.295521714417967152e+00
1.276982961605102940e+00 2.582451284031225480e+00 2.049674125575471351e+00 2.414320092064419665e+00 1.297530861975281669e+00
1.271369137540589112e+00 2.544656783756756635e+00 2.058998861624409038e+00 2.397250397071959416e+00 1.302569245965295552e+00
1.265490592997540409e+00 2.505385312188950664e+00 2.056314519879861802e+00 2.376687535363182668e+00 1.306702148530876073e+00
1.260787859586190995e+00 2.469726510537659792e+00 2.046007229351850754e+00 2.356058409965533063e+00 1.309790422188332970e+00
1.256745620067420077e+00 2.436992074761803018e+00 2.033142430610263229e+00 2.335718634509395208e+00 1.313980986936322148e+00
1.252257542121086198e+00 2.404052529851480990e+00 2.021460149275360774e+00 2.316259481440638091e+00 1.321592177465639173e+00
1.245796994974052385e+00 2.367357152183764413e+00 2.014986523163484922e+00 2.299807804030994163e+00 1.332781586219059511e+00
1.237476437391867634e+00 2.328432140199439893e+00 2.016256293032040237e+00 2.287289251501572362e+00 1.345428916174578715e+00
1.232090676082613800e+00 2.298562470720604711e+00 2.027373054576483646e+00 2.278935159610268713e+00 1.361645889171358537e+00
1.234724271139846064e+00 2.287426906676008453e+00 2.047807088423780009e+00 2.279263197162420873e+00 1.378102253507538899e+00
1.238341135991942288e+00 2.274220508938670449e+00 2.070168100861361271e+00 2.279393684581875412e+00 1.390821313528553649e+00
1.242452690759476397e+00 2.267750795069920056e+00 2.092007643214320645e+00 2.274117562108736834e+00 1.405247019140994036e+00
1.244338046241104445e+00 2.267478929994076964e+00 2.111443135319500009e+00 2.260176606659435539e+00 1.419375881137959761e+00
1.235532975110773535e+00 2.244543790287858887e+00 2.112089738712714215e+00 2.254819241369918625e+00 1.442005096774553463e+00
1.241064002553341705e+00 2.206561474132330947e+00 2.114861788496182449e+00 2.260590682061246248e+00 1.458189748728053958e+00
1.250898843638267977e+00 2.182537394913156348e+00 2.125283596188049184e+00 2.262921920897274397e+00 1.478399353972440267e+00
1.260487536905497752e+00 2.173234153745991382e+00 2.136299182049349543e+00 2.260583659124288936e+00 1.501935320079234026e+00
1.270022356082492809e+00 2.170220620933497546e+00 2.143296659628354472e+00 2.251004485349371809e+00 1.526708963667582575e+00
1.279977477863597057e+00 2.169797182305421845e+00 2.147572798311219611e+00 2.237799498944746723e+00 1.551221787749166303e+00
1.289988738931798551e+00 2.169898591152711109e+00 2.151286399155609708e+00 2.223899749472373344e+00 1.575610893874583196e+00
1.300000000000000044e+00 2.169999999999999929e+00 2.154999999999999805e+00 2.209999999999999964e+00 1.600000000000000089e+00
