8.699999999999999956e-01 2.740000000000000213e+00 1.850000000000000089e+00 2.629999999999999893e+00 1.350000000000000089e+00
9.212722435063793736e-01 2.743148889336826102e+00 1.862273120163173035e+00 2.589860053071156187e+00 1.355578212924578363e+00
9.725444870127588626e-01 2.746297778673651546e+00 1.874546240326346203e+00 2.549720106142312481e+00 1.361156425849156859e+00
1.023489249561728043e+00 2.746044896893642395e+00 1.890403279370037604e+00 2.511976791163373690e+00 1.368151272096049365e+00
1.071545033529273550e+00 2.737043283773283875e+00 1.914851430687808609e+00 2.481919980139058346e+00 1.378512777486161411e+00
1.113657514484053923e+00 2.718045850543976627e+00 1.949550181315131914e+00 2.465790131701125709e+00 1.377927475305605443e+00
1.138507352439550147e+00 2.726718220538456805e+00 1.966599688603695606e+00 2.486355826519975665e+00 1.334587318389303112e+00
1.179915447565780262e+00 2.740433969146413240e+00 1.967157935520693623e+00 2.513635237644079368e+00 1.300296422052769962e+00
1.231500436495263084e+00 2.707025667298617044e+00 1.976997010029706736e+00 2.485552233278674805e+00 1.287516528056061871e+00
1.267093379132293363e+00 2.687232234365282135e+00 2.013341429978225072e+00 2.467539908828404016e+00 1.276171503025775422e+00
1.276883443863199075e+00 2.674987153915282967e+00 2.058948933475287735e+00 2.454414127503024012e+00 1.272823866291208139e+00
1.273891136760145981e+00 2.610111059913666320e+00 2.074174653286928294e+00 2.409338004669491884e+00 1.271877298528640177e+00
1.269597647492556991e+00 2.543014483512622714e+00 2.076608970359485440e+00 2.361191685799910900e+00 1.268552288190500255e+00
1.264801974998776890e+00 2.478874435464885728e+00 2.081068593800361466e+00 2.311332169870738529e+00 1.264742469538135294e+00
1.260849309720026401e+00 2.413727082621624831e+00 2.081313048839005031e+00 2.261501440266193708e+00 1.263398611123557114e+00
1.260640384621825039e+00 2.344360462871724504e+00 2.084035227549725811e+00 2.215494029862825176e+00 1.260493838828907975e+00
1.254339365905700054e+00 2.298498689840688058e+00 2.092193219237054258e+00 2.204328784067361102e+00 1.307924658410877239e+00
1.250601840406872389e+00 2.278013322235136418e+00 2.089989094646408141e+00 2.214213463585838593e+00 1.362585048322204395e+00
1.255750364969531852e+00 2.261955276612533705e+00 2.089757555588631632e+00 2.239229678136092527e+00 1.414439672251086133e+00
1.261984969446394267e+00 2.242644795032989968e+00 2.087795233201939826e+00 2.256112440008989584e+00 1.467566447894825377e+00
1.263414132624725017e+00 2.221290941773688132e+00 2.107240170102567589e+00 2.235240981727774745e+00 1.514957216459233980e+00
1.281657495021407467e+00 2.201687845678614419e+00 2.136578651334490431e+00 2.222162529947357967e+00 1.554571051060944287e+00
1.300000000000000044e+00 2.169999999999999929e+00 2.154999999999999805e+00 2.209999999999999964e+00 1.600000000000000089e+00
