8.699999999999999956e-01 2.740000000000000213e+00 1.850000000000000089e+00 2.629999999999999893e+00 1.350000000000000089e+00
9.947125859543870519e-01 2.780120922132178762e+00 1.900745291569139184e+00 2.560967598221635555e+00 1.338845093584809742e+00
1.108281292547899533e+00 2.817823084387542920e+00 1.929598207455817116e+00 2.476092506557825867e+00 1.388973578226145422e+00
1.125951175354150458e+00 2.833532299257724762e+00 1.944230035802318790e+00 2.483172931723076626e+00 1.381858937494689465e+00
1.144366246855898606e+00 2.831338513838136173e+00 1.955878492127723245e+00 2.479194372338342500e+00 1.368497000776125905e+00
1.151660282716469030e+00 2.808361736974084533e+00 1.953898205117329923e+00 2.465200661845655450e+00 1.361888319357382970e+00
1.161354931282706948e+00 2.780378904849301058e+00 1.953097653112545684e+00 2.451155869147283006e+00 1.357425339549527044e+00
1.198805816825503801e+00 2.716076857487725427e+00 1.967799402135270270e+00 2.430195872043728222e+00 1.340375237167917399e+00
1.219189059012337983e+00 2.697644562213938002e+00 1.985293154595151544e+00 2.434458229766917725e+00 1.317746865408513157e+00
1.237496552715112053e+00 2.682506109169356279e+00 2.000036044093257193e+00 2.438657807307114567e+00 1.297175037312411572e+00
1.261841885071111502e+00 2.659228078811724849e+00 2.014931160978266522e+00 2.440779566175579340e+00 1.272848766581349267e+00
1.273019686643953596e+00 2.626422071683618853e+00 2.014840422050041102e+00 2.433826234688657220e+00 1.265569417691689402e+00
1.274591142603987981e+00 2.609231018689183834e+00 2.015637985118548414e+00 2.429640085852502907e+00 1.267571219595359011e+00
1.281666303155297948e+00 2.526220348984582031e+00 2.019979990277813275e+00 2.399332405863466633e+00 1.285865257577606169e+00
1.282858007410369261e+00 2.505615873213233868e+00 2.021650553105980297e+00 2.385246697036402352e+00 1.297263057799934893e+00
1.284639296740633707e+00 2.472814237808172333e+00 2.027794441009051152e+00 2.364891512256967143e+00 1.316853605918532288e+00
1.284564080662823571e+00 2.445798366940559632e+00 2.035018688933737163e+00 2.348839818601462959e+00 1.333639949928830282e+00
1.280848100222862662e+00 2.430204772367175359e+00 2.037072914524114431e+00 2.338035336419779231e+00 1.340586756898895393e+00
1.272990883389749639e+00 2.406061442360694524e+00 2.039126493189722833e+00 2.320068908568109656e+00 1.349053085397055707e+00
1.237660784352246246e+00 2.309951682376929050e+00 2.048774363311779645e+00 2.241480573951662336e+00 1.373592420177193851e+00
1.240577145758302580e+00 2.300641230626330636e+00 2.068640296525221078e+00 2.221019012697891704e+00 1.372804223323322637e+00
1.243848817180547295e+00 2.300425733034687337e+00 2.091766774684699737e+00 2.211994559030809882e+00 1.393613004206945671e+00
1.245591172521680834e+00 2.292171939718004481e+00 2.101311021868180529e+00 2.208223830007842281e+00 1.394671216283563053e+00
1.253631020345068459e+00 2.273375235994928634e+00 2.119813074372896899e+00 2.208219342124447149e+00 1.398871067674092084e+00
1.263988094147984187e+00 2.251369634776148487e+00 2.134249588832921152e+00 2.204025875527819700e+00 1.429556217728258360e+00
1.268087402235931638e+00 2.240963677561718548e+00 2.136823676149546269e+00 2.200898257103722777e+00 1.457287069226937959e+00
1.272702402587735815e+00 2.230554943986559735e+00 2.139482462447564348e+00 2.201817713729305570e+00 1.478986207021838251e+00
1.274817974377119301e+00 2.225861918103333004e+00 2.140685076149819288e+00 2.202451843310217594e+00 1.488364811398055876e+00
1.279552820322997997e+00 2.215358490761083932e+00 2.143376637193105783e+00 2.203871084146387549e+00 1.509354998132242054e+00
1.300000000000000044e+00 2.169999999999999929e+00 2.154999999999999805e+00 2.209999999999999964e+00 1.600000000000000089e+00
