8.699999999999999956e-01 2.740000000000000213e+00 1.850000000000000089e+00 2.629999999999999893e+00 1.350000000000000089e+00
9.650693796076417197e-01 2.718261460355771764e+00 1.884839260580364106e+00 2.550710180903871471e+00 1.346889526799035508e+00
1.062163836421673224e+00 2.711851115395479628e+00 1.926205911128872739e+00 2.479333124340462824e+00 1.352238201544727847e+00
1.071785405328227636e+00 2.711298231467802022e+00 1.930335305964342218e+00 2.472310090945673444e+00 1.352812686718347868e+00
1.088912602527561724e+00 2.708510485396141032e+00 1.932883073137014129e+00 2.456823660739388515e+00 1.360277239599939625e+00
1.088856090624222173e+00 2.705787747844496494e+00 1.925657599428240330e+00 2.451917250452603447e+00 1.372121667867493899e+00
1.086204467783836281e+00 2.711192168028019100e+00 1.925622991587487842e+00 2.453152525096947034e+00 1.389839701550050766e+00
1.094755290536596926e+00 2.726507338320044216e+00 1.945095907359671861e+00 2.457833575583878272e+00 1.374745913365009953e+00
1.110005184495272745e+00 2.724876658600312584e+00 1.955176095930558189e+00 2.448857636659829584e+00 1.363608593267694902e+00
1.145832500547892652e+00 2.717982220472941801e+00 1.967840344986892198e+00 2.430364219546682580e+00 1.355886225723987648e+00
1.189315767895135156e+00 2.717144282906607700e+00 1.978797688331142668e+00 2.422678536824072637e+00 1.345473399013629168e+00
1.210029417622140890e+00 2.713714744828002345e+00 1.983697133703156812e+00 2.421359716734157175e+00 1.338463777797491483e+00
1.238387284896563578e+00 2.688827342407215326e+00 1.994158748300833839e+00 2.417242170119363820e+00 1.324334596213723847e+00
1.258180186692203106e+00 2.630985356295940214e+00 2.016820851640719781e+00 2.399225509125499478e+00 1.313588169134344952e+00
1.259125833596085320e+00 2.570323681656962123e+00 2.032438714744447150e+00 2.377851125904884011e+00 1.314806052950872717e+00
1.256347709816381109e+00 2.536352801743320118e+00 2.037287166429086582e+00 2.366395011669596204e+00 1.318148400854249003e+00
1.254291867503145141e+00 2.510774842680076002e+00 2.039092678732830066e+00 2.358532074923316291e+00 1.321971718106618399e+00
1.253535424946423893e+00 2.492662054425244911e+00 2.039786941649197161e+00 2.353441226910596207e+00 1.325301183976811403e+00
1.252991874402386019e+00 2.459467229685412093e+00 2.041169282739339508e+00 2.344359843481714112e+00 1.331680205481776680e+00
1.252948179519235428e+00 2.444960919161627722e+00 2.041821672849404745e+00 2.340439234439897653e+00 1.334520157355452818e+00
1.246323808579707260e+00 2.365182453189308198e+00 2.032208735692939250e+00 2.295845701787962767e+00 1.337725714679216971e+00
1.241250162546037927e+00 2.340737982512698601e+00 2.024141724509756823e+00 2.272157946418596364e+00 1.333660576818676002e+00
1.242084832242024151e+00 2.319881340662520497e+00 2.020454349909501346e+00 2.263484558723261930e+00 1.332007648920408460e+00
1.247879945360512277e+00 2.295504794600888854e+00 2.030913921715734372e+00 2.273410437826101305e+00 1.335775018488317034e+00
1.248847537675796371e+00 2.282512017396337800e+00 2.045664027669505725e+00 2.278176376195172548e+00 1.343178385597931568e+00
1.248938009663278503e+00 2.276498439993310807e+00 2.052675664375974929e+00 2.277964219826380088e+00 1.349513926121471918e+00
1.249193952546750808e+00 2.267183656118590740e+00 2.060165716165242689e+00 2.275112094151781061e+00 1.361588254953881805e+00
1.247039787995842364e+00 2.219615842236126291e+00 2.077575855596824006e+00 2.249667758237386295e+00 1.418785695312625883e+00
1.240957917208899808e+00 2.205775438671371269e+00 2.083836362717547352e+00 2.232641084480517790e+00 1.438584914627714983e+00
1.252267377597620968e+00 2.205710798618733204e+00 2.095284183185364579e+00 2.237360484360648716e+00 1.453307886444680008e+00
1.256039066171515284e+00 2.202868306739438342e+00 2.099603755051862475e+00 2.234142986671739273e+00 1.461103047026643731e+00
1.260803898164888359e+00 2.198981379618382803e+00 2.105069944729263121e+00 2.230181241594082486e+00 1.472968749893700302e+00
1.267851783470015148e+00 2.193177073195081039e+00 2.113410846366457818e+00 2.225022207224911952e+00 1.493412237702176792e+00
1.274251987239579664e+00 2.188320482667526878e+00 2.121506240710685720e+00 2.221616268145488071e+00 1.514420285085203544e+00
1.278358993714069580e+00 2.185398224486617025e+00 2.126848753452782681e+00 2.219763383850033911e+00 1.528070909174544800e+00
1.300000000000000044e+00 2.169999999999999929e+00 2.154999999999999805e+00 2.209999999999999964e+00 1.600000000000000089e+00
