8.699999999999999956e-01 2.740000000000000213e+00 1.850000000000000089e+00 2.629999999999999893e+00 1.350000000000000089e+00
9.246663754087665055e-01 2.743755766398818796e+00 1.876853114918133780e+00 2.594991975592348066e+00 1.346292414836568918e+00
9.793327508175330154e-01 2.747511532797637379e+00 1.903706229836267250e+00 2.559983951184696238e+00 1.342584829673137525e+00
1.035432181103468796e+00 2.748036466042902859e+00 1.928072596629558877e+00 2.523883015125101270e+00 1.347427591860763885e+00
1.089081633490270873e+00 2.736497212924674294e+00 1.953956061836336300e+00 2.487497386343159977e+00 1.354782196730432320e+00
1.137230409877953541e+00 2.712505350970348061e+00 1.984076220860084172e+00 2.489273653137264120e+00 1.331850930466460969e+00
1.162816966879696379e+00 2.733613006729148864e+00 1.976632753556866628e+00 2.536425155240719764e+00 1.291838220759428113e+00
1.204193548631773414e+00 2.766928849334336249e+00 1.949774006683986149e+00 2.504756601867436316e+00 1.274712622319878141e+00
1.254845828322456169e+00 2.724949881381343975e+00 1.973129908742159211e+00 2.483827334856438807e+00 1.277507483858885351e+00
1.270099200099095604e+00 2.699127929441609286e+00 2.022910300411335349e+00 2.471571271563050232e+00 1.283315198228559995e+00
1.268950495086652808e+00 2.667719713397099568e+00 2.070732458471560289e+00 2.445551940842117578e+00 1.288594300940666404e+00
1.263033581838038044e+00 2.586451975622816590e+00 2.067720555151765005e+00 2.396708560903400453e+00 1.282741804215915771e+00
1.254527178044694491e+00 2.507793843564883218e+00 2.059638411767270583e+00 2.347728798524558957e+00 1.275365216362843945e+00
1.248314745043725305e+00 2.433419752643395384e+00 2.066378690296798215e+00 2.293528607616064363e+00 1.277753118586355985e+00
1.256973281168646928e+00 2.365639650402948213e+00 2.086916898514956653e+00 2.242171754505979386e+00 1.278489717251009683e+00
1.262707282173221035e+00 2.300383535566853155e+00 2.108410731370932378e+00 2.196064264560211310e+00 1.296949247641218106e+00
1.246602008614456025e+00 2.267962204065087750e+00 2.116082346561917404e+00 2.205609323740840733e+00 1.355183366476209850e+00
1.245233572343260597e+00 2.240745824616930726e+00 2.137154788880845757e+00 2.249012870636918571e+00 1.399731807935036265e+00
1.261090006845480893e+00 2.221488456731755434e+00 2.114461645292511793e+00 2.277742943938222631e+00 1.448855841551608181e+00
1.278957396380438372e+00 2.207524063924149349e+00 2.097798114919903867e+00 2.247142117377755266e+00 1.499831669261333378e+00
1.290263930246131396e+00 2.188600339473473877e+00 2.124075500700786545e+00 2.227118382183156609e+00 1.551316469797911601e+00
1.300000000000000044e+00 2.169999999999999929e+00 2.154999999999999805e+00 2.209999999999999964e+00 1.600000000000000089e+00
