8.699999999999999956e-01 2.740000000000000213e+00 1.850000000000000089e+00 2.629999999999999893e+00 1.350000000000000089e+00
9.134636530830422263e-01 2.729528043693000505e+00 1.865522215772902115e+00 2.598721772533672869e+00 1.349938350837060375e+00
9.569273061660845681e-01 2.719056087386000797e+00 1.881044431545803919e+00 2.567443545067346289e+00 1.349876701674120660e+00
1.000390959249126688e+00 2.708584131079001089e+00 1.896566647318705945e+00 2.536165317601019265e+00 1.349815052511180946e+00
1.043910774475444558e+00 2.698818760061005406e+00 1.912074895056071977e+00 2.504857140747141830e+00 1.349703445635551002e+00
1.087613070394709336e+00 2.710453880892888634e+00 1.927079445539606972e+00 2.474145537873500889e+00 1.347760947756937000e+00
1.127611824191825374e+00 2.755415678649181022e+00 1.944508838150284635e+00 2.458401369186272056e+00 1.351394591173848969e+00
1.133572308550728769e+00 2.699413757954237880e+00 1.957961265537438544e+00 2.446401422550736005e+00 1.376800243246282029e+00
1.122858436476945831e+00 2.632953479361154869e+00 1.963647379089353384e+00 2.423445912883310349e+00 1.398471632097570527e+00
1.136239693612558721e+00 2.570075757569168395e+00 1.977907105279127720e+00 2.413891444336707437e+00 1.423276433195162616e+00
1.170820033736021060e+00 2.540797739607602246e+00 2.007628177048443874e+00 2.406778440539778519e+00 1.418378686224615493e+00
1.197658584542650395e+00 2.535408077361212875e+00 2.025554710926002588e+00 2.403248171397217359e+00 1.381447629742553085e+00
1.225539755188338020e+00 2.537443062592057430e+00 2.030091978478302472e+00 2.407505023414886036e+00 1.340401708381579793e+00
1.258259874172340531e+00 2.545228111133835291e+00 2.031718678914666842e+00 2.416165826765277913e+00 1.302197019271696066e+00
1.280954743832225518e+00 2.528291825004967741e+00 2.041478404904964350e+00 2.397798075565841902e+00 1.267832617739613976e+00
1.278322766344041739e+00 2.476667949239397704e+00 2.054724751726594523e+00 2.355900546462501577e+00 1.263920335847333432e+00
1.269834880225746865e+00 2.421637278140094995e+00 2.068515513682713358e+00 2.317669424037356762e+00 1.273027402521731188e+00
1.264103543276857256e+00 2.369079438126309611e+00 2.083374571208417070e+00 2.280621682788386728e+00 1.287015265277185794e+00
1.259345883233369490e+00 2.329425768010735531e+00 2.096504444878207529e+00 2.251361286516396554e+00 1.317230924403397063e+00
1.251468213276732522e+00 2.310633309539987135e+00 2.102365743778350282e+00 2.237808895866363113e+00 1.361097980155777210e+00
1.250734933647382530e+00 2.281814792046257701e+00 2.111324576740970738e+00 2.224351543930569886e+00 1.401812017695722723e+00
1.265609150528234306e+00 2.250238455526617720e+00 2.141388468332995565e+00 2.222622608227585950e+00 1.429346944496730165e+00
1.283407427825330238e+00 2.215788767399441195e+00 2.163167762201968269e+00 2.219368665748497893e+00 1.462048326747665827e+00
1.290140904593431337e+00 2.199492604104260618e+00 2.166235613987382180e+00 2.216414025024720402e+00 1.507984481531391641e+00
1.295070452296715802e+00 2.184746302052130051e+00 2.160617806993690770e+00 2.213207012512360183e+00 1.553992240765695865e+00
1.300000000000000044e+00 2.169999999999999929e+00 2.154999999999999805e+00 2.209999999999999964e+00 1.600000000000000089e+00
