8.699999999999999956e-01 2.740000000000000213e+00 1.850000000000000089e+00 2.629999999999999893e+00 1.350000000000000089e+00
9.028091997071968633e-01 2.743783594439929807e+00 1.865061139770732401e+00 2.606839092793551860e+00 1.349827864604131955e+00
9.356183994143937310e-01 2.747567188879859401e+00 1.880122279541464714e+00 2.583678185587103826e+00 1.349655729208263599e+00
9.684275991215904877e-01 2.751350783319789439e+00 1.895183419312197026e+00 2.560517278380655792e+00 1.349483593812395466e+00
1.001236798828787355e+00 2.755134377759719033e+00 1.910244559082929117e+00 2.537356371174207759e+00 1.349311458416527110e+00
1.035227602986525497e+00 2.759815505510948341e+00 1.923714749508511401e+00 2.514096307263404384e+00 1.348043467081654123e+00
1.072140960067459625e+00 2.760962679971434408e+00 1.931963488959725250e+00 2.490443383436883096e+00 1.346031967233542126e+00
1.108574610172998520e+00 2.791070834679167501e+00 1.940823923442632326e+00 2.479146020214630486e+00 1.347754969150375626e+00
1.142635695250707295e+00 2.771895343544749757e+00 1.953695456181631096e+00 2.466384387413266488e+00 1.338719489283645592e+00
1.178308664051558319e+00 2.749350400468469235e+00 1.968096252537484103e+00 2.454628611599816601e+00 1.340641413736841869e+00
1.216341594682276206e+00 2.736629284023183395e+00 1.978311307302425881e+00 2.436711228218582992e+00 1.342956476585914327e+00
1.241204331053670895e+00 2.686856248275656611e+00 1.986600834899908907e+00 2.421916414547345742e+00 1.339945293594848597e+00
1.247888016447936677e+00 2.624581825158636583e+00 1.990401991733777853e+00 2.411546319953841611e+00 1.329647953516698733e+00
1.252197294662716232e+00 2.563401833917434036e+00 1.992409356374874818e+00 2.398977384126169010e+00 1.317659603367349330e+00
1.254155981446905876e+00 2.498492333420553990e+00 1.985041231251246430e+00 2.391956518975115742e+00 1.310722635282856707e+00
1.262399498839473333e+00 2.445286112759569974e+00 1.981786402962040672e+00 2.371384515306225182e+00 1.322494270667583516e+00
1.258358489120317669e+00 2.418604114274136574e+00 1.990421766161965644e+00 2.330627644646233954e+00 1.324134545066197877e+00
1.249690759065982260e+00 2.379858981913514526e+00 1.993472952897901163e+00 2.293203651083592920e+00 1.325617339951941531e+00
1.242260016014764989e+00 2.341414714041408107e+00 2.002757334940846512e+00 2.268579453422324921e+00 1.342048350539944535e+00
1.240054892921769847e+00 2.334220265390631432e+00 2.019617939048600874e+00 2.274025955418083722e+00 1.368061589147685719e+00
1.237694088699223816e+00 2.345169123634211150e+00 2.044350243697888203e+00 2.274674440375050288e+00 1.386930275185547234e+00
1.238015297567927053e+00 2.342904179953339661e+00 2.071798456200188099e+00 2.254856345211428525e+00 1.395155285458351324e+00
1.240247743360781252e+00 2.319958434677813486e+00 2.093385476846846949e+00 2.224175117303819782e+00 1.395873372255969302e+00
1.240213027821085001e+00 2.299353227313521764e+00 2.116627370541073194e+00 2.198510970025695510e+00 1.403336248023006938e+00
1.245538671240114192e+00 2.279437206703344376e+00 2.133825556696460790e+00 2.188972260012909121e+00 1.426796062074186633e+00
1.256254223906127621e+00 2.274731841397173771e+00 2.145394529731106559e+00 2.189952212825516664e+00 1.454798140073044976e+00
1.265120911808768511e+00 2.256715979711251929e+00 2.148814467201117129e+00 2.193069834441576660e+00 1.484144952917714866e+00
1.273840683856576561e+00 2.235036984783438818e+00 2.150360850400837798e+00 2.197302375831182264e+00 1.513108714688286227e+00
1.282560455904384389e+00 2.213357989855625707e+00 2.151907233600558467e+00 2.201534917220788312e+00 1.542072476458857366e+00
1.291280227952192217e+00 2.191678994927813040e+00 2.153453616800279136e+00 2.205767458610393916e+00 1.571036238229428728e+00
1.300000000000000044e+00 2.169999999999999929e+00 2.154999999999999805e+00 2.209999999999999964e+00 1.600000000000000089e+00
