8.699999999999999956e-01 2.740000000000000213e+00 1.850000000000000089e+00 2.629999999999999893e+00 1.350000000000000089e+00
9.213148670484287983e-01 2.744871599085278113e+00 1.862295106116041765e+00 2.599101460269841901e+00 1.351392904838003783e+00
9.726297340968574900e-01 2.749743198170556013e+00 1.874590212232083219e+00 2.568202920539683909e+00 1.352785809676007478e+00
1.022516571841822097e+00 2.749712179945973389e+00 1.887772338280101270e+00 2.537001223425771279e+00 1.361094703946017281e+00
1.063259126743983263e+00 2.741423943713724221e+00 1.903189358227645789e+00 2.507098229920204702e+00 1.385677301387010729e+00
1.105908752496778780e+00 2.747070334532881741e+00 1.924073484238287168e+00 2.480552388141672449e+00 1.377258479271048497e+00
1.149640996331575682e+00 2.705795234295893970e+00 1.934325581450538012e+00 2.503306960376320944e+00 1.360360410229214168e+00
1.194704395812291597e+00 2.698191649705412143e+00 1.949965839219828911e+00 2.515955718625848991e+00 1.332857019622306627e+00
1.229326350233199250e+00 2.698533225373118682e+00 1.977575424197616671e+00 2.497559410944564018e+00 1.309519877239489372e+00
1.254811944198817919e+00 2.667021541139073193e+00 2.005851448774639945e+00 2.467650641854319371e+00 1.295336367372913244e+00
1.274644765686060222e+00 2.613305082260508616e+00 2.025140376918901808e+00 2.433475171730330011e+00 1.282337385493475868e+00
1.282771311160510797e+00 2.544521930162072287e+00 2.034002778851535798e+00 2.396327464205257218e+00 1.273354296018173848e+00
1.280100433878199606e+00 2.473416179062557951e+00 2.044028440528760981e+00 2.359732563277737061e+00 1.270006445576944198e+00
1.273934824811452371e+00 2.411658570559957582e+00 2.061029478940963777e+00 2.321375516732651967e+00 1.263619359410468324e+00
1.264594149515553934e+00 2.371664179141653062e+00 2.084878727308793867e+00 2.278239540319114020e+00 1.256968525688979099e+00
1.257707961259882712e+00 2.330076224997675194e+00 2.095463446782535044e+00 2.231579535798194236e+00 1.278841299717592861e+00
1.250588411641927911e+00 2.288157191994820483e+00 2.092810825050895662e+00 2.207180182923167422e+00 1.319932616751026133e+00
1.239494990508860806e+00 2.269880769502739426e+00 2.101203373674503272e+00 2.212423918316553273e+00 1.369853071315709325e+00
1.234399878825539032e+00 2.261806454059775096e+00 2.119288475073099587e+00 2.227037016031681027e+00 1.416372801593346775e+00
1.241115686518351913e+00 2.250439133444336104e+00 2.140839235688766440e+00 2.236483589641893754e+00 1.461121787236020486e+00
1.259372584574534937e+00 2.230024580295811187e+00 2.154948715358825595e+00 2.229706120582191975e+00 1.507115667936941295e+00
1.279711740132206232e+00 2.199962821416193925e+00 2.155196281843744899e+00 2.219805176113332390e+00 1.553531336222381487e+00
1.300000000000000044e+00 2.169999999999999929e+00 2.154999999999999805e+00 2.209999999999999964e+00 1.600000000000000089e+00
