8.699999999999999956e-01 2.740000000000000213e+00 1.850000000000000089e+00 2.629999999999999893e+00 1.350000000000000089e+00
9.007605803945710754e-01 2.737655408740109486e+00 1.860943911849813448e+00 2.604008145807511276e+00 1.347308542936703546e+00
9.315211607891421552e-01 2.735310817480218315e+00 1.871887823699626585e+00 2.578016291615022659e+00 1.344617085873407225e+00
9.622817411837132351e-01 2.732966226220327588e+00 1.882831735549439944e+00 2.552024437422534042e+00 1.341925628810110682e+00
9.930504530918855544e-01 2.730611717045957398e+00 1.893787907577116458e+00 2.526031157847968167e+00 1.339366114053168300e+00
1.023881475488670034e+00 2.728117568389328174e+00 1.904902140053926551e+00 2.500064227156045149e+00 1.338725587697967123e+00
1.054185686155550750e+00 2.725219264007794795e+00 1.916276553949513461e+00 2.474802651768409856e+00 1.344469999071741029e+00
1.079898730828431574e+00 2.722380277687935113e+00 1.927021882385117069e+00 2.453930476441615660e+00 1.362637630085250295e+00
1.105196783355028467e+00 2.743966994547133886e+00 1.945450519053566918e+00 2.449705851176768423e+00 1.370579300853194793e+00
1.125553868196409013e+00 2.722308010748363927e+00 1.958614454286573769e+00 2.446753501553992294e+00 1.347908863008308034e+00
1.155430435685383506e+00 2.696565737643028093e+00 1.975515296298485435e+00 2.439364386664816919e+00 1.347823704334914607e+00
1.192940987013133558e+00 2.697646593954039052e+00 1.990467281319034720e+00 2.436754763094964193e+00 1.350852457315903976e+00
1.230365756719784098e+00 2.706959276445048523e+00 2.002510235988455456e+00 2.434230883410661406e+00 1.344166560380620989e+00
1.260316026880641704e+00 2.696034606151423763e+00 2.011248629493579188e+00 2.428636149122870513e+00 1.324023699128599629e+00
1.275987510078305798e+00 2.658353833760485951e+00 2.010895324169567289e+00 2.416950190367830764e+00 1.303482727496263927e+00
1.282361123124517555e+00 2.609179536871825356e+00 2.004543511398030109e+00 2.400479354279474009e+00 1.292700405271551611e+00
1.286654783040107164e+00 2.559845218039633608e+00 2.006665493915173126e+00 2.379699768211736455e+00 1.286869681043725899e+00
1.288910502631193999e+00 2.520096715000404775e+00 2.020721995043677222e+00 2.354361169118703412e+00 1.282424260899939661e+00
1.284535057649796475e+00 2.488036465398820507e+00 2.031200916143969248e+00 2.322448758149973980e+00 1.275975979496212664e+00
1.273505971592175934e+00 2.457541932016885866e+00 2.030768572336434374e+00 2.288432568593623539e+00 1.271208738366068847e+00
1.261326222161661015e+00 2.422862733303005278e+00 2.025164738826793265e+00 2.262801918367510545e+00 1.282411830827581811e+00
1.258512945836193442e+00 2.389121233429598590e+00 2.028657309616323623e+00 2.255678019066356121e+00 1.309435828456275042e+00
1.262032612931725861e+00 2.357979576892364371e+00 2.042194788195816013e+00 2.254693961037380845e+00 1.335262022790810965e+00
1.263409924852539890e+00 2.326022563071270088e+00 2.058776277496714435e+00 2.248783697527556136e+00 1.358449815652245984e+00
1.260938517739696119e+00 2.297684241512342851e+00 2.077791167246187065e+00 2.240610435524788890e+00 1.380608934420458400e+00
1.258486929062882620e+00 2.275090695417457010e+00 2.102847933362233412e+00 2.235556486340901650e+00 1.398920015075870937e+00
1.258977869558421725e+00 2.258428515158354077e+00 2.130235356324888141e+00 2.226287205728739060e+00 1.413897954694840253e+00
1.260550970306243190e+00 2.240096494826649742e+00 2.145769834621212624e+00 2.204878218638976151e+00 1.435891783971639635e+00
1.265877397362328960e+00 2.219284048133002063e+00 2.147141110392539520e+00 2.196304495833807824e+00 1.467243030948306659e+00
1.274721418647948301e+00 2.204302416632391015e+00 2.147890737015156315e+00 2.199822464843357306e+00 1.500056387177295614e+00
1.283756470275414507e+00 2.192946480232977446e+00 2.150754281003893098e+00 2.203047516609677903e+00 1.533244931177068171e+00
1.291878235137707165e+00 2.181473240116488910e+00 2.152877140501946673e+00 2.206523758304838712e+00 1.566622465588534130e+00
1.300000000000000044e+00 2.169999999999999929e+00 2.154999999999999805e+00 2.209999999999999964e+00 1.600000000000000089e+00
