8.699999999999999956e-01 2.740000000000000213e+00 1.850000000000000089e+00 2.629999999999999893e+00 1.350000000000000089e+00
8.910589183215862352e-01 2.732456896849630557e+00 1.863393596861193879e+00 2.607814255799698167e+00 1.354585553674414911e+00
9.121178366431723639e-01 2.724913793699260900e+00 1.876787193722387892e+00 2.585628511599396440e+00 1.359171107348829510e+00
9.331767549647584925e-01 2.717370690548890799e+00 1.890180790583581683e+00 2.563442767399094713e+00 1.363756661023244110e+00
9.542356732863447322e-01 2.709827587398521143e+00 1.903574387444775473e+00 2.541257023198792542e+00 1.368342214697658932e+00
9.753039067338693524e-01 2.702342461907263349e+00 1.916961869425872544e+00 2.519056756938951480e+00 1.372907240617204039e+00
9.964275223044787300e-01 2.695208898279223497e+00 1.930311648696560134e+00 2.496769624341694804e+00 1.377347696635593310e+00
1.017855441366979585e+00 2.689988047432688489e+00 1.943553971145365988e+00 2.474263516359086701e+00 1.381296572968639946e+00
1.040647466283037170e+00 2.692784793620824679e+00 1.956559463785788600e+00 2.452528113569641288e+00 1.383140236799800693e+00
1.063293233631619650e+00 2.714586659345136432e+00 1.966829300575075878e+00 2.440832608280207872e+00 1.374857699592125782e+00
1.073440584540297671e+00 2.739182657541330723e+00 1.973375618930161224e+00 2.443101866012808099e+00 1.352800066998673056e+00
1.089903548144880219e+00 2.728795778044868392e+00 1.979174201293092628e+00 2.433577475286416991e+00 1.360242642610303587e+00
1.105827348687205669e+00 2.683075462315875015e+00 1.979946050119100187e+00 2.429608809363448696e+00 1.356576212731386955e+00
1.126288360699369662e+00 2.643668778457585855e+00 1.984961672206843053e+00 2.434243808599084513e+00 1.356231117660565033e+00
1.158618057362246656e+00 2.629273516442452330e+00 1.987822709560750356e+00 2.437608522509468578e+00 1.347651157594520921e+00
1.190095866055377538e+00 2.634352054816323285e+00 1.987143062036327290e+00 2.437232872370040937e+00 1.332863365311682147e+00
1.219126127392130110e+00 2.645282372804440563e+00 1.982941344351564217e+00 2.435602133285277304e+00 1.316640208314067806e+00
1.245745983024185710e+00 2.658483908264312134e+00 1.975695711749676953e+00 2.435230521123446401e+00 1.299957067885298967e+00
1.267657524043946937e+00 2.663332733143755959e+00 1.981628285860634220e+00 2.439893642959653608e+00 1.284151389950011657e+00
1.268903325585374997e+00 2.644527143877407838e+00 2.005294756319583982e+00 2.436502969971320098e+00 1.286261626842059247e+00
1.269718898385986838e+00 2.620044500985279079e+00 2.023286418437621137e+00 2.418451594647227143e+00 1.293550452893774461e+00
1.266418843807407546e+00 2.594941688384999612e+00 2.035513225953952787e+00 2.393051589396976375e+00 1.300195126840446580e+00
1.260273154644761417e+00 2.564992220588063532e+00 2.031549496085831130e+00 2.364312002401919965e+00 1.304309182136173417e+00
1.253357609868629208e+00 2.530282670701546888e+00 2.025190750316197885e+00 2.339435573441337901e+00 1.308423865054211710e+00
1.248550986919201300e+00 2.491241010719231763e+00 2.016245764111323169e+00 2.319295450455207686e+00 1.312868272878768394e+00
1.246568922687134151e+00 2.449232641915014774e+00 2.005231140087720298e+00 2.304513400114110766e+00 1.317710766065626871e+00
1.245508923901743170e+00 2.401286284711241059e+00 2.001369751626117743e+00 2.293978988642350281e+00 1.325397426106900589e+00
1.245003483290638702e+00 2.361314180491420167e+00 2.016885466203860666e+00 2.292631759708664063e+00 1.332961977534802944e+00
1.245126258938433983e+00 2.327169200431140172e+00 2.035091237858348112e+00 2.295421821323131883e+00 1.341826163460144272e+00
1.241642493463293917e+00 2.298771557216698458e+00 2.042734141047406027e+00 2.290200923434800195e+00 1.364473265106860511e+00
1.234205886386182227e+00 2.285228234281636794e+00 2.046696326331261417e+00 2.276815175931337976e+00 1.389932212699120040e+00
1.236683118909639001e+00 2.273580647311800984e+00 2.070478880264733590e+00 2.278689365967543790e+00 1.398899348293850098e+00
1.238239296540113887e+00 2.258401124792813519e+00 2.088918026714631893e+00 2.273044268841645010e+00 1.417305540480958248e+00
1.238375949540617249e+00 2.241206104510152120e+00 2.104944817706736249e+00 2.258387875855494720e+00 1.434988231761425093e+00
1.236448254440132732e+00 2.230364471286667261e+00 2.120163848868112044e+00 2.238616700320991360e+00 1.451895118389017414e+00
1.240552550414808497e+00 2.232351277201231277e+00 2.139505180574712284e+00 2.233683301070123584e+00 1.470127634636150038e+00
1.252087929912923947e+00 2.219045860843780194e+00 2.146205077009062823e+00 2.239845215204097073e+00 1.494896446809118373e+00
1.261790272560491255e+00 2.204898218260595399e+00 2.147543112676131294e+00 2.230533229174192389e+00 1.521235431909401248e+00
1.274822546766051667e+00 2.193245574812694887e+00 2.150006602273042411e+00 2.221366785852601389e+00 1.546958809294395998e+00
1.287411273383025856e+00 2.181622787406347186e+00 2.152503301136520886e+00 2.215683392926300677e+00 1.573479404647198265e+00
1.300000000000000044e+00 2.169999999999999929e+00 2.154999999999999805e+00 2.209999999999999964e+00 1.600000000000000089e+00
