8.699999999999999956e-01 2.740000000000000213e+00 1.850000000000000089e+00 2.629999999999999893e+00 1.350000000000000089e+00
8.981175967420244044e-01 2.741867711551375209e+00 1.861389591706645641e+00 2.606882704732722988e+00 1.348653815054858374e+00
9.262351934840489243e-01 2.743735423102750204e+00 1.872779183413291415e+00 2.583765409465446528e+00 1.347307630109716658e+00
9.543527902260733331e-01 2.745603134654125199e+00 1.884168775119936967e+00 2.560648114198169623e+00 1.345961445164574721e+00
9.824703869680978530e-01 2.747470846205500639e+00 1.895558366826582519e+00 2.537530818930892718e+00 1.344615260219433006e+00
1.010286285441231113e+00 2.748712705560982350e+00 1.906715963422991988e+00 2.513807486701678862e+00 1.343433714535529511e+00
1.036768353008298060e+00 2.747519432506244641e+00 1.916961555485905411e+00 2.487855862914586158e+00 1.342993543940816714e+00
1.059959006873634202e+00 2.743703971417676080e+00 1.928345563560282638e+00 2.461059199369770578e+00 1.349138796769605131e+00
1.070666793813236151e+00 2.711064615129661348e+00 1.929225123571421285e+00 2.435391099846889951e+00 1.359784708299802247e+00
1.094721358877867479e+00 2.706586754622291480e+00 1.945425293899590624e+00 2.425507815785766130e+00 1.345462119972907544e+00
1.122399027216146816e+00 2.738284542406880906e+00 1.957955796165351758e+00 2.430718532460115711e+00 1.343219238730569032e+00
1.158143011515778920e+00 2.758598736509007665e+00 1.964010720498697848e+00 2.432535419098259766e+00 1.347308933155976662e+00
1.196318299605360291e+00 2.753647934983676215e+00 1.969127269156253801e+00 2.425837605093675187e+00 1.349815733213125535e+00
1.228168323248014726e+00 2.727618186306030701e+00 1.975222574051099356e+00 2.415343621444874689e+00 1.344759568753101986e+00
1.243936112106328817e+00 2.685971719152218551e+00 1.984079206746378610e+00 2.409008313925617539e+00 1.329546861059453411e+00
1.256379627603434246e+00 2.653004409377480499e+00 1.997550978780969988e+00 2.407929156897333556e+00 1.309843176493621808e+00
1.264613516843308805e+00 2.624367636497503486e+00 2.014357581575211498e+00 2.406818524798848724e+00 1.293340432502714021e+00
1.262224646987593069e+00 2.573177563721356531e+00 2.016020990915410316e+00 2.388156885290247722e+00 1.296175295620630941e+00
1.259353471094515342e+00 2.529626065876225738e+00 2.013575256530996782e+00 2.362388579097757901e+00 1.299273567042268818e+00
1.258532100588263480e+00 2.490986689887432437e+00 2.013366242503843662e+00 2.333418567969534063e+00 1.293370122437268899e+00
1.260382255660273731e+00 2.451605920987968812e+00 2.014029054392157292e+00 2.307242649891298125e+00 1.282652406617615481e+00
1.261721996634725285e+00 2.402258616687915627e+00 2.014466873189926233e+00 2.287510988373121279e+00 1.282198675338689586e+00
1.256447548434250105e+00 2.358082174422044819e+00 2.016764836670400740e+00 2.280287793205292068e+00 1.301892047018468279e+00
1.248042688426302060e+00 2.329759341029119746e+00 2.025642023734796293e+00 2.278883376213477696e+00 1.327670760391078009e+00
1.242557012323136867e+00 2.308185199271738153e+00 2.041730879428748757e+00 2.272642874152796644e+00 1.350810476435881924e+00
1.240143845403641532e+00 2.289425857347579640e+00 2.060291776749649806e+00 2.260505642771213353e+00 1.370849309900169288e+00
1.238469205522431338e+00 2.272103468929250081e+00 2.079508420151030990e+00 2.246589212703256067e+00 1.389681286473523070e+00
1.238474499265932227e+00 2.257455167532842921e+00 2.099352948609034542e+00 2.231890342622921519e+00 1.407895327204304214e+00
1.245368707696297372e+00 2.256067861657118812e+00 2.120153800763213248e+00 2.221132318878750400e+00 1.426950060478201276e+00
1.255229316576378373e+00 2.265350344755179268e+00 2.134536195993943064e+00 2.229620179878074371e+00 1.451946786601473027e+00
1.263384329134113582e+00 2.248976144490942630e+00 2.141146247345546261e+00 2.227828179075030945e+00 1.481792151608802399e+00
1.272385946683914248e+00 2.229508832826783138e+00 2.145185390782748502e+00 2.223648750695975451e+00 1.511365396730502741e+00
1.281544624301731439e+00 2.209735702194690621e+00 2.148619528704562409e+00 2.219161680949079951e+00 1.540915175582801222e+00
1.290772312150865631e+00 2.189867851097345497e+00 2.151809764352281107e+00 2.214580840474539958e+00 1.570457587791400655e+00
1.300000000000000044e+00 2.169999999999999929e+00 2.154999999999999805e+00 2.209999999999999964e+00 1.600000000000000089e+00
