8.699999999999999956e-01 2.740000000000000213e+00 1.850000000000000089e+00 2.629999999999999893e+00 1.350000000000000089e+00
8.969714099698702370e-01 2.737898020274083244e+00 1.860353534371577799e+00 2.609382587784895957e+00 1.350739103794718066e+00
9.239428199397404784e-01 2.735796040548166275e+00 1.870707068743155288e+00 2.588765175569791577e+00 1.351478207589436265e+00
9.509142299096107198e-01 2.733694060822249305e+00 1.881060603114732999e+00 2.568147763354687640e+00 1.352217311384154463e+00
9.778856398794809612e-01 2.731592081096331892e+00 1.891414137486310487e+00 2.547530351139583704e+00 1.352956415178872440e+00
1.004853152560275964e+00 2.729498279669218874e+00 1.901759789671221723e+00 2.526899800247894401e+00 1.353690335587140581e+00
1.031762425289669105e+00 2.727524740660587810e+00 1.911989235545280552e+00 2.506076903572511672e+00 1.354348055200628620e+00
1.058063157500907181e+00 2.726191909048850004e+00 1.922510803846090299e+00 2.484782336734745911e+00 1.355181926443090212e+00
1.082339259068699544e+00 2.727518739952277560e+00 1.935289565277713342e+00 2.463539056987371190e+00 1.355373779718547445e+00
1.107287881785445460e+00 2.733621758495247800e+00 1.947928037649498956e+00 2.443465117726520308e+00 1.357084053484699071e+00
1.136239047141198721e+00 2.740254192809401523e+00 1.955015578806308385e+00 2.427322948680990411e+00 1.365229559158617212e+00
1.168229575108229668e+00 2.743267872525790185e+00 1.959854441579542472e+00 2.415454532091567241e+00 1.374149297027883909e+00
1.202414404283872695e+00 2.736359386200482913e+00 1.965021750592989669e+00 2.405919463051349183e+00 1.378339306027065891e+00
1.230628818016574977e+00 2.713102497453464323e+00 1.972632036555371782e+00 2.400162598127084213e+00 1.370948884645911026e+00
1.242872556311783061e+00 2.684781933031562318e+00 1.983652106602278309e+00 2.399115648910899790e+00 1.354592664669846291e+00
1.247409486944619950e+00 2.656971029449096910e+00 1.996833579622233179e+00 2.398330639111539320e+00 1.337271606015245418e+00
1.251772560168744164e+00 2.622687403009181129e+00 2.008733162158756080e+00 2.391978102268760509e+00 1.322824204735582487e+00
1.259511860411932194e+00 2.582910425365617879e+00 2.018024840820303645e+00 2.375455534827782156e+00 1.319849326043637916e+00
1.267804841791670745e+00 2.551731703809848373e+00 2.027736034709570756e+00 2.357998007523498529e+00 1.331664855317651774e+00
1.271152441702009028e+00 2.518699847012677129e+00 2.036530902923715303e+00 2.342489083180995912e+00 1.345664235001743814e+00
1.269229122144555522e+00 2.479654647425705516e+00 2.042632608286611529e+00 2.326605970118751365e+00 1.356696488004765389e+00
1.264002070177735471e+00 2.436823238947154469e+00 2.045974501536567569e+00 2.310216008148710198e+00 1.363676537576642200e+00
1.256946179819608211e+00 2.391510077040411186e+00 2.046708809128528372e+00 2.294375080164080760e+00 1.363675182365062799e+00
1.251743419218567910e+00 2.342834907532730604e+00 2.048676018576612190e+00 2.285734638375674699e+00 1.359434343037576820e+00
1.247228935035104236e+00 2.301837711563720301e+00 2.051940173997390371e+00 2.275212459729055503e+00 1.371822867816642866e+00
1.249602096258542794e+00 2.276873047107794257e+00 2.059857806630077004e+00 2.269594439550281173e+00 1.392690309282042849e+00
1.251460780995123478e+00 2.253518898334452736e+00 2.067973011648558401e+00 2.264012765557606777e+00 1.414051213296209086e+00
1.247414100472893583e+00 2.227932195479603195e+00 2.073240952871492127e+00 2.254960722275923146e+00 1.434843109732251598e+00
1.232750275638907489e+00 2.208681738378382331e+00 2.065258413600945531e+00 2.248958652238572054e+00 1.453400463580658553e+00
1.237200073791919985e+00 2.196346577619949336e+00 2.074791425449983073e+00 2.247115235502549435e+00 1.476550173093410745e+00
1.245709426074125048e+00 2.188884846523007077e+00 2.086949426525090523e+00 2.242062444949560529e+00 1.498232488951320551e+00
1.255818654340246310e+00 2.183897953861373864e+00 2.100019381862712198e+00 2.235989834088087935e+00 1.519105102860562218e+00
1.266532573065488165e+00 2.179880350499992403e+00 2.113520069972730120e+00 2.229634362390768398e+00 1.539572873686806398e+00
1.277585736134800865e+00 2.176417215834018482e+00 2.127271379718609357e+00 2.223133430288211532e+00 1.559792769661159539e+00
1.288792868067400565e+00 2.173208607917009427e+00 2.141135689859304581e+00 2.216566715144105526e+00 1.579896384830580036e+00
1.300000000000000044e+00 2.169999999999999929e+00 2.154999999999999805e+00 2.209999999999999964e+00 1.600000000000000089e+00
