8.699999999999999956e-01 2.740000000000000213e+00 1.850000000000000089e+00 2.629999999999999893e+00 1.350000000000000089e+00
9.058097658001864616e-01 2.752188857006708123e+00 1.864954778798935786e+00 2.608531095914574216e+00 1.347696625627546885e+00
9.416195316003728166e-01 2.764377714013416476e+00 1.879909557597871261e+00 2.587062191829148539e+00 1.345393251255093681e+00
9.774292974005592827e-01 2.776566571020124385e+00 1.894864336396806959e+00 2.565593287743722861e+00 1.343089876882640477e+00
1.013239063200745749e+00 2.788755428026832295e+00 1.909819115195742434e+00 2.544124383658296740e+00 1.340786502510187050e+00
1.049356155938423907e+00 2.798864559230497484e+00 1.925054534734838452e+00 2.522968011194159921e+00 1.340080394655006168e+00
1.084481826390758741e+00 2.801722398588517571e+00 1.942108607673704190e+00 2.502443557767310534e+00 1.342988814199815861e+00
1.114945211711830142e+00 2.787442457820797692e+00 1.962186752127216272e+00 2.482390488879564483e+00 1.345322215433600643e+00
1.147419516190649746e+00 2.756407307855316180e+00 1.973914048739730642e+00 2.461020975367424590e+00 1.343725167937672493e+00
1.180739126305889730e+00 2.720852820747416967e+00 1.972322187523519954e+00 2.439424728159948152e+00 1.336758571723412725e+00
1.211876249099700820e+00 2.687804966150301844e+00 1.973717639186373995e+00 2.425537713988595190e+00 1.318014743982228731e+00
1.237441590378028256e+00 2.657735726766292217e+00 1.982672449596290853e+00 2.421634496678588100e+00 1.292798472230029416e+00
1.258880969259362992e+00 2.616603617178478558e+00 1.994084215538995952e+00 2.417722432495860385e+00 1.270701785896166669e+00
1.274205694867236893e+00 2.559964207351494991e+00 2.005986748098094630e+00 2.405843178548430661e+00 1.263097036622818248e+00
1.274184535423024123e+00 2.508486658946432968e+00 1.993596267933535060e+00 2.392545145484040958e+00 1.274248734270613248e+00
1.264735144316324389e+00 2.473951241248320887e+00 1.972140825177996382e+00 2.379980720020618001e+00 1.293333787719051164e+00
1.255030383915519021e+00 2.432926748221394764e+00 1.966054918866363410e+00 2.360829246683889160e+00 1.318265282608284128e+00
1.248610958088438583e+00 2.398830859372978352e+00 1.976337852795455596e+00 2.337425425904517517e+00 1.342941732941052013e+00
1.245223258359581475e+00 2.376669451917904574e+00 1.994992520266573033e+00 2.309228860978396192e+00 1.361952763687009682e+00
1.244873328395921019e+00 2.365826305625362114e+00 2.022761026801243922e+00 2.284601873079797230e+00 1.365899379957455029e+00
1.248292167251140006e+00 2.355075642356257326e+00 2.054828598631928571e+00 2.276454939370984309e+00 1.361474885358015419e+00
1.252516929610605345e+00 2.335149667610120439e+00 2.085225200565153703e+00 2.265429437363582377e+00 1.367905761342999016e+00
1.254400545115570864e+00 2.318811581936934818e+00 2.110302415881273763e+00 2.240913580367256408e+00 1.381224659042595837e+00
1.248659693849006214e+00 2.288251824323432881e+00 2.115758783745507632e+00 2.206363792245593647e+00 1.394569535826027717e+00
1.254885472917238509e+00 2.273432449381063147e+00 2.131550116483628354e+00 2.191897487104596642e+00 1.424391611665533297e+00
1.263670025464734836e+00 2.254666899853745132e+00 2.141710611342148241e+00 2.192338187687014273e+00 1.458573416712429571e+00
1.272720871831078737e+00 2.234296784950949633e+00 2.146410497723329591e+00 2.195604168742845808e+00 1.493953692394434762e+00
1.281809263937918164e+00 2.213058444006450465e+00 2.149623794271971811e+00 2.200113280798773108e+00 1.529321545450740505e+00
1.290904631968958993e+00 2.191529222003225197e+00 2.152311897135986030e+00 2.205056640399386758e+00 1.564660772725370297e+00
1.300000000000000044e+00 2.169999999999999929e+00 2.154999999999999805e+00 2.209999999999999964e+00 1.600000000000000089e+00
