8.699999999999999956e-01 2.740000000000000213e+00 1.850000000000000089e+00 2.629999999999999893e+00 1.350000000000000089e+00
8.894581888375335810e-01 2.734213753119904222e+00 1.860567119106084633e+00 2.610088511233536135e+00 1.348406496503088414e+00
9.089163776750672774e-01 2.728427506239808231e+00 1.871134238212169176e+00 2.590177022467072376e+00 1.346812993006176740e+00
9.283745665126008628e-01 2.722641259359712684e+00 1.881701357318253720e+00 2.570265533700608174e+00 1.345219489509265287e+00
9.478327553501344482e-01 2.716855012479616249e+00 1.892268476424338264e+00 2.550354044934144415e+00 1.343625986012353613e+00
9.673411622533962806e-01 2.711019812469066537e+00 1.902770883193152684e+00 2.530461265187001541e+00 1.341949921842546134e+00
9.870897756437163606e-01 2.705124644971706349e+00 1.913159993302580464e+00 2.510780482248980316e+00 1.339962082305725666e+00
1.007772242128596396e+00 2.699820999780825570e+00 1.923843366366726482e+00 2.492432992354573607e+00 1.337167410189078032e+00
1.032227955496567651e+00 2.700140270881539184e+00 1.934254072269870672e+00 2.479512030223929742e+00 1.333177217904369494e+00
1.055017463320369719e+00 2.700345913949889098e+00 1.949372069231238180e+00 2.471399349994583883e+00 1.329219461470259711e+00
1.069473912352657097e+00 2.700082117909937907e+00 1.968262596820014920e+00 2.457760681291531579e+00 1.327923083051883557e+00
1.089872682797068615e+00 2.685106269838097859e+00 1.980019953254069875e+00 2.445818135177936004e+00 1.331917366697640714e+00
1.097373089248106837e+00 2.652445928557689125e+00 1.978806816587794781e+00 2.433830797974203541e+00 1.340517086583763451e+00
1.093422635281482647e+00 2.624658554709611735e+00 1.972839316455009095e+00 2.420263168867447856e+00 1.351899350891121232e+00
1.088556372513070913e+00 2.597920915366644934e+00 1.968527937842718289e+00 2.406927592339581423e+00 1.364392375961847259e+00
1.089252997698367365e+00 2.566658501886803556e+00 1.965186705131496181e+00 2.396987408501466632e+00 1.376324675203108638e+00
1.091025009756464215e+00 2.534265284676392227e+00 1.962816469815579001e+00 2.387601335387948165e+00 1.387851060696580818e+00
1.093353266854358852e+00 2.500722313232044414e+00 1.966021300101149283e+00 2.374723104309940158e+00 1.396258886403210830e+00
1.102558105812907252e+00 2.468400733241484346e+00 1.974751561749908735e+00 2.361501823135769840e+00 1.397953753217555661e+00
1.121469673939240241e+00 2.440944688604251844e+00 1.982162275480133795e+00 2.353407881614383967e+00 1.393424228140680787e+00
1.139943063370199905e+00 2.415111791256652651e+00 1.989281347691255197e+00 2.343676686835104217e+00 1.386833097008673521e+00
1.155096401086023405e+00 2.387967872059653995e+00 1.997352640356439446e+00 2.330064045589036237e+00 1.382084193682286521e+00
1.169695879879230738e+00 2.359096664587795100e+00 2.004493277590337019e+00 2.315393915359967192e+00 1.380748216243076643e+00
1.184651973424781790e+00 2.329095661109243931e+00 2.010000401338031928e+00 2.301127096827083385e+00 1.381675115208735871e+00
1.199863718964498727e+00 2.298241979813900659e+00 2.014816088140326311e+00 2.288018044044969557e+00 1.383844322526532444e+00
1.214248522106565531e+00 2.267072389089510587e+00 2.020362588672978355e+00 2.276320681732964868e+00 1.388385837934634104e+00
1.225061682217689851e+00 2.240485210474269628e+00 2.028998656218330421e+00 2.266099267157908770e+00 1.398463246920212510e+00
1.230329147553825608e+00 2.228762067844180628e+00 2.043065999382521980e+00 2.258584224954227171e+00 1.412951222011613606e+00
1.233350904649179736e+00 2.231291689644677945e+00 2.062464932804465079e+00 2.254275592943157935e+00 1.425328708928041976e+00
1.236554057883234581e+00 2.239190575873015732e+00 2.085302134280654585e+00 2.252378749179021256e+00 1.432590798469019377e+00
1.239254631362832093e+00 2.246890387204963702e+00 2.109720164645193297e+00 2.251871722837237577e+00 1.435690069460217932e+00
1.240528857695746945e+00 2.254103975303470175e+00 2.134597053736910777e+00 2.251940003721872863e+00 1.436721009176598285e+00
1.237515007363399366e+00 2.271694972658121703e+00 2.149658328547976449e+00 2.252970323933850771e+00 1.442569186134593728e+00
1.238724723030131258e+00 2.265561798077659006e+00 2.129438815001208241e+00 2.253068119520968082e+00 1.452858807115642970e+00
1.248653202214721203e+00 2.244871906181421295e+00 2.122743416375671544e+00 2.249951274240047372e+00 1.468336008948793792e+00
1.258625408783333510e+00 2.228238668570603043e+00 2.125434264434939102e+00 2.245165230872711692e+00 1.485911808940647783e+00
1.266727649220185103e+00 2.216202501820036197e+00 2.130286110290097845e+00 2.239637668747695542e+00 1.504444750249360974e+00
1.273665620193367598e+00 2.206453687904981642e+00 2.135291152331726394e+00 2.233781184346868010e+00 1.523447620789729839e+00
1.280249215145025765e+00 2.197340265928735992e+00 2.140218364248795080e+00 2.227835888260150998e+00 1.542585715592297291e+00
1.286832810096683932e+00 2.188226843952490785e+00 2.145145576165863321e+00 2.221890592173433987e+00 1.561723810394864964e+00
1.293416405048341877e+00 2.179113421976245579e+00 2.150072788082931563e+00 2.215945296086716976e+00 1.580861905197432415e+00
1.300000000000000044e+00 2.169999999999999929e+00 2.154999999999999805e+00 2.209999999999999964e+00 1.600000000000000089e+00
