8.699999999999999956e-01 2.740000000000000213e+00 1.850000000000000089e+00 2.629999999999999893e+00 1.350000000000000089e+00
8.907967618295222767e-01 2.733678925166231455e+00 1.859252364107337963e+00 2.610821265425911530e+00 1.359333512101896124e+00
9.115935236590445578e-01 2.727357850332462696e+00 1.868504728214675614e+00 2.591642530851823167e+00 1.368667024203792160e+00
9.323902854885668390e-01 2.721036775498693494e+00 1.877757092322013488e+00 2.572463796277734804e+00 1.378000536305688417e+00
9.531870473180891201e-01 2.714715700664924736e+00 1.887009456429351140e+00 2.553285061703646441e+00 1.387334048407584453e+00
9.740401714592973326e-01 2.708502944720281747e+00 1.896305725284546995e+00 2.534130933715479816e+00 1.396603823047485093e+00
9.953093466173335013e-01 2.703123601649864760e+00 1.905933429765119147e+00 2.515174564535460622e+00 1.405377749816333122e+00
1.017856682864325180e+00 2.700762648101270980e+00 1.916659530545326451e+00 2.497082463788347972e+00 1.412296508515356486e+00
1.041956458818509512e+00 2.705320888420113867e+00 1.929442131722222564e+00 2.481825953757988312e+00 1.414474173521351297e+00
1.063318864986341872e+00 2.714267036534435906e+00 1.945063050382014325e+00 2.468549842655072268e+00 1.412708263558062338e+00
1.075527865941900529e+00 2.717752510088643714e+00 1.962793466083652794e+00 2.452451002716739659e+00 1.418988810544242529e+00
1.081410938702537683e+00 2.686357593340185090e+00 1.970979575495241720e+00 2.441851569208251860e+00 1.412800856416174700e+00
1.085675107764304759e+00 2.701195020699940663e+00 1.969923052484259918e+00 2.444305070356222132e+00 1.390472512029695240e+00
1.100302417834004842e+00 2.680052513402633174e+00 1.971557445578733470e+00 2.436648242707715628e+00 1.373443952491991249e+00
1.119125280604027051e+00 2.641931806525948279e+00 1.976501282995244857e+00 2.430542999940258575e+00 1.371312758157165579e+00
1.145683253328248608e+00 2.627803396387117907e+00 1.988146136391652385e+00 2.429871234033599059e+00 1.367295854172400293e+00
1.170408314879326506e+00 2.635140289431560312e+00 2.001004634492857370e+00 2.434351459028140763e+00 1.357419327934508591e+00
1.195069353635070719e+00 2.643667395720807445e+00 2.012361980786103288e+00 2.440417718036302475e+00 1.346345526752175781e+00
1.221633964338612488e+00 2.647709016334785392e+00 2.021817581823678545e+00 2.445184069676742400e+00 1.334859800536337682e+00
1.248770041589216007e+00 2.640962412732025921e+00 2.028422232172813366e+00 2.445613223124250002e+00 1.322889084837361562e+00
1.269103135449936470e+00 2.612969100969409819e+00 2.028666417105267517e+00 2.436192898022119468e+00 1.312773532443920033e+00
1.274515437759267567e+00 2.575025492186775899e+00 2.021857943692926263e+00 2.418694899096425210e+00 1.309220970292023445e+00
1.270828333660200649e+00 2.540170832877234997e+00 2.012986278253667827e+00 2.398580087174828623e+00 1.311528439155711601e+00
1.264702147117692022e+00 2.506862998627341632e+00 2.007458410728026443e+00 2.377031902573264244e+00 1.317048421029704652e+00
1.259041890778071160e+00 2.472667884020596674e+00 2.008919617496795595e+00 2.355258168128709695e+00 1.323687716858487518e+00
1.254699422178331636e+00 2.438083007685048820e+00 2.015999502351056627e+00 2.335391453629027669e+00 1.330408046174348602e+00
1.251034155444882279e+00 2.402348944776077300e+00 2.023983809703969960e+00 2.317391622537732232e+00 1.337631204200876223e+00
1.246690843788997416e+00 2.364647688240429702e+00 2.028586332660714753e+00 2.299925452776958590e+00 1.345824861882020107e+00
1.241235377743870716e+00 2.326427871275588366e+00 2.029423074182123976e+00 2.283075799820350582e+00 1.355112353570097294e+00
1.236459695345560217e+00 2.290984195495154196e+00 2.033961186091131967e+00 2.269967361916023663e+00 1.367308348676206764e+00
1.234460387291353989e+00 2.268197019817948412e+00 2.048527973947662062e+00 2.264416552448643927e+00 1.382452456459906109e+00
1.233876519789864012e+00 2.259084834885326298e+00 2.066789490500674287e+00 2.261766518711100016e+00 1.397743547223448290e+00
1.234891895487721047e+00 2.253851741688477350e+00 2.084700115609886772e+00 2.257307930868781121e+00 1.413622008265759566e+00
1.238829594605558082e+00 2.246299177291037008e+00 2.100937756800689282e+00 2.249919074251213402e+00 1.430219265542280072e+00
1.245457468607555240e+00 2.232335176867376703e+00 2.113631223775028545e+00 2.239275390113517616e+00 1.447523312828763897e+00
1.254044887026482202e+00 2.211803925751095967e+00 2.120245242048803380e+00 2.228473566012693752e+00 1.466264699041471165e+00
1.263393896716096698e+00 2.191592488034237007e+00 2.122419452414012753e+00 2.221695766461140309e+00 1.486913507066535578e+00
1.272326932974836122e+00 2.179045366026980624e+00 2.125776793819952104e+00 2.218421378614937822e+00 1.509307311289667108e+00
1.280129650461852453e+00 2.174057928422627128e+00 2.132030936118894715e+00 2.215820050984529832e+00 1.532049760706668318e+00
1.287056833335284978e+00 2.172167908884604426e+00 2.139467474078965203e+00 2.213496395801440197e+00 1.554702739555694269e+00
1.293528416667642400e+00 2.171083954442302399e+00 2.147233737039482726e+00 2.211748197900719859e+00 1.577351369777847179e+00
1.300000000000000044e+00 2.169999999999999929e+00 2.154999999999999805e+00 2.209999999999999964e+00 1.600000000000000089e+00
