8.699999999999999956e-01 2.740000000000000213e+00 1.850000000000000089e+00 2.629999999999999893e+00 1.350000000000000089e+00
8.899522880809197511e-01 2.733916285672442825e+00 1.858107737527417092e+00 2.610535461327734286e+00 1.346752487646213359e+00
9.099045761618393957e-01 2.727832571344885437e+00 1.866215475054834094e+00 2.591070922655468678e+00 1.343504975292426851e+00
9.298568642427591513e-01 2.721748857017328049e+00 1.874323212582250875e+00 2.571606383983203070e+00 1.340257462938640121e+00
9.498091523236789069e-01 2.715665142689771105e+00 1.882430950109667878e+00 2.552141845310937462e+00 1.337009950584853391e+00
9.697614404045986625e-01 2.709581428362213718e+00 1.890538687637084880e+00 2.532677306638672299e+00 1.333762438231066882e+00
9.897137284855184181e-01 2.703497714034656330e+00 1.898646425164501883e+00 2.513212767966406691e+00 1.330514925877280152e+00
1.009590025652925549e+00 2.697482119163495895e+00 1.906948472965901642e+00 2.493758840769861429e+00 1.327370946627684178e+00
1.029057456347975075e+00 2.691855831224283957e+00 1.916233478905332355e+00 2.474405523712883248e+00 1.324765929291106481e+00
1.047435415846521334e+00 2.687961711951764254e+00 1.928048884705428012e+00 2.455823085018779217e+00 1.323707514216574177e+00
1.064343479927168268e+00 2.690252135182261028e+00 1.943446966965840739e+00 2.440778873935003812e+00 1.325638937603037304e+00
1.082954608047511869e+00 2.704920270730768017e+00 1.958127613294315505e+00 2.438007695105141703e+00 1.331106014831840101e+00
1.094016542204800047e+00 2.680032149103783290e+00 1.959869211319755111e+00 2.445581163207288800e+00 1.334385068275107722e+00
1.092899895051041792e+00 2.653819679240570828e+00 1.960051029956721758e+00 2.433420876151874523e+00 1.348025858814732025e+00
1.098136395400741261e+00 2.627829118527898355e+00 1.963472687362411095e+00 2.424969045443124749e+00 1.362462338080707713e+00
1.099942937146785038e+00 2.601789202580476079e+00 1.969504597907238086e+00 2.417878676273654825e+00 1.376887250149877007e+00
1.097383790716605301e+00 2.571316679511139291e+00 1.972138051945588222e+00 2.407009100992727912e+00 1.388606718946611140e+00
1.094856759954436098e+00 2.536416457347859144e+00 1.971466083848914419e+00 2.392424454131881539e+00 1.394565417201399482e+00
1.096925281016398968e+00 2.497504294944870029e+00 1.972669303649923433e+00 2.380142184863255572e+00 1.394747501403628132e+00
1.103815116189230450e+00 2.457969573565079280e+00 1.977585693733929117e+00 2.372810086503428284e+00 1.392799954491568126e+00
1.112191459352568135e+00 2.422465231050003887e+00 1.985383743699514314e+00 2.363133916261280998e+00 1.390363970827794615e+00
1.118508323506584690e+00 2.395353913518827760e+00 1.993433014575802353e+00 2.343697506474246683e+00 1.387105936013947938e+00
1.125807749072136321e+00 2.371301072036551716e+00 1.998285037078518789e+00 2.321137023925440523e+00 1.384761131285667579e+00
1.139895010165827394e+00 2.344137439802020939e+00 1.998438515664230586e+00 2.302671236278948541e+00 1.384496549735824589e+00
1.160985285386010313e+00 2.319408224616992698e+00 1.996689177040168683e+00 2.290179735140632999e+00 1.386724840569304007e+00
1.185192289828193690e+00 2.301215056349677379e+00 1.998486317138354895e+00 2.281070707299515110e+00 1.392705550082591337e+00
1.206316343362086929e+00 2.289480453812759553e+00 2.007461734056773306e+00 2.273406266546454280e+00 1.402222160511415572e+00
1.219960475517129384e+00 2.284455103310894852e+00 2.023972881607391194e+00 2.266752234834214619e+00 1.412107171538122596e+00
1.227270027528257312e+00 2.284727312262468057e+00 2.044790503766715339e+00 2.262111562854435487e+00 1.419823795315315662e+00
1.232633125847332867e+00 2.282487691890061399e+00 2.066909401711373384e+00 2.261605223349304694e+00 1.425867850927273528e+00
1.236187193881998159e+00 2.272968493903715359e+00 2.088775096537591303e+00 2.261901303599061830e+00 1.431299077181123591e+00
1.236139475750072769e+00 2.269323640284913068e+00 2.110641175935639602e+00 2.254911089158004867e+00 1.437022787258909862e+00
1.238586784831010590e+00 2.273305002832908261e+00 2.131519064874733083e+00 2.248055577148365014e+00 1.444845408842895029e+00
1.245282537591773320e+00 2.271317123566534590e+00 2.149985815963968427e+00 2.243446685007174146e+00 1.456103901690625646e+00
1.254138251096449608e+00 2.262484274517789107e+00 2.163123405749774797e+00 2.239814332272155983e+00 1.471042300997462693e+00
1.262457450695608330e+00 2.251027650941905378e+00 2.169050361709003116e+00 2.236034252763250851e+00 1.488897828037525128e+00
1.269398739924801678e+00 2.238686228850580662e+00 2.169095434205870809e+00 2.231866495826753116e+00 1.507626421113122062e+00
1.275633659953520294e+00 2.225367529732460881e+00 2.166615444532422607e+00 2.227439757419735322e+00 1.526182550651819847e+00
1.281746564445759518e+00 2.211627464436861867e+00 2.163766764050336189e+00 2.223057109137396292e+00 1.544654537158872909e+00
1.287831042963839767e+00 2.197751642957908036e+00 2.160844509366890875e+00 2.218704739424930850e+00 1.563103024772582117e+00
1.293915521481920017e+00 2.183875821478953760e+00 2.157922254683445118e+00 2.214352369712465407e+00 1.581551512386291103e+00
1.300000000000000044e+00 2.169999999999999929e+00 2.154999999999999805e+00 2.209999999999999964e+00 1.600000000000000089e+00
