8.699999999999999956e-01 2.740000000000000213e+00 1.850000000000000089e+00 2.629999999999999893e+00 1.350000000000000089e+00
8.914538673383896050e-01 2.739963183402870150e+00 1.859614774387656100e+00 2.612415833415098199e+00 1.347769561258780113e+00
9.129077346767792145e-01 2.739926366805740532e+00 1.869229548775312333e+00 2.594831666830196504e+00 1.345539122517560360e+00
9.343616020151688240e-01 2.739889550208610469e+00 1.878844323162968344e+00 2.577247500245295253e+00 1.343308683776340384e+00
9.558154693535583224e-01 2.739852733611480851e+00 1.888459097550624577e+00 2.559663333660393558e+00 1.341078245035120631e+00
9.772607131134359859e-01 2.739816760936294227e+00 1.898083687552643894e+00 2.542078361616245896e+00 1.338850353831594120e+00
9.986644691101322913e-01 2.739784839671361993e+00 1.907755357086709402e+00 2.524489596880009845e+00 1.336634701484127108e+00
1.019872700052957937e+00 2.739730064520248476e+00 1.917643919101750027e+00 2.506876162485614401e+00 1.334503063804079348e+00
1.040116612527630213e+00 2.739398343699864569e+00 1.928517570617336974e+00 2.489152815273857122e+00 1.332878527009033087e+00
1.057445138196126511e+00 2.737409495820733341e+00 1.941660277885776553e+00 2.471324195142492464e+00 1.333206215879776835e+00
1.068928286921641213e+00 2.730092455481787805e+00 1.956737516769700758e+00 2.454353911828082602e+00 1.338346100213898549e+00
1.073948880828842656e+00 2.713709350710900914e+00 1.968383896377670972e+00 2.440660914824026140e+00 1.350571307084792672e+00
1.086025300353734790e+00 2.716745660259903161e+00 1.962865043677607835e+00 2.432053114203162725e+00 1.361343987094356001e+00
1.091221085000458668e+00 2.729550021827998219e+00 1.966636106502669623e+00 2.432035958766393779e+00 1.345009476140909044e+00
1.097141434794523196e+00 2.701231813903940182e+00 1.979738181967375610e+00 2.425037160038571837e+00 1.337733043315222581e+00
1.101890057840054116e+00 2.672162358047862618e+00 1.995843864392105926e+00 2.420355999491578647e+00 1.340022349690795922e+00
1.106496596620389239e+00 2.650424227682277145e+00 2.014281373725690827e+00 2.417393114074785299e+00 1.344990335843304186e+00
1.112234490537755693e+00 2.626868772620929882e+00 2.029553389147205067e+00 2.414247623149496924e+00 1.354481648361214319e+00
1.117647670941121163e+00 2.601613248955372715e+00 2.038720358946368272e+00 2.410798588637419915e+00 1.368728314114374900e+00
1.121260967874646353e+00 2.575918249262272752e+00 2.039038038859225743e+00 2.404461233788713237e+00 1.384597132602332081e+00
1.122804988586563635e+00 2.550239765188144325e+00 2.028879505579480380e+00 2.392445071863812167e+00 1.395307567594336717e+00
1.124010468823670506e+00 2.525614807302215770e+00 2.014502493355003310e+00 2.376618267893882308e+00 1.397529370533761028e+00
1.126870514035222426e+00 2.498463176019019016e+00 2.002820996285849198e+00 2.358763391253794417e+00 1.395969519392034952e+00
1.131933139308973324e+00 2.466667080108922327e+00 1.997296727627734025e+00 2.339563956389741239e+00 1.395355218618631321e+00
1.138992269498480425e+00 2.433809827499203937e+00 1.999684786224749322e+00 2.320867198294627620e+00 1.397421367569092743e+00
1.148306884834681130e+00 2.405933098038786522e+00 2.009663021028639029e+00 2.304912760649976633e+00 1.401606711302654240e+00
1.160232575137334798e+00 2.386442047165548086e+00 2.024647745006898703e+00 2.292919601560874376e+00 1.406730175194959465e+00
1.174314165779561492e+00 2.373224807278282000e+00 2.041504867190915284e+00 2.284377773551216961e+00 1.412222804273445265e+00
1.189546687212495568e+00 2.360890822353330698e+00 2.058396337161783940e+00 2.277872498649990973e+00 1.418007571329054528e+00
1.204877132977689946e+00 2.344517087802211908e+00 2.074400324664325446e+00 2.272052712253672890e+00 1.423986472044896701e+00
1.219165820460516914e+00 2.321670173541666937e+00 2.088745056043580739e+00 2.265721748086692688e+00 1.430032986394135897e+00
1.230896079729253634e+00 2.293347472879074367e+00 2.101506936497012923e+00 2.258026248056090424e+00 1.436065925151078781e+00
1.238984737112491574e+00 2.263354692206509089e+00 2.114338658704537188e+00 2.249214791320613749e+00 1.442237356753952371e+00
1.244577890551053612e+00 2.236339420722993854e+00 2.128800804593621088e+00 2.241964761129606742e+00 1.449876117960425370e+00
1.250991117112204343e+00 2.218075612672089303e+00 2.143494815411579157e+00 2.240265821653740552e+00 1.462217639488892607e+00
1.258942736067262480e+00 2.211274827616603211e+00 2.153116733125864268e+00 2.240713120017261417e+00 1.480064675730969448e+00
1.266240170175290114e+00 2.205770007665831756e+00 2.156203911797782702e+00 2.236541072496924798e+00 1.499997748636271222e+00
1.273138344777755115e+00 2.198987937458443565e+00 2.156749773710839868e+00 2.231488126239068670e+00 1.520033131416463901e+00
1.279901430524567729e+00 2.191856576031784520e+00 2.156560331666214747e+00 2.226195357942201358e+00 1.540040506029983769e+00
1.286614487789083716e+00 2.184603331483592203e+00 2.156109810291137574e+00 2.220819025474626507e+00 1.560031860812271187e+00
1.293307243894541880e+00 2.177301665741795844e+00 2.155554905145568689e+00 2.215409512737313236e+00 1.580015930406135638e+00
1.300000000000000044e+00 2.169999999999999929e+00 2.154999999999999805e+00 2.209999999999999964e+00 1.600000000000000089e+00
