8.699999999999999956e-01 2.740000000000000213e+00 1.850000000000000089e+00 2.629999999999999893e+00 1.350000000000000089e+00
9.261442703368236717e-01 2.740304124944437536e+00 1.866499843371328682e+00 2.599444026044039902e+00 1.345481747777312220e+00
9.820093358371506653e-01 2.740346613019256417e+00 1.883475187089695524e+00 2.568783430465966244e+00 1.341534480025153186e+00
1.034702850956860987e+00 2.737982917819653750e+00 1.904639084934355964e+00 2.537492504932515214e+00 1.342880052327527940e+00
1.078336366966692550e+00 2.730828075180165904e+00 1.933035612915217749e+00 2.506971921186117669e+00 1.353875442164205634e+00
1.117330396568591233e+00 2.715993938101126659e+00 1.969357110148040046e+00 2.490607712974073351e+00 1.352645472730751308e+00
1.154847147439477917e+00 2.698899429159207664e+00 1.967415144740160660e+00 2.516560117011806152e+00 1.318361039388714628e+00
1.214762864859631364e+00 2.696474738506063673e+00 1.970637670949872966e+00 2.491772529179650864e+00 1.302701469858780881e+00
1.254744788557482060e+00 2.679539140742641656e+00 2.003220503981399503e+00 2.470434375125092785e+00 1.289004234060029841e+00
1.263062775119691672e+00 2.663484745687981103e+00 2.048679966943040665e+00 2.458554909417950185e+00 1.280993691343753849e+00
1.250140773623894308e+00 2.615288207957339406e+00 2.078666279815938989e+00 2.424538547381565490e+00 1.282447137321236719e+00
1.255055119015874743e+00 2.545185293270211258e+00 2.065636613040003677e+00 2.386208625150290086e+00 1.289003063682132355e+00
1.251781568122583232e+00 2.479887304815001858e+00 2.070635454014756238e+00 2.339021164983263734e+00 1.294556893591273017e+00
1.246241847876716324e+00 2.418382570607070292e+00 2.080397781232118160e+00 2.290193233459434374e+00 1.296722569279142645e+00
1.244650497407416401e+00 2.358227226058860815e+00 2.090577646387933086e+00 2.240616438383644660e+00 1.291232808974649426e+00
1.264331244519704578e+00 2.308292872974913035e+00 2.106884658069036576e+00 2.206874939096763910e+00 1.294108722504945241e+00
1.258518108857943130e+00 2.277749196993761771e+00 2.100920216567290666e+00 2.212814471934249294e+00 1.348670869946391626e+00
1.253175260030480631e+00 2.249450551599195158e+00 2.098873681997354801e+00 2.235133250993988963e+00 1.401388431399928969e+00
1.257976780255125604e+00 2.220860936411378717e+00 2.099072437595801421e+00 2.251124015702969938e+00 1.455383492999772654e+00
1.272810496841900729e+00 2.195971759454308891e+00 2.102480669789252410e+00 2.240095363542552676e+00 1.509559892920407709e+00
1.287624426170542513e+00 2.181408998838984203e+00 2.124923295312411753e+00 2.220150653226480753e+00 1.556489479411471644e+00
1.300000000000000044e+00 2.169999999999999929e+00 2.154999999999999805e+00 2.209999999999999964e+00 1.600000000000000089e+00
