8.699999999999999956e-01 2.740000000000000213e+00 1.850000000000000089e+00 2.629999999999999893e+00 1.350000000000000089e+00
8.920068084985485202e-01 2.740531026908719525e+00 1.862333763922247032e+00 2.611800567910923299e+00 1.351208013110838824e+00
9.140136169970969338e-01 2.741062053817439281e+00 1.874667527844493975e+00 2.593601135821846260e+00 1.352416026221677559e+00
9.360204254956454584e-01 2.741593080726158593e+00 1.887001291766740696e+00 2.575401703732769221e+00 1.353624039332516071e+00
9.580272339941938720e-01 2.742124107634877905e+00 1.899335055688987639e+00 2.557202271643692626e+00 1.354832052443354806e+00
9.800340424927423966e-01 2.742655134543597661e+00 1.911668819611234582e+00 2.539002839554615587e+00 1.356040065554193541e+00
1.002040850991290810e+00 2.743186161452316973e+00 1.924002583533481525e+00 2.520803407465538992e+00 1.357248078665032276e+00
1.023800008948793527e+00 2.743667226300056328e+00 1.936578803962493822e+00 2.502655301914835650e+00 1.358566780797888285e+00
1.044558258860130540e+00 2.743807976374536217e+00 1.950014171399736096e+00 2.484618885410775579e+00 1.360130679499789608e+00
1.063674934754412771e+00 2.742318825501146584e+00 1.964506255728170059e+00 2.466452090034328748e+00 1.361688116691323502e+00
1.084135284426178902e+00 2.728992999623419458e+00 1.974868092188582169e+00 2.447829489369944600e+00 1.363582259626904714e+00
1.100445588624974214e+00 2.696393554839815021e+00 1.981331605145254304e+00 2.439756280813977440e+00 1.359227775246968362e+00
1.091753908009416740e+00 2.666288927971875111e+00 1.979180226132824849e+00 2.428969144771000455e+00 1.349239349794681520e+00
1.082908348855730507e+00 2.645560617097800549e+00 1.960159579882766900e+00 2.427836494270669387e+00 1.349775348880331682e+00
1.080898685852738073e+00 2.626997934760062492e+00 1.948135784907719881e+00 2.429299137640914097e+00 1.365170832025382586e+00
1.082094950384479892e+00 2.608248167594173772e+00 1.943088359283950961e+00 2.430113121581039870e+00 1.383357802064079989e+00
1.083525521176390116e+00 2.583547802920874048e+00 1.941485517446671638e+00 2.427586171968967310e+00 1.400348944362086456e+00
1.085175904240188949e+00 2.547793953317489368e+00 1.939449853611154406e+00 2.419326894895816427e+00 1.411546390676570395e+00
1.090856487983889123e+00 2.507905224265465804e+00 1.932778514865235886e+00 2.408925504373854221e+00 1.414240329153053644e+00
1.103893947844959866e+00 2.473730988357714988e+00 1.923306831594588706e+00 2.399278067897012257e+00 1.410493362162943409e+00
1.116126727762977167e+00 2.445774966069256706e+00 1.919992858326147411e+00 2.381013679193346722e+00 1.402923372663152257e+00
1.117908887156463749e+00 2.417916197615491924e+00 1.924525745586499692e+00 2.356125921933677425e+00 1.400158071268818860e+00
1.122088488292124930e+00 2.384273898528756597e+00 1.930903779837781498e+00 2.336264191768643084e+00 1.400493510778505923e+00
1.132915025772787576e+00 2.353795476839169343e+00 1.941667877380526042e+00 2.321923569379777952e+00 1.404484444364942020e+00
1.146460563846809277e+00 2.341648790196372953e+00 1.958650819604082383e+00 2.308555928667769486e+00 1.410897140238487335e+00
1.158434338992899937e+00 2.333196613997757574e+00 1.976222387990870466e+00 2.295330173421349595e+00 1.418533911927670088e+00
1.168816040679052648e+00 2.321386010222869167e+00 1.993725071723104980e+00 2.282049597604766333e+00 1.426139559907618093e+00
1.175997169467349224e+00 2.307408596828815828e+00 2.013389974048724440e+00 2.269364723794550454e+00 1.429859016724452259e+00
1.188419966246364590e+00 2.294069557328882070e+00 2.033065808059218771e+00 2.259324929186573350e+00 1.430068388913916522e+00
1.209139142743887563e+00 2.286584788389651290e+00 2.050659974247442285e+00 2.252552566318354987e+00 1.431800448461846953e+00
1.224052706782867039e+00 2.283154974281111027e+00 2.071115537130958195e+00 2.245782941942178645e+00 1.434436455356414397e+00
1.229932184090014369e+00 2.279301218030816756e+00 2.093220973645973260e+00 2.235827986486181196e+00 1.436374204489288431e+00
1.237932793933518960e+00 2.270837881300241445e+00 2.109340920115735596e+00 2.221683452905826694e+00 1.445345985363662544e+00
1.245062784439332937e+00 2.256199190417523592e+00 2.108110302587058005e+00 2.214350137361519089e+00 1.463085564436979347e+00
1.246994614498501575e+00 2.242259214842967197e+00 2.098540257353195493e+00 2.217376623612138165e+00 1.480549349237743284e+00
1.249024819027650945e+00 2.231182648900036813e+00 2.095735096262905994e+00 2.221362698174845107e+00 1.500059132135313833e+00
1.253296222724815001e+00 2.215442272500881327e+00 2.098125176263200498e+00 2.221643416068857846e+00 1.519076566740810819e+00
1.260195075020255961e+00 2.199200191002197435e+00 2.103305637405646245e+00 2.219914495653483311e+00 1.537195579319541761e+00
1.269506042523476319e+00 2.188125093955127110e+00 2.113880027966104524e+00 2.217268158579626114e+00 1.553923944897682263e+00
1.279643038498450069e+00 2.181465211351547584e+00 2.127307369182116936e+00 2.214744303524088576e+00 1.569416481019408227e+00
1.289821519249225057e+00 2.175732605675773979e+00 2.141153684591058592e+00 2.212372151762044048e+00 1.584708240509704158e+00
1.300000000000000044e+00 2.169999999999999929e+00 2.154999999999999805e+00 2.209999999999999964e+00 1.600000000000000089e+00
