8.699999999999999956e-01 2.740000000000000213e+00 1.850000000000000089e+00 2.629999999999999893e+00 1.350000000000000089e+00
8.894099522828089466e-01 2.741411555584187809e+00 1.860997969366581462e+00 2.612785696368359556e+00 1.347814042502296639e+00
9.088199045656178976e-01 2.742823111168374961e+00 1.871995938733162834e+00 2.595571392736719663e+00 1.345628085004592966e+00
9.282298568484268486e-01 2.744234666752562113e+00 1.882993908099744207e+00 2.578357089105079325e+00 1.343442127506889516e+00
9.476398091312357996e-01 2.745646222336749709e+00 1.893991877466325580e+00 2.561142785473439432e+00 1.341256170009186066e+00
9.670497614140447507e-01 2.747057777920937305e+00 1.904989846832906952e+00 2.543928481841799094e+00 1.339070212511482616e+00
9.864597136968535906e-01 2.748469333505124457e+00 1.915987816199488325e+00 2.526714178210158757e+00 1.336884255013778944e+00
1.005857027276842119e+00 2.749694469421832821e+00 1.926931191302871493e+00 2.509416055349011021e+00 1.334696342380861322e+00
1.025170857506221722e+00 2.749685841008966847e+00 1.937499885975867642e+00 2.491599320511651783e+00 1.332491863590686165e+00
1.044384115543446567e+00 2.745431016057091611e+00 1.946600888556115017e+00 2.472613037389849389e+00 1.330157785349666888e+00
1.064492727502214020e+00 2.730507735268573377e+00 1.951591466740897118e+00 2.455056247651739021e+00 1.327759065669410710e+00
1.079310432362630801e+00 2.700170603179103068e+00 1.952183695395832697e+00 2.443609910766664672e+00 1.330323122932614233e+00
1.096239768978021889e+00 2.682954639283301024e+00 1.962921840175571697e+00 2.432666422612674850e+00 1.334951534095436765e+00
1.110167094200705140e+00 2.675955046654808989e+00 1.980585279510595820e+00 2.427446756906188607e+00 1.337601575644906671e+00
1.110307271462587675e+00 2.657802586276154511e+00 1.995111089677652050e+00 2.423391106126707495e+00 1.349642837168866238e+00
1.110304963144125523e+00 2.637622138917138148e+00 2.006441006940023808e+00 2.418493689420543102e+00 1.363427182273574401e+00
1.113745176690589034e+00 2.610749826701126874e+00 2.011546775082619476e+00 2.409249876811920821e+00 1.376214030979530101e+00
1.118955780122155685e+00 2.580076676704841532e+00 2.007262512621520223e+00 2.395660473380903266e+00 1.384454183039859787e+00
1.122537272880635317e+00 2.550967157143650965e+00 1.996852030367922026e+00 2.380667137115351384e+00 1.387185669259749510e+00
1.123793314717113079e+00 2.521217652585753033e+00 1.986979424085897783e+00 2.364873483825413292e+00 1.387325836278943347e+00
1.123944317265901827e+00 2.487920572017943144e+00 1.983255927620457548e+00 2.347908773971730589e+00 1.388069693177678143e+00
1.123923142720143042e+00 2.454362295718017783e+00 1.986386773094408031e+00 2.331308681514077996e+00 1.390766211948132547e+00
1.124582834246072860e+00 2.422724755373014904e+00 1.993076839745764328e+00 2.315816829051195125e+00 1.395654247201955300e+00
1.129108689525931020e+00 2.394563230255243091e+00 2.002315694149664260e+00 2.302575771757793266e+00 1.403407542706988087e+00
1.140443929652265265e+00 2.373613506887051194e+00 2.014598829211795117e+00 2.293628523546784592e+00 1.412620269708230403e+00
1.154674537367506693e+00 2.356879757403034681e+00 2.029045265810004217e+00 2.286505893811707768e+00 1.419987486660594600e+00
1.168075913011670464e+00 2.339423028276437222e+00 2.044399761373080882e+00 2.278325232503248365e+00 1.425302553295302088e+00
1.181443840972412174e+00 2.321930706899230756e+00 2.059810518384690425e+00 2.270099897396146371e+00 1.430484086955279288e+00
1.194989746283644294e+00 2.304549888368312871e+00 2.075355557231337134e+00 2.262050434419700107e+00 1.435325990100304594e+00
1.209928684623961415e+00 2.286517346162207254e+00 2.090965618647685265e+00 2.255149409930825133e+00 1.437700400937101053e+00
1.227614972532057536e+00 2.268346338086163705e+00 2.102468032310866874e+00 2.254721169831415128e+00 1.430018750725575050e+00
1.235914343382926495e+00 2.274775732986715315e+00 2.121249935299886147e+00 2.255968469569163304e+00 1.431478575311543100e+00
1.242616331041334288e+00 2.251019833926222180e+00 2.130314271219010180e+00 2.259741243304907776e+00 1.436145417545195535e+00
1.240353694681205488e+00 2.237928809311031664e+00 2.124960940767858464e+00 2.254289021529130022e+00 1.453840804260533526e+00
1.240087641688032427e+00 2.233129392770683896e+00 2.127653483463835205e+00 2.245193571917967645e+00 1.472731110667860666e+00
1.244768167244400647e+00 2.226430351154891962e+00 2.133438043858880473e+00 2.236303610790050023e+00 1.490720236168508572e+00
1.253065394327191662e+00 2.217611677244661461e+00 2.138261147851649113e+00 2.230307937922596295e+00 1.508748737688977215e+00
1.262379170631207526e+00 2.208166775172105023e+00 2.141870024927897909e+00 2.225973847277697981e+00 1.526954249539782538e+00
1.271789771068585040e+00 2.198633317707898271e+00 2.145176856570616408e+00 2.221962187937481126e+00 1.545209926319138560e+00
1.281193180712389967e+00 2.189088878471932453e+00 2.148451237713744355e+00 2.217974791958320591e+00 1.563473284212759218e+00
1.290596590356195117e+00 2.179544439235966191e+00 2.151725618856872302e+00 2.213987395979160500e+00 1.581736642106379875e+00
1.300000000000000044e+00 2.169999999999999929e+00 2.154999999999999805e+00 2.209999999999999964e+00 1.600000000000000089e+00
