8.699999999999999956e-01 2.740000000000000213e+00 1.850000000000000089e+00 2.629999999999999893e+00 1.350000000000000089e+00
8.899740763840781055e-01 2.733877493915154222e+00 1.859152992083103362e+00 2.611543136901447681e+00 1.350930033583724210e+00
9.099481527681562154e-01 2.727754987830308231e+00 1.868305984166206635e+00 2.593086273802895469e+00 1.351860067167448110e+00
9.299222291522342143e-01 2.721632481745462240e+00 1.877458976249309908e+00 2.574629410704342813e+00 1.352790100751172231e+00
9.498963055363123242e-01 2.715509975660616249e+00 1.886611968332413181e+00 2.556172547605790601e+00 1.353720134334896352e+00
9.698495948340651873e-01 2.709316152525830912e+00 1.895745419616646110e+00 2.537681244752551635e+00 1.354618720858430381e+00
9.896817892270747263e-01 2.702719771480841970e+00 1.904766699057680590e+00 2.518998220695511936e+00 1.355339173386831630e+00
1.009226013722938520e+00 2.695024951755840448e+00 1.913567670900305329e+00 2.499998560823623706e+00 1.355658692933646714e+00
1.028432025187673515e+00 2.685308922713565583e+00 1.922218093883219403e+00 2.481054027155676245e+00 1.355389345489340203e+00
1.047922028992269272e+00 2.673164102771603101e+00 1.931469836977492083e+00 2.464165157607643764e+00 1.354039103906483410e+00
1.069186908780012990e+00 2.655925530493502329e+00 1.938728030834902860e+00 2.451534042588936924e+00 1.351127703279947356e+00
1.086062658339203235e+00 2.628349537284349058e+00 1.940612623453304986e+00 2.440721589218961540e+00 1.347074458092619498e+00
1.089740687345894798e+00 2.596079154591468985e+00 1.946471659479850125e+00 2.427598789488796704e+00 1.348020355366156942e+00
1.087825600493889322e+00 2.575987994865039710e+00 1.957024664416558091e+00 2.415150800664821240e+00 1.358093452481055508e+00
1.088929819512621133e+00 2.559991356991923261e+00 1.964438510149320027e+00 2.402486443932453586e+00 1.372080162955551241e+00
1.093103949964777222e+00 2.540132960258415729e+00 1.967844449293285836e+00 2.389074736247192465e+00 1.385714434680438423e+00
1.099268830946544373e+00 2.512490138524318795e+00 1.969304789416876034e+00 2.376154295567506125e+00 1.395892463426155805e+00
1.106505642749503693e+00 2.478350167377988633e+00 1.971072935180233632e+00 2.365269819502971327e+00 1.400576551470639197e+00
1.113910254738248229e+00 2.442688393139638592e+00 1.974554931845523775e+00 2.355237078670402440e+00 1.400591150533102347e+00
1.120698961865386201e+00 2.409106797552934776e+00 1.978639168458318665e+00 2.342430895372010546e+00 1.397415505913482736e+00
1.126778729510628629e+00 2.379306429131427425e+00 1.980809050788759240e+00 2.324729882291627803e+00 1.392822817924840750e+00
1.133552530855415963e+00 2.352197217837050491e+00 1.983048847135932657e+00 2.303701688214585541e+00 1.390679464940858923e+00
1.141935888339959515e+00 2.331836912150282437e+00 1.992107579041741294e+00 2.286189325420476148e+00 1.395822025920528953e+00
1.152388125394950169e+00 2.324237242887784660e+00 2.005647006953564127e+00 2.278198448303416779e+00 1.406680042052081525e+00
1.166198407134228177e+00 2.322643064526813017e+00 2.018847801386730811e+00 2.274768044278504764e+00 1.418511756044042116e+00
1.182440253013495868e+00 2.320783748787702105e+00 2.032008337362780637e+00 2.270880294290787305e+00 1.429068109809721321e+00
1.198884989789163136e+00 2.316085177849678711e+00 2.046721417094290896e+00 2.264301394815827706e+00 1.436588393952118903e+00
1.213148730437164868e+00 2.308547847424816002e+00 2.063383082385791933e+00 2.255145391634768792e+00 1.439646885795748732e+00
1.221694692425529638e+00 2.294823818331635401e+00 2.080032967239089370e+00 2.242508663377515976e+00 1.439024519985126371e+00
1.224192709357898146e+00 2.271722983262180584e+00 2.092165828352469781e+00 2.227650406365286884e+00 1.434342100921048857e+00
1.232742157801275606e+00 2.250960260724141015e+00 2.092549512404070278e+00 2.208177229630835292e+00 1.438101224505645925e+00
1.240912647914548472e+00 2.244682787456204753e+00 2.090352829145674995e+00 2.202415302986363344e+00 1.455328067740905063e+00
1.243909527136522808e+00 2.235856676279621702e+00 2.088861419894691984e+00 2.201387726524307364e+00 1.473687860728262855e+00
1.244443660233372384e+00 2.227806596451152199e+00 2.090631861986999684e+00 2.200931592278715154e+00 1.492220881440561309e+00
1.244302940837223037e+00 2.222497889149969819e+00 2.101230182969842986e+00 2.198675336509783307e+00 1.508230075129106451e+00
1.251085853933500802e+00 2.205881410036598211e+00 2.111630214264373695e+00 2.197062789520897841e+00 1.501583643406842139e+00
1.260391969227461217e+00 2.185093927111228407e+00 2.117129378245756754e+00 2.198021217668036709e+00 1.515697972822108719e+00
1.267925417217631301e+00 2.176950108452658572e+00 2.122825093732108925e+00 2.199960411025548179e+00 1.532912802647744099e+00
1.275779864756115156e+00 2.173341075077013240e+00 2.130132974223299946e+00 2.202309049207227698e+00 1.549933191925080500e+00
1.283823269333861372e+00 2.171841941218510819e+00 2.138274537846264867e+00 2.204840738639958886e+00 1.566681105793910511e+00
1.291911634666930597e+00 2.170920970609255374e+00 2.146637268923132336e+00 2.207420369319979425e+00 1.583340552896955300e+00
1.300000000000000044e+00 2.169999999999999929e+00 2.154999999999999805e+00 2.209999999999999964e+00 1.600000000000000089e+00
