8.699999999999999956e-01 2.740000000000000213e+00 1.850000000000000089e+00 2.629999999999999893e+00 1.350000000000000089e+00
8.964440612727273550e-01 2.740410531590208532e+00 1.860513444565283336e+00 2.608949323528165110e+00 1.348626610913997936e+00
9.228881225454548254e-01 2.740821063180416850e+00 1.871026889130566362e+00 2.587898647056330326e+00 1.347253221827996006e+00
9.493321838181821848e-01 2.741231594770624724e+00 1.881540333695849609e+00 2.566847970584495986e+00 1.345879832741993853e+00
9.757762450909095442e-01 2.741642126360833043e+00 1.892053778261132857e+00 2.545797294112661202e+00 1.344506443655991923e+00
1.002167096110184064e+00 2.741766377496625662e+00 1.902573431224546807e+00 2.524679260067764996e+00 1.343201314577246563e+00
1.028080686951282852e+00 2.739586439342850177e+00 1.913123505352319675e+00 2.503058371696703421e+00 1.342447960357628256e+00
1.051455101007122916e+00 2.729653719660360522e+00 1.923250408884154883e+00 2.479676655356130688e+00 1.342440846397764398e+00
1.061325836276835854e+00 2.703349132049690073e+00 1.932294873092667453e+00 2.454463536545770541e+00 1.341768789649107729e+00
1.065605225327547423e+00 2.682405650232534633e+00 1.949004916162014212e+00 2.436884583905762458e+00 1.351085538469467551e+00
1.082405677732839466e+00 2.671759434991091808e+00 1.963002283623317634e+00 2.426854869182053509e+00 1.367765817459414501e+00
1.106347131339708412e+00 2.642231716982535339e+00 1.967428284164370433e+00 2.421774364894790477e+00 1.378584567503772673e+00
1.117769177329767771e+00 2.650301426740772293e+00 1.988969376222614605e+00 2.430304298695591392e+00 1.384997330115156133e+00
1.128647037949013221e+00 2.631454961928583192e+00 2.006130138376531313e+00 2.416174601384021070e+00 1.395861901560126350e+00
1.130636714575105728e+00 2.590848197804477060e+00 2.009235872342864493e+00 2.396904801625754367e+00 1.398340677154141565e+00
1.131493862540881246e+00 2.546446461987360355e+00 2.006651489013254963e+00 2.381144894493276709e+00 1.396698528087558122e+00
1.136884847224411965e+00 2.500419695913445040e+00 2.003899316502680161e+00 2.369251377348937648e+00 1.394630658731833561e+00
1.146021274409840363e+00 2.453871448546995460e+00 2.001858505822359913e+00 2.360425803899035557e+00 1.394058236446108268e+00
1.168171391575412610e+00 2.460837478146767232e+00 2.009361202509059030e+00 2.370561157365887794e+00 1.398270399315212353e+00
1.188467753084707423e+00 2.487798362099800098e+00 2.015163962398302200e+00 2.379340618013172204e+00 1.383820358783131255e+00
1.210119103264814644e+00 2.504394686403182746e+00 2.019213765384454629e+00 2.384711560402649422e+00 1.364651217354152291e+00
1.231569003966857867e+00 2.518633853239176545e+00 2.022598619904346418e+00 2.388857023784482614e+00 1.344517684409426428e+00
1.254149782415457715e+00 2.532192364898116832e+00 2.026663765714761922e+00 2.391316423908405042e+00 1.326172717608455009e+00
1.278964065691936547e+00 2.512948150901751276e+00 2.035391291273217718e+00 2.382732363905839978e+00 1.324516183857881391e+00
1.281356846882098388e+00 2.477000155326370301e+00 2.035826014293074859e+00 2.365175885508330911e+00 1.336461974490702698e+00
1.279563544746483039e+00 2.446611072929887776e+00 2.027251154339266392e+00 2.340389692803413357e+00 1.341201830542595452e+00
1.271518962509667006e+00 2.419518481210436445e+00 2.013446403251973660e+00 2.318081229378268215e+00 1.339988954671087473e+00
1.259231922663055281e+00 2.388430382586504752e+00 2.006000807226099081e+00 2.297523332879089608e+00 1.341493046430437097e+00
1.244752304516240082e+00 2.362250812666482513e+00 2.020220890840471295e+00 2.288001902323021586e+00 1.353687591009125502e+00
1.236890880795733727e+00 2.341476103695094402e+00 2.038578843657138151e+00 2.286688579754669881e+00 1.368264173645337589e+00
1.233859068265436232e+00 2.330636146248348695e+00 2.061197099188586623e+00 2.282712063101017819e+00 1.380294590615818384e+00
1.237013866348785074e+00 2.319008000613520526e+00 2.081645898853146104e+00 2.283369923202665408e+00 1.395884841143683497e+00
1.240514553634110229e+00 2.286280883443918999e+00 2.089882106134929529e+00 2.279223865361628132e+00 1.413926143717343153e+00
1.242636618243261104e+00 2.246165853678187219e+00 2.095667212617201791e+00 2.273538135131853544e+00 1.428055354439085045e+00
1.241854114673154097e+00 2.208780947374477499e+00 2.105322593423072597e+00 2.278914165072142062e+00 1.442221874114770319e+00
1.251709883480391250e+00 2.191697239341402703e+00 2.118828401484843305e+00 2.261780874114154294e+00 1.456709948186425407e+00
1.260916874041430269e+00 2.197434122103843812e+00 2.134206685959692873e+00 2.249042606637185582e+00 1.474515168310906121e+00
1.269449332028562694e+00 2.197636026136676968e+00 2.140724186190065215e+00 2.239102871694817143e+00 1.498760605907743404e+00
1.277279547995726183e+00 2.192056922170133593e+00 2.144178506054026379e+00 2.231361372710534141e+00 1.524079479683163152e+00
1.284895596190488432e+00 2.184895572757538762e+00 2.147736520660291859e+00 2.224191586351825123e+00 1.549395379876794765e+00
1.292447798095244238e+00 2.177447786378769123e+00 2.151368260330146054e+00 2.217095793175912544e+00 1.574697689938397760e+00
1.300000000000000044e+00 2.169999999999999929e+00 2.154999999999999805e+00 2.209999999999999964e+00 1.600000000000000089e+00
