8.699999999999999956e-01 2.740000000000000213e+00 1.850000000000000089e+00 2.629999999999999893e+00 1.350000000000000089e+00
8.981240041425838649e-01 2.735511571811618303e+00 1.858405444722435851e+00 2.604595250826343467e+00 1.347392051146532488e+00
9.262480082851677343e-01 2.731023143623236837e+00 1.866810889444871613e+00 2.579190501652687484e+00 1.344784102293064887e+00
9.543720124277516037e-01 2.726534715434854927e+00 1.875216334167307375e+00 2.553785752479031057e+00 1.342176153439597286e+00
9.824960165703353621e-01 2.722046287246473462e+00 1.883621778889743137e+00 2.528381003305375074e+00 1.339568204586129685e+00
1.010837898794579415e+00 2.718318117976671555e+00 1.892854655885977122e+00 2.503630827764718347e+00 1.337411785481711357e+00
1.039454193060329823e+00 2.716973678557183636e+00 1.904778053634152535e+00 2.481278760737993139e+00 1.336726540705688526e+00
1.066750242739372023e+00 2.718542613209184999e+00 1.921150724202330018e+00 2.463385561555322845e+00 1.338218380560572740e+00
1.091425744383400120e+00 2.731441708684424263e+00 1.939799148421526009e+00 2.449479567194202012e+00 1.342433036294928606e+00
1.111121806309032234e+00 2.767172994265728825e+00 1.956256545439825301e+00 2.441681466013313706e+00 1.341203159940632217e+00
1.114509119042274676e+00 2.790569641216285035e+00 1.957576329516950375e+00 2.438339452007304065e+00 1.363128041098528476e+00
1.130707535052382529e+00 2.773442627642422664e+00 1.953688573369996684e+00 2.423918128516544535e+00 1.384644335296882245e+00
1.165399372818831436e+00 2.751485147045700685e+00 1.957236599914599973e+00 2.414556418231077028e+00 1.391092455782052317e+00
1.199568119528079402e+00 2.734585019182452559e+00 1.967437880000798112e+00 2.407461601520745287e+00 1.397207620511102588e+00
1.228568814950117938e+00 2.723595614970582002e+00 1.983257570575970519e+00 2.406162549107678572e+00 1.386983006488796022e+00
1.244248847326701046e+00 2.711309442192873398e+00 1.994130597835505059e+00 2.406720878298907351e+00 1.364098785390894131e+00
1.255585290883690419e+00 2.695428698667600820e+00 2.002721829961664479e+00 2.407557634685073111e+00 1.339571413688152024e+00
1.262163044452226046e+00 2.672571118788386713e+00 2.018186487898915527e+00 2.403683445518715711e+00 1.319136875353150717e+00
1.274686380592034762e+00 2.628287544130678999e+00 2.029199845689705128e+00 2.388755385928913899e+00 1.312291358541261221e+00
1.281639841108924482e+00 2.575762594381512116e+00 2.032042009172333241e+00 2.370955964206938660e+00 1.314654907747714541e+00
1.279069507461209287e+00 2.522132125608197217e+00 2.035072426086640629e+00 2.353455380413766562e+00 1.317430240413244080e+00
1.272069570498730373e+00 2.469806140917412129e+00 2.039601763550291214e+00 2.335881689015092189e+00 1.319682868645691842e+00
1.263730307513201812e+00 2.418973958798364521e+00 2.044375683998035154e+00 2.317420918570698873e+00 1.322789771395651126e+00
1.256568103031040939e+00 2.369196720766634456e+00 2.048606520714816082e+00 2.298218328591154602e+00 1.328415731971951175e+00
1.252303914615185754e+00 2.324508129202123463e+00 2.059173964504955379e+00 2.284100354899715857e+00 1.340191633594307596e+00
1.250657227488678025e+00 2.298050152542297386e+00 2.074417437183540880e+00 2.279953634277684493e+00 1.360307673846430587e+00
1.248706733958273141e+00 2.273445551483777027e+00 2.080560446304173361e+00 2.272433649168009495e+00 1.384652682065560025e+00
1.244279437584570269e+00 2.251810523264444086e+00 2.083348692085833065e+00 2.259072130133333189e+00 1.408768647590258327e+00
1.242186401397753492e+00 2.222543124602601949e+00 2.091478547275050115e+00 2.244205313942229996e+00 1.429454425186127420e+00
1.246305671727300002e+00 2.189256497582785066e+00 2.093709245822906073e+00 2.230203354241926395e+00 1.449026277386939343e+00
1.251093696399552480e+00 2.180151595899803230e+00 2.108034318453666955e+00 2.225100067317082431e+00 1.472366062580730661e+00
1.259951949117341874e+00 2.176803790823301110e+00 2.118539059466367558e+00 2.221724819277629770e+00 1.497589593348064296e+00
1.269963961838006306e+00 2.175102843117475704e+00 2.127654294599775398e+00 2.218793614458222319e+00 1.523192195011048300e+00
1.279975974558670959e+00 2.173401895411650298e+00 2.136769529733183681e+00 2.215862409638814867e+00 1.548794796674032082e+00
1.289987987279335391e+00 2.171700947705825335e+00 2.145884764866591521e+00 2.212931204819407416e+00 1.574397398337016085e+00
1.300000000000000044e+00 2.169999999999999929e+00 2.154999999999999805e+00 2.209999999999999964e+00 1.600000000000000089e+00
