8.699999999999999956e-01 2.740000000000000213e+00 1.850000000000000089e+00 2.629999999999999893e+00 1.350000000000000089e+00
9.235273890004707109e-01 2.751271588761128317e+00 1.866701563327899827e+00 2.597868246772842227e+00 1.353425305109360322e+00
9.770547780009414263e-01 2.762543177522256421e+00 1.883403126655799564e+00 2.565736493545685004e+00 1.356850610218720554e+00
1.029319253851891158e+00 2.767982187870877020e+00 1.903830850639154804e+00 2.535565940157323617e+00 1.361835328391617139e+00
1.077043845054975524e+00 2.758958758957673396e+00 1.930693647666164248e+00 2.508966867041011906e+00 1.366824464188169053e+00
1.118188579676933303e+00 2.737182425847554335e+00 1.959385959406554134e+00 2.499269867594337668e+00 1.344476405333430158e+00
1.164548884491499070e+00 2.729449856905114213e+00 1.966726801640585442e+00 2.532447546597670573e+00 1.319225015815780555e+00
1.203173898328811386e+00 2.680798425388586814e+00 1.951077708187892945e+00 2.502839508687148662e+00 1.310487666041038723e+00
1.231117236232956325e+00 2.668839501609883591e+00 1.977121692563148514e+00 2.462238678109692547e+00 1.287729651561389188e+00
1.252789258929254412e+00 2.650675890385135514e+00 2.019629061899336442e+00 2.448832674978639101e+00 1.280387388283594552e+00
1.266714972268661477e+00 2.638200725264937763e+00 2.065499455956543606e+00 2.445884012272668606e+00 1.280188868136324043e+00
1.269904761008363581e+00 2.614145169275277514e+00 2.099992807239577264e+00 2.411202625984171011e+00 1.274771033402233300e+00
1.273381162316937987e+00 2.544470186205565199e+00 2.098028430383713339e+00 2.364363668595851120e+00 1.271151555843766934e+00
1.272835278582186813e+00 2.471803483211414854e+00 2.104663968561103271e+00 2.320293646748127436e+00 1.270383502071632753e+00
1.269457339108721161e+00 2.404228599037275149e+00 2.107334968790260721e+00 2.271864175193047952e+00 1.269932833552926965e+00
1.261869997574714741e+00 2.344724864754714311e+00 2.097103128077954182e+00 2.222150723782557069e+00 1.275262324890720445e+00
1.250517336892106313e+00 2.284034196798061966e+00 2.092059994141509005e+00 2.198504932466130768e+00 1.311619183021992097e+00
1.245344179285591490e+00 2.255262358746055185e+00 2.099728172832681761e+00 2.208605743572784608e+00 1.364923168416617427e+00
1.252112128586014839e+00 2.227605834673736851e+00 2.111291762820180384e+00 2.233753853759916197e+00 1.413322586367346867e+00
1.262991016452847060e+00 2.211677739840506973e+00 2.101762682906714197e+00 2.258440090915874165e+00 1.462896352388401766e+00
1.265109690124954334e+00 2.224397726754927973e+00 2.108302859965273779e+00 2.236461222905109292e+00 1.515830771946306221e+00
1.279984500258566804e+00 2.207640441867054548e+00 2.138449155112267075e+00 2.219150142755434540e+00 1.554551075407108129e+00
1.300000000000000044e+00 2.169999999999999929e+00 2.154999999999999805e+00 2.209999999999999964e+00 1.600000000000000089e+00
