8.699999999999999956e-01 2.740000000000000213e+00 1.850000000000000089e+00 2.629999999999999893e+00 1.350000000000000089e+00
8.914043782018996609e-01 2.738283935494951304e+00 1.858055326737093393e+00 2.613367515020452281e+00 1.353913779283179686e+00
9.128087564037993262e-01 2.736567870989902396e+00 1.866110653474186698e+00 2.596735030040905112e+00 1.357827558566359283e+00
9.342131346056988805e-01 2.734851806484853487e+00 1.874165980211279781e+00 2.580102545061357500e+00 1.361741337849538880e+00
9.556177527839269104e-01 2.733136337883776967e+00 1.882221355199315660e+00 2.563470114870132655e+00 1.365654641674547864e+00
9.770233471400947556e-01 2.731423293837846877e+00 1.890276926426646353e+00 2.546837907755786112e+00 1.369566010977728787e+00
9.984315081123248392e-01 2.729716628594764050e+00 1.898333013339894793e+00 2.530206288751163157e+00 1.373472290527595341e+00
1.019853750266445980e+00 2.728045070076698053e+00 1.906391921875266071e+00 2.513577939742609235e+00 1.377350552700737030e+00
1.041360472444597507e+00 2.726588311149102495e+00 1.914467473125341490e+00 2.496970847267491411e+00 1.381057198343181192e+00
1.063323710635405872e+00 2.726456678396840250e+00 1.922623422841096552e+00 2.480541597933226150e+00 1.383689648976842212e+00
1.085825185072705867e+00 2.730135031630444242e+00 1.930865444851805668e+00 2.465076252839250248e+00 1.382475345162813785e+00
1.104327838682019891e+00 2.737379509753117723e+00 1.938538480181280832e+00 2.452749400993402773e+00 1.373110175597043403e+00
1.099017362471442993e+00 2.717153398707256695e+00 1.941792867191343808e+00 2.436453588671966042e+00 1.371074697631951889e+00
1.089528967408393001e+00 2.686520058621910234e+00 1.939231015975828365e+00 2.430632173110763627e+00 1.379242021431226206e+00
1.088819545304506198e+00 2.647601622101052321e+00 1.945240437855464855e+00 2.420966104932198437e+00 1.377319092729307526e+00
1.093698891295768805e+00 2.611432212889818416e+00 1.951103059460449263e+00 2.407891524699664831e+00 1.380097826087050450e+00
1.100234662759892679e+00 2.579205520869524815e+00 1.956199837889627924e+00 2.393313660964536904e+00 1.386756171888211542e+00
1.110755198256560661e+00 2.552187194341827503e+00 1.963849206159157479e+00 2.378354215185169096e+00 1.391889230443747794e+00
1.123301150143948268e+00 2.535751916053053723e+00 1.980026131797104183e+00 2.370877712131179926e+00 1.393856231139040780e+00
1.130966893584257615e+00 2.518428151499818135e+00 1.997604544331835319e+00 2.369473727545789110e+00 1.397649564133581990e+00
1.137035597263527986e+00 2.487067789668735429e+00 2.010898141728744370e+00 2.364538386067414955e+00 1.399386828859528586e+00
1.141509760885659475e+00 2.455944482147526031e+00 2.024046641292654769e+00 2.357025162458324719e+00 1.396850694052027553e+00
1.144405981925443960e+00 2.430802849513258312e+00 2.038868870383899523e+00 2.345087573630167732e+00 1.395343454898920088e+00
1.147529655105226087e+00 2.411049939141752585e+00 2.054007504171717624e+00 2.329423691651779649e+00 1.397041882495753784e+00
1.152756954074150464e+00 2.392390980452993254e+00 2.067977979711445258e+00 2.312342197947036215e+00 1.400744279235089707e+00
1.160403333105043844e+00 2.371219150760762506e+00 2.079992819445648511e+00 2.294995287143933194e+00 1.405178277855192670e+00
1.169654342515281442e+00 2.346097856140747950e+00 2.089400127278131958e+00 2.277705674323787566e+00 1.409694711073632867e+00
1.179953924036647450e+00 2.317675447533072752e+00 2.095617647776737869e+00 2.260614183570649249e+00 1.414256900462740330e+00
1.191781054853553234e+00 2.287718032152018743e+00 2.096252694887419388e+00 2.244331245946601161e+00 1.419324146237250783e+00
1.204705794743880176e+00 2.262425683444212687e+00 2.086713525023334626e+00 2.231469607246439946e+00 1.424611159051983877e+00
1.218098438679736883e+00 2.248897048378035723e+00 2.072752649674569625e+00 2.221639641797796827e+00 1.429256455554284377e+00
1.236087664995711322e+00 2.240583431145731108e+00 2.076258256576646311e+00 2.206700871357957894e+00 1.438961516526900963e+00
1.246249665547230379e+00 2.241027889015821284e+00 2.086603633130194257e+00 2.199627294151744294e+00 1.453147178068020962e+00
1.250838314144960384e+00 2.244227922573587275e+00 2.091730063469196210e+00 2.197318274576458119e+00 1.471149268976130298e+00
1.251961585518759135e+00 2.246689499582484206e+00 2.095046008880624200e+00 2.197783321108941923e+00 1.489825249994271905e+00
1.253834957664053285e+00 2.244982249091598714e+00 2.100711333408872061e+00 2.198759678642809412e+00 1.508007325972748225e+00
1.258077283875687735e+00 2.237045288610685301e+00 2.108130682461947458e+00 2.199999674568385633e+00 1.525184912524161440e+00
1.264880963273148362e+00 2.224030541957730200e+00 2.116723673395820349e+00 2.202099942815678446e+00 1.540938199013453413e+00
1.273405340180753686e+00 2.208905654662678852e+00 2.126283164591139307e+00 2.205023964661613878e+00 1.555463179321969314e+00
1.282325844670946458e+00 2.194496118819154518e+00 2.136510222740165776e+00 2.207911335952930099e+00 1.569658601541270571e+00
1.290886052145867602e+00 2.182042934190048911e+00 2.146603020516647753e+00 2.209714984891005596e+00 1.584424823110162528e+00
1.300000000000000044e+00 2.169999999999999929e+00 2.154999999999999805e+00 2.209999999999999964e+00 1.600000000000000089e+00
