8.699999999999999956e-01 2.740000000000000213e+00 1.850000000000000089e+00 2.629999999999999893e+00 1.350000000000000089e+00
8.912734399050529221e-01 2.732567754337065224e+00 1.859251987130177364e+00 2.612372332341599712e+00 1.352812955097129288e+00
9.125468798101058487e-01 2.725135508674130680e+00 1.868503974260354861e+00 2.594744664683199087e+00 1.355625910194258488e+00
9.338203197151587753e-01 2.717703263011196135e+00 1.877755961390532136e+00 2.577116997024798906e+00 1.358438865291387687e+00
9.550937596202117019e-01 2.710271017348261147e+00 1.887007948520709411e+00 2.559489329366398280e+00 1.361251820388516887e+00
9.763671995252646285e-01 2.702838771685326602e+00 1.896259935650886908e+00 2.541861661707998099e+00 1.364064775485645864e+00
9.976406394303175551e-01 2.695406526022391613e+00 1.905511922781064182e+00 2.524233994049597474e+00 1.366877730582775063e+00
1.018914079335370371e+00 2.687974280359457069e+00 1.914763909911241457e+00 2.506606326391197292e+00 1.369690685679904263e+00
1.040023401064961606e+00 2.680161843945987332e+00 1.924127857029355848e+00 2.488917488269652978e+00 1.372318686754744776e+00
1.059819847499515744e+00 2.669990899515349181e+00 1.934122526215486637e+00 2.470750677622747027e+00 1.373686515993999491e+00
1.074188333240064130e+00 2.655344872832390291e+00 1.943334794966323553e+00 2.451084187794560609e+00 1.368397120121899402e+00
1.093249220610246653e+00 2.649286376391287057e+00 1.945684161481147090e+00 2.442218388897416492e+00 1.355524258590789621e+00
1.095872455762545217e+00 2.633563584901770671e+00 1.957210923228976718e+00 2.426017421066327451e+00 1.350484762500683278e+00
1.096397256147271460e+00 2.607030512597770411e+00 1.964435864957592814e+00 2.415112477590107165e+00 1.362190145435959732e+00
1.098647257122179477e+00 2.578087111750377414e+00 1.967767655267944615e+00 2.405013132581300006e+00 1.374255134312061699e+00
1.101624897544541959e+00 2.548383838826386416e+00 1.970274902706977471e+00 2.395925954097621879e+00 1.386277971082608973e+00
1.106508600510962559e+00 2.518316812883899303e+00 1.973354070242468339e+00 2.387790819720824853e+00 1.397949325414725941e+00
1.114779498880212660e+00 2.487673990768417553e+00 1.978171604203311951e+00 2.379760585289645736e+00 1.407831379903026203e+00
1.121895769350043093e+00 2.451893595098715295e+00 1.982152971652423989e+00 2.368357002452481819e+00 1.410638385656235227e+00
1.123400713295606757e+00 2.419835049758285006e+00 1.986885648367483714e+00 2.356183674334817457e+00 1.401903743989881823e+00
1.125940936422121119e+00 2.398103729329579270e+00 1.998564369103701388e+00 2.340444278105451748e+00 1.393297005478562278e+00
1.129202755513391221e+00 2.378899737335287146e+00 2.011210988153776302e+00 2.320146346824698114e+00 1.389122960657093175e+00
1.130929003601163219e+00 2.349787044796704638e+00 2.008006318394059964e+00 2.299076119159863651e+00 1.387338829463343304e+00
1.132906854924073059e+00 2.323111818477478163e+00 1.992881433399531055e+00 2.290650469508706433e+00 1.388092892179100701e+00
1.145632282080450315e+00 2.293362444577113912e+00 1.986543531480251534e+00 2.287519837586821314e+00 1.395416681768540501e+00
1.162522178781635107e+00 2.285149104681256649e+00 2.000687510718224704e+00 2.283601993954142095e+00 1.404657387016223336e+00
1.176684442434395850e+00 2.289217633960208165e+00 2.017721197954320367e+00 2.277252662908946235e+00 1.411841228793129011e+00
1.192653731865871869e+00 2.292009181753342784e+00 2.032979596102575393e+00 2.269000914131060309e+00 1.420097654836573131e+00
1.210829711968987255e+00 2.289235084026053801e+00 2.043524704800137926e+00 2.260955071054506771e+00 1.431838047254235136e+00
1.224327004408306774e+00 2.279231200048512207e+00 2.049339059165581123e+00 2.257324510987485322e+00 1.447931987826671651e+00
1.225546796108725189e+00 2.271533036813575546e+00 2.064270490405487823e+00 2.256294122712117378e+00 1.461560954397587819e+00
1.227568416610959945e+00 2.270682835972669178e+00 2.084028335948934885e+00 2.244068020345124204e+00 1.462185421143788577e+00
1.236009953867220013e+00 2.265402611735704674e+00 2.097455789876946142e+00 2.221870983282668632e+00 1.457533279237749335e+00
1.245143870042684897e+00 2.255643640690122353e+00 2.111765287549900449e+00 2.203661037570815218e+00 1.461943279500510506e+00
1.251214026877076613e+00 2.246438837019353763e+00 2.120349343438108214e+00 2.196811403762950032e+00 1.478069731464558112e+00
1.256490539389866212e+00 2.236675956210891325e+00 2.119537863560087665e+00 2.195183308942314060e+00 1.496899048873260751e+00
1.262707838819544293e+00 2.225884198519747059e+00 2.118324186256222763e+00 2.195280780960765732e+00 1.515436204319340785e+00
1.269697794415902692e+00 2.214384704399511961e+00 2.121618190761942913e+00 2.196954736394006513e+00 1.533546110904062010e+00
1.276985209408543875e+00 2.202941907343102912e+00 2.128468719034362078e+00 2.199780863762124117e+00 1.550755476764897889e+00
1.284545287897872479e+00 2.191723488402911979e+00 2.136938062366586344e+00 2.203060018106062667e+00 1.567326251266592196e+00
1.292272643948936262e+00 2.180861744201456176e+00 2.145969031183293296e+00 2.206530009053031094e+00 1.583663125633296032e+00
1.300000000000000044e+00 2.169999999999999929e+00 2.154999999999999805e+00 2.209999999999999964e+00 1.600000000000000089e+00
