8.699999999999999956e-01 2.740000000000000213e+00 1.850000000000000089e+00 2.629999999999999893e+00 1.350000000000000089e+00
8.913444760189624949e-01 2.742867978882535418e+00 1.861378061273095907e+00 2.612737325554870260e+00 1.349167510605437270e+00
9.126889520379249943e-01 2.745735957765070623e+00 1.872756122546191726e+00 2.595474651109740627e+00 1.348335021210874451e+00
9.340334280568874936e-01 2.748603936647605828e+00 1.884134183819287545e+00 2.578211976664610994e+00 1.347502531816311633e+00
9.553779040758499930e-01 2.751471915530141032e+00 1.895512245092383585e+00 2.560949302219481361e+00 1.346670042421748814e+00
9.767223800948123813e-01 2.754339894412676237e+00 1.906890306365479404e+00 2.543686627774351727e+00 1.345837553027185995e+00
9.980404314626238893e-01 2.757176323542046781e+00 1.918255319314507990e+00 2.526367581276209417e+00 1.345061196944443038e+00
1.019132189507608421e+00 2.759754299306200753e+00 1.929508155284878956e+00 2.508598349893467194e+00 1.344742466274638337e+00
1.040264715474890966e+00 2.759621941917796750e+00 1.940564780038304349e+00 2.490639097591190509e+00 1.345698574867198571e+00
1.062103339109645939e+00 2.753949867882221625e+00 1.952171513268746272e+00 2.475179227181060870e+00 1.348193823578711203e+00
1.083407999135176603e+00 2.749223032828211899e+00 1.966596448490983251e+00 2.464977050530867242e+00 1.351892348655521214e+00
1.100423720959711416e+00 2.752031912454584450e+00 1.982728462851467199e+00 2.460093400100795247e+00 1.359995208171317582e+00
1.107438268189623543e+00 2.734970306760843961e+00 1.982161896437607096e+00 2.446453783881779476e+00 1.372568775254335183e+00
1.098908211405683399e+00 2.715682109452416171e+00 1.969375053214788673e+00 2.426499715013972658e+00 1.370675916201049116e+00
1.092889965871919777e+00 2.688716111037233070e+00 1.971727160266569134e+00 2.407761819870152475e+00 1.378601597186826178e+00
1.095244190646919247e+00 2.652947909083860800e+00 1.985088380708964095e+00 2.404344195139925588e+00 1.381289740539610067e+00
1.099679758719006362e+00 2.614579037407568141e+00 1.991035186163286896e+00 2.393617732575857193e+00 1.387510335252510218e+00
1.105643187531548888e+00 2.573855023545039700e+00 1.989827060153609217e+00 2.383273522099258468e+00 1.392693870102691633e+00
1.111747777125337455e+00 2.532251252304829503e+00 1.982886291931488243e+00 2.375711877282933759e+00 1.393668218067335429e+00
1.116810136438590728e+00 2.492616471724133032e+00 1.974543722977462057e+00 2.366978932973369698e+00 1.390289150398547502e+00
1.122316519754026798e+00 2.457063927954247440e+00 1.966240115571881830e+00 2.354086860665272507e+00 1.384829124591501870e+00
1.124649454789177438e+00 2.422131179233382170e+00 1.960016673151441458e+00 2.336786921965642083e+00 1.383091431286683548e+00
1.119034361001864264e+00 2.390522092775316576e+00 1.962389399386669675e+00 2.319335591453377088e+00 1.391056564256242023e+00
1.112116811169429731e+00 2.364518862675385691e+00 1.972688835098878490e+00 2.306458130017174035e+00 1.400630123280824035e+00
1.113744513522841650e+00 2.333216338650330179e+00 1.985883571674747605e+00 2.293414439898587176e+00 1.402272824732851753e+00
1.129243095302830069e+00 2.309444101450566667e+00 1.999570945442783465e+00 2.282694070774493156e+00 1.402467747604157156e+00
1.150767858621832840e+00 2.296759363968372991e+00 2.013271446766430106e+00 2.275269093910191387e+00 1.407176317093557172e+00
1.172436489620439781e+00 2.284145769963205730e+00 2.026195013614285223e+00 2.266549498138024532e+00 1.412404704423118718e+00
1.192298958295208156e+00 2.271169079061917007e+00 2.040070320825766892e+00 2.256749887405765431e+00 1.417524896323213213e+00
1.208965309792544573e+00 2.261138853791723413e+00 2.056426702089871217e+00 2.247929165310984079e+00 1.423252466255450654e+00
1.221902359558130424e+00 2.256259045271645114e+00 2.074732281627368558e+00 2.241737050025917277e+00 1.430556667509925495e+00
1.233000984881859274e+00 2.252992523526043289e+00 2.091418837344287240e+00 2.238883852034096122e+00 1.441465447157236346e+00
1.245409182911392465e+00 2.241284192379113804e+00 2.097586564373899787e+00 2.240199455327353206e+00 1.457545417126655529e+00
1.255409018428322643e+00 2.224815174121637984e+00 2.089997849715358402e+00 2.243286455804144541e+00 1.473396148365025526e+00
1.261607286391438265e+00 2.213540187905456591e+00 2.079769943306458035e+00 2.243473676191374278e+00 1.489662872540778782e+00
1.267365059284072393e+00 2.206166869926065921e+00 2.078503954800570153e+00 2.239609961903748392e+00 1.508380750823883121e+00
1.273225809143470721e+00 2.199346283976431060e+00 2.086731181538531210e+00 2.234765301440631902e+00 1.525822461891694681e+00
1.278782855899414761e+00 2.193134537376988380e+00 2.098854932612031821e+00 2.229800740398188985e+00 1.541585057380449042e+00
1.284157521493569210e+00 2.187235343014004130e+00 2.112420367754911599e+00 2.224841258215953133e+00 1.556500405046205682e+00
1.289455512842928364e+00 2.181462336805361169e+00 2.126503697289924499e+00 2.219891479701292969e+00 1.571075382324316205e+00
1.294727756421464093e+00 2.175731168402680549e+00 2.140751848644962152e+00 2.214945739850646689e+00 1.585537691162158147e+00
1.300000000000000044e+00 2.169999999999999929e+00 2.154999999999999805e+00 2.209999999999999964e+00 1.600000000000000089e+00
