8.699999999999999956e-01 2.740000000000000213e+00 1.850000000000000089e+00 2.629999999999999893e+00 1.350000000000000089e+00
9.117461776231269299e-01 2.749586429296918766e+00 1.871959577667333674e+00 2.606494663490292574e+00 1.351321571762735374e+00
9.534923552462537533e-01 2.759172858593837763e+00 1.893919155334667037e+00 2.582989326980585698e+00 1.352643143525470437e+00
9.952385328693806876e-01 2.768759287890756760e+00 1.915878733002000622e+00 2.559483990470878378e+00 1.353964715288205722e+00
1.036984710492507400e+00 2.778345717187675312e+00 1.937838310669334208e+00 2.535978653961171503e+00 1.355286287050940786e+00
1.079815879596385253e+00 2.793420209339213311e+00 1.957233556327292234e+00 2.511074876430553715e+00 1.354492353350970291e+00
1.126297531851744083e+00 2.828610862093605682e+00 1.955336018432095813e+00 2.493298322461844574e+00 1.346427356519016794e+00
1.164521810457091133e+00 2.786528853983640808e+00 1.967280249703579953e+00 2.472289770755531801e+00 1.337169513422536316e+00
1.202548405044064683e+00 2.773150495833464735e+00 1.992333094117026970e+00 2.467693168665327175e+00 1.317865778607193228e+00
1.241503998582703439e+00 2.758330049541165785e+00 2.010162330776365192e+00 2.471737089954515021e+00 1.289718299009451119e+00
1.274372246568596934e+00 2.708236497764322515e+00 2.020884165182007308e+00 2.471146405598981133e+00 1.262556018383399037e+00
1.291570228368100093e+00 2.637321854154816680e+00 2.039283088828710344e+00 2.461334305326936533e+00 1.250773130909353714e+00
1.292230621182160144e+00 2.569779059975233704e+00 2.062758792652409578e+00 2.443979137801051582e+00 1.250317260940161379e+00
1.285234574387633888e+00 2.500052426124308891e+00 2.072711451243553604e+00 2.411138166153498741e+00 1.253222142612666401e+00
1.278392176939420644e+00 2.443789756157624726e+00 2.074066465567514506e+00 2.366767001950845994e+00 1.254570544028133838e+00
1.269008198882014549e+00 2.398935799539131608e+00 2.069309164243979815e+00 2.318548209262083937e+00 1.256593031791831683e+00
1.262791548312004020e+00 2.346532739595655670e+00 2.058149885822317060e+00 2.282096397277784128e+00 1.275333587693970872e+00
1.263328095297342690e+00 2.295000373761504786e+00 2.056011228321621864e+00 2.268835248871682087e+00 1.313470012852684388e+00
1.254854853776909529e+00 2.269722382076670542e+00 2.074792895129412784e+00 2.256180341045081583e+00 1.353471919364176212e+00
1.244503778970967645e+00 2.255221817104931414e+00 2.100980930551500592e+00 2.243880575683862233e+00 1.388152942043414662e+00
1.237779035803211469e+00 2.247068954972491373e+00 2.124692149957119192e+00 2.232719422063006220e+00 1.425582766801277712e+00
1.254277373839748355e+00 2.263269258002063467e+00 2.131257356549568271e+00 2.232948852690047392e+00 1.471463901105718453e+00
1.272136062151829172e+00 2.231280942311899107e+00 2.142042800593031870e+00 2.239073115295811434e+00 1.513470378453772192e+00
1.285961936644074211e+00 2.200150842686003916e+00 2.148228741592907998e+00 2.228747666722747489e+00 1.557818454740770742e+00
1.300000000000000044e+00 2.169999999999999929e+00 2.154999999999999805e+00 2.209999999999999964e+00 1.600000000000000089e+00
