8.699999999999999956e-01 2.740000000000000213e+00 1.850000000000000089e+00 2.629999999999999893e+00 1.350000000000000089e+00
9.172938676207941233e-01 2.754028624125989921e+00 1.862579190024901132e+00 2.603194026695600183e+00 1.341824255919899178e+00
9.645877352415882511e-01 2.768057248251979630e+00 1.875158380049802176e+00 2.576388053391200028e+00 1.333648511839798267e+00
1.011881602862382490e+00 2.782085872377969782e+00 1.887737570074702997e+00 2.549582080086800318e+00 1.325472767759697357e+00
1.059473251835735708e+00 2.788317325772121880e+00 1.900255985129333247e+00 2.521398958283683989e+00 1.319623743775464986e+00
1.102746271920516108e+00 2.803696389814439360e+00 1.918906102525655299e+00 2.493664763058262679e+00 1.319340622286825804e+00
1.141034795413323311e+00 2.777605726558496801e+00 1.938723530503097869e+00 2.472691204501136664e+00 1.336658401204078750e+00
1.149443776943156914e+00 2.714854131598155362e+00 1.944925389946204675e+00 2.448647969113660228e+00 1.364571631437809351e+00
1.173926641493758805e+00 2.677964271080628400e+00 1.952858518122108089e+00 2.483604293706527688e+00 1.347646433005875277e+00
1.197571472640800438e+00 2.690153416004524178e+00 1.964803085911759339e+00 2.503315151255072202e+00 1.308852874818213330e+00
1.233624461662006899e+00 2.672134638090477576e+00 1.984140417582744398e+00 2.499524855660849809e+00 1.279286860283135319e+00
1.266624309327849307e+00 2.629413281900819133e+00 2.003562048223582082e+00 2.475993081363538906e+00 1.264256629706636437e+00
1.283379693029099933e+00 2.575953089546020536e+00 2.024884707076210599e+00 2.444562427737801524e+00 1.255072987255101413e+00
1.282949871793984453e+00 2.523350378395217142e+00 2.047045206291088437e+00 2.408306172668024381e+00 1.250233528508793546e+00
1.275560361200146930e+00 2.477491710440260064e+00 2.065255864225028049e+00 2.365411881227085011e+00 1.250900550287102453e+00
1.268990258557976425e+00 2.427671583459837024e+00 2.073556950596832760e+00 2.319418918474169367e+00 1.257605607429105987e+00
1.263575257338935831e+00 2.363616151433839629e+00 2.069728277668866134e+00 2.286718084915928539e+00 1.279347075183374427e+00
1.257132366573509019e+00 2.314071638093216254e+00 2.070004792710367969e+00 2.269575845095418654e+00 1.318928411473465401e+00
1.248844047631983312e+00 2.282021302234175764e+00 2.079977735988971954e+00 2.249082415103034638e+00 1.360408608956507281e+00
1.238676195740470609e+00 2.261756470967248411e+00 2.090983790671844922e+00 2.232318894345399318e+00 1.404487739336320873e+00
1.226012246760641800e+00 2.249299417771023712e+00 2.098865987025690938e+00 2.226063374344373180e+00 1.451876543594807778e+00
1.218875252475078108e+00 2.242639570712220642e+00 2.106042005247160009e+00 2.228839207505138198e+00 1.499701858093390516e+00
1.253920766526543273e+00 2.199649420550837231e+00 2.129063002649664860e+00 2.218381647545903057e+00 1.514625069109427624e+00
1.276960383263271659e+00 2.184824710275418358e+00 2.142031501324832554e+00 2.214190823772951511e+00 1.557312534554713856e+00
1.300000000000000044e+00 2.169999999999999929e+00 2.154999999999999805e+00 2.209999999999999964e+00 1.600000000000000089e+00
