8.699999999999999956e-01 2.740000000000000213e+00 1.850000000000000089e+00 2.629999999999999893e+00 1.350000000000000089e+00
8.949130578628395893e-01 2.742796962392022753e+00 1.858939008267908033e+00 2.609471332972531865e+00 1.351560281268873620e+00
9.198261157256791831e-01 2.745593924784045292e+00 1.867878016535815977e+00 2.588942665945063837e+00 1.353120562537747151e+00
9.446285827539258051e-01 2.747865738165265803e+00 1.876951647452833827e+00 2.568405928595301368e+00 1.355024624586235626e+00
9.691184663594196724e-01 2.748823596929898638e+00 1.886347869573540725e+00 2.547879342408640113e+00 1.357783844765624082e+00
9.928972892843720421e-01 2.747352399704904968e+00 1.896287576354287019e+00 2.527484173961924707e+00 1.362105391183231262e+00
1.015157522281568525e+00 2.741934685403032201e+00 1.906941939399577235e+00 2.507594993219028012e+00 1.368896624417855978e+00
1.034374042550606276e+00 2.730678484538339834e+00 1.918137425636504911e+00 2.489001981526517415e+00 1.379086357449482270e+00
1.048268650551766878e+00 2.711806356921520500e+00 1.928708204930211556e+00 2.472709429460534292e+00 1.392985528986378618e+00
1.054652802143683843e+00 2.684837424567171560e+00 1.935660747154289263e+00 2.458675818580592587e+00 1.409398893527241459e+00
1.059532369185873790e+00 2.671771314068221326e+00 1.946376262043276961e+00 2.450959588049487436e+00 1.430486947784821217e+00
1.069047787095652735e+00 2.654594517856255997e+00 1.965833279116052212e+00 2.443058757809488224e+00 1.434693439465807963e+00
1.079415325477789178e+00 2.627315537141603485e+00 1.979021258222625201e+00 2.429614706673615121e+00 1.426190532166256464e+00
1.097474239919216554e+00 2.610237237462091908e+00 1.981677271741519419e+00 2.413465056293497835e+00 1.411415103500858637e+00
1.119673503090444999e+00 2.589440893804738852e+00 1.975967481109331736e+00 2.399256892058073021e+00 1.400862089245411557e+00
1.142869533072570665e+00 2.562907740000377466e+00 1.976299307869182398e+00 2.393216989275176676e+00 1.389193452500627757e+00
1.168307628054841230e+00 2.553834477462657571e+00 1.981998849967707699e+00 2.396150653010220566e+00 1.373572048305519600e+00
1.193019711850977327e+00 2.561735435972144703e+00 1.988587757249553611e+00 2.402096787355537000e+00 1.357441801646777302e+00
1.217182792943295677e+00 2.575597154970102665e+00 1.994665020442286885e+00 2.407049476783673647e+00 1.341405673351697692e+00
1.240571949394629447e+00 2.591901154018903863e+00 2.000563160943813035e+00 2.410784542669197172e+00 1.325135284273568415e+00
1.262479042142436114e+00 2.606454522883466574e+00 2.008860352240500191e+00 2.410980059872409598e+00 1.308139501121532211e+00
1.272374453005402195e+00 2.594226220276889983e+00 2.022804084695843940e+00 2.396128840360067791e+00 1.299766766329784495e+00
1.262872542556780608e+00 2.561828078674819764e+00 2.028659054717290022e+00 2.378162081062139332e+00 1.309223803043997991e+00
1.253192312313403667e+00 2.528975006634860190e+00 2.031534782017744067e+00 2.359933575553383456e+00 1.319222365496966365e+00
1.244544399465876250e+00 2.494696262037405354e+00 2.031051815129774063e+00 2.340706795090876646e+00 1.327357603429130783e+00
1.239806852887903155e+00 2.457953515441028802e+00 2.028237055913661990e+00 2.321209680147044985e+00 1.332517668042232595e+00
1.241909490371412517e+00 2.420155732371504165e+00 2.031439582416048051e+00 2.303544593817639541e+00 1.339271197405395908e+00
1.245764453371347891e+00 2.391543432041146389e+00 2.042943597448721782e+00 2.291235334598059836e+00 1.353585441180084947e+00
1.242849767591146293e+00 2.363330886056627556e+00 2.046710631932338043e+00 2.279527644874664638e+00 1.372237431064015967e+00
1.236213779738082996e+00 2.329484243898901408e+00 2.040114615633539685e+00 2.269470746240440207e+00 1.386856055875256954e+00
1.232265951106750190e+00 2.290892198525208201e+00 2.039180139706638695e+00 2.262240250182851575e+00 1.400293158845144381e+00
1.235438582827706799e+00 2.263942613073565813e+00 2.055414638881360556e+00 2.257257471890295797e+00 1.413238605398014380e+00
1.241646507245865783e+00 2.255728352718471275e+00 2.078580734664576379e+00 2.254053596706270923e+00 1.422414069588318064e+00
1.246665196258589736e+00 2.256335634821961644e+00 2.103099579469861258e+00 2.251885534467420236e+00 1.429363647578860030e+00
1.249180465091552783e+00 2.257784858160492902e+00 2.120851069628230334e+00 2.250481230608488925e+00 1.442050360580565460e+00
1.253419839812356162e+00 2.248349828267211858e+00 2.110747126974328758e+00 2.249366708759521494e+00 1.465560451564693611e+00
1.261162250310776001e+00 2.232374532794818123e+00 2.107143389354219298e+00 2.245618300461016403e+00 1.489204902142831966e+00
1.269207007437643142e+00 2.217142322721275427e+00 2.112975476852529066e+00 2.239557051504406537e+00 1.512409717907277296e+00
1.277101324136699967e+00 2.204018405890559418e+00 2.122573632912621022e+00 2.232424456878944419e+00 1.534535331016600779e+00
1.284807158490415491e+00 2.192312704505456900e+00 2.133229713423148599e+00 2.225039736818964275e+00 1.556381435256964707e+00
1.292403579245207768e+00 2.181156352252728414e+00 2.144114856711574202e+00 2.217519868409481898e+00 1.578190717628482398e+00
1.300000000000000044e+00 2.169999999999999929e+00 2.154999999999999805e+00 2.209999999999999964e+00 1.600000000000000089e+00
