8.699999999999999956e-01 2.740000000000000213e+00 1.850000000000000089e+00 2.629999999999999893e+00 1.350000000000000089e+00
9.069056434025875024e-01 2.741351003114916196e+00 1.869018284177644595e+00 2.613112609794890240e+00 1.349297296686825964e+00
9.438112868051748983e-01 2.742702006229831735e+00 1.888036568355289324e+00 2.596225219589781030e+00 1.348594593373652062e+00
9.807169302077622941e-01 2.744053009344747274e+00 1.907054852532933831e+00 2.579337829384671377e+00 1.347891890060477937e+00
1.017622573610349690e+00 2.745404012459663257e+00 1.926073136710578337e+00 2.562450439179562167e+00 1.347189186747304035e+00
1.054528217012937308e+00 2.746755015574578795e+00 1.945091420888222844e+00 2.545563048974452514e+00 1.346486483434129910e+00
1.091299602463338125e+00 2.748469559405042340e+00 1.964081682532504924e+00 2.528305737217928950e+00 1.345825101372075228e+00
1.122231565355932936e+00 2.758717281818770850e+00 1.982362387648544555e+00 2.501788678320553405e+00 1.343499833014521139e+00
1.141372405389203371e+00 2.768299063394877635e+00 1.973741872860097057e+00 2.462448559310796981e+00 1.349414977546885552e+00
1.159070892957478005e+00 2.741737437330664662e+00 1.973345253632453611e+00 2.450038719143014188e+00 1.380206112296404442e+00
1.169610629450838379e+00 2.686891453069262248e+00 1.986770774712574461e+00 2.435782932994107863e+00 1.378234151757296466e+00
1.191361708213581672e+00 2.682526428714907318e+00 2.000216673117922728e+00 2.427553401158826674e+00 1.348540529562281431e+00
1.218554350168694178e+00 2.672527725096648599e+00 1.998082519576469096e+00 2.425197668102041959e+00 1.318508797135902855e+00
1.236690654970081571e+00 2.628473121053440664e+00 1.986691277278335388e+00 2.420901454111015205e+00 1.295903467146767740e+00
1.246503631246294708e+00 2.568991771523768008e+00 1.974939047137943549e+00 2.408078504640129847e+00 1.285385286504138636e+00
1.250508791748313975e+00 2.509722955735176342e+00 1.965478098848152611e+00 2.384841493226074860e+00 1.288820940752241961e+00
1.247422578012173933e+00 2.460056857245000117e+00 1.961487299792106453e+00 2.354662337865114807e+00 1.303188689105853948e+00
1.239494998696871075e+00 2.419728125177313061e+00 1.964500687527275025e+00 2.322746512437382727e+00 1.322274939378829339e+00
1.232117503876682729e+00 2.386140821779209276e+00 1.974969336867848479e+00 2.293444544334272361e+00 1.344154703354190517e+00
1.231110381769999318e+00 2.359948923313126556e+00 1.993186806448283610e+00 2.271738021631738658e+00 1.368335740382812915e+00
1.235227043518371870e+00 2.341729178282940804e+00 2.022016580450119339e+00 2.260023563911018663e+00 1.382877656092724283e+00
1.234364239432721000e+00 2.331007977437002499e+00 2.055748260456652154e+00 2.252651793050276741e+00 1.378036308611909844e+00
1.232941828971872544e+00 2.320446631416738459e+00 2.088420700833299559e+00 2.239394094330709351e+00 1.379395030559789959e+00
1.237571056283785831e+00 2.302552810180085174e+00 2.112715454415851735e+00 2.216510731001759105e+00 1.396678173820497415e+00
1.249730612341208191e+00 2.277710451222793697e+00 2.124676288289994552e+00 2.200593425958630611e+00 1.426193120974463602e+00
1.264729808991546633e+00 2.252336209739064010e+00 2.136575284819527631e+00 2.200820141475027025e+00 1.457522982000131195e+00
1.275593955996802809e+00 2.230957710075855083e+00 2.146874982773653073e+00 2.202449065432634967e+00 1.491341531220875982e+00
1.284170844204709283e+00 2.210258682034557332e+00 2.150701185749775313e+00 2.204663841167766147e+00 1.527331846135383309e+00
1.292085422102354553e+00 2.190129341017278630e+00 2.152850592874887337e+00 2.207331920583882834e+00 1.563665923067691699e+00
1.300000000000000044e+00 2.169999999999999929e+00 2.154999999999999805e+00 2.209999999999999964e+00 1.600000000000000089e+00
