8.699999999999999956e-01 2.740000000000000213e+00 1.850000000000000089e+00 2.629999999999999893e+00 1.350000000000000089e+00
9.885742590788640927e-01 2.768457274175094796e+00 1.890315136872207535e+00 2.585814454498112536e+00 1.391305648536835582e+00
1.069255275527736693e+00 2.699244897087024420e+00 1.918098853967374229e+00 2.480683438388955331e+00 1.405816332226538901e+00
1.122672249762970420e+00 2.702622317631201199e+00 1.941193343192700871e+00 2.477941210150318874e+00 1.391742441655079210e+00
1.142789994911508344e+00 2.671471598567381367e+00 1.939512717774682704e+00 2.492970817760904456e+00 1.385079936406376611e+00
1.163964096428397266e+00 2.645301275897905757e+00 1.944389721958752038e+00 2.505789187280633268e+00 1.365168605963221760e+00
1.177089592183348854e+00 2.630832129522348239e+00 1.949368561258001398e+00 2.509881456021098245e+00 1.351151469323790488e+00
1.209814346881280755e+00 2.597982215847671306e+00 1.967065188774355100e+00 2.507594570984345683e+00 1.316862316255914545e+00
1.238540287579307675e+00 2.582369174347712182e+00 1.993016688493780775e+00 2.485503168466584256e+00 1.287275778744820354e+00
1.265463557068366773e+00 2.573688780687105826e+00 2.028928945348068780e+00 2.450658997518043947e+00 1.259384774750620606e+00
1.269167900386206638e+00 2.538936684480934680e+00 2.035732342829070785e+00 2.422095864594609349e+00 1.251994533224591422e+00
1.267608026526376941e+00 2.451000689941325472e+00 2.034522817755931356e+00 2.358810322077764976e+00 1.243586216237441588e+00
1.267122576039583670e+00 2.444824018995571890e+00 2.035509366144617527e+00 2.353771812130486474e+00 1.244165925379504989e+00
1.264810198603255387e+00 2.419130548203452413e+00 2.043451553550266198e+00 2.330946316744465729e+00 1.249482825465144442e+00
1.254215914346219929e+00 2.334095294579562552e+00 2.085430149256086718e+00 2.248505433838584811e+00 1.287788911915118240e+00
1.248464123901398271e+00 2.320649866281142337e+00 2.093403419521929543e+00 2.237485366033176160e+00 1.315113059095594839e+00
1.241750463642916191e+00 2.307383048239991297e+00 2.098702126307292914e+00 2.233779033027301963e+00 1.351113673742082355e+00
1.231671609826255009e+00 2.292930795549898981e+00 2.106550359985892129e+00 2.252569249590479217e+00 1.429984916535081751e+00
1.229597607665348313e+00 2.302605098027907360e+00 2.114934655438823974e+00 2.260360719844997313e+00 1.447044661588606784e+00
1.229267442131514176e+00 2.319720539466366027e+00 2.139965111117359431e+00 2.257533643951316726e+00 1.464977093981124634e+00
1.239306904269670939e+00 2.311435514218395770e+00 2.163671119175510693e+00 2.240546027633175008e+00 1.472696734567408461e+00
1.247233148491546428e+00 2.296060525667647845e+00 2.168031988532154841e+00 2.233818876416926003e+00 1.484824801745077583e+00
1.265454638305676838e+00 2.256364614615591790e+00 2.170337318656697878e+00 2.222201680722591721e+00 1.519025715271009824e+00
1.300000000000000044e+00 2.169999999999999929e+00 2.154999999999999805e+00 2.209999999999999964e+00 1.600000000000000089e+00
