8.699999999999999956e-01 2.740000000000000213e+00 1.850000000000000089e+00 2.629999999999999893e+00 1.350000000000000089e+00
8.953743465877459506e-01 2.737172660525833745e+00 1.861289688693176680e+00 2.605014159340565794e+00 1.349519999829108086e+00
9.207486931754919057e-01 2.734345321051666833e+00 1.872579377386353050e+00 2.580028318681131250e+00 1.349039999658216082e+00
9.461230397632378608e-01 2.731517981577500365e+00 1.883869066079529642e+00 2.555042478021697150e+00 1.348559999487323857e+00
9.714973863509838159e-01 2.728690642103333897e+00 1.895158754772706233e+00 2.530056637362262606e+00 1.348079999316431854e+00
9.970362239680290450e-01 2.726967008894436439e+00 1.906784800147357295e+00 2.505476071471485433e+00 1.347934754777941446e+00
1.022905522741941908e+00 2.729888567992285964e+00 1.919773677824757607e+00 2.482708940162500433e+00 1.348972019334586658e+00
1.046244393163874964e+00 2.738863187077789529e+00 1.935092906218824238e+00 2.461004722346875173e+00 1.347056648054919759e+00
1.068991939053941298e+00 2.718783204751439531e+00 1.950639937809828250e+00 2.444905349058052124e+00 1.343753376008381961e+00
1.085441525229144943e+00 2.678771054902619575e+00 1.965048665752677115e+00 2.443853775418143304e+00 1.348873339737694854e+00
1.094700217478981941e+00 2.635381979439114897e+00 1.976605196146631771e+00 2.431496806111258735e+00 1.357224518379698042e+00
1.101184776751282568e+00 2.598531666134254792e+00 1.985623712894676540e+00 2.410019460733062502e+00 1.368735684156186849e+00
1.106689662806394470e+00 2.562192968275686322e+00 1.988841841280811096e+00 2.388380540335315771e+00 1.384313541993076102e+00
1.115061269058009730e+00 2.517817535404966556e+00 1.986965611781912555e+00 2.371634698374792460e+00 1.396204654920942811e+00
1.124330599256673002e+00 2.468615909933745023e+00 1.983663966074454166e+00 2.356289441289644238e+00 1.396892897435377368e+00
1.129235296798331900e+00 2.426766071876277131e+00 1.981334003853010284e+00 2.331930855052848361e+00 1.392813371829066504e+00
1.149867251106736266e+00 2.407729516053261687e+00 1.987349755071654123e+00 2.311260469759135461e+00 1.378725279913679103e+00
1.178576223738377005e+00 2.415335431416523182e+00 1.997811206671801898e+00 2.310373051955064039e+00 1.361651108011460387e+00
1.206391757322626601e+00 2.431235870571694768e+00 2.008401239323435394e+00 2.317043786291147267e+00 1.345628605380034148e+00
1.231371831636008940e+00 2.453942646174650299e+00 2.018391028055337877e+00 2.330553717546554715e+00 1.331851276881403257e+00
1.251651232185414742e+00 2.483314072141135309e+00 2.026116664925263766e+00 2.350690691615567207e+00 1.321173400313718771e+00
1.266810445702916788e+00 2.518545643785022659e+00 2.028424334197565404e+00 2.374391223034224119e+00 1.312565614562491989e+00
1.277900594699186154e+00 2.555871580009063671e+00 2.019392645388932372e+00 2.394053899279396269e+00 1.302663432643448083e+00
1.276767791725099244e+00 2.555288826711207051e+00 1.998011641831872742e+00 2.381813968074003363e+00 1.294881610042802000e+00
1.263224469237016923e+00 2.518996441909751027e+00 1.996048784056522418e+00 2.356353182588986517e+00 1.300482305485234580e+00
1.248713702265523917e+00 2.484679414691238541e+00 2.001162184144052336e+00 2.330597828921214809e+00 1.304796070137956177e+00
1.238877384954879091e+00 2.459965311106906860e+00 2.010923101359400000e+00 2.301134606342722932e+00 1.298298226924727405e+00
1.244214725848148184e+00 2.424666347084388107e+00 2.008904004840089463e+00 2.276013177633083195e+00 1.296751551337176123e+00
1.251294582373093878e+00 2.406083527058402893e+00 2.018571155707564735e+00 2.278505646232176662e+00 1.323877268036612653e+00
1.246364483401062317e+00 2.394337360389486413e+00 2.035091149635150920e+00 2.281659317068930548e+00 1.348005306677152904e+00
1.240359416112582380e+00 2.371482586610857535e+00 2.040326219096050941e+00 2.284368946476643458e+00 1.376140117306422717e+00
1.237235572818276008e+00 2.343824818732297199e+00 2.036977409885001755e+00 2.286168221349449858e+00 1.403758793842025732e+00
1.238023784479105105e+00 2.308125078860553181e+00 2.031829527685013570e+00 2.285644415476213442e+00 1.427534209289378797e+00
1.241413490857574242e+00 2.263344973039400188e+00 2.039218902424897895e+00 2.280218353419726895e+00 1.442515215692072417e+00
1.244187994763927607e+00 2.234431332770864032e+00 2.061920961815154385e+00 2.273105449853860982e+00 1.447890678726322378e+00
1.247918141542887938e+00 2.223306016693859632e+00 2.088200218453675205e+00 2.267361312936737150e+00 1.454506481577761967e+00
1.254000129851779777e+00 2.220960104164589222e+00 2.113139803921723736e+00 2.261473103026150344e+00 1.466868138591026494e+00
1.262432577490471441e+00 2.219537380428300288e+00 2.132608424838806194e+00 2.253963132850414386e+00 1.487736140779033045e+00
1.272014119074249550e+00 2.211940725123081375e+00 2.143283450814516211e+00 2.244742166273682393e+00 1.515015353376333529e+00
1.281604678221136329e+00 2.198127084218645333e+00 2.148132640187806253e+00 2.233907944540710844e+00 1.543337270441854869e+00
1.290802339110568075e+00 2.184063542109322853e+00 2.151566320093903251e+00 2.221953972270355404e+00 1.571668635220927479e+00
1.300000000000000044e+00 2.169999999999999929e+00 2.154999999999999805e+00 2.209999999999999964e+00 1.600000000000000089e+00
