8.699999999999999956e-01 2.740000000000000213e+00 1.850000000000000089e+00 2.629999999999999893e+00 1.350000000000000089e+00
9.165924692070367419e-01 2.758720291466536967e+00 1.865851178158412393e+00 2.606595174473175014e+00 1.353397968063818624e+00
9.631849384140734882e-01 2.777440582933073721e+00 1.881702356316824920e+00 2.583190348946350579e+00 1.356795936127636937e+00
1.009777407621110346e+00 2.796160874399610474e+00 1.897553534475237225e+00 2.559785523419525699e+00 1.360193904191455472e+00
1.056369876828147092e+00 2.814881165866147228e+00 1.913404712633649529e+00 2.536380697892701264e+00 1.363591872255273785e+00
1.096029975596159556e+00 2.821289700983419912e+00 1.933063034059855800e+00 2.505473660271126501e+00 1.359403168474231594e+00
1.122803979709800615e+00 2.794476133002589791e+00 1.953683990512238511e+00 2.476120241448661385e+00 1.379325385234670076e+00
1.158527147872029595e+00 2.779415582381594696e+00 1.966651250671697770e+00 2.483216089453012643e+00 1.345899091571627793e+00
1.196226016571502404e+00 2.727794327089992255e+00 1.975187909596226143e+00 2.487300174095766980e+00 1.322982950367808108e+00
1.238799729024730567e+00 2.690492240010052605e+00 1.984554743352412221e+00 2.486772876294431889e+00 1.298142531857394921e+00
1.279398296595270823e+00 2.680629351421207840e+00 2.003889895628437667e+00 2.486201895941491546e+00 1.271730005355053317e+00
1.295740759849851820e+00 2.642897922955655510e+00 2.033254480282054022e+00 2.472995274300428203e+00 1.252849399504192496e+00
1.286380124783282231e+00 2.579368458865872960e+00 2.044569659849979182e+00 2.440180949685051282e+00 1.240374330838902583e+00
1.274539145708876831e+00 2.521451324277379946e+00 2.039853962813266808e+00 2.398985160605832778e+00 1.233767541261707512e+00
1.266661839254064503e+00 2.466873327332982591e+00 2.033902353548494801e+00 2.355041151464928095e+00 1.235325854737530760e+00
1.263355506485576374e+00 2.411262732971498401e+00 2.040000795576423442e+00 2.313905695863203604e+00 1.248493403210026997e+00
1.261962811035141296e+00 2.360662862605535484e+00 2.056472159746582040e+00 2.285188274741146941e+00 1.274314449549017958e+00
1.256484373343768057e+00 2.315109239976545830e+00 2.068590691991120334e+00 2.265032230739697727e+00 1.310471955133186484e+00
1.246848218277877063e+00 2.278596562084577393e+00 2.076670668190310209e+00 2.246455519301228776e+00 1.351160566098447591e+00
1.238340715511278667e+00 2.254413479417959998e+00 2.092928973171274354e+00 2.227932385810649230e+00 1.391086663190416628e+00
1.235959985288803242e+00 2.244253801957999173e+00 2.120080921304420052e+00 2.217352605223874562e+00 1.426544601432669257e+00
1.244830224987797163e+00 2.245536332536662183e+00 2.144176723356619352e+00 2.219590307776944105e+00 1.465694605355946534e+00
1.264200450998078207e+00 2.228406366293343766e+00 2.150938259122808116e+00 2.214917907783197304e+00 1.510919740255368016e+00
1.284249852222043131e+00 2.198504253978779577e+00 2.154070053245112248e+00 2.211174513864552438e+00 1.554558580130709355e+00
1.300000000000000044e+00 2.169999999999999929e+00 2.154999999999999805e+00 2.209999999999999964e+00 1.600000000000000089e+00
