8.699999999999999956e-01 2.740000000000000213e+00 1.850000000000000089e+00 2.629999999999999893e+00 1.350000000000000089e+00
8.938714150262101477e-01 2.729647835989148064e+00 1.860167765202392687e+00 2.608004557958181646e+00 1.349794551443347368e+00
9.177428300524202998e-01 2.719295671978296358e+00 1.870335530404785507e+00 2.586009115916363399e+00 1.349589102886694869e+00
9.416142450786303408e-01 2.708943507967444653e+00 1.880503295607178327e+00 2.564013673874544708e+00 1.349383654330042148e+00
9.654856601048404929e-01 2.698591343956592503e+00 1.890671060809570925e+00 2.542018231832726460e+00 1.349178205773389649e+00
9.892481513289058670e-01 2.689370848432329542e+00 1.901077187918623457e+00 2.519901677730838063e+00 1.349451269380930851e+00
1.012145998668371183e+00 2.684136264931442639e+00 1.912231103708754043e+00 2.497140122343250557e+00 1.350869506677535803e+00
1.033169869454892087e+00 2.691209849615412875e+00 1.924585855072094898e+00 2.474272406283624104e+00 1.353054005982133878e+00
1.055648559458735258e+00 2.704595649745163755e+00 1.934878133148590251e+00 2.452953746647702715e+00 1.358089782903953768e+00
1.076282025481354099e+00 2.687953136258903530e+00 1.942944386272446478e+00 2.433732620948764858e+00 1.367001712332021945e+00
1.085541451776891542e+00 2.649327346080497581e+00 1.953494758937917464e+00 2.419898697268883403e+00 1.375046079603324145e+00
1.093097108465555412e+00 2.624635821522071755e+00 1.970992734779464906e+00 2.403481061856377998e+00 1.382325476903673245e+00
1.111775825064097889e+00 2.648361504150475998e+00 1.983885411246564034e+00 2.395479549674816688e+00 1.389060481975817440e+00
1.120936272841661641e+00 2.605574025824639151e+00 1.980430767341022635e+00 2.406540947849824086e+00 1.400100594610117710e+00
1.126729994793312706e+00 2.565927796537514904e+00 1.994099859764807858e+00 2.403342848141492905e+00 1.410729055135684362e+00
1.133616647510267139e+00 2.532401390947235598e+00 2.012212591339684664e+00 2.393404159754974003e+00 1.413208416263010303e+00
1.139485428809746237e+00 2.488098297281322147e+00 2.014327232809637103e+00 2.381143870226369863e+00 1.402666306761528814e+00
1.150381872622795898e+00 2.464914891833617450e+00 2.009012852884711542e+00 2.376000750166695763e+00 1.386882763140523167e+00
1.171754732627559248e+00 2.482917022469068424e+00 2.019615403531318965e+00 2.377439368565319011e+00 1.371487332160252759e+00
1.194532304291315405e+00 2.499431862884844868e+00 2.023449648587828165e+00 2.383019105749809352e+00 1.354263279316598734e+00
1.218549935080230906e+00 2.518900570586303012e+00 2.022779213636536344e+00 2.388381648512922784e+00 1.338024471497521128e+00
1.244277867104896629e+00 2.536370258468934491e+00 2.024993887103104129e+00 2.390495927247249242e+00 1.324186392313614125e+00
1.267910269972231996e+00 2.533521994657478515e+00 2.037126332288294428e+00 2.373806945668153201e+00 1.321205828009185845e+00
1.271036028678545149e+00 2.507040808096013595e+00 2.047711570963966388e+00 2.348468244151807216e+00 1.327830094883766243e+00
1.264151033793381451e+00 2.472254264964290904e+00 2.050763417994155624e+00 2.324301874463416961e+00 1.331941191788586831e+00
1.250463945622954487e+00 2.439611525909629819e+00 2.038454477410367893e+00 2.307385763684445479e+00 1.331112198742769648e+00
1.240394418053236913e+00 2.418284371290401857e+00 2.015721918140350954e+00 2.301815039805028995e+00 1.329766257439475963e+00
1.238331258510497523e+00 2.389451702859206605e+00 2.002099696799182649e+00 2.293767048323827051e+00 1.337138269458773898e+00
1.238811738478190927e+00 2.363471440443477345e+00 2.015958391489471868e+00 2.286150745148975538e+00 1.353333399880743526e+00
1.238388486088864759e+00 2.348688195063499684e+00 2.036194387184823373e+00 2.285689083109182729e+00 1.368340818358244393e+00
1.237738817367417976e+00 2.333949623524710582e+00 2.056673049914579998e+00 2.286312132444509704e+00 1.383028955487493494e+00
1.237773690811688532e+00 2.316321274694833399e+00 2.077231385768108840e+00 2.283632569710960070e+00 1.396736588259481548e+00
1.239097246949415254e+00 2.294312804560595609e+00 2.096830255220487160e+00 2.276649723570446593e+00 1.409530350362334872e+00
1.242045628376440947e+00 2.267143448680044582e+00 2.113535536053613662e+00 2.267356792278834909e+00 1.422951640038045973e+00
1.246788500510038755e+00 2.236760908997297737e+00 2.125584875449978206e+00 2.259153345734754570e+00 1.439140935778556507e+00
1.253345329931415453e+00 2.209258915843628657e+00 2.132519422776147255e+00 2.254372755697763075e+00 1.459130070076065433e+00
1.261279966763632299e+00 2.190910509697080233e+00 2.136395733697610932e+00 2.251544737834791921e+00 1.481914989974803865e+00
1.269523085072159496e+00 2.181963399614496701e+00 2.140293884146866166e+00 2.246528262988160662e+00 1.505658725278535615e+00
1.277154266768916635e+00 2.177853781289854407e+00 2.144860922206686116e+00 2.237901875317569012e+00 1.529169729148125212e+00
1.284688857784660687e+00 2.175471618977425692e+00 2.148492248573785623e+00 2.228515700345815365e+00 1.552747423299861929e+00
1.292344428892330477e+00 2.172735809488712810e+00 2.151746124286892492e+00 2.219257850172907442e+00 1.576373711649931009e+00
1.300000000000000044e+00 2.169999999999999929e+00 2.154999999999999805e+00 2.209999999999999964e+00 1.600000000000000089e+00
