8.699999999999999956e-01 2.740000000000000213e+00 1.850000000000000089e+00 2.629999999999999893e+00 1.350000000000000089e+00
8.954435451343761843e-01 2.743126138006493520e+00 1.861317881530587304e+00 2.614344103559222532e+00 1.350607213827581532e+00
9.208870902687524840e-01 2.746252276012986382e+00 1.872635763061174297e+00 2.598688207118445170e+00 1.351214427655163197e+00
9.463306354031286727e-01 2.749378414019479244e+00 1.883953644591761512e+00 2.583032310677667809e+00 1.351821641482744640e+00
9.717741805375049724e-01 2.752504552025972551e+00 1.895271526122348504e+00 2.567376414236890447e+00 1.352428855310326083e+00
9.972177256718811611e-01 2.755630690032465857e+00 1.906589407652935719e+00 2.551720517796113086e+00 1.353036069137907749e+00
1.022661270806257461e+00 2.758756828038958719e+00 1.917907289183522934e+00 2.536064621355335724e+00 1.353643282965489192e+00
1.047297128237103747e+00 2.762601897050303901e+00 1.928902329021609185e+00 2.519022426107339729e+00 1.354911631720959519e+00
1.067485444511967918e+00 2.761002859098790729e+00 1.938135689057317146e+00 2.497454672796961539e+00 1.359670921470596650e+00
1.076345821663629465e+00 2.747912107983009999e+00 1.947392345013359005e+00 2.477594526201319258e+00 1.370950269716487036e+00
1.082683635753503903e+00 2.756850850508117290e+00 1.962923134257394508e+00 2.474548576013892109e+00 1.367379701743308695e+00
1.098143245732714934e+00 2.741894717238546164e+00 1.969716292619882347e+00 2.468411416114893786e+00 1.352812949746308391e+00
1.111507158364810177e+00 2.729709162547336199e+00 1.975140788198626041e+00 2.458007334090813512e+00 1.369593102080002511e+00
1.116022581833501670e+00 2.708419672701626091e+00 1.976552067159620840e+00 2.447334967499657399e+00 1.386573349423911417e+00
1.112315009438842317e+00 2.666729382643787449e+00 1.969406298949373912e+00 2.439035960125045310e+00 1.394492273692659046e+00
1.111021219399938698e+00 2.629295744014883418e+00 1.964347058369512622e+00 2.434754713448357144e+00 1.407363409501543927e+00
1.116249675222787507e+00 2.594926433425184253e+00 1.965145960958466276e+00 2.429536022338909529e+00 1.421888182819679436e+00
1.124467923076558407e+00 2.553811789762514550e+00 1.970122197637841799e+00 2.416972356161273261e+00 1.427756732574738008e+00
1.126825472074483026e+00 2.512875816378327354e+00 1.972584510882330555e+00 2.399140692459880597e+00 1.424149711763832205e+00
1.122602694642399257e+00 2.476575684918646658e+00 1.970012484399128683e+00 2.380518744604343873e+00 1.416438555114721609e+00
1.113479112742077337e+00 2.442821339288307136e+00 1.968305689548156101e+00 2.363430118900794685e+00 1.406951540597216610e+00
1.101178221404950586e+00 2.409047645925743275e+00 1.972420294022567910e+00 2.346683132333272859e+00 1.399432992637931861e+00
1.093850151640445301e+00 2.374649045972538453e+00 1.976954504921348166e+00 2.324783867243982893e+00 1.398873174936447139e+00
1.104068977059204926e+00 2.351724435274534564e+00 1.978875026649161040e+00 2.298628189474158034e+00 1.403181863032125332e+00
1.132119545578734732e+00 2.361911744718012685e+00 1.986215977570506608e+00 2.285906155899633863e+00 1.407251275942152269e+00
1.156906841780816819e+00 2.372349583959165287e+00 2.000766226894500566e+00 2.280735624303478204e+00 1.411445724051379358e+00
1.174655832049358306e+00 2.360384072425648405e+00 2.019050933277531712e+00 2.272329149940208293e+00 1.415290694366606372e+00
1.190381285432931868e+00 2.343749379223184715e+00 2.037444450256865380e+00 2.263471401211147871e+00 1.418820422142638815e+00
1.206065264026624284e+00 2.325822650551423454e+00 2.055838772564366312e+00 2.256249357144092915e+00 1.422774674511181781e+00
1.222597660627460670e+00 2.303538395939015437e+00 2.072864156404355729e+00 2.253383315044917623e+00 1.427894987161401064e+00
1.237643024715889162e+00 2.272123732669985685e+00 2.087537887282517435e+00 2.255403717850619660e+00 1.426690321748775414e+00
1.237729234080808816e+00 2.256812156552918669e+00 2.085364380045470423e+00 2.260741840459489893e+00 1.440481094007716845e+00
1.243224175886268545e+00 2.264307350804209751e+00 2.097609970703739002e+00 2.262603116647107449e+00 1.455583383242802675e+00
1.248928927829127566e+00 2.224722647424518751e+00 2.097342359400382605e+00 2.253173360239909329e+00 1.451503788172195275e+00
1.252652802563380074e+00 2.203705980764468109e+00 2.095538612099137499e+00 2.244335254508948552e+00 1.468388207801874623e+00
1.258407131880943552e+00 2.197838447592217026e+00 2.101268341810579088e+00 2.239254345695249171e+00 1.487999001979785740e+00
1.265148445699978863e+00 2.193483565947464076e+00 2.109604110613727102e+00 2.234617187366009450e+00 1.506941069424296176e+00
1.272098970827933107e+00 2.188816779112087385e+00 2.118618127334068735e+00 2.229718744889939153e+00 1.525583358595841377e+00
1.279074228120949952e+00 2.184112584334065410e+00 2.127713595500551502e+00 2.224789058667454356e+00 1.544187518946880999e+00
1.286049485413966575e+00 2.179408389556043435e+00 2.136809063667034270e+00 2.219859372444969559e+00 1.562791679297920844e+00
1.293024742706983421e+00 2.174704194778021904e+00 2.145904531833517037e+00 2.214929686222484762e+00 1.581395839648960688e+00
1.300000000000000044e+00 2.169999999999999929e+00 2.154999999999999805e+00 2.209999999999999964e+00 1.600000000000000089e+00
