8.699999999999999956e-01 2.740000000000000213e+00 1.850000000000000089e+00 2.629999999999999893e+00 1.350000000000000089e+00
9.001288634814036405e-01 2.735986927444200134e+00 1.864127516767373427e+00 2.607579949037833522e+00 1.347411496293916544e+00
9.302577269628071743e-01 2.731973854888400499e+00 1.878255033534746987e+00 2.585159898075667595e+00 1.344822992587832777e+00
9.603865904442108192e-01 2.727960782332600864e+00 1.892382550302120325e+00 2.562739847113501224e+00 1.342234488881749233e+00
9.905154539256144641e-01 2.723947709776800785e+00 1.906510067069493664e+00 2.540319796151335296e+00 1.339645985175665466e+00
1.020644317407018109e+00 2.719934637221000706e+00 1.920637583836867224e+00 2.517899745189168925e+00 1.337057481469581921e+00
1.050857805440931880e+00 2.715892757355521603e+00 1.934629488238708506e+00 2.495419167924311843e+00 1.334568250235760312e+00
1.082681847433647260e+00 2.714563694615300449e+00 1.941578333508479748e+00 2.469903810952152057e+00 1.338732398282868497e+00
1.108173712400631006e+00 2.737203524041133207e+00 1.950675699454434087e+00 2.445380792421557370e+00 1.347043290772623969e+00
1.146701912603359741e+00 2.745784840208861155e+00 1.959415779690047321e+00 2.440073471949025574e+00 1.348053237137879723e+00
1.186649309385119810e+00 2.731875689294911425e+00 1.957057663846801798e+00 2.432921726229775317e+00 1.347782570102723065e+00
1.223456913593755413e+00 2.720532154978362982e+00 1.968943781848099261e+00 2.428264640815202657e+00 1.342732123740354888e+00
1.251574293540928640e+00 2.692871375602702955e+00 1.984835926895538449e+00 2.427250205590530729e+00 1.333650313079440597e+00
1.270146682059658527e+00 2.648718316312724141e+00 1.992934836179935720e+00 2.417779639876384667e+00 1.320967232003244174e+00
1.280187492490243883e+00 2.596890229928256133e+00 1.998330437282522798e+00 2.404668362942658622e+00 1.310776161342389390e+00
1.281588014109249052e+00 2.540432604486574153e+00 2.002206165876883492e+00 2.392237937506151546e+00 1.304397138446293347e+00
1.276797058272113539e+00 2.487841462774341483e+00 2.007351438655342601e+00 2.374657552484443990e+00 1.297422196634912206e+00
1.270852703456738730e+00 2.448833916113491327e+00 2.019536732708303362e+00 2.351574275962652560e+00 1.286449877392685126e+00
1.264790919608698605e+00 2.419566049340702740e+00 2.033608548212430644e+00 2.323545439138054558e+00 1.275041630079714050e+00
1.259884270986501686e+00 2.397269493577949717e+00 2.038034194920045117e+00 2.286610926665469723e+00 1.278305507246283446e+00
1.257567541573931358e+00 2.377917666924246998e+00 2.025857183781926363e+00 2.270131951096151735e+00 1.302158772776699225e+00
1.254378400485117506e+00 2.339819709388073932e+00 2.023962051728047662e+00 2.259138820575172790e+00 1.326240067499858899e+00
1.256647507777458150e+00 2.317580811700092891e+00 2.038111035855328712e+00 2.240739807178511622e+00 1.349136832599897806e+00
1.257900638472005950e+00 2.300729009455423579e+00 2.055648991802228487e+00 2.224410898055638519e+00 1.372013241806702810e+00
1.254877078945205504e+00 2.283401901300068371e+00 2.077464838787304480e+00 2.210152421248555044e+00 1.390714179714261700e+00
1.248777123955408630e+00 2.266110510711996984e+00 2.104527809502046765e+00 2.200062780088984482e+00 1.399855344600475782e+00
1.257590589437020512e+00 2.258375156963815744e+00 2.129094775021189712e+00 2.202815942781223946e+00 1.413566482096643595e+00
1.269133792226228241e+00 2.227503217527540880e+00 2.125102044963838921e+00 2.203603992682075852e+00 1.440589263632830352e+00
1.275409131289140241e+00 2.204299203084745251e+00 2.130399058415803015e+00 2.201932960279729734e+00 1.470829077433703613e+00
1.281492768357136214e+00 2.189439410417330034e+00 2.137656906613531582e+00 2.203302090842460093e+00 1.502234877418271664e+00
1.287706523451371154e+00 2.181271872572430492e+00 2.143710949007390454e+00 2.205659901583204352e+00 1.534643279561505036e+00
1.293853261725685488e+00 2.175635936286215433e+00 2.149355474503694907e+00 2.207829950791602158e+00 1.567321639780752340e+00
1.300000000000000044e+00 2.169999999999999929e+00 2.154999999999999805e+00 2.209999999999999964e+00 1.600000000000000089e+00
