8.699999999999999956e-01 2.740000000000000213e+00 1.850000000000000089e+00 2.629999999999999893e+00 1.350000000000000089e+00
8.932386723410529195e-01 2.732657658696654668e+00 1.859442368004844193e+00 2.608552851272755380e+00 1.352253628958182574e+00
9.164773446821057323e-01 2.725315317393309122e+00 1.868884736009688297e+00 2.587105702545510422e+00 1.354507257916365059e+00
9.397160170231586562e-01 2.717972976089964021e+00 1.878327104014532400e+00 2.565658553818265908e+00 1.356760886874547767e+00
9.629546893642115801e-01 2.710630634786618032e+00 1.887769472019376504e+00 2.544211405091020950e+00 1.359014515832730252e+00
9.862140396452582225e-01 2.703220317911297244e+00 1.897240543152806103e+00 2.522796803781262476e+00 1.361149635131027047e+00
1.009573975712578342e+00 2.695422652634888117e+00 1.906869968163452222e+00 2.501588162242267543e+00 1.362597086285425529e+00
1.033212795545704221e+00 2.687019741186837507e+00 1.916942992538132273e+00 2.481260535889129759e+00 1.362256418641353273e+00
1.057581808779496813e+00 2.682527869306830848e+00 1.928517274515731073e+00 2.463181417567696485e+00 1.361046946087296261e+00
1.076997911459521173e+00 2.691545317912471980e+00 1.942257342349547500e+00 2.445696009977905483e+00 1.364835845786896318e+00
1.086205323634270581e+00 2.672403422418843544e+00 1.949759136659984460e+00 2.427322189809942632e+00 1.360491434102618413e+00
1.092785495547830887e+00 2.630419318285496466e+00 1.952465755801054526e+00 2.416606037718718181e+00 1.358675216954301046e+00
1.099582583061171404e+00 2.590432819383750473e+00 1.955544789521499016e+00 2.405452395215314176e+00 1.364858720514400492e+00
1.106874097556489689e+00 2.553461989749907790e+00 1.958089637451342124e+00 2.396607472374656655e+00 1.375030378185921442e+00
1.117274549815504558e+00 2.524752053076981362e+00 1.964880736061966671e+00 2.392243608454469150e+00 1.388872713968525519e+00
1.125971749697913360e+00 2.506084222610318601e+00 1.980208582003117890e+00 2.388633263579150068e+00 1.401852835468134328e+00
1.125493382006306220e+00 2.488627532259207964e+00 2.001424359218241023e+00 2.379720150727490768e+00 1.405799367156973734e+00
1.129281120719749953e+00 2.448892522243121928e+00 2.005607486820641050e+00 2.365272910970755760e+00 1.401805197371191802e+00
1.134283061943532456e+00 2.418409545884547374e+00 1.990859735371928840e+00 2.354441115231217019e+00 1.395310302666937563e+00
1.136006909801440035e+00 2.386237983549136299e+00 1.996256680377588522e+00 2.330336735146208316e+00 1.394812133856869307e+00
1.141559196642748297e+00 2.354042972287873958e+00 2.006534426404076754e+00 2.311705263216862427e+00 1.399044638397326290e+00
1.151334257600650446e+00 2.323304510443627180e+00 2.016951731834313311e+00 2.293720923102905207e+00 1.403453757892437759e+00
1.163451640365012141e+00 2.299401367210004210e+00 2.029402747914584637e+00 2.274893971120849567e+00 1.409269926070868761e+00
1.176989359084525955e+00 2.284175097176385894e+00 2.042862585595362823e+00 2.253818482590515426e+00 1.415755795015266827e+00
1.198525177750884074e+00 2.279055923054912114e+00 2.054040591480338573e+00 2.237897685427271188e+00 1.409701180278412513e+00
1.204713692202077358e+00 2.293275505350499621e+00 2.074219829215077748e+00 2.239641831053847287e+00 1.404568849869520353e+00
1.205076906555711203e+00 2.309087333279918219e+00 2.096870508328854577e+00 2.243317461940719237e+00 1.407961327954001529e+00
1.206534366386137647e+00 2.323491208579437473e+00 2.119448827148316283e+00 2.245769735312900028e+00 1.413462294224309135e+00
1.206526342618546632e+00 2.317889087720166774e+00 2.132058589129977477e+00 2.247016730039820054e+00 1.424315627735489587e+00
1.210817662675641060e+00 2.292283570581873153e+00 2.115215227364662720e+00 2.236969366347622667e+00 1.430579901062936532e+00
1.225244323958509129e+00 2.277620093689848524e+00 2.105003447456167187e+00 2.219339771916384763e+00 1.441944297662049346e+00
1.241608264456804944e+00 2.275773200933979279e+00 2.100798378698069513e+00 2.204937503413744615e+00 1.458138512314382629e+00
1.252672756827076794e+00 2.273275229810300058e+00 2.096172209469652881e+00 2.194620013166721062e+00 1.476915621292982372e+00
1.259723862602126543e+00 2.264286052950116535e+00 2.089440163070708678e+00 2.187140131730239467e+00 1.495249649822380400e+00
1.260399139545616221e+00 2.252327216156875700e+00 2.080208211117130723e+00 2.197432665789910811e+00 1.479993380344517551e+00
1.255039637292719279e+00 2.235317030551287498e+00 2.098303715886959520e+00 2.199472021063558547e+00 1.490509903689397841e+00
1.255473722034778472e+00 2.223322709645984663e+00 2.110605588676966793e+00 2.200077813540751936e+00 1.508136433987952163e+00
1.260567802585603747e+00 2.212576349167472589e+00 2.121503753098779477e+00 2.201479860120503229e+00 1.526337033153878808e+00
1.269105371078412814e+00 2.202049805589134657e+00 2.130956099143651805e+00 2.203453441850244943e+00 1.544657148215097031e+00
1.279251960295087809e+00 2.191445530436907596e+00 2.139244797770365913e+00 2.205636893783529562e+00 1.563058829540532546e+00
1.289625980147543816e+00 2.180722765218453763e+00 2.147122398885182637e+00 2.207818446891764541e+00 1.581529414770266317e+00
1.300000000000000044e+00 2.169999999999999929e+00 2.154999999999999805e+00 2.209999999999999964e+00 1.600000000000000089e+00
