8.699999999999999956e-01 2.740000000000000213e+00 1.850000000000000089e+00 2.629999999999999893e+00 1.350000000000000089e+00
8.913292820829881169e-01 2.736701932008133831e+00 1.856498053641937984e+00 2.609222017669013738e+00 1.348594745896371183e+00
9.126585641659762382e-01 2.733403864016267448e+00 1.862996107283875658e+00 2.588444035338027138e+00 1.347189491792742277e+00
9.339878462489643596e-01 2.730105796024401066e+00 1.869494160925813553e+00 2.567666053007040983e+00 1.345784237689113372e+00
9.553286711628732331e-01 2.726777434445694759e+00 1.876010324941913332e+00 2.546914448105944473e+00 1.344360298022252431e+00
9.767220695600669078e-01 2.723310886981392454e+00 1.882610804640308277e+00 2.526285966547261452e+00 1.342850285084988604e+00
9.982472625123013366e-01 2.719525624013325427e+00 1.889448708109652486e+00 2.505992833979884704e+00 1.341122393313197936e+00
1.020012187396952763e+00 2.715282944375405183e+00 1.896836506118795063e+00 2.486432235239311783e+00 1.338987454627070139e+00
1.042097591902543252e+00 2.710919059926653940e+00 1.905447415454177396e+00 2.468365545089771906e+00 1.336258114372910422e+00
1.064141855096433886e+00 2.709012501287038077e+00 1.916859484476737485e+00 2.453499799668481529e+00 1.333098758094197755e+00
1.081867639428859329e+00 2.715486280809186859e+00 1.933567096168380184e+00 2.445906290926898041e+00 1.331057934861521019e+00
1.086819501442832570e+00 2.715880664141610445e+00 1.954518384664084563e+00 2.438915102621943554e+00 1.329481893213858346e+00
1.088874077611643898e+00 2.707809432032371788e+00 1.972881448892071621e+00 2.422016047388511950e+00 1.330925549339573966e+00
1.087155254986098551e+00 2.716644503877124528e+00 1.993725229683202649e+00 2.427745955129932742e+00 1.335028227780365784e+00
1.094136456735764318e+00 2.678024357470193184e+00 1.990722985365846354e+00 2.428308562698803463e+00 1.330344237571613020e+00
1.094511739967312547e+00 2.637715274140185251e+00 1.994286952758056897e+00 2.423846134297896970e+00 1.338303457719533629e+00
1.099725869703327863e+00 2.601401856032702575e+00 1.995607507466022001e+00 2.417275669449541198e+00 1.349416855614166799e+00
1.108688901369756730e+00 2.569460177162854020e+00 1.997154837406481143e+00 2.408649110102014212e+00 1.361813964239612540e+00
1.119566281960345577e+00 2.548627413729167124e+00 2.003551941925487689e+00 2.399754124771204200e+00 1.376857546598140969e+00
1.127820841816024489e+00 2.558037281165025600e+00 2.014088640999428304e+00 2.398592133591987974e+00 1.392694617041805749e+00
1.137634745867038610e+00 2.536485255385727111e+00 2.002058634086430366e+00 2.386472579960849938e+00 1.401329476146410791e+00
1.141251778909917913e+00 2.502266283661025437e+00 1.996221381703773723e+00 2.368932227231387522e+00 1.401752144373911824e+00
1.141036830930226786e+00 2.472090510422947141e+00 1.991528687833950206e+00 2.347391591225564067e+00 1.399907822988380124e+00
1.136402433004635393e+00 2.444022525644066413e+00 1.988394607340639997e+00 2.325245081505628253e+00 1.399994606778854900e+00
1.133126101231234362e+00 2.412787480962570008e+00 1.997765072547134535e+00 2.309635568318924026e+00 1.403855290609421491e+00
1.137636697209895020e+00 2.388718921318857547e+00 2.014959421675943663e+00 2.301376787519965550e+00 1.408273391295979282e+00
1.149675129741882129e+00 2.372601743665928797e+00 2.033543978304373390e+00 2.296400472075034394e+00 1.412689365110954220e+00
1.166492691195218034e+00 2.360041522533544711e+00 2.050943828290804127e+00 2.292064300651573738e+00 1.417270164822008072e+00
1.185504652871303355e+00 2.346878575688211122e+00 2.066670592484179281e+00 2.286855187080543139e+00 1.422299037614672912e+00
1.204771605409937996e+00 2.329898209355675931e+00 2.080138760458898339e+00 2.279698068176968739e+00 1.428636364164889372e+00
1.221013836502500061e+00 2.305611633356804635e+00 2.089293160379213976e+00 2.268942895747845245e+00 1.437321001596647774e+00
1.230024631327597984e+00 2.275009074910779638e+00 2.094487775319175515e+00 2.254399799887279343e+00 1.446406757167266965e+00
1.235373775594373447e+00 2.246644761501892962e+00 2.107327145458768314e+00 2.239633855518532890e+00 1.449433518455028658e+00
1.241705394448698430e+00 2.235562875042636399e+00 2.128190202881139470e+00 2.235249590778594531e+00 1.445047538846821578e+00
1.254471835912646327e+00 2.228497677234678953e+00 2.137914132297303205e+00 2.241588194724759120e+00 1.457459068482888087e+00
1.262872034044571379e+00 2.220008782233952704e+00 2.135279925060091788e+00 2.236115095526928442e+00 1.477293511984031138e+00
1.269915698871749932e+00 2.210913042856601063e+00 2.137682929569925783e+00 2.228507130755372767e+00 1.497161790941182735e+00
1.276127119472575622e+00 2.202704396232660233e+00 2.141243908666719431e+00 2.224036271882971594e+00 1.517607571586382376e+00
1.282114334270161971e+00 2.194587091679209845e+00 2.144701685043316708e+00 2.220442994973871986e+00 1.538197576732567962e+00
1.288075883601245586e+00 2.186391860807319176e+00 2.148134261362736552e+00 2.216962194726267210e+00 1.558797212253802966e+00
1.294037432932329201e+00 2.178196629935428508e+00 2.151566837682156397e+00 2.213481394478662434e+00 1.579396847775037749e+00
1.300000000000000044e+00 2.169999999999999929e+00 2.154999999999999805e+00 2.209999999999999964e+00 1.600000000000000089e+00
