8.699999999999999956e-01 2.740000000000000213e+00 1.850000000000000089e+00 2.629999999999999893e+00 1.350000000000000089e+00
8.893891171351760994e-01 2.735993181836040122e+00 1.859302790713712739e+00 2.613102173537834361e+00 1.349508335463645459e+00
9.087782342703522032e-01 2.731986363672080032e+00 1.868605581427425166e+00 2.596204347075669272e+00 1.349016670927291051e+00
9.281673514055283070e-01 2.727979545508120385e+00 1.877908372141137816e+00 2.579306520613503739e+00 1.348525006390936420e+00
9.475564685407044108e-01 2.723972727344160294e+00 1.887211162854850244e+00 2.562408694151338207e+00 1.348033341854581790e+00
9.669456201209722934e-01 2.719965960400647642e+00 1.896513988830428987e+00 2.545510929058249161e+00 1.347541824330861449e+00
9.863372484981746124e-01 2.715962884140493472e+00 1.905819352788321153e+00 2.528617588722476217e+00 1.347060897222978060e+00
1.005759697791103857e+00 2.712012175257434432e+00 1.915133429059851400e+00 2.511758816009726836e+00 1.346648368806619089e+00
1.025387017514833410e+00 2.708434827063892936e+00 1.924451976375337159e+00 2.495093912766234379e+00 1.346557789442985653e+00
1.045610105879977381e+00 2.706243644122290792e+00 1.933707914817150320e+00 2.479068951043009950e+00 1.347507787564045989e+00
1.065819004548433035e+00 2.706455467921474956e+00 1.943231255827837289e+00 2.464222328242028581e+00 1.350763819241372898e+00
1.083608053574108832e+00 2.701035835588004197e+00 1.954995511630218896e+00 2.451454926216349861e+00 1.355562710199726961e+00
1.093298872502584951e+00 2.674918528838814424e+00 1.965982916214456866e+00 2.442277501507479798e+00 1.358820104752230140e+00
1.097835112280003855e+00 2.638969049068578432e+00 1.966145459768954495e+00 2.431668762715353704e+00 1.362286149451043649e+00
1.102683019916014251e+00 2.606625598024627344e+00 1.957897316723553605e+00 2.423056120158229909e+00 1.367758608226007588e+00
1.108399926596342677e+00 2.576350505794947399e+00 1.952121462187972778e+00 2.416689810552239859e+00 1.377214210662604632e+00
1.113451046439928760e+00 2.547982702070648919e+00 1.947307717674016336e+00 2.407967665679966451e+00 1.387678722137694498e+00
1.116363796617075188e+00 2.517932228207058643e+00 1.943681056387406958e+00 2.396263273144556560e+00 1.396767826073304075e+00
1.115328014468598861e+00 2.482375693054619692e+00 1.942620586506018432e+00 2.384732990443432232e+00 1.401975629196758222e+00
1.112767915127121254e+00 2.444884703670364257e+00 1.943413128001658441e+00 2.373870154181976222e+00 1.400217743113259417e+00
1.113589474025565851e+00 2.413000812441216336e+00 1.946874996737777863e+00 2.360588341644898946e+00 1.393326586344646234e+00
1.119370572984440315e+00 2.392012167145011858e+00 1.958328414668792039e+00 2.345113927824234334e+00 1.388623410435388283e+00
1.128144818131570526e+00 2.380587644073644427e+00 1.974888639338288732e+00 2.333869573918588625e+00 1.390651720534950231e+00
1.138684871264916909e+00 2.368149632962783802e+00 1.990475704532982393e+00 2.325031449463290656e+00 1.396356170298227672e+00
1.149912137579319538e+00 2.353350480474246442e+00 2.004106648792595813e+00 2.315361388056404568e+00 1.403591700074393156e+00
1.160872165346105600e+00 2.338658392422817034e+00 2.016842927642156447e+00 2.304357089332136344e+00 1.411512090260859775e+00
1.172005355746234212e+00 2.324844205611400483e+00 2.029053740396772554e+00 2.292000504785941750e+00 1.419510478617501237e+00
1.185258886835347747e+00 2.312461246624432754e+00 2.039776220830990638e+00 2.276664501604480861e+00 1.426253404682825687e+00
1.203424501115256007e+00 2.303833110720164612e+00 2.047436213035973118e+00 2.259016104378259726e+00 1.429874928890540797e+00
1.222514101905263217e+00 2.295343588906559429e+00 2.056278774364149964e+00 2.243925763050729216e+00 1.434379348097196472e+00
1.231608008842596025e+00 2.281618021679098884e+00 2.068754078230786941e+00 2.234892381047414389e+00 1.443962038893555899e+00
1.236643901642838328e+00 2.265813938057311905e+00 2.079537841280431731e+00 2.226807668473985036e+00 1.455976475345311272e+00
1.241292715859994455e+00 2.251412680599303329e+00 2.084685179615880735e+00 2.219488135862067058e+00 1.470836428890060166e+00
1.243678318197240174e+00 2.240963037025231586e+00 2.082910407115514673e+00 2.215612550285539051e+00 1.487408476828189663e+00
1.245101748521496798e+00 2.240021606767638840e+00 2.088715108947335697e+00 2.209891465300557467e+00 1.503358328683366940e+00
1.254543796733788241e+00 2.229769599852884809e+00 2.101628110651527770e+00 2.203151861428422897e+00 1.513625116539679683e+00
1.259409487860356558e+00 2.217312070830230741e+00 2.106806980211834990e+00 2.203387778790652174e+00 1.529467773996503910e+00
1.266126098636285224e+00 2.207597181573128342e+00 2.115656019743287430e+00 2.203760843583866258e+00 1.544215327800229520e+00
1.274016087812714915e+00 2.198549873430296397e+00 2.125598211522105263e+00 2.204731715291089245e+00 1.558295575221464890e+00
1.282521945700761501e+00 2.189237271860914547e+00 2.135528714943665918e+00 2.206283283896253167e+00 1.572199284432388211e+00
1.291260972850380773e+00 2.179618635930457238e+00 2.145264357471832639e+00 2.208141641948126566e+00 1.586099642216194150e+00
1.300000000000000044e+00 2.169999999999999929e+00 2.154999999999999805e+00 2.209999999999999964e+00 1.600000000000000089e+00
