8.699999999999999956e-01 2.740000000000000213e+00 1.850000000000000089e+00 2.629999999999999893e+00 1.350000000000000089e+00
9.254924956795594904e-01 2.747795858561120852e+00 1.868129370981928883e+00 2.595248419861028388e+00 1.346869669225722932e+00
9.809849913591189852e-01 2.755591717122241491e+00 1.886258741963857455e+00 2.560496839722056883e+00 1.343739338451445553e+00
1.035044439168683272e+00 2.758570680404321074e+00 1.907812002103263849e+00 2.527178429425430028e+00 1.346139177528187458e+00
1.083446902370559961e+00 2.750025709998679346e+00 1.936085268402929049e+00 2.498002515450695959e+00 1.354997600766351562e+00
1.126478493592981689e+00 2.717044389707473862e+00 1.967644564471309865e+00 2.486977441778692288e+00 1.341725961896174102e+00
1.155891461910506290e+00 2.698558039541802511e+00 1.961468370202009037e+00 2.529534228281228536e+00 1.307236287065358882e+00
1.212716563021951632e+00 2.715474072070701794e+00 1.966103215934226212e+00 2.498449849339208662e+00 1.290275232687275730e+00
1.260266771962561316e+00 2.716356114991921089e+00 1.999408091954813838e+00 2.484054256596295307e+00 1.280610840557731667e+00
1.272559701817379763e+00 2.716082897432916532e+00 2.047003348185836291e+00 2.475317228312857054e+00 1.275374766044472752e+00
1.276532687406265243e+00 2.661934163806122911e+00 2.074026797238486708e+00 2.432968994773668570e+00 1.268338434140553916e+00
1.282713675861744784e+00 2.588588475925913013e+00 2.066998512224209605e+00 2.386573822397250133e+00 1.268024788377419165e+00
1.277275346233031517e+00 2.518541073463570701e+00 2.081750484230942888e+00 2.339882626649385511e+00 1.269376884763829816e+00
1.272000433707402456e+00 2.446271194881694200e+00 2.091175252768850967e+00 2.292189987003552254e+00 1.273091030475252738e+00
1.268709321214969377e+00 2.371877518448948674e+00 2.093677248013955605e+00 2.244330099523657474e+00 1.278136614348352795e+00
1.263471837002283049e+00 2.301655600223556419e+00 2.095265187451906819e+00 2.201772592284382490e+00 1.293747047044991882e+00
1.250899018412407138e+00 2.273808879166842267e+00 2.099694947501556275e+00 2.195169089518890893e+00 1.349909255777473227e+00
1.251401681577257952e+00 2.237559270824004187e+00 2.097722480860551908e+00 2.216511166608685635e+00 1.403566647610702489e+00
1.257275537005991151e+00 2.207817140057252825e+00 2.095375047772078947e+00 2.246072631435342526e+00 1.455653947033982210e+00
1.273264097333703937e+00 2.199296420125702145e+00 2.099091691043945218e+00 2.256199876920739644e+00 1.513069434748508080e+00
1.288957178030951001e+00 2.193486168119960666e+00 2.125779782971208398e+00 2.230041383300837232e+00 1.557247654228494316e+00
1.300000000000000044e+00 2.169999999999999929e+00 2.154999999999999805e+00 2.209999999999999964e+00 1.600000000000000089e+00
