8.699999999999999956e-01 2.740000000000000213e+00 1.850000000000000089e+00 2.629999999999999893e+00 1.350000000000000089e+00
8.901742686647035052e-01 2.740184625523901740e+00 1.862400873045191085e+00 2.614103034110014878e+00 1.347554207605747179e+00
9.103485373294069039e-01 2.740369251047803267e+00 1.874801746090382082e+00 2.598206068220029863e+00 1.345108415211494268e+00
9.305228059941104135e-01 2.740553876571704794e+00 1.887202619135573078e+00 2.582309102330044848e+00 1.342662622817241358e+00
9.506970746588139232e-01 2.740738502095606322e+00 1.899603492180764075e+00 2.566412136440060276e+00 1.340216830422988448e+00
9.708713433235173218e-01 2.740923127619507849e+00 1.912004365225955294e+00 2.550515170550075261e+00 1.337771038028735537e+00
9.910138126438136075e-01 2.740927710126150885e+00 1.924405241355787277e+00 2.534588531608645390e+00 1.335292451248500489e+00
1.011032993044554962e+00 2.740120120690255234e+00 1.936729577856000750e+00 2.518448033660814822e+00 1.332701367643054802e+00
1.030959874855050362e+00 2.737176402722884649e+00 1.948789253228689233e+00 2.502077470768644396e+00 1.329757061416167341e+00
1.050786274201799708e+00 2.730950922568969208e+00 1.960554076846963811e+00 2.486141515128610369e+00 1.325710959048528093e+00
1.068922304111475485e+00 2.721260027060112829e+00 1.972416870484280826e+00 2.471111650680468674e+00 1.319003526211738997e+00
1.081529586242174990e+00 2.699176453076999493e+00 1.981673555707389456e+00 2.455459738159645688e+00 1.311959434034256633e+00
1.087004585419187652e+00 2.667896810783799921e+00 1.980268149306921188e+00 2.443179684706070276e+00 1.318857639539492421e+00
1.102841951297496514e+00 2.665251523374358555e+00 1.972369168656086691e+00 2.440134892671917743e+00 1.335338483941380217e+00
1.093198003301920851e+00 2.643979169206111202e+00 1.981894598024553922e+00 2.442467571688167194e+00 1.347231991648533134e+00
1.085862476651939801e+00 2.617906248097011446e+00 1.976119909933131691e+00 2.439468510698381110e+00 1.362618925387684587e+00
1.084392927364738579e+00 2.592601861542898956e+00 1.966712218467377316e+00 2.431073563554814854e+00 1.376164809786051491e+00
1.087622383174879470e+00 2.563205880979039897e+00 1.962295696803894707e+00 2.416070568262236318e+00 1.385957821027041792e+00
1.094861814216049778e+00 2.531940444971182202e+00 1.965504185254952407e+00 2.399482093795916260e+00 1.391939406179611760e+00
1.104905556507877584e+00 2.502585212042239160e+00 1.973763049020712312e+00 2.384946988078378904e+00 1.396439619376600882e+00
1.116735798916596023e+00 2.478521494693450400e+00 1.986442877639625681e+00 2.371920001725217553e+00 1.398439628961435588e+00
1.128492537526486261e+00 2.460827552075798508e+00 2.002376820084232012e+00 2.360288201436046229e+00 1.395464380957154304e+00
1.140744345028837703e+00 2.434127415955423146e+00 2.012694371738008137e+00 2.349233344521544975e+00 1.390232962425287155e+00
1.152316855082946123e+00 2.398275545616730398e+00 2.009983470084808044e+00 2.339983930241896548e+00 1.386311580774878038e+00
1.165395415992788619e+00 2.364258319295462485e+00 2.004949900608285152e+00 2.330977014367230371e+00 1.382438652744141239e+00
1.182123634656245592e+00 2.332951697254018963e+00 2.005514766692110484e+00 2.321054917235769288e+00 1.377238965798940118e+00
1.200302004639930864e+00 2.305931227673336803e+00 2.012291587328367548e+00 2.310578048741321666e+00 1.372696086001266913e+00
1.217547748295843002e+00 2.284396341976717260e+00 2.024286627069902700e+00 2.298955344958253821e+00 1.372336495335997331e+00
1.230761175367352855e+00 2.270842418045909916e+00 2.039237364400995567e+00 2.286249071552539203e+00 1.379304575047624715e+00
1.236992729847925965e+00 2.256522662475870078e+00 2.046137159501324021e+00 2.271231536893992597e+00 1.395460392266961502e+00
1.231722457806944782e+00 2.243855217486809384e+00 2.058290557551905486e+00 2.257642375941841362e+00 1.407503465747215854e+00
1.232031543773809412e+00 2.249473672803857127e+00 2.077934108988170436e+00 2.250490788567529599e+00 1.416344526435369344e+00
1.233989760746012854e+00 2.255205577907863468e+00 2.097342104378327132e+00 2.245725636642693868e+00 1.426302551340815405e+00
1.238134710091813195e+00 2.257759196243112942e+00 2.114924027996794020e+00 2.243848982015768101e+00 1.439436442469992361e+00
1.245342039529053313e+00 2.253922579144777671e+00 2.126722908814810076e+00 2.243023680234935924e+00 1.457597273164883411e+00
1.253812369905763280e+00 2.243318280298729039e+00 2.132029512939016325e+00 2.240061179632037547e+00 1.477897451131325202e+00
1.261735373301900553e+00 2.229735784126056775e+00 2.135601626464350478e+00 2.234856031789631103e+00 1.497974756959910003e+00
1.269276807255697026e+00 2.216710675963311949e+00 2.139585994209079800e+00 2.229416110055240541e+00 1.518121290481885710e+00
1.276957605441772614e+00 2.205033006972484166e+00 2.143439495656809690e+00 2.224562082541430286e+00 1.538590967861414249e+00
1.284638403627848424e+00 2.193355337981655939e+00 2.147292997104539580e+00 2.219708055027620031e+00 1.559060645240942788e+00
1.292319201813924234e+00 2.181677668990828156e+00 2.151146498552269470e+00 2.214854027513810220e+00 1.579530322620471328e+00
1.300000000000000044e+00 2.169999999999999929e+00 2.154999999999999805e+00 2.209999999999999964e+00 1.600000000000000089e+00
