8.699999999999999956e-01 2.740000000000000213e+00 1.850000000000000089e+00 2.629999999999999893e+00 1.350000000000000089e+00
8.970261905884845399e-01 2.739031349186566544e+00 1.856322743817489407e+00 2.615051289254933575e+00 1.349466570144734590e+00
9.240523811769689733e-01 2.738062698373132431e+00 1.862645487634978947e+00 2.600102578509867257e+00 1.348933140289469090e+00
9.510785717654535176e-01 2.737094047559698318e+00 1.868968231452468265e+00 2.585153867764800939e+00 1.348399710434203591e+00
9.781047623539380620e-01 2.736125396746264649e+00 1.875290975269957805e+00 2.570205157019734621e+00 1.347866280578938092e+00
1.005130952942422606e+00 2.735156745932830979e+00 1.881613719087447123e+00 2.555256446274668303e+00 1.347332850723672593e+00
1.031696060962891348e+00 2.734629511260732393e+00 1.887982639772834537e+00 2.539555229424883098e+00 1.347310069805206734e+00
1.055160141194078083e+00 2.736985954494827844e+00 1.894988450586826190e+00 2.520725646341908543e+00 1.349620026270949014e+00
1.070911468831005076e+00 2.747576491841622559e+00 1.906050252628492814e+00 2.500423745104386697e+00 1.353541649580115136e+00
1.079031217174660551e+00 2.765377148800095330e+00 1.923811403920889562e+00 2.490237496780648652e+00 1.351860478056632342e+00
1.098345972222237954e+00 2.769679451758247701e+00 1.939791549063851761e+00 2.482281557753307055e+00 1.349389306379638054e+00
1.101454526595747607e+00 2.744279533668904758e+00 1.944616488866875992e+00 2.458355343146153782e+00 1.344950025148511363e+00
1.107084372047235199e+00 2.718643894935281136e+00 1.961262976585865569e+00 2.448530280975657725e+00 1.349346957626031074e+00
1.102020094682791607e+00 2.686786573282167190e+00 1.969208817854994464e+00 2.430680460001428678e+00 1.355028618830686815e+00
1.096309228206600261e+00 2.650056448354520811e+00 1.962597247996773042e+00 2.416837661265307968e+00 1.350571782569472745e+00
1.100645000411211605e+00 2.612913160901104259e+00 1.961250436445643341e+00 2.408602770036233132e+00 1.360643377342567684e+00
1.107883353151525530e+00 2.580943985430840470e+00 1.963990187144806443e+00 2.402633554198849275e+00 1.374680366495204087e+00
1.114555333463532527e+00 2.546315200183176586e+00 1.968257630762063393e+00 2.394540640494557504e+00 1.386758628502398061e+00
1.118703611948009380e+00 2.508590698661164797e+00 1.973773538261482274e+00 2.380837234492470866e+00 1.393732830885842766e+00
1.121439164103859021e+00 2.469949733491493049e+00 1.973680053048036287e+00 2.363199854884310280e+00 1.396983578891082489e+00
1.122306794512339723e+00 2.438259679312723804e+00 1.966084379923765280e+00 2.346380299344338116e+00 1.404959357133937159e+00
1.119818133173596131e+00 2.405657951656568816e+00 1.955105832476079053e+00 2.333807004857135325e+00 1.412813846203528456e+00
1.123992168809315517e+00 2.366126346974665395e+00 1.951833759711314897e+00 2.322664109721229497e+00 1.407097248245579246e+00
1.131822098442490487e+00 2.334038162749357603e+00 1.961260063782788610e+00 2.311051487978175611e+00 1.397980001077957501e+00
1.139576842155189507e+00 2.306029115260906703e+00 1.975721500636377526e+00 2.298350146014640938e+00 1.393571891461969026e+00
1.150132877484574045e+00 2.283909705440753335e+00 1.992682586648138798e+00 2.287088886045795189e+00 1.391806858645374456e+00
1.163396680569917407e+00 2.266769659479212162e+00 2.010731028441356649e+00 2.277938765153705969e+00 1.391926322473276079e+00
1.178184441084710876e+00 2.252592689742995979e+00 2.029080458352847671e+00 2.270417976536291516e+00 1.393544925497038012e+00
1.193914091129112176e+00 2.239842545894850101e+00 2.047270938388973782e+00 2.263794315486856501e+00 1.396430800397336913e+00
1.211118190477924905e+00 2.227812988555933238e+00 2.063855907762002229e+00 2.257636534610582224e+00 1.402578850366448915e+00
1.228541844153589135e+00 2.222726907043409028e+00 2.073631353259265619e+00 2.253630024642845342e+00 1.416548351879521217e+00
1.227152525721601384e+00 2.214816627817596029e+00 2.081437970670387383e+00 2.251457268441416470e+00 1.433420501887835652e+00
1.233208653793760545e+00 2.210052519158465678e+00 2.102759487798236293e+00 2.252563123532004052e+00 1.438865177308508825e+00
1.244998501355514042e+00 2.210611287718613038e+00 2.114820770881830736e+00 2.255726737926853076e+00 1.450450913045104873e+00
1.252276590689792135e+00 2.200553215099323445e+00 2.108222344976086404e+00 2.250112123712951551e+00 1.468019744096913826e+00
1.257632228431886601e+00 2.196233084677225555e+00 2.112513964182338277e+00 2.243269468164012181e+00 1.487442443124584068e+00
1.264398861071485358e+00 2.192627381309673495e+00 2.119670661752386831e+00 2.237650649282464599e+00 1.506243584306050431e+00
1.271519088857188340e+00 2.188101905047738605e+00 2.126736529401909159e+00 2.232120519425971672e+00 1.524994867444840363e+00
1.278639316642891322e+00 2.183576428785804158e+00 2.133802397051431932e+00 2.226590389569478745e+00 1.543746150583630294e+00
1.285759544428594303e+00 2.179050952523869267e+00 2.140868264700954704e+00 2.221060259712985818e+00 1.562497433722420226e+00
1.292879772214297063e+00 2.174525476261934820e+00 2.147934132350477032e+00 2.215530129856492891e+00 1.581248716861210157e+00
1.300000000000000044e+00 2.169999999999999929e+00 2.154999999999999805e+00 2.209999999999999964e+00 1.600000000000000089e+00
