8.699999999999999956e-01 2.740000000000000213e+00 1.850000000000000089e+00 2.629999999999999893e+00 1.350000000000000089e+00
9.163737935425674275e-01 2.760446865040180775e+00 1.865286610804940626e+00 2.603689239006159450e+00 1.346686599521642824e+00
9.627475870851348594e-01 2.780893730080361781e+00 1.880573221609881385e+00 2.577378478012319452e+00 1.343373199043285338e+00
1.009121380627702402e+00 2.801340595120542787e+00 1.895859832414821922e+00 2.551067717018479009e+00 1.340059798564928073e+00
1.055177476265482195e+00 2.818844094516755661e+00 1.911649047984403493e+00 2.524022452907277891e+00 1.336610941899254668e+00
1.101471879413540966e+00 2.822496237235635697e+00 1.930487598840288754e+00 2.499442958600814446e+00 1.332200994835594843e+00
1.141494672312301617e+00 2.800055645141143579e+00 1.957036050549916251e+00 2.484257513308743448e+00 1.333822120455805615e+00
1.182926305305335379e+00 2.751470136297017977e+00 1.957112363430553392e+00 2.504069465421313367e+00 1.322659026545736083e+00
1.206489373408291765e+00 2.685064364459121666e+00 1.957290415930439176e+00 2.525157769740768110e+00 1.300401111196093140e+00
1.255088049935572325e+00 2.673536976210238780e+00 1.970135983686534864e+00 2.511613355517497759e+00 1.280529213748125450e+00
1.294129800736341984e+00 2.681044688629000916e+00 1.993978700339093635e+00 2.491321172418472951e+00 1.263826008381347954e+00
1.301468206436852793e+00 2.655000159828420081e+00 2.028439170685247372e+00 2.472479375260141943e+00 1.247275056770539736e+00
1.292202319229174279e+00 2.585230955947392495e+00 2.049276243201971770e+00 2.451691786680709306e+00 1.244861619676700837e+00
1.280073961788113168e+00 2.511289056871269132e+00 2.044440564387413950e+00 2.421373908840286582e+00 1.252939126177722073e+00
1.274330644002922508e+00 2.456802955744519679e+00 2.044617712818600275e+00 2.375968266010020535e+00 1.261203420542963638e+00
1.266766527247509488e+00 2.401867296260964402e+00 2.044641542806520995e+00 2.330614029522728448e+00 1.267369343739613630e+00
1.252689511945363598e+00 2.346854184951472355e+00 2.047989016541430285e+00 2.289922529075692825e+00 1.270850475375318034e+00
1.250606060596467728e+00 2.310278207031872366e+00 2.068318483759279403e+00 2.274405050085194446e+00 1.307344021035793391e+00
1.245632444301376873e+00 2.275327724271035024e+00 2.082643597532816582e+00 2.250075229286027767e+00 1.344679291721031289e+00
1.239061889800602945e+00 2.251580297023524579e+00 2.092997010019702842e+00 2.229420852664669273e+00 1.387371786726263378e+00
1.231508333896345508e+00 2.250617678102484476e+00 2.104172033321888957e+00 2.227478491100438607e+00 1.435107441238834713e+00
1.234224279433303817e+00 2.247060322274774258e+00 2.128688966859043852e+00 2.220429415362471293e+00 1.474668760643161658e+00
1.259911788473951244e+00 2.213365814408001953e+00 2.145119899590112844e+00 2.207664566370387327e+00 1.509132724749892018e+00
1.279955894236975755e+00 2.191682907204000941e+00 2.150059949795056546e+00 2.208832283185193646e+00 1.554566362374945943e+00
1.300000000000000044e+00 2.169999999999999929e+00 2.154999999999999805e+00 2.209999999999999964e+00 1.600000000000000089e+00
