8.699999999999999956e-01 2.740000000000000213e+00 1.850000000000000089e+00 2.629999999999999893e+00 1.350000000000000089e+00
8.925268618171529056e-01 2.739165670193456581e+00 1.862266589497087788e+00 2.607247506170060625e+00 1.355754333750106344e+00
9.150537236343059266e-01 2.738331340386912949e+00 1.874533178994175264e+00 2.584495012340121356e+00 1.361508667500212821e+00
9.375805854514588367e-01 2.737497010580369317e+00 1.886799768491262963e+00 2.561742518510182087e+00 1.367263001250319077e+00
9.601074472686117467e-01 2.736662680773825684e+00 1.899066357988350440e+00 2.538990024680242819e+00 1.373017335000425554e+00
9.830026981579854661e-01 2.736203632335895364e+00 1.911329278245115004e+00 2.516299009072979764e+00 1.378273999367894520e+00
1.007939091494294725e+00 2.738806502133735776e+00 1.923563422999590600e+00 2.494631529248136914e+00 1.380126103266812843e+00
1.033998461564677784e+00 2.752134943907395215e+00 1.936611393774993584e+00 2.479357819748444491e+00 1.375504668115836049e+00
1.056515783418100041e+00 2.766155931517129574e+00 1.954570040941419951e+00 2.467041127558695202e+00 1.378148279579228808e+00
1.068524677845600790e+00 2.736272101078371488e+00 1.963804571115628228e+00 2.453473048542209156e+00 1.389521880089591654e+00
1.075231925710923964e+00 2.683936370823050588e+00 1.959219380692407642e+00 2.453756974185606232e+00 1.385075734021449012e+00
1.067691440194948882e+00 2.678573252689513406e+00 1.943622342184466723e+00 2.474113525620445397e+00 1.372638228489303280e+00
1.065732424726306471e+00 2.720368414872685658e+00 1.939446016412440743e+00 2.477362165147816153e+00 1.357663420412950295e+00
1.077246916291757950e+00 2.741991279195720388e+00 1.951680099797237444e+00 2.457629982665989310e+00 1.345488955058039116e+00
1.087523215245619346e+00 2.705141240404954406e+00 1.962214494837031253e+00 2.436033330664833407e+00 1.348657447462085601e+00
1.086702886035605164e+00 2.659561743769248920e+00 1.961353860438588725e+00 2.429557253625723501e+00 1.362315439874260514e+00
1.087063257842323383e+00 2.624428377453927208e+00 1.964741826104828837e+00 2.417740970264750988e+00 1.379055765542916978e+00
1.091867631845069742e+00 2.597107061154737107e+00 1.978480131086614691e+00 2.404886965264468213e+00 1.393784418455959573e+00
1.102724608425242447e+00 2.579523894723676491e+00 2.000090179437772786e+00 2.391385575111240502e+00 1.400829412851055222e+00
1.109409510576953029e+00 2.539632715765536730e+00 2.003138057317110921e+00 2.373883205595516799e+00 1.393090611361020192e+00
1.124975613814774844e+00 2.502461407482029276e+00 1.987507821242704420e+00 2.366616826395455675e+00 1.387274450389285096e+00
1.157156332255016462e+00 2.484895997180675220e+00 1.988785646312037914e+00 2.359515189269983271e+00 1.379086063950933250e+00
1.186997010638529693e+00 2.473180007829637539e+00 1.995429920310612948e+00 2.350703945345811618e+00 1.368453623089120663e+00
1.212734749557856428e+00 2.457716013117900111e+00 2.004535141131672304e+00 2.335024936398208073e+00 1.359043720811001110e+00
1.237114597473969013e+00 2.429910567580023439e+00 2.012134796795834735e+00 2.317656440410914342e+00 1.355306825694625461e+00
1.246774004929226631e+00 2.387988349229359208e+00 2.014375081096706932e+00 2.306538817558092092e+00 1.365880418121763640e+00
1.242390760594788368e+00 2.347117456491188747e+00 2.018434266661176757e+00 2.297067622153460054e+00 1.380155435105135497e+00
1.232433359555812347e+00 2.306211263456253491e+00 2.020771301323085023e+00 2.283031100384446788e+00 1.392006346160021613e+00
1.233208883244450327e+00 2.272968015779403217e+00 2.015318083880879740e+00 2.266323761608172394e+00 1.406014314583799107e+00
1.234384631707876379e+00 2.269419862795783782e+00 2.039096628164878577e+00 2.261740299983118874e+00 1.417263437465002829e+00
1.236264856629469833e+00 2.259737819813794069e+00 2.063213866742710678e+00 2.261538290755539915e+00 1.429198071649856683e+00
1.236569130478671896e+00 2.232004310909791567e+00 2.083267516899800942e+00 2.258403319224424166e+00 1.441106482556811841e+00
1.238370552547528813e+00 2.233179692855218335e+00 2.110043943289226398e+00 2.248668477238344732e+00 1.441707033123365012e+00
1.240752951284029404e+00 2.254231091848885260e+00 2.136047904570581579e+00 2.248551920815202720e+00 1.439012348671481201e+00
1.249540305921591710e+00 2.258435239230859981e+00 2.154104600181895535e+00 2.257544079532396442e+00 1.447743261952220140e+00
1.254859264648793493e+00 2.232521255840009378e+00 2.158012428436810293e+00 2.254768945307698225e+00 1.468000579753169443e+00
1.261063323411882431e+00 2.218915916963292823e+00 2.163954986084302590e+00 2.248961119528017694e+00 1.489729176725041571e+00
1.268416014741831521e+00 2.208820343115332374e+00 2.166591546761014619e+00 2.241925730709710685e+00 1.511939327116738507e+00
1.276232156164634146e+00 2.199306403362911055e+00 2.165630380469769634e+00 2.234183899598294776e+00 1.534146973895202715e+00
1.284146758773887953e+00 2.189612416292650465e+00 2.162575859309863624e+00 2.226172668962997037e+00 1.556164239201567989e+00
1.292073379386943888e+00 2.179806208146325197e+00 2.158787929654931936e+00 2.218086334481498501e+00 1.578082119600784150e+00
1.300000000000000044e+00 2.169999999999999929e+00 2.154999999999999805e+00 2.209999999999999964e+00 1.600000000000000089e+00
