8.699999999999999956e-01 2.740000000000000213e+00 1.850000000000000089e+00 2.629999999999999893e+00 1.350000000000000089e+00
8.921107869153332981e-01 2.737105163679709907e+00 1.861161726031486108e+00 2.614230696508398122e+00 1.350893835583344416e+00
9.142215738306666006e-01 2.734210327359419601e+00 1.872323452062971905e+00 2.598461393016796350e+00 1.351787671166688742e+00
9.363323607459999032e-01 2.731315491039129295e+00 1.883485178094457924e+00 2.582692089525195023e+00 1.352681506750033069e+00
9.584431792056360422e-01 2.728420852492918769e+00 1.894646781664489632e+00 2.566922654809087767e+00 1.353575285174946075e+00
9.805541205741470367e-01 2.725526984655380236e+00 1.905807908005830109e+00 2.551152708735296759e+00 1.354468840858298995e+00
1.002665380878839274e+00 2.722635117493556578e+00 1.916967795462917401e+00 2.535381435328194044e+00 1.355361818328528978e+00
1.024777379658472487e+00 2.719747887012937237e+00 1.928124811452959220e+00 2.519607086281059782e+00 1.356253455754824699e+00
1.047011390836116496e+00 2.717399674680396338e+00 1.939020885741714606e+00 2.503628253426699146e+00 1.356994033446708992e+00
1.069887118134848381e+00 2.718052166508898360e+00 1.946595441706644669e+00 2.485597171905184588e+00 1.355828008306643184e+00
1.089369666844778317e+00 2.721447605368000122e+00 1.940908296489604723e+00 2.469105838202084069e+00 1.348223811494973612e+00
1.101770286004900123e+00 2.738408109436435200e+00 1.929059917082866615e+00 2.474786163964814101e+00 1.339976573336769006e+00
1.104997867496833930e+00 2.744797785800278334e+00 1.946863860482036079e+00 2.466695981495388601e+00 1.350862103906436351e+00
1.106346665413286967e+00 2.722895300703625399e+00 1.958130182014391929e+00 2.447347078293202749e+00 1.358976824393724137e+00
1.109422411102979122e+00 2.688163471607836641e+00 1.962488265379737307e+00 2.431548752793161849e+00 1.367716003216162379e+00
1.116149433289515436e+00 2.650111992768136915e+00 1.961502681443255902e+00 2.423017945221054070e+00 1.378397318525101278e+00
1.124583186065481577e+00 2.614725205750327408e+00 1.958917594025753939e+00 2.417636139917560545e+00 1.390832253144728581e+00
1.130094305796398579e+00 2.580025404794640487e+00 1.960255569422454824e+00 2.408160983858762538e+00 1.403340969261972271e+00
1.130350370103620605e+00 2.544189160889666290e+00 1.966555920197283536e+00 2.392723857371235496e+00 1.410420848649009073e+00
1.126526333259867618e+00 2.508516745528636349e+00 1.973621327827764338e+00 2.374873047666464565e+00 1.410289041386780129e+00
1.122805688352035869e+00 2.469298583654152335e+00 1.977791607731295143e+00 2.359509753372518670e+00 1.405999524363725994e+00
1.122707658709542367e+00 2.425339840136775837e+00 1.976917000594944573e+00 2.348689543833085480e+00 1.401774558599211629e+00
1.126106284897370857e+00 2.381773663345757797e+00 1.971850044273500080e+00 2.338149441206745394e+00 1.399866958346120516e+00
1.130506367379526367e+00 2.344724186809117761e+00 1.968656565885957610e+00 2.319853908225975481e+00 1.399543816484402514e+00
1.134176772511562126e+00 2.327707708852563062e+00 1.974935094189767870e+00 2.294304456603622366e+00 1.401585494897356288e+00
1.140363948195485699e+00 2.328971789086110800e+00 1.987713206138276067e+00 2.272853604472567568e+00 1.408734252714848534e+00
1.156255634994313164e+00 2.322084729140996728e+00 2.002776155626208698e+00 2.262371749689937150e+00 1.415921474949427328e+00
1.177642396783942669e+00 2.304601665782608944e+00 2.015648864605453561e+00 2.259666262165292760e+00 1.421294145731208491e+00
1.199826985966146564e+00 2.284360433913523281e+00 2.027958190137567840e+00 2.259533615316557942e+00 1.425583625955098244e+00
1.220498345098388171e+00 2.265514386978638051e+00 2.042416264773985191e+00 2.260005879520623928e+00 1.428438613312710714e+00
1.235880853703446913e+00 2.246895874001256121e+00 2.060235144560666143e+00 2.260593179935782793e+00 1.429332930747137187e+00
1.236568077197309101e+00 2.232956987561522944e+00 2.078598605763379847e+00 2.259962369303429419e+00 1.437301770261863565e+00
1.232193498628163741e+00 2.234905801625459709e+00 2.097012909879755416e+00 2.258142023270758969e+00 1.449175057955798929e+00
1.241702981509719805e+00 2.208516540485946145e+00 2.107769994167916661e+00 2.250798305347117889e+00 1.457287024676228837e+00
1.256910790341521089e+00 2.178516221541307196e+00 2.115588448928081178e+00 2.243224826277915973e+00 1.464141226216149949e+00
1.267895340521143943e+00 2.172201357931228483e+00 2.124629253980120147e+00 2.238497773466961771e+00 1.481257317806242479e+00
1.274379701426116451e+00 2.175799406132775449e+00 2.132265098198298237e+00 2.233274999633690250e+00 1.500095852416298392e+00
1.279569630666072211e+00 2.175545516356655273e+00 2.137195869988607999e+00 2.228517498691601428e+00 1.519989889706238273e+00
1.284683081046275710e+00 2.174260150812074688e+00 2.141688129511054584e+00 2.223876586217437001e+00 1.539984223969944832e+00
1.289788720697517155e+00 2.172840100541383102e+00 2.146125419674036472e+00 2.219251057478291322e+00 1.559989482646629844e+00
1.294894360348758600e+00 2.171420050270691515e+00 2.150562709837017916e+00 2.214625528739145643e+00 1.579994741323314855e+00
1.300000000000000044e+00 2.169999999999999929e+00 2.154999999999999805e+00 2.209999999999999964e+00 1.600000000000000089e+00
