8.699999999999999956e-01 2.740000000000000213e+00 1.850000000000000089e+00 2.629999999999999893e+00 1.350000000000000089e+00
8.945890760622621229e-01 2.738506575331559834e+00 1.858826567043850186e+00 2.606042057659928801e+00 1.348514141053480664e+00
9.191781521245242503e-01 2.737013150663119454e+00 1.867653134087700506e+00 2.582084115319857709e+00 1.347028282106961239e+00
9.437672281867863777e-01 2.735519725994678630e+00 1.876479701131550604e+00 2.558126172979787061e+00 1.345542423160441814e+00
9.683563042490485051e-01 2.734026301326238695e+00 1.885306268175400923e+00 2.534168230639715969e+00 1.344056564213922167e+00
9.931344528789691761e-01 2.733133270964728911e+00 1.894718084769360100e+00 2.510746476799334825e+00 1.342687707270848296e+00
1.018369493585995267e+00 2.734130112882359853e+00 1.905977299863590879e+00 2.489195003380315185e+00 1.341761198282327872e+00
1.043823497781561027e+00 2.738268696770066679e+00 1.920444591334440787e+00 2.471592671126964014e+00 1.341921742451978261e+00
1.068180658084608936e+00 2.743282627136051310e+00 1.938765115568876318e+00 2.459865184728439402e+00 1.344612685321224799e+00
1.087629234515779419e+00 2.733753005459790053e+00 1.958357811857619701e+00 2.454099442063866654e+00 1.354756623123166914e+00
1.099459577019803680e+00 2.742949457980643935e+00 1.966356818624962921e+00 2.454240583809355059e+00 1.377258610252492410e+00
1.093949211102072105e+00 2.732851203060016054e+00 1.961125175429929701e+00 2.446754954770706814e+00 1.358792717724887966e+00
1.116525484617198583e+00 2.716756923676330260e+00 1.976301244610943586e+00 2.443889627139591347e+00 1.345754212395923854e+00
1.141954054826723297e+00 2.706020003553322173e+00 1.992474358283991442e+00 2.442607833377848259e+00 1.335398982542099544e+00
1.166897267466166399e+00 2.694596187862867254e+00 2.008825068217632293e+00 2.441189613823650628e+00 1.324840672340564351e+00
1.193073832120924438e+00 2.685637800666661690e+00 2.024559199931546427e+00 2.439344472824795051e+00 1.314544354196789389e+00
1.219635745389308079e+00 2.676673864296151173e+00 2.039594576879558474e+00 2.435110316089443838e+00 1.304377762841612887e+00
1.243732506993241227e+00 2.660406595325613743e+00 2.052400872126488807e+00 2.421255175723550312e+00 1.295862101522370580e+00
1.259910645572887899e+00 2.629088608622881740e+00 2.056592857364478277e+00 2.398249248661936228e+00 1.298897938444801836e+00
1.269386077883805086e+00 2.591436631247903577e+00 2.048760602788707974e+00 2.382681280138204016e+00 1.310239041919072589e+00
1.272143668881746237e+00 2.550210976517950368e+00 2.032718170141657232e+00 2.373519906656945899e+00 1.314731421640178199e+00
1.264534075531163371e+00 2.507976272445552102e+00 2.019874139489863385e+00 2.361052235446535974e+00 1.314905652702380801e+00
1.255453146612165227e+00 2.472160564363800717e+00 2.018712533991844360e+00 2.336526620021214473e+00 1.319342245768912569e+00
1.249570565421175061e+00 2.439077186205416581e+00 2.027582898203480699e+00 2.312571781202833243e+00 1.326212121956415135e+00
1.246847573571866707e+00 2.400181337199069453e+00 2.038396635812705693e+00 2.292473155081908853e+00 1.330655607901823467e+00
1.250803328372064538e+00 2.359493102505765716e+00 2.048262260191866524e+00 2.273541372296452590e+00 1.333822416749095741e+00
1.256691158662038399e+00 2.335665631987247526e+00 2.065827214106815468e+00 2.260111992984310092e+00 1.347384529664914066e+00
1.255833316709129788e+00 2.323123232847124520e+00 2.083503937227705105e+00 2.255052663835855675e+00 1.367390912937356706e+00
1.251730387668688715e+00 2.307977687696795677e+00 2.099784263258269057e+00 2.251213885169121021e+00 1.387966452566146369e+00
1.248404191573270428e+00 2.294143379280959572e+00 2.118479725339751152e+00 2.246125164472357216e+00 1.406729408273221793e+00
1.246293840019820909e+00 2.283398520607513138e+00 2.139995976206214401e+00 2.240944979723680675e+00 1.423147311376552926e+00
1.243214600745940146e+00 2.264423597077367400e+00 2.156641301444313097e+00 2.236918401779879773e+00 1.440879018678109302e+00
1.242390937789423999e+00 2.232603876640235185e+00 2.142106363543327507e+00 2.227873367183695219e+00 1.456241681501515339e+00
1.246016883769331063e+00 2.226146719710311750e+00 2.128234226242566418e+00 2.221489897655235968e+00 1.477940223270791886e+00
1.255460825300107386e+00 2.226890507298440181e+00 2.132795602117509848e+00 2.223511484731536481e+00 1.503758890080424404e+00
1.267424863912120170e+00 2.218524613916999400e+00 2.141212434443968249e+00 2.223521658932701595e+00 1.527788206980397412e+00
1.279026734210635619e+00 2.203760038987769843e+00 2.146668289226910886e+00 2.219402210038735390e+00 1.551777663189455758e+00
1.289513367105317831e+00 2.186880019493885108e+00 2.150834144613455123e+00 2.214701105019367677e+00 1.575888831594727701e+00
1.300000000000000044e+00 2.169999999999999929e+00 2.154999999999999805e+00 2.209999999999999964e+00 1.600000000000000089e+00
