8.699999999999999956e-01 2.740000000000000213e+00 1.850000000000000089e+00 2.629999999999999893e+00 1.350000000000000089e+00
9.223365538213170733e-01 2.724887845531087649e+00 1.861401228504552030e+00 2.613072646474116745e+00 1.338003730698799298e+00
9.746731076426342621e-01 2.709775691062174641e+00 1.872802457009103971e+00 2.596145292948233596e+00 1.326007461397598730e+00
1.026957749747827719e+00 2.694697937020450684e+00 1.884319023901257495e+00 2.578955757680569505e+00 1.314273109035239084e+00
1.078378928958860117e+00 2.680103512167335555e+00 1.897174258182682260e+00 2.558682408023111421e+00 1.305750716232415343e+00
1.118001055148876599e+00 2.669457791107620714e+00 1.915004229793173529e+00 2.525471947158322017e+00 1.315517468047827432e+00
1.127485426804269109e+00 2.662116010199687910e+00 1.930789014034726581e+00 2.489902317910689611e+00 1.348683165693486119e+00
1.164581270128906443e+00 2.677743994453387621e+00 1.956769863396146558e+00 2.484799077417537916e+00 1.346775199356421648e+00
1.190785722680706371e+00 2.682648580162243945e+00 1.968347159449432393e+00 2.503666666805492103e+00 1.307977494297839494e+00
1.220344157250428996e+00 2.661942538917248413e+00 1.992330756313636098e+00 2.502600319511793625e+00 1.278712181301148165e+00
1.247253647889952743e+00 2.638379159963705867e+00 2.023564926883320680e+00 2.483355726429918420e+00 1.266707243979352970e+00
1.270185175054818760e+00 2.616046429086058556e+00 2.054794566729139849e+00 2.455831224990332906e+00 1.262247495534576158e+00
1.285313916530930411e+00 2.578325293482213620e+00 2.081423445021520990e+00 2.423444566637917408e+00 1.257131268773607147e+00
1.287935191691676140e+00 2.522200009799302478e+00 2.097447990873487988e+00 2.387468408052454194e+00 1.252183010102134064e+00
1.280769921885981377e+00 2.460015645486052005e+00 2.101717350443241816e+00 2.349897011942319480e+00 1.253764856436839770e+00
1.269644078343446614e+00 2.401732688532077997e+00 2.100312228984344554e+00 2.313185138625001080e+00 1.267624742633522539e+00
1.257447079740281026e+00 2.355183632034441032e+00 2.100429736782815748e+00 2.279544288596099921e+00 1.295790128183273771e+00
1.245984053602673391e+00 2.323997396565024243e+00 2.103509545940975389e+00 2.251691405390591427e+00 1.334647165238089572e+00
1.237273486734473238e+00 2.299155602977922985e+00 2.108068623792049401e+00 2.232414457499721561e+00 1.378933928189739921e+00
1.236258378305155059e+00 2.270062112986855674e+00 2.114177813814521301e+00 2.224251830330419288e+00 1.425080966354427714e+00
1.249057502709181477e+00 2.241565191512242539e+00 2.120367323739006604e+00 2.224723147476791230e+00 1.470713865850591828e+00
1.271043253470336865e+00 2.213141945866528459e+00 2.123016259123823524e+00 2.222894741241140171e+00 1.514244492753205273e+00
1.285521626735168343e+00 2.191570972933264194e+00 2.139008129561911442e+00 2.216447370620570290e+00 1.557122246376602792e+00
1.300000000000000044e+00 2.169999999999999929e+00 2.154999999999999805e+00 2.209999999999999964e+00 1.600000000000000089e+00
