8.699999999999999956e-01 2.740000000000000213e+00 1.850000000000000089e+00 2.629999999999999893e+00 1.350000000000000089e+00
9.164527536664507368e-01 2.751496830654941661e+00 1.866634518041310420e+00 2.596424339403102355e+00 1.347196387494314473e+00
9.629055073329015890e-01 2.762993661309882665e+00 1.883269036082620529e+00 2.562848678806204816e+00 1.344392774988629080e+00
1.009358260999352330e+00 2.774490491964823669e+00 1.899903554123930860e+00 2.529273018209307278e+00 1.341589162482943465e+00
1.056487437616794978e+00 2.780305222207648086e+00 1.916326744392832016e+00 2.495625296484131894e+00 1.339649076398804040e+00
1.102533219127276976e+00 2.753843089372466135e+00 1.930312500745316351e+00 2.463573433654925537e+00 1.339632841636419602e+00
1.135749836563442416e+00 2.724615943227835402e+00 1.947037536798510882e+00 2.444477551155781025e+00 1.369467793994781690e+00
1.151678124073721943e+00 2.663442045180540951e+00 1.956583823852027448e+00 2.435172570564807515e+00 1.401716209317608541e+00
1.150743763763667049e+00 2.588963675242984763e+00 1.972987610000769498e+00 2.416866810883338434e+00 1.416775179611108770e+00
1.167684675868651212e+00 2.544858931415322267e+00 2.002045763142096035e+00 2.390488992247489453e+00 1.416822542739532453e+00
1.195765727515285315e+00 2.549326880309702670e+00 2.017363867146230838e+00 2.389084308673643964e+00 1.375227752781626789e+00
1.224238671831742842e+00 2.564028384062821075e+00 2.030342724707661084e+00 2.400217555862150132e+00 1.334399756493094946e+00
1.256027396018921216e+00 2.579130898915683812e+00 2.042702672442079148e+00 2.415185609516912191e+00 1.295898138396170962e+00
1.293335188878982800e+00 2.575131170955866189e+00 2.042416558159499296e+00 2.426825341906281075e+00 1.259959663235454608e+00
1.286726627921784605e+00 2.514172603200680811e+00 2.055858130649846682e+00 2.388744909246243164e+00 1.250396680462448007e+00
1.275905926966968806e+00 2.453370434411052514e+00 2.054803386337201498e+00 2.345126427826240700e+00 1.252219200990485559e+00
1.267805233741717608e+00 2.392998024260863055e+00 2.060516985801675638e+00 2.302027570060580342e+00 1.257610056397796994e+00
1.266720915213559007e+00 2.342898952299873550e+00 2.080404729712908019e+00 2.265732788230872874e+00 1.274300157858838878e+00
1.259564187146707148e+00 2.354861620501581321e+00 2.058521299821356898e+00 2.265991767152715219e+00 1.316332642387011642e+00
1.258327898535460898e+00 2.315924700097609534e+00 2.060777832890613226e+00 2.244155418406506897e+00 1.357838189174806809e+00
1.261758053215606523e+00 2.273117981800343301e+00 2.082450036759271761e+00 2.226849315334019419e+00 1.391378891930813433e+00
1.270114141342391312e+00 2.251039134661383390e+00 2.119397631930220349e+00 2.223431096355485970e+00 1.414457370017072391e+00
1.276026083338254846e+00 2.239826767916767380e+00 2.141344717837551759e+00 2.220638538217574620e+00 1.456865035697575195e+00
1.279673015979650996e+00 2.222082766024068956e+00 2.141063166164441256e+00 2.214453316076110845e+00 1.505988238961473158e+00
1.289836507989825520e+00 2.196041383012034220e+00 2.148031583082220752e+00 2.212226658038055405e+00 1.552994119480736623e+00
1.300000000000000044e+00 2.169999999999999929e+00 2.154999999999999805e+00 2.209999999999999964e+00 1.600000000000000089e+00
