8.699999999999999956e-01 2.740000000000000213e+00 1.850000000000000089e+00 2.629999999999999893e+00 1.350000000000000089e+00
8.883740576041393444e-01 2.734636603192309501e+00 1.859885365257546441e+00 2.609048822887116703e+00 1.349106164712238654e+00
9.067481152082785822e-01 2.729273206384619233e+00 1.869770730515093016e+00 2.588097645774233513e+00 1.348212329424476996e+00
9.251221728124179311e-01 2.723909809576928520e+00 1.879656095772639368e+00 2.567146468661350767e+00 1.347318494136715561e+00
9.434962304165571689e-01 2.718546412769237808e+00 1.889541461030185721e+00 2.546195291548467576e+00 1.346424658848954126e+00
9.618996860231111556e-01 2.713207420075334664e+00 1.899435989137009173e+00 2.525273867574434838e+00 1.345559995202588288e+00
9.804290539460719378e-01 2.707974099555804592e+00 1.909369530213396615e+00 2.504482080661648347e+00 1.344821340143853128e+00
9.993287803938654124e-01 2.703058863939692635e+00 1.919414587891165702e+00 2.484092980117664329e+00 1.344464968594996757e+00
1.019111530100050178e+00 2.698954164888530904e+00 1.929702615107582231e+00 2.464816088370333613e+00 1.345102751497420090e+00
1.040628723698256097e+00 2.696567546290558504e+00 1.940252068308691458e+00 2.448765559544909820e+00 1.348337409383577823e+00
1.063125432101094558e+00 2.695554391861559651e+00 1.949101062420057762e+00 2.442606140833198047e+00 1.357756000657279527e+00
1.077205432299475962e+00 2.667785464848895671e+00 1.947293384266438387e+00 2.439201459777034842e+00 1.355717800520663152e+00
1.088458206296190056e+00 2.639156022126830869e+00 1.952635556966455077e+00 2.432201834316764177e+00 1.348505975655743150e+00
1.094408970463691677e+00 2.604189159346500748e+00 1.959257805539273312e+00 2.423609840263857063e+00 1.352722441018774591e+00
1.098079567614045571e+00 2.574445001235771358e+00 1.966059599486650544e+00 2.409884717111868468e+00 1.360752759984420912e+00
1.103774203747273974e+00 2.547953859386966169e+00 1.971877918537741747e+00 2.397737756602088766e+00 1.371940709051210128e+00
1.108455006435957735e+00 2.521317488676612761e+00 1.978179815310094014e+00 2.389401275595742113e+00 1.384282059453689540e+00
1.112310299793200619e+00 2.491838867331784613e+00 1.986399830066015948e+00 2.382689743683641836e+00 1.394477593821886519e+00
1.115328733620504442e+00 2.458787668284717398e+00 1.995318902232180891e+00 2.374118054356259222e+00 1.400031691523034194e+00
1.118252679038839625e+00 2.425252673996853403e+00 2.001450596066379095e+00 2.359411190213903886e+00 1.399553280105497732e+00
1.122732519031175880e+00 2.395659074980249770e+00 2.002381821575041076e+00 2.339182819092426868e+00 1.394893569684135137e+00
1.126419437416116942e+00 2.364985404415408610e+00 2.000724857252233591e+00 2.319342071402860750e+00 1.391128458912442190e+00
1.130281771483614195e+00 2.335818652993979949e+00 1.999403937551562649e+00 2.299748575096580705e+00 1.389923567263084747e+00
1.143237808665692246e+00 2.320032561862596765e+00 2.010229600246707715e+00 2.283491961875117937e+00 1.397163309935110620e+00
1.158463877683826304e+00 2.314782547140801672e+00 2.023956741447385355e+00 2.277647130719595570e+00 1.408116850866947267e+00
1.173793262929982095e+00 2.308463450230842096e+00 2.036499659832927911e+00 2.274346464034689319e+00 1.420352377982781578e+00
1.188698482146396174e+00 2.302023537607173154e+00 2.049346656863320959e+00 2.270768959065981640e+00 1.432396138541922381e+00
1.203167373681500063e+00 2.300164689416763775e+00 2.066051629729646066e+00 2.266299728506861122e+00 1.440032644411140428e+00
1.214416464179408628e+00 2.305572908889004236e+00 2.085617209574472941e+00 2.261587071797199755e+00 1.436688078412726721e+00
1.223103284881015052e+00 2.309168783762717503e+00 2.102820692756962817e+00 2.255078209344268281e+00 1.427331954044341655e+00
1.234089293578661817e+00 2.290254347769170806e+00 2.109514874160086872e+00 2.234453004651309360e+00 1.423263748292700637e+00
1.239385070889448937e+00 2.266600690344190649e+00 2.101816101895910727e+00 2.215423848456114175e+00 1.430727446894483723e+00
1.243938475805823396e+00 2.249430564007426803e+00 2.098011159265529724e+00 2.200946715502044349e+00 1.444730381562383537e+00
1.247434024463357050e+00 2.243327154416169034e+00 2.104877940391011393e+00 2.194154783419811405e+00 1.462168045886006240e+00
1.247984413780842239e+00 2.244442443771122342e+00 2.114757364509941340e+00 2.195162693542622723e+00 1.479320307174424531e+00
1.252925814610177824e+00 2.241352954721093749e+00 2.119044823009822665e+00 2.201228758190381996e+00 1.497664280525477842e+00
1.259438942846489384e+00 2.232414762144678377e+00 2.122554394968471314e+00 2.202319766896509989e+00 1.515930841063182655e+00
1.266601062790229104e+00 2.222355210984086504e+00 2.127923216703484055e+00 2.203021670612756555e+00 1.533619580446944575e+00
1.274483214181544533e+00 2.210585158890460367e+00 2.134238913902031243e+00 2.204224504444487032e+00 1.550687426364589561e+00
1.282843162425078898e+00 2.197479573708562839e+00 2.141030053065878569e+00 2.205946868889731682e+00 1.567282493635594243e+00
1.291421581212539582e+00 2.183739786854281384e+00 2.148015026532938965e+00 2.207973434444865823e+00 1.583641246817797166e+00
1.300000000000000044e+00 2.169999999999999929e+00 2.154999999999999805e+00 2.209999999999999964e+00 1.600000000000000089e+00
