8.699999999999999956e-01 2.740000000000000213e+00 1.850000000000000089e+00 2.629999999999999893e+00 1.350000000000000089e+00
8.978126970188060607e-01 2.740006689258548178e+00 1.861140786336510144e+00 2.609309072081183345e+00 1.352037494948522101e+00
9.256253940376122369e-01 2.740013378517095699e+00 1.872281572673020200e+00 2.588618144162366352e+00 1.354074989897044112e+00
9.534380910564183020e-01 2.740020067775643220e+00 1.883422359009530256e+00 2.567927216243549804e+00 1.356112484845566346e+00
9.812210309392498386e-01 2.739887521211267885e+00 1.894438423434421592e+00 2.547053283786457456e+00 1.358036873691139679e+00
1.008800107496332421e+00 2.739064589270105987e+00 1.904855012047516283e+00 2.525300923566942135e+00 1.359512273772730540e+00
1.035652473577714838e+00 2.736654433716260826e+00 1.913970439375518806e+00 2.501664834897747269e+00 1.360440611277657474e+00
1.061471241649813324e+00 2.732817711461210219e+00 1.922302570443422898e+00 2.476595643726585028e+00 1.362254900666004076e+00
1.083962987853757332e+00 2.734966808845670894e+00 1.933795478758020048e+00 2.453966362280685765e+00 1.371250434776319249e+00
1.100844990172865856e+00 2.723383508909118511e+00 1.948636620549558884e+00 2.432025856428840616e+00 1.363831271966520431e+00
1.118488141443483741e+00 2.741192977398159591e+00 1.967228635114474322e+00 2.431498014330948365e+00 1.350511976796358926e+00
1.144361319230539742e+00 2.759324509885372478e+00 1.983780550167175694e+00 2.427317497095439425e+00 1.343497832610930587e+00
1.177488777420605093e+00 2.755839414971033463e+00 1.993471578022023349e+00 2.414918710757279374e+00 1.340293226573136653e+00
1.210610610593537251e+00 2.732288375153962168e+00 1.995708172716438078e+00 2.405054336497391532e+00 1.338872127570655657e+00
1.236099250154807816e+00 2.696770432637479509e+00 2.000696405669069922e+00 2.411493809442505132e+00 1.331211496638526004e+00
1.245147211107104024e+00 2.655027926754973233e+00 2.002989584658852351e+00 2.415245238643883852e+00 1.315066966326678521e+00
1.250572420385154482e+00 2.606657965043110980e+00 1.998282244471592861e+00 2.403298594433810553e+00 1.305534012350914264e+00
1.253583492944120081e+00 2.557194198971569410e+00 1.996641661618020258e+00 2.385514601487362718e+00 1.303143345769165906e+00
1.254747888625109997e+00 2.510337893797965236e+00 1.999393820316386350e+00 2.364653079168283600e+00 1.305058067598262594e+00
1.254625877493415365e+00 2.466460856823682324e+00 2.005189844570037572e+00 2.342629068924535041e+00 1.309176979688387421e+00
1.253451101982710592e+00 2.423448182534354345e+00 2.012203444690350285e+00 2.320721207267463893e+00 1.313748175245961436e+00
1.251087800600940270e+00 2.380490297514530340e+00 2.019170934082338942e+00 2.298588478485337649e+00 1.317568493875821423e+00
1.247727906291211220e+00 2.340965233096850007e+00 2.025771279182256190e+00 2.275253992865096109e+00 1.323781212266367246e+00
1.245605701028286161e+00 2.312985314494265143e+00 2.032184467535075534e+00 2.254754130469299067e+00 1.340803727132448220e+00
1.247612692191685912e+00 2.296590965181323885e+00 2.040116395555715112e+00 2.245744103524978996e+00 1.365342485147767126e+00
1.251793743025242600e+00 2.276951809591594156e+00 2.052967650374754705e+00 2.242692580208680564e+00 1.387730929983991945e+00
1.255726318200941716e+00 2.253570529968435654e+00 2.069654548561081775e+00 2.240638428430153706e+00 1.406453487454468299e+00
1.259226000649583010e+00 2.231638945933373197e+00 2.087274112352240696e+00 2.238340887149484981e+00 1.424676693207127087e+00
1.263561415824385303e+00 2.215548507007943257e+00 2.103174729281296784e+00 2.235773261691894387e+00 1.445680318257035024e+00
1.269297168582817159e+00 2.205893586604139589e+00 2.115436913677112063e+00 2.232754174471515363e+00 1.469821861059846579e+00
1.275640673620885845e+00 2.198905972822755128e+00 2.124399781870280446e+00 2.228964593428610641e+00 1.495554506937878170e+00
1.281777652799835243e+00 2.191517622309128832e+00 2.132009323420768432e+00 2.224410429389338084e+00 1.521680414476511034e+00
1.287851768533223362e+00 2.184345081539419198e+00 2.139672882280512223e+00 2.219606952926225674e+00 1.547786942984340719e+00
1.293925884266611703e+00 2.177172540769709563e+00 2.147336441140256014e+00 2.214803476463112819e+00 1.573893471492170182e+00
1.300000000000000044e+00 2.169999999999999929e+00 2.154999999999999805e+00 2.209999999999999964e+00 1.600000000000000089e+00
