8.699999999999999956e-01 2.740000000000000213e+00 1.850000000000000089e+00 2.629999999999999893e+00 1.350000000000000089e+00
9.027993826314456571e-01 2.740360338816433039e+00 1.862755628384374029e+00 2.602015348292719743e+00 1.347433877654479639e+00
9.355987652628913187e-01 2.740720677632865421e+00 1.875511256768747970e+00 2.574030696585440037e+00 1.344867755308958968e+00
9.686782994949476588e-01 2.742071274018098581e+00 1.888476517946632738e+00 2.546519841688121844e+00 1.342596273668100748e+00
1.002370194981278662e+00 2.746402106103008833e+00 1.902428634700634724e+00 2.520630287564365357e+00 1.341197208142947517e+00
1.036618690177786295e+00 2.756662012115004501e+00 1.918714611661830105e+00 2.498618080937429653e+00 1.341356178694365298e+00
1.071717316188414149e+00 2.773287638163662194e+00 1.936531444832161553e+00 2.482389197741408982e+00 1.341964585541019828e+00
1.110020090326847342e+00 2.762045173711129564e+00 1.945400255551620106e+00 2.464954594614706451e+00 1.338272547993706763e+00
1.142945325599950657e+00 2.733626646395651782e+00 1.948905790945222760e+00 2.460871473428100309e+00 1.353486787158284077e+00
1.181653969876405696e+00 2.731640982734290013e+00 1.966703627031460400e+00 2.452160036356673789e+00 1.352726758100184501e+00
1.218076821850727853e+00 2.722523620723513726e+00 1.984126537286029501e+00 2.438706959083708714e+00 1.346393500049645420e+00
1.245467794274766504e+00 2.723874560031609882e+00 2.002555743915996445e+00 2.431215134647413123e+00 1.327088407398167247e+00
1.256340134266846320e+00 2.671558087022871231e+00 2.003335597218827147e+00 2.423098009208932258e+00 1.309567319403490471e+00
1.257343653607325029e+00 2.604996684534879758e+00 1.996556704366396318e+00 2.409684338495419187e+00 1.305191820153556614e+00
1.257984240359359518e+00 2.538132292539074797e+00 1.988847586153515756e+00 2.395723893915829628e+00 1.304984215153814464e+00
1.259027437053949372e+00 2.474195206152932425e+00 1.985041677401765181e+00 2.377860318207047463e+00 1.311855580170864677e+00
1.259715148665907059e+00 2.426190420788604030e+00 1.989696650407125400e+00 2.352214573356006699e+00 1.327217933355911539e+00
1.259156194325672828e+00 2.393953312204769812e+00 2.000030691610645839e+00 2.321921810099345063e+00 1.345173517844789446e+00
1.256013979791650526e+00 2.370255153570443696e+00 2.014508555425795322e+00 2.291185570452388465e+00 1.363421852515902755e+00
1.248886942673258282e+00 2.355591315557203469e+00 2.035862416540437980e+00 2.265523304914637048e+00 1.381772568140672508e+00
1.239993537946430191e+00 2.343895818944036868e+00 2.064888957401424197e+00 2.246181573947867882e+00 1.395821771954278701e+00
1.234994931916727712e+00 2.326700850013793342e+00 2.097551257231843547e+00 2.227316922904654994e+00 1.402348536095804565e+00
1.236666274912540331e+00 2.310535281234268101e+00 2.131571192636250611e+00 2.209051607523865535e+00 1.406225366575850622e+00
1.241488285360090149e+00 2.284106134490319739e+00 2.146179866272105219e+00 2.188826523967668525e+00 1.413529803050456168e+00
1.241371194614700357e+00 2.266093043044752342e+00 2.117394669012408137e+00 2.191160665084936898e+00 1.420801993922987005e+00
1.253490290931502216e+00 2.255652537682518943e+00 2.132036744104019999e+00 2.197640287247244917e+00 1.448580618353110472e+00
1.263630532918515348e+00 2.241072969152884120e+00 2.141441942398747411e+00 2.200819958331006188e+00 1.478218003307032680e+00
1.272839813270772558e+00 2.223619006142655063e+00 2.145493597949348352e+00 2.203192728232234554e+00 1.508623748464762215e+00
1.281893208847181720e+00 2.205746004095103352e+00 2.148662398632898984e+00 2.205461818821489839e+00 1.539082498976508173e+00
1.290946604423590882e+00 2.187873002047551640e+00 2.151831199316449172e+00 2.207730909410744680e+00 1.569541249488254131e+00
1.300000000000000044e+00 2.169999999999999929e+00 2.154999999999999805e+00 2.209999999999999964e+00 1.600000000000000089e+00
