8.699999999999999956e-01 2.740000000000000213e+00 1.850000000000000089e+00 2.629999999999999893e+00 1.350000000000000089e+00
8.927919354296564025e-01 2.744986213919223150e+00 1.861209128405176827e+00 2.612137222527334490e+00 1.348916872642411224e+00
9.155838708593128095e-01 2.749972427838446531e+00 1.872418256810353565e+00 2.594274445054669531e+00 1.347833745284822360e+00
9.383758062889692164e-01 2.754958641757669469e+00 1.883627385215530303e+00 2.576411667582004128e+00 1.346750617927233495e+00
9.611677417186256234e-01 2.759944855676892850e+00 1.894836513620707263e+00 2.558548890109338725e+00 1.345667490569644631e+00
9.839589091030175316e-01 2.764910115379473954e+00 1.906124303771087769e+00 2.540762884140880473e+00 1.344519972069525116e+00
1.006679549061123113e+00 2.769620171394703512e+00 1.917862283220537645e+00 2.523328380141210303e+00 1.343103037364284713e+00
1.029070376934392739e+00 2.772936293340094061e+00 1.930619196097473012e+00 2.506464984561417975e+00 1.341372349625770344e+00
1.050885527165872135e+00 2.771040589067018445e+00 1.943897715582432184e+00 2.489302397310702464e+00 1.340575236777157730e+00
1.071130975513190364e+00 2.757547055074084597e+00 1.954152361463358245e+00 2.470614295576886832e+00 1.344092494161282625e+00
1.085485369676227441e+00 2.733218137041513618e+00 1.957894427125466130e+00 2.453528151850620009e+00 1.355078526611523060e+00
1.099866937669257805e+00 2.709454895801728380e+00 1.967734366166239646e+00 2.439549506259181655e+00 1.366176240609105585e+00
1.108811587212460426e+00 2.677888604273899631e+00 1.981937269317950001e+00 2.430084417963281229e+00 1.373073518753348043e+00
1.110295085414729321e+00 2.643453154947249306e+00 1.990534069349075175e+00 2.423686075260416128e+00 1.386260518333557901e+00
1.120603485510643260e+00 2.651179699103561660e+00 1.991463341320219627e+00 2.427831376218605897e+00 1.370385032274729520e+00
1.141526100038117830e+00 2.647313100009740960e+00 1.990947654174336945e+00 2.426116140341318062e+00 1.352126136090950670e+00
1.166844577411949579e+00 2.640042197390901180e+00 1.994060801642611347e+00 2.422827603894453841e+00 1.337869168063569703e+00
1.193933315818263008e+00 2.634656929362319211e+00 2.000105988757941322e+00 2.420442914372089138e+00 1.326065190275546701e+00
1.221808605991678398e+00 2.629497300079432609e+00 2.007584370332222257e+00 2.420222062681632647e+00 1.315978808408649003e+00
1.248688910113867401e+00 2.615781368999350764e+00 2.015295364604857031e+00 2.420837559533012495e+00 1.307872809285245408e+00
1.266486398757833864e+00 2.582340980545184905e+00 2.021842129562487322e+00 2.415923699347204412e+00 1.303561409200802546e+00
1.268688670507374994e+00 2.540431145683037517e+00 2.025125698320822121e+00 2.402620582568881780e+00 1.303472522323678939e+00
1.263747265280926513e+00 2.501638334033008615e+00 2.025427204194479192e+00 2.385184588266969552e+00 1.304614396264103471e+00
1.257726706852292597e+00 2.465008979864598437e+00 2.023528569337140759e+00 2.366124454976460623e+00 1.305834738071345758e+00
1.252383888674609036e+00 2.429291786445241463e+00 2.020658675137333216e+00 2.346421717200075641e+00 1.307877563915477603e+00
1.248057820684846053e+00 2.394513393164245496e+00 2.018785031983183931e+00 2.326446714717674169e+00 1.312532826537438746e+00
1.244877569132558648e+00 2.362677901546098802e+00 2.020000719975076908e+00 2.306993358475963429e+00 1.321888069337858296e+00
1.242974384819028666e+00 2.337579734373698592e+00 2.025679093693075306e+00 2.290118086764459715e+00 1.336714938921077067e+00
1.242257309185743619e+00 2.320944442883431602e+00 2.036142616911055025e+00 2.278280566384640160e+00 1.355047904707964435e+00
1.242338057327273981e+00 2.309550372993485645e+00 2.051107110247962773e+00 2.272029134058002331e+00 1.373453101078099259e+00
1.242770227636458280e+00 2.297610957974612678e+00 2.069511446785378350e+00 2.268841948777526873e+00 1.389384680325952193e+00
1.243339885514528342e+00 2.280379421580014387e+00 2.089284794786538502e+00 2.264889120573698289e+00 1.402210353738295279e+00
1.244407540086842623e+00 2.256622121233154754e+00 2.108248501110984385e+00 2.259306578402107579e+00 1.412827698111424723e+00
1.246850101714665371e+00 2.229688067834351806e+00 2.125384281329170566e+00 2.255265839302115438e+00 1.424168429537336689e+00
1.250984510652955350e+00 2.207953930386233221e+00 2.137551668522242210e+00 2.253743475632512094e+00 1.441766445502013161e+00
1.255781135035351603e+00 2.197680965087513538e+00 2.137763596874051153e+00 2.249063152614475758e+00 1.464884931415889380e+00
1.261982421377297658e+00 2.190559536092671067e+00 2.132302981523823249e+00 2.240144537328121022e+00 1.486851470240856177e+00
1.269691313239032393e+00 2.183648199383101396e+00 2.133550509928281436e+00 2.231196842483157194e+00 1.509153860383863011e+00
1.277405622098438442e+00 2.179371620850835800e+00 2.139096643915758822e+00 2.224711433236622682e+00 1.531591156546627364e+00
1.285035474024391888e+00 2.176247880780138200e+00 2.144926338561577772e+00 2.219514052621918587e+00 1.554228902131230772e+00
1.292517737012195855e+00 2.173123940390069286e+00 2.149963169280789010e+00 2.214757026310959276e+00 1.577114451065615430e+00
1.300000000000000044e+00 2.169999999999999929e+00 2.154999999999999805e+00 2.209999999999999964e+00 1.600000000000000089e+00
