8.699999999999999956e-01 2.740000000000000213e+00 1.850000000000000089e+00 2.629999999999999893e+00 1.350000000000000089e+00
9.028176860952554783e-01 2.733182528379617615e+00 1.860544478256844769e+00 2.597066080959999468e+00 1.348489911622261506e+00
9.356353721905108500e-01 2.726365056759235905e+00 1.871088956513689672e+00 2.564132161919999486e+00 1.346979823244522700e+00
9.684530582857663328e-01 2.719547585138853307e+00 1.881633434770534352e+00 2.531198242879999061e+00 1.345469734866783895e+00
1.001338723988038915e+00 2.713443054115353803e+00 1.892387769717349455e+00 2.498374368820519109e+00 1.343947195748467438e+00
1.034585043676071070e+00 2.713128626517492759e+00 1.904774648877846976e+00 2.466626583821978080e+00 1.342332857564785931e+00
1.067673043387104448e+00 2.727029102663927063e+00 1.921489245261997381e+00 2.440076192434769808e+00 1.341102636019346095e+00
1.101592745082903058e+00 2.749719149678107932e+00 1.943676769536399673e+00 2.430701392009927631e+00 1.344649719147267497e+00
1.122222138323697660e+00 2.761142045936790357e+00 1.969527229670947399e+00 2.434597491247906920e+00 1.365368092970832725e+00
1.120917795736540379e+00 2.751320532273848762e+00 1.984307411939165489e+00 2.439580835331907060e+00 1.399943130478409570e+00
1.117991807794265879e+00 2.725136411232581768e+00 1.993688233067171245e+00 2.441857448369998185e+00 1.435297176259821228e+00
1.152766969467503344e+00 2.699083258063985635e+00 1.993140757408545127e+00 2.435619243249770527e+00 1.440374925328039346e+00
1.190622929749536763e+00 2.705057595676717330e+00 1.983768693286793283e+00 2.431647958231406115e+00 1.418077125713145925e+00
1.222699318700064541e+00 2.704828047737571239e+00 1.985862164861254886e+00 2.434649090117960490e+00 1.388508810646849723e+00
1.244633935139483505e+00 2.690729209962630986e+00 1.999827673284007012e+00 2.440888364690107615e+00 1.357607870571898356e+00
1.260552085531272848e+00 2.663753117081083310e+00 2.016044278850226856e+00 2.442182533635870900e+00 1.327650374888780682e+00
1.269849722429773564e+00 2.621339932529905159e+00 2.027000247800018418e+00 2.429263316855397647e+00 1.301488357067998924e+00
1.268713032072307900e+00 2.575826978578116933e+00 2.026776695437146003e+00 2.396274783640786943e+00 1.291156509682665821e+00
1.282825667817383941e+00 2.567591892389081920e+00 2.050750861872686848e+00 2.375169656297471121e+00 1.282646786393917049e+00
1.280221527549059157e+00 2.513304231906858366e+00 2.045888215951322309e+00 2.346862653054048842e+00 1.273788698931723973e+00
1.275992138634231887e+00 2.457954215222190708e+00 2.039032623966710034e+00 2.319576008997410899e+00 1.267000006838583381e+00
1.271894707975275152e+00 2.398582661776067049e+00 2.035501420517787707e+00 2.294285897736006330e+00 1.266702188404911888e+00
1.264489149235659582e+00 2.346110761577413495e+00 2.036711379108393949e+00 2.283118572424058801e+00 1.290796553825884319e+00
1.251218775387237248e+00 2.312410634864034531e+00 2.030829559893200464e+00 2.281694683791090750e+00 1.323333210440245100e+00
1.247742234723004717e+00 2.292746285537851758e+00 2.036232629959522367e+00 2.287535176914178070e+00 1.360565933044279863e+00
1.248989679047815438e+00 2.280511445940513582e+00 2.059772112489586249e+00 2.275912106940105151e+00 1.389512682560118728e+00
1.247199398007390547e+00 2.272854688303651116e+00 2.086643508373001055e+00 2.251623017241897173e+00 1.409666301727547477e+00
1.244964532781998479e+00 2.262823614838568531e+00 2.115634615614218283e+00 2.225156484277884150e+00 1.423974802641498005e+00
1.245857283294894868e+00 2.243575954815818285e+00 2.148797950906749854e+00 2.204736944541962895e+00 1.423377744223601304e+00
1.249557994571320663e+00 2.243806518096915337e+00 2.126061906137418855e+00 2.210538475127852287e+00 1.414600849090187573e+00
1.253150484699154799e+00 2.229674051837281734e+00 2.127134251282830846e+00 2.217829123201424668e+00 1.452656189637963946e+00
1.261870127365758876e+00 2.211721231655765063e+00 2.137591487630293052e+00 2.216167502303934445e+00 1.488854885345957779e+00
1.275251885150982645e+00 2.198122943646986904e+00 2.145041175554802226e+00 2.215137368648346428e+00 1.525519964298190256e+00
1.287625942575491234e+00 2.184061471823493417e+00 2.150020587777401015e+00 2.212568684324173418e+00 1.562759982149095173e+00
1.300000000000000044e+00 2.169999999999999929e+00 2.154999999999999805e+00 2.209999999999999964e+00 1.600000000000000089e+00
