8.699999999999999956e-01 2.740000000000000213e+00 1.850000000000000089e+00 2.629999999999999893e+00 1.350000000000000089e+00
8.923995815430496581e-01 2.733417976477477751e+00 1.859687633595404899e+00 2.610288614525198891e+00 1.352282741391683807e+00
9.147991630860993206e-01 2.726835952954955289e+00 1.869375267190809708e+00 2.590577229050397889e+00 1.354565482783367525e+00
9.371987446291489832e-01 2.720253929432433271e+00 1.879062900786214518e+00 2.570865843575596887e+00 1.356848224175051243e+00
9.595983261721986457e-01 2.713671905909910809e+00 1.888750534381619328e+00 2.551154458100795885e+00 1.359130965566735183e+00
9.819812566413603783e-01 2.707065805324549768e+00 1.898434924798986678e+00 2.531414155821183787e+00 1.361384514375199917e+00
1.004272493033905977e+00 2.700329491094940693e+00 1.908101131347111235e+00 2.511518184742935311e+00 1.363479558607705977e+00
1.026194714327236079e+00 2.693839285906623360e+00 1.918023113941523361e+00 2.491292173080620564e+00 1.365139759576172729e+00
1.046938748839985278e+00 2.690662238963249742e+00 1.929641502019145527e+00 2.471113444414823501e+00 1.365769332014256321e+00
1.064266589492257387e+00 2.698031900205731137e+00 1.944642779736340588e+00 2.454081731326079208e+00 1.363003846002932784e+00
1.079162011079007222e+00 2.704801922214531196e+00 1.961203757661168057e+00 2.438551598755049454e+00 1.357938094950138730e+00
1.092164834704436593e+00 2.689965826812580563e+00 1.964753102683974628e+00 2.423328851686736396e+00 1.369471434862282733e+00
1.090437384738461413e+00 2.656869811471755494e+00 1.962671738777679309e+00 2.414067047384647058e+00 1.382082349656110987e+00
1.089237591785116699e+00 2.622261649983288478e+00 1.966281796431452733e+00 2.405096811638115284e+00 1.393867876575576759e+00
1.095570256916472029e+00 2.587658931594921441e+00 1.976590832583321689e+00 2.396849534371429336e+00 1.401069530941305930e+00
1.108887688279423633e+00 2.553786675039752652e+00 1.987287284273084431e+00 2.389320686757519407e+00 1.399281700320370581e+00
1.124474009800905394e+00 2.520554705784431970e+00 1.990385046187553186e+00 2.380285968894789939e+00 1.391600648393849893e+00
1.134561298931044515e+00 2.484796493706664222e+00 1.982686779623476392e+00 2.369001882599324205e+00 1.387424026801943544e+00
1.135780059943951592e+00 2.448108782175500764e+00 1.971689699766454584e+00 2.357722454861687744e+00 1.388709013448149232e+00
1.138137805714987572e+00 2.407324284037910989e+00 1.964057063930475744e+00 2.348036343304813478e+00 1.390053062688080709e+00
1.137500007630890764e+00 2.365532845510446514e+00 1.963355579872181567e+00 2.335048544647096769e+00 1.390369590536447486e+00
1.132580630798132315e+00 2.330266662919590281e+00 1.970310312635884076e+00 2.317320873204011367e+00 1.389932615249520387e+00
1.131681800165611484e+00 2.308035870482420204e+00 1.982558732413276070e+00 2.294128575395602443e+00 1.389225722576307165e+00
1.144610558849181725e+00 2.293656767393593032e+00 1.995871637822923095e+00 2.272916966568714781e+00 1.389268077369077536e+00
1.168297480068963168e+00 2.281473455958454633e+00 2.006835161120725797e+00 2.259807844428371126e+00 1.391793641102979651e+00
1.193728546930472367e+00 2.271483546721587921e+00 2.017065559559439336e+00 2.252283972835475545e+00 1.398377287232977606e+00
1.214803089501079736e+00 2.266350657524593082e+00 2.028091072523339200e+00 2.247094211176013268e+00 1.409871197983135094e+00
1.229198883691202004e+00 2.265770702091228550e+00 2.040046319747352399e+00 2.243083878360388361e+00 1.424674757959724314e+00
1.238708977073754047e+00 2.264727340202876249e+00 2.054952141271567001e+00 2.240959482495898936e+00 1.439130352271662749e+00
1.245454192820418804e+00 2.257475373944700880e+00 2.074624401802943829e+00 2.242078938546306688e+00 1.447960308394140361e+00
1.251246259658955085e+00 2.242056451754250279e+00 2.095105891639887030e+00 2.244364982775786110e+00 1.445487973525113157e+00
1.256448827021458214e+00 2.225149275460809761e+00 2.091924468248105740e+00 2.221376872635615118e+00 1.444142737832181833e+00
1.258978746167487950e+00 2.210862740881135213e+00 2.077068176998959181e+00 2.201205036435405660e+00 1.451388533778672718e+00
1.260944918741596865e+00 2.197806125300980629e+00 2.065808794683306804e+00 2.189708668219912724e+00 1.466497254975480224e+00
1.263626988569792164e+00 2.187960648707433897e+00 2.064001690199529726e+00 2.186356790560610275e+00 1.486137878929073342e+00
1.267521123857743071e+00 2.181635507829943421e+00 2.070476162678529519e+00 2.188245967364688571e+00 1.505423612336686645e+00
1.272365553982072406e+00 2.177852999636817000e+00 2.081707205249932802e+00 2.191680333020482152e+00 1.522955102390978865e+00
1.277677869148907686e+00 2.175497929229629701e+00 2.095228260626514238e+00 2.195280333048774235e+00 1.539180361916450135e+00
1.283180827520953082e+00 2.173822120475208397e+00 2.109748044285712609e+00 2.198938777458937732e+00 1.554710024504645460e+00
1.288766279328409814e+00 2.172464344162679417e+00 2.124716197145974927e+00 2.202620278240128737e+00 1.569898358971501207e+00
1.294383139664204929e+00 2.171232172081339673e+00 2.139858098572987366e+00 2.206310139120064129e+00 1.584949179485750648e+00
1.300000000000000044e+00 2.169999999999999929e+00 2.154999999999999805e+00 2.209999999999999964e+00 1.600000000000000089e+00
