8.699999999999999956e-01 2.740000000000000213e+00 1.850000000000000089e+00 2.629999999999999893e+00 1.350000000000000089e+00
9.169884595359910628e-01 2.725428620380652589e+00 1.867043055921781658e+00 2.587037456920173728e+00 1.355881818508769099e+00
9.639769190719820191e-01 2.710857240761304965e+00 1.884086111843563227e+00 2.544074913840347563e+00 1.361763637017538331e+00
1.011533494322453652e+00 2.704474811122752786e+00 1.907145149391544336e+00 2.507107861528391268e+00 1.369616570058815208e+00
1.060628563050901807e+00 2.709315085073227269e+00 1.937629855804384515e+00 2.485039582637372568e+00 1.373631135595898112e+00
1.106033412483263145e+00 2.713776254407507249e+00 1.970542226294555110e+00 2.486284751698645046e+00 1.355281842234260514e+00
1.151783416610024702e+00 2.715765415333971866e+00 1.994505875746958035e+00 2.501738971600763861e+00 1.327200927081050530e+00
1.203942603481076290e+00 2.710462997283097586e+00 2.019586193085229020e+00 2.499399614023163796e+00 1.306672859447529200e+00
1.242507141727379638e+00 2.681711667228541263e+00 2.049606390661507849e+00 2.469580359348896970e+00 1.295676412641632247e+00
1.257393617581917367e+00 2.621156713375668357e+00 2.061837377666797089e+00 2.422791699907624885e+00 1.289941559677105998e+00
1.259095219833382906e+00 2.554861481286360814e+00 2.057692791526447351e+00 2.374325145148754590e+00 1.288938644047582960e+00
1.258119826892629245e+00 2.488648039635581899e+00 2.054057440308942883e+00 2.325626937148293827e+00 1.290955417299698649e+00
1.257006233681786878e+00 2.418663982742416785e+00 2.055888304588263882e+00 2.280442312597566357e+00 1.294758138435156747e+00
1.258737159063128441e+00 2.350982595078561666e+00 2.073929909145057593e+00 2.240474385183975237e+00 1.297543191933246964e+00
1.266409542970131641e+00 2.306490893066038161e+00 2.097324001216096523e+00 2.190548252094381532e+00 1.285200409826687595e+00
1.264352819601036737e+00 2.269045416825904660e+00 2.077173972541727753e+00 2.189972163630538482e+00 1.329775736759556182e+00
1.255714882284107770e+00 2.253454959119239653e+00 2.096963842892205054e+00 2.214411350056555428e+00 1.375429470575622037e+00
1.249961726352830427e+00 2.241976186754270017e+00 2.117770183879539747e+00 2.250513696251891460e+00 1.416287181120891692e+00
1.264427830011381371e+00 2.208644797493731549e+00 2.107579686973534816e+00 2.264824537840353091e+00 1.463269073472670767e+00
1.282129436194394456e+00 2.179314530507025616e+00 2.104506801518438053e+00 2.237100401044463727e+00 1.508055297317312249e+00
1.291956239374505655e+00 2.172806190617245559e+00 2.128091266341403553e+00 2.220961949032194571e+00 1.554438244649601897e+00
1.300000000000000044e+00 2.169999999999999929e+00 2.154999999999999805e+00 2.209999999999999964e+00 1.600000000000000089e+00
