8.699999999999999956e-01 2.740000000000000213e+00 1.850000000000000089e+00 2.629999999999999893e+00 1.350000000000000089e+00
9.147784128401591497e-01 2.735471057801270867e+00 1.871827556355804667e+00 2.593538641034303094e+00 1.348806046525556468e+00
9.595568256803181928e-01 2.730942115602541964e+00 1.893655112711609245e+00 2.557077282068605850e+00 1.347612093051112625e+00
1.004335238520477347e+00 2.726413173403812618e+00 1.915482669067413823e+00 2.520615923102909051e+00 1.346418139576669004e+00
1.051544874305571753e+00 2.723670236641511089e+00 1.935065006107094421e+00 2.484479318935326919e+00 1.345877415272175082e+00
1.104609515494081595e+00 2.749397221351752130e+00 1.936972934932381207e+00 2.454571784805958945e+00 1.334952059791917556e+00
1.137064688118288203e+00 2.691943016293350421e+00 1.942444103450636783e+00 2.429694562389332013e+00 1.352283784414265222e+00
1.151295481916091434e+00 2.641936732540339339e+00 1.951920270085129694e+00 2.440622121461203164e+00 1.395078987075285104e+00
1.161750578854947813e+00 2.575356213528674498e+00 1.969941093271258659e+00 2.430307878912567610e+00 1.423088242135224668e+00
1.200432639923569411e+00 2.540942157037883398e+00 1.991116344628262480e+00 2.402451515382169944e+00 1.405780455955750741e+00
1.238290703928268455e+00 2.539139997301546270e+00 1.993363957035583223e+00 2.396527028092301226e+00 1.360422283451696801e+00
1.264706490092232904e+00 2.558562732985201205e+00 1.997692663477026009e+00 2.412588830023854491e+00 1.312817470726612035e+00
1.288233033701847940e+00 2.569826162349204246e+00 2.017357907493656732e+00 2.425491696496585359e+00 1.268883096775793584e+00
1.297640222884406613e+00 2.589812794545211183e+00 2.060288425638374665e+00 2.428958993843788328e+00 1.265414581142216388e+00
1.305887847890634612e+00 2.559647122594806756e+00 2.017443283576059176e+00 2.421676680568376039e+00 1.270665229699827758e+00
1.296145117685474357e+00 2.499476797228096903e+00 1.994158086729845403e+00 2.388965236897961919e+00 1.267536267466485178e+00
1.282019165105662717e+00 2.438369053248451657e+00 2.004399752830375636e+00 2.346465807944346782e+00 1.259908609794283763e+00
1.268460099509716832e+00 2.385540471033198440e+00 2.026403575281459979e+00 2.307836517552139366e+00 1.265558934777643252e+00
1.259728948017945660e+00 2.353078530259556711e+00 2.049533875670631389e+00 2.283804480774001444e+00 1.303608164236365941e+00
1.254587428306693564e+00 2.329941312319613989e+00 2.062513396047148895e+00 2.264854471585645790e+00 1.352342202560678164e+00
1.245503598914320165e+00 2.279393027414161388e+00 2.075168146779840850e+00 2.241697660282980564e+00 1.390220648915243551e+00
1.263708090603164580e+00 2.255857374166003737e+00 2.106904816253346802e+00 2.219710943423737870e+00 1.419310906327254651e+00
1.276570936992205141e+00 2.224791807238342578e+00 2.143712868183832221e+00 2.231523633219355762e+00 1.439483776220384481e+00
1.285855355481795748e+00 2.199183553688238479e+00 2.149475838666595529e+00 2.232193026384674539e+00 1.492102098323146997e+00
1.292927677740898007e+00 2.184591776844119426e+00 2.152237919333297889e+00 2.221096513192337252e+00 1.546051049161573543e+00
1.300000000000000044e+00 2.169999999999999929e+00 2.154999999999999805e+00 2.209999999999999964e+00 1.600000000000000089e+00
