8.699999999999999956e-01 2.740000000000000213e+00 1.850000000000000089e+00 2.629999999999999893e+00 1.350000000000000089e+00
9.004844419446503823e-01 2.745168467993392980e+00 1.860673367839764225e+00 2.608814339400337357e+00 1.349948500284764430e+00
9.309688838893008800e-01 2.750336935986785747e+00 1.871346735679528361e+00 2.587628678800674376e+00 1.349897000569528993e+00
9.614533258339512667e-01 2.755505403980178958e+00 1.882020103519292276e+00 2.566443018201011839e+00 1.349845500854293334e+00
9.919377677786016534e-01 2.760673871973571725e+00 1.892693471359056412e+00 2.545257357601349302e+00 1.349794001139057897e+00
1.021814499177093438e+00 2.763949600105962467e+00 1.903836560049715576e+00 2.523562874735085337e+00 1.349359366436286178e+00
1.049544223370074025e+00 2.759141671303663834e+00 1.915707413921879709e+00 2.500232070892832059e+00 1.347973474122238891e+00
1.076884409409816445e+00 2.750101498522953491e+00 1.925804738670370275e+00 2.475976803928030101e+00 1.343967682321682622e+00
1.101411300874058252e+00 2.748670793418027891e+00 1.943985229489398670e+00 2.458828263259325908e+00 1.346227290695412027e+00
1.102427630009443549e+00 2.772517476353677957e+00 1.954650651903723446e+00 2.447737557644718454e+00 1.366048933473054561e+00
1.119410941032454643e+00 2.735454946727082781e+00 1.958601018060661447e+00 2.432433790389529005e+00 1.359715289684763517e+00
1.151891149767420020e+00 2.706910279204092440e+00 1.967243690530440459e+00 2.424855913157898613e+00 1.360577906884116173e+00
1.184723039668009736e+00 2.700788871369526056e+00 1.978659105220087033e+00 2.418410525146925671e+00 1.371582327800639378e+00
1.220013194871128359e+00 2.701892699078054960e+00 1.990653878005985478e+00 2.412178578274295049e+00 1.372670371383248655e+00
1.241749765090083057e+00 2.689186412737905041e+00 1.998146904367621879e+00 2.407015258594050966e+00 1.350739285245603272e+00
1.255343378007646837e+00 2.671197200928369320e+00 2.008308877055388297e+00 2.405074344094617178e+00 1.327188201135192758e+00
1.264856044772614485e+00 2.651338246857692482e+00 2.022180078130664249e+00 2.404924950244225368e+00 1.311393689260849760e+00
1.251765728967030311e+00 2.603614940314634474e+00 2.010839303172507364e+00 2.392131962694857172e+00 1.313784407597862636e+00
1.243177545262194705e+00 2.554795885830414726e+00 2.007454796748048942e+00 2.374552804877223977e+00 1.318362091803211733e+00
1.240997813638072822e+00 2.509675164794474611e+00 2.019719297002534386e+00 2.355289976148356335e+00 1.322434792843029783e+00
1.240333709604748424e+00 2.467247578568888766e+00 2.034238991027906174e+00 2.336306530161557315e+00 1.326532421038430831e+00
1.240086740911427343e+00 2.420379670095886393e+00 2.044684213922682403e+00 2.316668534334887841e+00 1.330143413021198429e+00
1.240981093080741893e+00 2.367604517926033658e+00 2.049135085187071770e+00 2.298767409188163580e+00 1.332458811117103181e+00
1.241978123178927529e+00 2.311737444611019932e+00 2.048213283037239485e+00 2.284177712368343993e+00 1.334994385821378637e+00
1.239132111880072440e+00 2.264427259019052396e+00 2.047493657393328892e+00 2.264546010727317427e+00 1.340017180361460225e+00
1.236774288414268952e+00 2.242137153409032635e+00 2.063860687697783192e+00 2.241503719083865143e+00 1.351892255407300514e+00
1.237203284245214086e+00 2.230433015669289976e+00 2.084067520226683179e+00 2.229201876198455778e+00 1.369119221091443128e+00
1.238580177839079477e+00 2.224424033876802653e+00 2.101345840652230290e+00 2.226242851850653626e+00 1.391237739136643947e+00
1.240318087701857142e+00 2.222870115671947921e+00 2.109044564188438997e+00 2.234352753788935164e+00 1.417952701132794813e+00
1.243096690437404117e+00 2.217208898196853628e+00 2.107109491214369079e+00 2.245321766478307168e+00 1.445210427875261772e+00
1.250271836115324664e+00 2.205673181237937541e+00 2.108346122458647720e+00 2.247869970507903492e+00 1.472691939905889758e+00
1.260353248790163194e+00 2.196702290529130241e+00 2.117053244189492034e+00 2.242278518217637462e+00 1.498494564619200498e+00
1.270264936592622185e+00 2.190026717896847774e+00 2.126539933142118866e+00 2.234208888663228088e+00 1.523870923464400340e+00
1.280176624395081397e+00 2.183351145264565307e+00 2.136026622094745697e+00 2.226139259108818713e+00 1.549247282309600182e+00
1.290088312197540610e+00 2.176675572632282396e+00 2.145513311047372529e+00 2.218069629554409339e+00 1.574623641154800024e+00
1.300000000000000044e+00 2.169999999999999929e+00 2.154999999999999805e+00 2.209999999999999964e+00 1.600000000000000089e+00
