8.699999999999999956e-01 2.740000000000000213e+00 1.850000000000000089e+00 2.629999999999999893e+00 1.350000000000000089e+00
9.043671649526617839e-01 2.746736584754570831e+00 1.863064914224158652e+00 2.606981946112072901e+00 1.350182142618616910e+00
9.387343299053235723e-01 2.753473169509141449e+00 1.876129828448317216e+00 2.583963892224145908e+00 1.350364285237233730e+00
9.731014948579853607e-01 2.760209754263712512e+00 1.889194742672475558e+00 2.560945838336219360e+00 1.350546427855850551e+00
1.007468659810647038e+00 2.766946339018283130e+00 1.902259656896634121e+00 2.537927784448292368e+00 1.350728570474467594e+00
1.042620321290303576e+00 2.774492566342070976e+00 1.914913592253572494e+00 2.515872025671840984e+00 1.351326159430463303e+00
1.079233965373427306e+00 2.781618494923553175e+00 1.927547693137681817e+00 2.496386717677215206e+00 1.353250012047949813e+00
1.110686365217708582e+00 2.773366847636204113e+00 1.947482320658560306e+00 2.478447602552996010e+00 1.355981662820444189e+00
1.120271447780861740e+00 2.771104264422740382e+00 1.979979181847196124e+00 2.473962534150880188e+00 1.346728855732582497e+00
1.148764405633227792e+00 2.735012800361305896e+00 1.982101558522642026e+00 2.451319187498851804e+00 1.349722018424356795e+00
1.182955575289255101e+00 2.713654528362926754e+00 1.978300309367769794e+00 2.427720576716470902e+00 1.353285467165550315e+00
1.215389382024970599e+00 2.698935509886690731e+00 1.993779672398744429e+00 2.414504175549232023e+00 1.340774230652366450e+00
1.233979037571206305e+00 2.667977666703374329e+00 1.996835991865490101e+00 2.415989040667903431e+00 1.313168179381472234e+00
1.250280140533639894e+00 2.617917768392913569e+00 1.995243571026845020e+00 2.420158461872969902e+00 1.294312669255946791e+00
1.262889805656526754e+00 2.557776552377666768e+00 1.996198759577755055e+00 2.406864002989996365e+00 1.292622692307754617e+00
1.259188344972182128e+00 2.510760809987165221e+00 1.992741643877230961e+00 2.380851916566264492e+00 1.306227314288713970e+00
1.249580661262082559e+00 2.477067772080551400e+00 1.992034205817062587e+00 2.352891810980530352e+00 1.326020848596116020e+00
1.243259008503632579e+00 2.444143695277165573e+00 1.996139999090019934e+00 2.322558420612325758e+00 1.344320400468298704e+00
1.241657650087095943e+00 2.405363407598414938e+00 2.003945997799189804e+00 2.290975298290877760e+00 1.356316546137352530e+00
1.243780905598632858e+00 2.362328232989511445e+00 2.018542638066203931e+00 2.263572611798956302e+00 1.363048010006882249e+00
1.247317754461117811e+00 2.325368000431655702e+00 2.043741975958430324e+00 2.246048086055440596e+00 1.368849991554088819e+00
1.248358010439805099e+00 2.305696572227168950e+00 2.076667127459887574e+00 2.237773457865251281e+00 1.373205419032155206e+00
1.246943358057778006e+00 2.300269534847802610e+00 2.110807859751482329e+00 2.231493094877665673e+00 1.380838907567791152e+00
1.251916649191953335e+00 2.296975781728083366e+00 2.133324798187319349e+00 2.219886761526931096e+00 1.406251905288620652e+00
1.256533266665102122e+00 2.276028313618596144e+00 2.141916383984800998e+00 2.206265985799656715e+00 1.436671995972299554e+00
1.261578273805695982e+00 2.249707448300130253e+00 2.135948378089170152e+00 2.205840342827964928e+00 1.468663936559508443e+00
1.270131330282723070e+00 2.227901841333348898e+00 2.137608399421788707e+00 2.206739642975352744e+00 1.501705939787978838e+00
1.279876544418087292e+00 2.208179969763357064e+00 2.142748357209351084e+00 2.207801606940669625e+00 1.534554518895608677e+00
1.289938272209043557e+00 2.189089984881678497e+00 2.148874178604675667e+00 2.208900803470334573e+00 1.567277259447804383e+00
1.300000000000000044e+00 2.169999999999999929e+00 2.154999999999999805e+00 2.209999999999999964e+00 1.600000000000000089e+00
