8.699999999999999956e-01 2.740000000000000213e+00 1.850000000000000089e+00 2.629999999999999893e+00 1.350000000000000089e+00
9.833724366823631824e-01 2.751458242179003033e+00 1.913312838262404059e+00 2.552656258370433751e+00 1.344167642714812150e+00
1.097887585981703884e+00 2.758684696870934872e+00 1.958896709833629401e+00 2.456679808270926024e+00 1.324379964210314453e+00
1.119384062772054822e+00 2.737477961490770717e+00 1.964400687526937750e+00 2.442161290037620613e+00 1.326861092226961025e+00
1.134267386091235119e+00 2.704438036349266383e+00 1.966111296158675747e+00 2.436911508821266281e+00 1.333750789602592413e+00
1.141654229759458961e+00 2.688239401694693331e+00 1.967156512047613326e+00 2.434955971014074017e+00 1.337029675575062804e+00
1.152266357657575790e+00 2.671888330172037751e+00 1.970121632803863987e+00 2.432047424439917283e+00 1.339254455367034025e+00
1.170760105546364338e+00 2.653144914547231448e+00 1.980648419426936258e+00 2.423956671296406462e+00 1.337782868855945884e+00
1.187728374821723110e+00 2.631382305669521138e+00 1.992013851114040834e+00 2.417155100944671009e+00 1.325459570317444324e+00
1.195581764271637093e+00 2.617588649184710015e+00 1.995390446983960731e+00 2.416568266711715207e+00 1.314929998786072751e+00
1.206285593483892749e+00 2.602283656393018951e+00 1.995546127611039555e+00 2.420135239139774352e+00 1.299102654223922126e+00
1.239036980846234481e+00 2.573125709653867332e+00 1.989576508957083378e+00 2.422975571244921689e+00 1.272855162719555899e+00
1.261866922254491374e+00 2.537068754706082174e+00 1.980460780954597100e+00 2.410233032955198418e+00 1.270941659223193465e+00
1.270977152095876139e+00 2.514174938887954180e+00 1.975680357824321609e+00 2.395493794832742385e+00 1.279728065661354108e+00
1.280590105646891574e+00 2.472425482975099342e+00 1.980197653684297343e+00 2.345492934170798627e+00 1.311247946067346071e+00
1.264532383590891929e+00 2.417764252723892060e+00 1.992356090474201036e+00 2.298557660289779925e+00 1.330337650710791353e+00
1.256327199248440163e+00 2.397659249533247827e+00 1.997608589845498717e+00 2.283289055802434131e+00 1.335824932427627898e+00
1.247448942324148380e+00 2.379475132676534432e+00 2.005902512555154615e+00 2.269740382277261048e+00 1.343438052229875446e+00
1.242015851019590000e+00 2.370283569260912326e+00 2.018230527438834354e+00 2.261475996698420587e+00 1.355947155429265916e+00
1.243606757914353045e+00 2.333608729120912439e+00 2.051325824605332748e+00 2.249163788461821856e+00 1.383032960172981163e+00
1.245933012707580945e+00 2.306156185205592291e+00 2.072559803824008284e+00 2.237965237670227481e+00 1.392256528598836418e+00
1.247059266774632746e+00 2.293066556698625025e+00 2.084713070902795451e+00 2.230183491373532778e+00 1.394436913888031482e+00
1.249369979882509085e+00 2.284869277143588562e+00 2.106612873696422028e+00 2.209215408180303264e+00 1.385202401174496334e+00
1.256009459584425336e+00 2.275917664536597496e+00 2.113417215259429938e+00 2.186462892610133935e+00 1.384356986819204272e+00
1.256101095161941350e+00 2.282077771862839111e+00 2.115626317642802068e+00 2.188737543293643117e+00 1.395086573453110823e+00
1.256939495117262773e+00 2.289328010758612031e+00 2.119160294079291962e+00 2.190519085551124512e+00 1.403049086622429664e+00
1.260258768612318114e+00 2.301046279173966536e+00 2.127049186117270008e+00 2.194333036642515555e+00 1.422931266398759220e+00
1.268699780261051790e+00 2.291736235060611193e+00 2.134617329063542623e+00 2.198802918389906491e+00 1.459609295816754582e+00
1.276203130046769330e+00 2.263241305898604505e+00 2.137991699309702565e+00 2.201505267498396812e+00 1.493194906541475353e+00
1.280355379952523132e+00 2.246971888769765613e+00 2.140959430573398770e+00 2.202987489836818469e+00 1.511831031381371426e+00
1.300000000000000044e+00 2.169999999999999929e+00 2.154999999999999805e+00 2.209999999999999964e+00 1.600000000000000089e+00
