8.699999999999999956e-01 2.740000000000000213e+00 1.850000000000000089e+00 2.629999999999999893e+00 1.350000000000000089e+00
8.914537152972894507e-01 2.727812717716997071e+00 1.861834675405897421e+00 2.609174134810698042e+00 1.356857472594532155e+00
9.129074305945789058e-01 2.715625435433993928e+00 1.873669350811794532e+00 2.588348269621396192e+00 1.363714945189064220e+00
9.343611458918683610e-01 2.703438153150991230e+00 1.885504026217691864e+00 2.567522404432094341e+00 1.370572417783596286e+00
9.558148611891577051e-01 2.691250870867988088e+00 1.897338701623588975e+00 2.546696539242792490e+00 1.377429890378128352e+00
9.771681492871173713e-01 2.678987312529059306e+00 1.909130050035594328e+00 2.525768036342286749e+00 1.384324021753869038e+00
9.980549587053909599e-01 2.666378232805469484e+00 1.920719352299287142e+00 2.504375960955987690e+00 1.391383904806681837e+00
1.017657112382819751e+00 2.652991308824757422e+00 1.931713018302605223e+00 2.481724889219359298e+00 1.398832321934295297e+00
1.035860799074156402e+00 2.641622731714244221e+00 1.941418041751866053e+00 2.456155423898361612e+00 1.405749533285516106e+00
1.056782238115591355e+00 2.644237607631212406e+00 1.949534188473176943e+00 2.429614444847826071e+00 1.404368319374891927e+00
1.077318390826756955e+00 2.634441635035107865e+00 1.952931990664340089e+00 2.421428985026786496e+00 1.384825864456715294e+00
1.098698386805134986e+00 2.634600795088994918e+00 1.968403639981981756e+00 2.431736722912771764e+00 1.386228015929408253e+00
1.114528530276138074e+00 2.668969708561514942e+00 1.975926772936298592e+00 2.437366834328831722e+00 1.373828492536184553e+00
1.137512212568619674e+00 2.691285212735457399e+00 1.983487365544120529e+00 2.437864139535444785e+00 1.359099673523412655e+00
1.167067286801287684e+00 2.692134705294125574e+00 1.992170807999386506e+00 2.436835911206562511e+00 1.345730421242768315e+00
1.197175544905976441e+00 2.680129189288183778e+00 1.999806139836990626e+00 2.434994081425670753e+00 1.333826000318533822e+00
1.226957185180093113e+00 2.668656575531918040e+00 2.005218607129784392e+00 2.434337409129003316e+00 1.319952465023713994e+00
1.253646645795056802e+00 2.658314652352502527e+00 2.010767964448184841e+00 2.433847296914940728e+00 1.302936445109855290e+00
1.271117398891593586e+00 2.638441683290724704e+00 2.023158583541098565e+00 2.428593656034851112e+00 1.287688668628998334e+00
1.272442258314224750e+00 2.603543127816352776e+00 2.036805543709288013e+00 2.413749231016660168e+00 1.285460372313159016e+00
1.268153805742164852e+00 2.566990740261590354e+00 2.038671646902039836e+00 2.391867501122084683e+00 1.291086659909319145e+00
1.264264992082651862e+00 2.535684762179763574e+00 2.031262403216821610e+00 2.368062762322903581e+00 1.298025852140084258e+00
1.260638909301142085e+00 2.507818913907020164e+00 2.020236811302935642e+00 2.344553784524706863e+00 1.305033889946814130e+00
1.254457181248276321e+00 2.479745200613479472e+00 2.009376921260301430e+00 2.321980586553822778e+00 1.312789521079130495e+00
1.242217653249746201e+00 2.447704379534449526e+00 2.002623810855344910e+00 2.302047066321034396e+00 1.320983374319641079e+00
1.239183691444544433e+00 2.409417415090008063e+00 2.017239875176747965e+00 2.297860112318454995e+00 1.316692730837652148e+00
1.243120200786053342e+00 2.372329793236905182e+00 2.030632326004564892e+00 2.296835860796805573e+00 1.326421220928415856e+00
1.242584989013184149e+00 2.336930053401681029e+00 2.035324873284453773e+00 2.291566294576920182e+00 1.344680209396898807e+00
1.240507781194123638e+00 2.302787243255465910e+00 2.042012252980232034e+00 2.283655212550029567e+00 1.362045576500742206e+00
1.242055306965980987e+00 2.281803343938399120e+00 2.057927233487565122e+00 2.273218327140205108e+00 1.378709222322472394e+00
1.244210767474523305e+00 2.276062954171291786e+00 2.077683350178022970e+00 2.258538342810852306e+00 1.392605418613739765e+00
1.243211077132038600e+00 2.276416766178363638e+00 2.098251204332600484e+00 2.241487622793172818e+00 1.403627709164942283e+00
1.240426427650005214e+00 2.279605249681787793e+00 2.120388839803077907e+00 2.234305586832989299e+00 1.416845117482888439e+00
1.239771806508061402e+00 2.267897006759331813e+00 2.136434347215526053e+00 2.247380414820463468e+00 1.434287392326071719e+00
1.246222430538065584e+00 2.237289261696859377e+00 2.133029516684987748e+00 2.258022424902224046e+00 1.452908362254157204e+00
1.254727326182148328e+00 2.218631869207065677e+00 2.124764924859023907e+00 2.251056548013189218e+00 1.475612860914141677e+00
1.263135010151566151e+00 2.211162848287171911e+00 2.124434685499593911e+00 2.241057743850563444e+00 1.501565113369349724e+00
1.272289911194365519e+00 2.202755503548791349e+00 2.130182180629379918e+00 2.233413517960428862e+00 1.527082649408264103e+00
1.281559878770108352e+00 2.193099976430163967e+00 2.138157425524497501e+00 2.225723527005594615e+00 1.551705121205286142e+00
1.290779939385054087e+00 2.181549988215081726e+00 2.146578712762248653e+00 2.217861763502797068e+00 1.575852560602643226e+00
1.300000000000000044e+00 2.169999999999999929e+00 2.154999999999999805e+00 2.209999999999999964e+00 1.600000000000000089e+00
