8.699999999999999956e-01 2.740000000000000213e+00 1.850000000000000089e+00 2.629999999999999893e+00 1.350000000000000089e+00
9.016474174144880616e-01 2.736546817544934118e+00 1.864195341451401866e+00 2.603115291862270197e+00 1.347017446646086691e+00
9.332948348289761276e-01 2.733093635089868023e+00 1.878390682902803643e+00 2.576230583724540057e+00 1.344034893292173294e+00
9.649422522434641936e-01 2.729640452634802372e+00 1.892586024354205199e+00 2.549345875586810362e+00 1.341052339938260118e+00
9.965896696579523706e-01 2.726187270179736277e+00 1.906781365805606976e+00 2.522461167449080666e+00 1.338069786584346721e+00
1.026687916521516586e+00 2.722072795923548671e+00 1.922775801473759039e+00 2.495448535535023549e+00 1.335508637924245789e+00
1.050167862925763806e+00 2.715904122840573809e+00 1.943620361234250415e+00 2.467749456220053261e+00 1.335260534934913590e+00
1.051478415817473033e+00 2.717017199167193198e+00 1.938442217688964631e+00 2.447956338038138391e+00 1.354356230990712673e+00
1.046395990168614620e+00 2.732943366052100309e+00 1.922837757584146212e+00 2.446248375890476723e+00 1.384284982978775558e+00
1.056629130375407399e+00 2.761483160067536691e+00 1.938158758931270764e+00 2.446220372150199385e+00 1.358352691987893213e+00
1.076839885171130495e+00 2.731413339567659637e+00 1.962976542239833533e+00 2.445981573222316019e+00 1.367445275979089159e+00
1.081582550741246429e+00 2.667408275089777181e+00 1.966466778524643466e+00 2.435959729420164255e+00 1.372834376121552902e+00
1.075174686638499022e+00 2.624454059615448198e+00 1.958470174496918403e+00 2.416931693733704645e+00 1.360842442238247685e+00
1.095417347841546762e+00 2.656458433904386851e+00 1.968435483915927042e+00 2.404289275443049601e+00 1.382428341132869720e+00
1.108578965945320016e+00 2.639775495089218715e+00 1.976232509026866202e+00 2.394444844335601008e+00 1.412234340969173774e+00
1.115404267080388534e+00 2.587105741656873459e+00 1.984010568545000686e+00 2.377576534581965717e+00 1.426651281976095476e+00
1.122288536424889127e+00 2.525305815035909340e+00 1.989945157422511546e+00 2.364322933808053140e+00 1.420921790183615752e+00
1.134965038099502443e+00 2.468271421408336330e+00 1.989161867549657181e+00 2.355812343266631359e+00 1.406492649549842877e+00
1.159439755355825330e+00 2.458169061720168358e+00 1.998549939511005569e+00 2.361187183018649716e+00 1.380692391343828707e+00
1.186880034964398645e+00 2.476101012987925287e+00 2.016623686932320858e+00 2.375114239834923868e+00 1.363967751249730798e+00
1.220310720567461704e+00 2.497527007432051249e+00 2.028262201153875566e+00 2.383683950865695067e+00 1.347097785532716419e+00
1.254362695170319730e+00 2.528211198459438869e+00 2.037147773966728082e+00 2.392441132773599932e+00 1.333569610596724964e+00
1.279273225984623341e+00 2.571613332548716713e+00 2.047099935850672736e+00 2.399790788620477677e+00 1.320260611333666345e+00
1.280124073459708356e+00 2.576006491182077696e+00 2.031030955824451034e+00 2.382063454559307569e+00 1.295942877685749783e+00
1.283944017987350916e+00 2.553783680343194806e+00 2.002781836962344020e+00 2.381825159894451538e+00 1.294211961762410823e+00
1.272964857751673451e+00 2.504064696940728751e+00 1.999840688484884499e+00 2.356875864766590833e+00 1.303207612199329457e+00
1.261760348160453571e+00 2.454704773389386752e+00 2.004881200344858616e+00 2.332055723411134984e+00 1.312311963971937168e+00
1.257594293285541731e+00 2.408036120942553371e+00 2.006693976552187841e+00 2.304902143182178342e+00 1.324506195889737281e+00
1.265665537793971174e+00 2.367103542264540561e+00 2.010327171148940106e+00 2.285756598286937891e+00 1.346358108028810729e+00
1.262867650280925513e+00 2.343291151370904490e+00 2.021053955177382289e+00 2.286903663134352893e+00 1.377026058214347204e+00
1.252893427909314017e+00 2.322613069321211920e+00 2.034276295421988401e+00 2.286976083978683683e+00 1.406543684671402561e+00
1.242575232573368771e+00 2.302089052380337453e+00 2.047616758266613157e+00 2.286996755691367955e+00 1.436001410366841924e+00
1.236823386919474688e+00 2.341389360989000856e+00 2.042834382235537483e+00 2.293810539273307025e+00 1.433483438163511536e+00
1.242407100050654467e+00 2.293794620204073098e+00 2.065479101352368119e+00 2.280811340467639781e+00 1.436100091543670576e+00
1.247729414720660124e+00 2.257348778132633793e+00 2.093486824109428657e+00 2.267089205567862198e+00 1.434831117055890282e+00
1.246543316155632741e+00 2.218558405550270951e+00 2.121555620645496631e+00 2.258253656522299924e+00 1.440721876998552364e+00
1.252670208332372859e+00 2.200231637799806350e+00 2.152818921415750708e+00 2.252311888415679864e+00 1.452714740529947202e+00
1.252763689184026141e+00 2.211909048770630992e+00 2.135411714942325290e+00 2.256465618037063248e+00 1.481830886721632545e+00
1.264108617427738945e+00 2.217579841511892358e+00 2.125176415410110042e+00 2.247383436697161230e+00 1.511787870678658940e+00
1.276479234819825725e+00 2.204187207234702850e+00 2.133479077156350989e+00 2.234768407849804017e+00 1.541853762551557594e+00
1.288239617409912885e+00 2.187093603617351611e+00 2.144239538578175175e+00 2.222384203924901769e+00 1.570926881275778841e+00
1.300000000000000044e+00 2.169999999999999929e+00 2.154999999999999805e+00 2.209999999999999964e+00 1.600000000000000089e+00
