8.699999999999999956e-01 2.740000000000000213e+00 1.850000000000000089e+00 2.629999999999999893e+00 1.350000000000000089e+00
8.908497539218379613e-01 2.737296850168192019e+00 1.857838105237214821e+00 2.611880577239463541e+00 1.351194913393479302e+00
9.116995078436759270e-01 2.734593700336383382e+00 1.865676210474429553e+00 2.593761154478927189e+00 1.352389826786958515e+00
9.325492617655138927e-01 2.731890550504575188e+00 1.873514315711644507e+00 2.575641731718390837e+00 1.353584740180437507e+00
9.533990156873518584e-01 2.729187400672766994e+00 1.881352420948859239e+00 2.557522308957854040e+00 1.354779653573916720e+00
9.743186552811036183e-01 2.726490272750661248e+00 1.889080188734774790e+00 2.539390225573190829e+00 1.355991326147222953e+00
9.954639727872509614e-01 2.723779820107003147e+00 1.896475032645409842e+00 2.521250147384570539e+00 1.357237185005532032e+00
1.017002828739138387e+00 2.720964929057253734e+00 1.903458626391607789e+00 2.503247621240911158e+00 1.358318171619318893e+00
1.039193071984866545e+00 2.718453991395283875e+00 1.910395265555011823e+00 2.485991093179641620e+00 1.358381431726723765e+00
1.062358604804349405e+00 2.718302944017223055e+00 1.917489979613049123e+00 2.470251331780936255e+00 1.357909176902139414e+00
1.082989964908853686e+00 2.719108642722777969e+00 1.924056436341214482e+00 2.454228407839391224e+00 1.364424145620107609e+00
1.090780614634277557e+00 2.704546117383464399e+00 1.931162500946179250e+00 2.439250618340861543e+00 1.376563612319288143e+00
1.097171870954250394e+00 2.674759892153031782e+00 1.939652385233218368e+00 2.437517947408473162e+00 1.373582738441485152e+00
1.102906303895962115e+00 2.671198238605355435e+00 1.930896929689664532e+00 2.431297064046865408e+00 1.388265185805305224e+00
1.105209709320651212e+00 2.646615942387112952e+00 1.933218958708079915e+00 2.418164823864816793e+00 1.401177249348629417e+00
1.109794649221726992e+00 2.616951096844069014e+00 1.940907120041553968e+00 2.408435511592430966e+00 1.409825398117957374e+00
1.116054928195899576e+00 2.586230131718623593e+00 1.951030235548675273e+00 2.400343371445518237e+00 1.414518079095539171e+00
1.120628787072081911e+00 2.552445583559614040e+00 1.959854114623853061e+00 2.392070386882121369e+00 1.415486003238977553e+00
1.122110026840721142e+00 2.517769638974511004e+00 1.967553884190391456e+00 2.383471841312918116e+00 1.412475588863507880e+00
1.123588139191978197e+00 2.488321023220906980e+00 1.978637684430385013e+00 2.375990599638232226e+00 1.405918459037385437e+00
1.129238881310947518e+00 2.466763791028462549e+00 1.994291033641940825e+00 2.371407746538922723e+00 1.400060650092895154e+00
1.140697086780856573e+00 2.441057707171236935e+00 2.007261301349568150e+00 2.367719072409220082e+00 1.399124389239366995e+00
1.155192384333532551e+00 2.408674879446671024e+00 2.010069232645368853e+00 2.360784823627986473e+00 1.401893120714432506e+00
1.166668786738218611e+00 2.387248137349660571e+00 2.020312419765266654e+00 2.348074783338070848e+00 1.402144227110015962e+00
1.165117758353081623e+00 2.376761826759975715e+00 2.037967864614718572e+00 2.334994989390909215e+00 1.401121420743535184e+00
1.170759211618629836e+00 2.359678911965256365e+00 2.051850376630241612e+00 2.318237895153886008e+00 1.403072839331505728e+00
1.184277783209113144e+00 2.343640641285943627e+00 2.061444330294915250e+00 2.299272604875795878e+00 1.406367717145693419e+00
1.197869876734668271e+00 2.326874304453848907e+00 2.067504988045948622e+00 2.278024608481260316e+00 1.410529199450473392e+00
1.210702412583606336e+00 2.308280065644694456e+00 2.070939126121257967e+00 2.256002743354476703e+00 1.414851311622944641e+00
1.222433829654332005e+00 2.287024514792208585e+00 2.071689356737870025e+00 2.234018689162625915e+00 1.418856866065464573e+00
1.232650179854618555e+00 2.264483719392210936e+00 2.072698016602718241e+00 2.214480013007942283e+00 1.424303117027470922e+00
1.239922616788676102e+00 2.252241473555945284e+00 2.082650953563990548e+00 2.206502189300987737e+00 1.438124971951384001e+00
1.241282108370191706e+00 2.256311852227022907e+00 2.089128274911211225e+00 2.209691709132795445e+00 1.456932533462094614e+00
1.240474239528151390e+00 2.259354546996434898e+00 2.103048230792174955e+00 2.204956371702380569e+00 1.471522582579493532e+00
1.243873977539543541e+00 2.260923260670818724e+00 2.119196883193485981e+00 2.199561517821360557e+00 1.482619818423658309e+00
1.248416026112066035e+00 2.257908591401772913e+00 2.125878432479570534e+00 2.197689574639980492e+00 1.501542724687637165e+00
1.251316798736856972e+00 2.249761638720515045e+00 2.128417194781744293e+00 2.195410751878142275e+00 1.521237577189772372e+00
1.254720340766936282e+00 2.237347909233781795e+00 2.130595224318888370e+00 2.194367045122499249e+00 1.540375059003685543e+00
1.260807007389292078e+00 2.220912154203934730e+00 2.133903231245930066e+00 2.195740747456306430e+00 1.558173562941229440e+00
1.271353484855817673e+00 2.202030531061109908e+00 2.138730679262290657e+00 2.199676527564697892e+00 1.573699031768376333e+00
1.286001834453951442e+00 2.184007408865296540e+00 2.145222369541261553e+00 2.205003068380031461e+00 1.586973465449700305e+00
1.300000000000000044e+00 2.169999999999999929e+00 2.154999999999999805e+00 2.209999999999999964e+00 1.600000000000000089e+00
