8.699999999999999956e-01 2.740000000000000213e+00 1.850000000000000089e+00 2.629999999999999893e+00 1.350000000000000089e+00
9.224575730782240690e-01 2.721037490982062934e+00 1.867846660893805355e+00 2.594717486897667680e+00 1.368719933015772439e+00
9.749151461564480314e-01 2.702074981964125655e+00 1.885693321787610399e+00 2.559434973795335910e+00 1.387439866031544788e+00
1.027816705548130427e+00 2.684035810863985905e+00 1.903512901118696643e+00 2.524096453343677382e+00 1.405489382607335358e+00
1.083304034958265438e+00 2.672872922102839333e+00 1.922628986753322833e+00 2.491803102107560175e+00 1.421648692520994572e+00
1.110392576466689984e+00 2.738825058508929100e+00 1.940603813081412943e+00 2.507271639550694431e+00 1.420578229484643185e+00
1.121480571169911178e+00 2.715655440462604986e+00 1.918847064147775061e+00 2.493789725289344172e+00 1.372004521638013008e+00
1.159161456603333473e+00 2.751198864363142427e+00 1.918100916115885957e+00 2.528282885900415611e+00 1.336513442143997477e+00
1.196452297976996260e+00 2.690427241432342687e+00 1.934947414224807760e+00 2.541769522090025824e+00 1.308044867647690790e+00
1.220998556747226793e+00 2.632442664252336861e+00 1.964782065946162559e+00 2.508312762698984510e+00 1.297875869177504526e+00
1.256016981803740995e+00 2.632117619530227159e+00 1.996506119669946067e+00 2.467979122458964003e+00 1.279457282920584138e+00
1.267428964820989101e+00 2.576218702899494062e+00 2.030323785280517157e+00 2.434533124782181090e+00 1.263795743704495322e+00
1.261991553107679298e+00 2.513421926600435619e+00 2.034115639594602509e+00 2.385073542394569923e+00 1.237216449220126746e+00
1.265200266183676536e+00 2.436083348051736763e+00 2.032747808599646433e+00 2.335447194089175671e+00 1.235411947850064474e+00
1.270707322864454314e+00 2.379343412399815616e+00 2.065353390285366242e+00 2.296736161115617403e+00 1.245044942907003183e+00
1.254895784141251580e+00 2.340859639893427602e+00 2.089470454706701119e+00 2.252626685937737516e+00 1.274843937918960668e+00
1.247360317764145243e+00 2.313434704399644826e+00 2.113496558202480724e+00 2.214611294841602795e+00 1.315940793661783070e+00
1.243599391703913426e+00 2.270175062237666186e+00 2.096384962061626389e+00 2.204513613127663252e+00 1.362986753562940301e+00
1.233723076629158921e+00 2.276860993840638780e+00 2.089552057524534323e+00 2.231425026259815425e+00 1.417034728343882666e+00
1.230657146428400184e+00 2.290108699691198790e+00 2.128807688774162266e+00 2.250052108320204081e+00 1.450613231388273361e+00
1.254372095787609220e+00 2.275816407991059886e+00 2.140739271462797522e+00 2.245333576376885798e+00 1.505635410858765733e+00
1.277244662570939715e+00 2.223040037845112504e+00 2.147786064354113122e+00 2.227691361474545939e+00 1.552872798421236045e+00
1.300000000000000044e+00 2.169999999999999929e+00 2.154999999999999805e+00 2.209999999999999964e+00 1.600000000000000089e+00
