8.699999999999999956e-01 2.740000000000000213e+00 1.850000000000000089e+00 2.629999999999999893e+00 1.350000000000000089e+00
8.948736608693694805e-01 2.745099984531264248e+00 1.861390828070498937e+00 2.613750133466617775e+00 1.348881303862495606e+00
9.197473217387388544e-01 2.750199969062528726e+00 1.872781656140998008e+00 2.597500266933235213e+00 1.347762607724991346e+00
9.446209826081083394e-01 2.755299953593793205e+00 1.884172484211496856e+00 2.581250400399853095e+00 1.346643911587486864e+00
9.694946434774778243e-01 2.760399938125057240e+00 1.895563312281995927e+00 2.565000533866470978e+00 1.345525215449982381e+00
9.943112212397809957e-01 2.764959272693968018e+00 1.906877001883061862e+00 2.548465240114266894e+00 1.344729437600643118e+00
1.018639960848537251e+00 2.765908421585062005e+00 1.917836458413880729e+00 2.530674673428011001e+00 1.345616180807139406e+00
1.040544156109634688e+00 2.755079806779578533e+00 1.927414906780845483e+00 2.511346189089361136e+00 1.349400992701036639e+00
1.054924456898527652e+00 2.735416402644759160e+00 1.928854981274336744e+00 2.487454898353561372e+00 1.355897415057592870e+00
1.065720296932256339e+00 2.718457498237733638e+00 1.936450523597480711e+00 2.466233920062878227e+00 1.366846511257621577e+00
1.071662898053648449e+00 2.716537747821901938e+00 1.957231684970334396e+00 2.453879592297842915e+00 1.373914598593183323e+00
1.074828967464509510e+00 2.721049158979869098e+00 1.978706538271602700e+00 2.444019770377573231e+00 1.365854761244723603e+00
1.082481532324271800e+00 2.708074684462831616e+00 1.980030243590162664e+00 2.434040593308993028e+00 1.347623717713712921e+00
1.091150787277451295e+00 2.671782762950249523e+00 1.967481440213057819e+00 2.436376148811548070e+00 1.351040752987312743e+00
1.086602755371715245e+00 2.656033155148089797e+00 1.961949611011698957e+00 2.452619928434200958e+00 1.367677959398754028e+00
1.084204633382318539e+00 2.618018515888901110e+00 1.970375912964496212e+00 2.444581346751672601e+00 1.375103792750112630e+00
1.081807441930418667e+00 2.581324780274295794e+00 1.964059933551539183e+00 2.428429112000116685e+00 1.372674345627913350e+00
1.082733464581436600e+00 2.549794219149672969e+00 1.968213340612991802e+00 2.412002195418168959e+00 1.384060730645652049e+00
1.087557831061543023e+00 2.527810920955479546e+00 1.979719767922501150e+00 2.392926873188504722e+00 1.394357045743835233e+00
1.097916591324111346e+00 2.501990266978391109e+00 1.988473678726454530e+00 2.371378796520570376e+00 1.397946643928990262e+00
1.112214652773651613e+00 2.468600846401475035e+00 1.988840429879930261e+00 2.353233096725234841e+00 1.394464809431080310e+00
1.128072917261301544e+00 2.434421366740052051e+00 1.987134599474457364e+00 2.338913057816160990e+00 1.388508408729371091e+00
1.147131563844791202e+00 2.404936879884127965e+00 1.989341072372440955e+00 2.324408153794812026e+00 1.381745196848892299e+00
1.169877552536584986e+00 2.384234891594545491e+00 1.994563388271294091e+00 2.310496144813949382e+00 1.373608794980768044e+00
1.195351729142874131e+00 2.367973295733222905e+00 2.000328194580115682e+00 2.299322388709901244e+00 1.365266083498655858e+00
1.219510814729694026e+00 2.342972460638211185e+00 2.005108495183304917e+00 2.289185011074946097e+00 1.363019021885392812e+00
1.227406331949635776e+00 2.310119382335106053e+00 2.006673690607009064e+00 2.279828606473912611e+00 1.376108590146089661e+00
1.223791977665807718e+00 2.286880428958339984e+00 2.008939134725835185e+00 2.275154040432741720e+00 1.394819112234863212e+00
1.222342636137799587e+00 2.265911525620090572e+00 2.019493892367147492e+00 2.270081204116475071e+00 1.411743633252788843e+00
1.224507524764272270e+00 2.250406001248844046e+00 2.039555499780628889e+00 2.264880895948839346e+00 1.422512174644039895e+00
1.228141472205759532e+00 2.244521085683581774e+00 2.063982837719396279e+00 2.260811295868787152e+00 1.427275885804307087e+00
1.231963491549970646e+00 2.246669856102966101e+00 2.089276810100961335e+00 2.257965976354132653e+00 1.428902177877483304e+00
1.235726174738743133e+00 2.252886445328856624e+00 2.114397150500959111e+00 2.255316400125623844e+00 1.429965592098032090e+00
1.240718809638085229e+00 2.251056551579165177e+00 2.135682078782938476e+00 2.250243287165750061e+00 1.437339632126644728e+00
1.247419867737697974e+00 2.232420923390968870e+00 2.138198142262889512e+00 2.245757141726393069e+00 1.456627360979615204e+00
1.253308743031592343e+00 2.217923555538435565e+00 2.132995807266866439e+00 2.243831374222060582e+00 1.476761978336308623e+00
1.259921150780605181e+00 2.207435681210919043e+00 2.132621195351654286e+00 2.240025735744981983e+00 1.497735338258034510e+00
1.267454069167495811e+00 2.198955902097742943e+00 2.135521721314002974e+00 2.234883673721096642e+00 1.518515120909499139e+00
1.275428137659747607e+00 2.191397525258729662e+00 2.139814535936434670e+00 2.229023272383360066e+00 1.539036423985965518e+00
1.283575076028079076e+00 2.184179215836012489e+00 2.144716432028025643e+00 2.222785325535479917e+00 1.559402615269207537e+00
1.291787538014039560e+00 2.177089607918006209e+00 2.149858216014012502e+00 2.216392662767740163e+00 1.579701307634604035e+00
1.300000000000000044e+00 2.169999999999999929e+00 2.154999999999999805e+00 2.209999999999999964e+00 1.600000000000000089e+00
