8.699999999999999956e-01 2.740000000000000213e+00 1.850000000000000089e+00 2.629999999999999893e+00 1.350000000000000089e+00
9.112360987430163650e-01 2.742694825680489057e+00 1.865445386482108781e+00 2.602318003648745659e+00 1.345829767004299571e+00
9.524721974860327345e-01 2.745389651360978345e+00 1.880890772964217472e+00 2.574636007297491425e+00 1.341659534008598831e+00
9.937082962290491039e-01 2.748084477041467188e+00 1.896336159446326164e+00 2.546954010946237190e+00 1.337489301012898313e+00
1.035242942579793102e+00 2.754419684536171253e+00 1.912847975980155324e+00 2.521094325840878003e+00 1.333015719683194655e+00
1.076771233429835606e+00 2.771449607419979699e+00 1.930499304160294916e+00 2.498945158650920373e+00 1.328525936950846642e+00
1.108869913066541146e+00 2.785996599567603482e+00 1.960561524517773435e+00 2.483751834623425747e+00 1.324004630610855271e+00
1.121571729501201542e+00 2.735897561397750088e+00 1.975556734304567241e+00 2.456161649606362296e+00 1.325559873935366895e+00
1.158295085612763620e+00 2.690598196955233501e+00 1.979301764700078570e+00 2.440416972012638741e+00 1.339553683088813063e+00
1.200729564933527449e+00 2.659173584291809167e+00 1.989598779258668015e+00 2.440640877419081534e+00 1.322054321279434452e+00
1.237415624043630924e+00 2.638851809373127910e+00 2.006588080202812652e+00 2.437600188635367093e+00 1.298111691732545037e+00
1.271514274452524074e+00 2.633190795094447978e+00 2.034496015739027719e+00 2.438954105101404313e+00 1.280858545372083990e+00
1.281623945093195438e+00 2.581053766222850321e+00 2.050852166083777739e+00 2.408453432860996113e+00 1.272118790159272761e+00
1.273988820913008357e+00 2.525320614797048613e+00 2.052153063389984489e+00 2.371628081140040312e+00 1.276529675792638985e+00
1.264918075385464746e+00 2.472179261550704332e+00 2.055445481672412811e+00 2.335281325966011678e+00 1.287541073007297809e+00
1.256798231372039165e+00 2.414245503287684169e+00 2.059461966682808676e+00 2.300912531988145382e+00 1.295619802545888266e+00
1.256185424394176797e+00 2.346703541467306753e+00 2.068240133696555016e+00 2.278833217063103156e+00 1.306811310773531076e+00
1.253777065300978766e+00 2.328765580142914349e+00 2.076555782132642136e+00 2.260577565576447956e+00 1.344731790520762527e+00
1.248606530383643554e+00 2.314270664768081964e+00 2.097887561017908187e+00 2.236903142190765692e+00 1.375475980468529036e+00
1.243293680569101278e+00 2.305483856322806613e+00 2.125963183696009118e+00 2.217034631592774918e+00 1.402980581711513297e+00
1.242897952835425812e+00 2.297046904950194257e+00 2.143596287978997594e+00 2.206298526100802793e+00 1.440726428654123259e+00
1.249220422087961246e+00 2.285495936273300277e+00 2.131287661433868941e+00 2.208047456762169070e+00 1.480135863202573177e+00
1.248869098574487690e+00 2.266227584798831352e+00 2.097208553934190256e+00 2.213147124145422584e+00 1.470486653073896255e+00
1.243505807980599176e+00 2.263863928657984470e+00 2.138726763016832066e+00 2.209699939280958425e+00 1.466613180746060507e+00
1.256269529370132254e+00 2.261023431497215519e+00 2.171918990385209636e+00 2.213352799907902124e+00 1.489580257374051531e+00
1.273909493805430948e+00 2.236741135408358616e+00 2.176926964445295098e+00 2.215116976393102011e+00 1.527643406836638462e+00
1.286954746902715607e+00 2.203370567704179273e+00 2.165963482222647674e+00 2.212558488196551210e+00 1.563821703418319498e+00
1.300000000000000044e+00 2.169999999999999929e+00 2.154999999999999805e+00 2.209999999999999964e+00 1.600000000000000089e+00
