8.699999999999999956e-01 2.740000000000000213e+00 1.850000000000000089e+00 2.629999999999999893e+00 1.350000000000000089e+00
8.934082544195459663e-01 2.742122380400570769e+00 1.855033008184496568e+00 2.610551227434426469e+00 1.348645768302233261e+00
9.168165088390920481e-01 2.744244760801140881e+00 1.860066016368993047e+00 2.591102454868853044e+00 1.347291536604466655e+00
9.402247632586380188e-01 2.746367141201710993e+00 1.865099024553489526e+00 2.571653682303279620e+00 1.345937304906699827e+00
9.636330176781839896e-01 2.748489521602281549e+00 1.870132032737986005e+00 2.552204909737706195e+00 1.344583073208933222e+00
9.870412720977300713e-01 2.750611902002852105e+00 1.875165040922482707e+00 2.532756137172132771e+00 1.343228841511166394e+00
1.010255323259547255e+00 2.751873076219863545e+00 1.880613384494849605e+00 2.513253128239916645e+00 1.341836501590465858e+00
1.032589081003304710e+00 2.750283665869093674e+00 1.887459618439761400e+00 2.493556092304350269e+00 1.340675755679390457e+00
1.052708453920538023e+00 2.745751908284928877e+00 1.897020042296805098e+00 2.473891238573847851e+00 1.341617826099796629e+00
1.068217680178055851e+00 2.743322974955703764e+00 1.910939445147478599e+00 2.456848053166914791e+00 1.346870178560535480e+00
1.073065450588701175e+00 2.743809988355303986e+00 1.929604619838460211e+00 2.442931296356527948e+00 1.353171799045810753e+00
1.075579170516151262e+00 2.755089544149304182e+00 1.945096336305409901e+00 2.432696682444151826e+00 1.345627172710210040e+00
1.092488521710977656e+00 2.757073318142188700e+00 1.955424754344234017e+00 2.436495687393175569e+00 1.332527503904333388e+00
1.095378006817075534e+00 2.716256509673377284e+00 1.958691173137411257e+00 2.432751558152116189e+00 1.329145738237832441e+00
1.088601954862068233e+00 2.678014786083031673e+00 1.953352998405178287e+00 2.421980668455522512e+00 1.333527627647688618e+00
1.085323230880783196e+00 2.653739061380844255e+00 1.961069420249136108e+00 2.411195857574975676e+00 1.347370135391607215e+00
1.090823092945494732e+00 2.634016280595727011e+00 1.971941950573801172e+00 2.403992291656062097e+00 1.361986352554519941e+00
1.100575188271129878e+00 2.604919249983402629e+00 1.977219248130729357e+00 2.398376893874893501e+00 1.374980110755283702e+00
1.109501730222250071e+00 2.571636585913962492e+00 1.982516574226141470e+00 2.390861791818764459e+00 1.385551051476486384e+00
1.115471181612024187e+00 2.532877843607736157e+00 1.983589118943839713e+00 2.379187738737545299e+00 1.390900538068674086e+00
1.115618811459968995e+00 2.491625517872800621e+00 1.979890615123445219e+00 2.370924856631641653e+00 1.395863600379316782e+00
1.110594360732807262e+00 2.456690463176719241e+00 1.986009848251560683e+00 2.361049218097045710e+00 1.404415104527609870e+00
1.108956986109939979e+00 2.430455447611517883e+00 1.992185256856032760e+00 2.337912617074168864e+00 1.403893168974327699e+00
1.117141190967227748e+00 2.402988576329887493e+00 1.995136737836260776e+00 2.316284077360068139e+00 1.399562277492533147e+00
1.138770228316078548e+00 2.383282830376352468e+00 2.005907468120085468e+00 2.307707309760003156e+00 1.401156567896858496e+00
1.158883887833522808e+00 2.374227221426569834e+00 2.020345745604823051e+00 2.308128265063492002e+00 1.409761156884747901e+00
1.174917866399798116e+00 2.352880579768175995e+00 2.035164267010914685e+00 2.301588213821478490e+00 1.415473401726167868e+00
1.189130771493062788e+00 2.327971977133163062e+00 2.048649956441169984e+00 2.290404667600285826e+00 1.419180015213348689e+00
1.202786847324334163e+00 2.302457091291758573e+00 2.061814259568611973e+00 2.278187568719900469e+00 1.422365689684767398e+00
1.216570261952458765e+00 2.277438794501574382e+00 2.075189895307860244e+00 2.266024265286856298e+00 1.425560355725721040e+00
1.231276840366386516e+00 2.257889371452346694e+00 2.090684005521435296e+00 2.255159418094902612e+00 1.429346473928314154e+00
1.243317898112135333e+00 2.263131138562263889e+00 2.110087993413602536e+00 2.252403997941900382e+00 1.435481129031160874e+00
1.247587506083598807e+00 2.235147383575482039e+00 2.123100755756670566e+00 2.246495133408046296e+00 1.438810615941700455e+00
1.248966419810808359e+00 2.242013056490043788e+00 2.136996216771531731e+00 2.254943728036733042e+00 1.450935892788798531e+00
1.247940773694085292e+00 2.234674564847751732e+00 2.138796931464647777e+00 2.258110444669463313e+00 1.470771999774100447e+00
1.251051265474832697e+00 2.227317686893988125e+00 2.138220228966691394e+00 2.253599417105752067e+00 1.490544552831933212e+00
1.256910925726442807e+00 2.216379519023452982e+00 2.134926999797562175e+00 2.245716055311361092e+00 1.509130874081846985e+00
1.264449758429101900e+00 2.205037033969615035e+00 2.133998689299564155e+00 2.237728095223715297e+00 1.527561233102046057e+00
1.272971029590650893e+00 2.195155733834814882e+00 2.136984263578789900e+00 2.230318645575301684e+00 1.545964666434995305e+00
1.281898803253025854e+00 2.186396041359729647e+00 2.142310269017245083e+00 2.223384970799576088e+00 1.564096053080167525e+00
1.290949401626512838e+00 2.178198020679865010e+00 2.148655134508622666e+00 2.216692485399788026e+00 1.582048026540083807e+00
1.300000000000000044e+00 2.169999999999999929e+00 2.154999999999999805e+00 2.209999999999999964e+00 1.600000000000000089e+00
