8.699999999999999956e-01 2.740000000000000213e+00 1.850000000000000089e+00 2.629999999999999893e+00 1.350000000000000089e+00
8.929564419332868264e-01 2.729831649806662153e+00 1.856792152455119638e+00 2.610513456305949997e+00 1.351365603623372547e+00
9.159128838665737682e-01 2.719663299613324092e+00 1.863584304910239187e+00 2.591026912611900546e+00 1.352731207246745226e+00
9.388693257998605990e-01 2.709494949419986032e+00 1.870376457365358736e+00 2.571540368917850650e+00 1.354096810870117684e+00
9.618257677331474298e-01 2.699326599226647971e+00 1.877168609820478284e+00 2.552053825223800754e+00 1.355462414493490142e+00
9.847788498952326774e-01 2.689169435673895769e+00 1.883988332501820295e+00 2.532578785115810582e+00 1.356817552691331752e+00
1.007689802796578604e+00 2.679142327708402327e+00 1.891123674717556824e+00 2.513238877692576256e+00 1.358052276295097727e+00
1.030274284745009261e+00 2.669842526158483054e+00 1.899878611664965744e+00 2.494695899626633295e+00 1.358650807677763916e+00
1.051164731648831063e+00 2.663097151557125120e+00 1.912572019955115721e+00 2.478766759864898361e+00 1.357746359683673631e+00
1.067273722442544148e+00 2.661571528382455920e+00 1.930150821565793207e+00 2.467571363423663566e+00 1.355490442074099633e+00
1.078065747795177165e+00 2.666250758918070840e+00 1.950338737167630843e+00 2.459155685390304047e+00 1.354385574393913494e+00
1.089735300250638694e+00 2.681540649410788291e+00 1.968407094382956579e+00 2.449875560581772582e+00 1.352804604444825198e+00
1.099202815365498909e+00 2.685347779882354402e+00 1.959096826632227728e+00 2.434627270281036981e+00 1.347585881861851131e+00
1.096149398644482797e+00 2.658571066766303392e+00 1.954016147031170547e+00 2.421394855599719342e+00 1.359266401138826019e+00
1.093258002144679164e+00 2.635656204404721148e+00 1.958663168179108016e+00 2.415473405565879528e+00 1.374957507131169043e+00
1.098755885955592593e+00 2.611577646880333337e+00 1.963423373725594390e+00 2.409690439405121065e+00 1.390007278998894646e+00
1.104522327395850656e+00 2.581511172312934477e+00 1.970353828034451915e+00 2.402795809105398916e+00 1.401258099272022051e+00
1.111587148979128692e+00 2.545056838522767428e+00 1.975264714419883383e+00 2.394587083186388021e+00 1.407114780401163223e+00
1.119240279645419722e+00 2.506761409121497586e+00 1.976823140644821786e+00 2.383234589862147867e+00 1.406107838950589883e+00
1.125929513290916617e+00 2.470725922777984973e+00 1.978006061089533585e+00 2.368388888634128442e+00 1.402411001900110588e+00
1.131549101109678102e+00 2.435616520991132017e+00 1.982000656812823225e+00 2.351557599125480902e+00 1.401291251902029522e+00
1.133885932184654832e+00 2.401102961329349750e+00 1.986682446926579804e+00 2.333699643603111884e+00 1.399317459179548084e+00
1.132933672489023325e+00 2.366799958846518503e+00 1.988851105678161035e+00 2.315021475938853435e+00 1.395807207935217287e+00
1.133377559191497852e+00 2.331630768016532684e+00 1.985857389389377170e+00 2.296678491359584573e+00 1.395447704824258395e+00
1.142206324910296278e+00 2.300233782061518184e+00 1.979176255116616545e+00 2.282636310926208445e+00 1.402123690872481010e+00
1.160531295660055751e+00 2.277491280183303601e+00 1.978445533237078724e+00 2.274454768400285598e+00 1.413407337318023593e+00
1.182210467065766268e+00 2.263248709442931883e+00 1.984603416183200020e+00 2.270364749715930053e+00 1.424964485570205941e+00
1.203189214051143541e+00 2.256223126356686759e+00 1.996057520453518030e+00 2.268009452548938043e+00 1.435458306510124071e+00
1.219389764897626627e+00 2.257970979144056312e+00 2.012680671533898735e+00 2.265470305016984209e+00 1.444148462793048981e+00
1.227203071878158358e+00 2.262198559377255336e+00 2.029289760150363442e+00 2.258294990412591297e+00 1.455838905110441672e+00
1.229093195276882877e+00 2.245853433454395365e+00 2.029995956047347505e+00 2.249877954889367260e+00 1.471442268627396022e+00
1.240296718710280466e+00 2.230991821450219792e+00 2.046093959992053790e+00 2.234041567797094618e+00 1.468776750931929609e+00
1.248678619972453108e+00 2.225043437390500589e+00 2.064240581162075650e+00 2.216750349599490910e+00 1.469327935674526575e+00
1.254452280490738758e+00 2.224620388882312394e+00 2.083169966051409805e+00 2.201836706113749820e+00 1.473885921255608356e+00
1.255223497092229135e+00 2.237749595746510778e+00 2.103321513945739518e+00 2.196496681367921866e+00 1.478090503567957237e+00
1.265871483089171079e+00 2.230771715340163386e+00 2.118253823407271419e+00 2.200074562429316316e+00 1.490365466008733097e+00
1.272533752224841441e+00 2.218983536379402821e+00 2.124329132464462422e+00 2.203961240125696275e+00 1.508187682785024686e+00
1.277993306765399240e+00 2.209585483133954753e+00 2.131086781574625277e+00 2.206228862996214790e+00 1.526399118986671466e+00
1.283445674676913839e+00 2.199914572039667782e+00 2.137377466889664568e+00 2.207623724737933557e+00 1.544741535177819314e+00
1.288943655573923985e+00 2.190015940705000386e+00 2.143345421068276302e+00 2.208550657624861469e+00 1.563146513165248219e+00
1.294471827786962015e+00 2.180007970352499935e+00 2.149172710534137831e+00 2.209275328812430494e+00 1.581573256582624154e+00
1.300000000000000044e+00 2.169999999999999929e+00 2.154999999999999805e+00 2.209999999999999964e+00 1.600000000000000089e+00
