8.699999999999999956e-01 2.740000000000000213e+00 1.850000000000000089e+00 2.629999999999999893e+00 1.350000000000000089e+00
9.200000000000000400e-01 2.735000000000000320e+00 1.877499999999999947e+00 2.612499999999999822e+00 1.350000000000000089e+00
9.699999999999999734e-01 2.730000000000000426e+00 1.905000000000000027e+00 2.594999999999999751e+00 1.350000000000000089e+00
1.020000000000000018e+00 2.725000000000000089e+00 1.932500000000000107e+00 2.577500000000000124e+00 1.350000000000000089e+00
1.070000000000000062e+00 2.720000000000000195e+00 1.959999999999999964e+00 2.560000000000000053e+00 1.350000000000000089e+00
1.120000000000000107e+00 2.715000000000000302e+00 1.987499999999999822e+00 2.542499999999999982e+00 1.350000000000000089e+00
1.169999999999999929e+00 2.709999999999999964e+00 2.014999999999999680e+00 2.525000000000000355e+00 1.350000000000000089e+00
1.219999999999999973e+00 2.705000000000000071e+00 2.042499999999999982e+00 2.507500000000000284e+00 1.350000000000000089e+00
1.270000000000000018e+00 2.700000000000000178e+00 2.069999999999999840e+00 2.490000000000000213e+00 1.350000000000000089e+00
1.270000000000000018e+00 2.647142857142857242e+00 2.069999999999999840e+00 2.450000000000000178e+00 1.334285714285714297e+00
1.270000000000000018e+00 2.594285714285714306e+00 2.069999999999999840e+00 2.410000000000000142e+00 1.318571428571428727e+00
1.270000000000000018e+00 2.541428571428571370e+00 2.069999999999999840e+00 2.370000000000000107e+00 1.302857142857142936e+00
1.270000000000000018e+00 2.488571428571428878e+00 2.069999999999999840e+00 2.330000000000000071e+00 1.287142857142857144e+00
1.270000000000000018e+00 2.435714285714285943e+00 2.069999999999999840e+00 2.290000000000000036e+00 1.271428571428571352e+00
1.270000000000000018e+00 2.382857142857143007e+00 2.069999999999999840e+00 2.250000000000000000e+00 1.255714285714285783e+00
1.270000000000000018e+00 2.330000000000000071e+00 2.069999999999999840e+00 2.209999999999999964e+00 1.239999999999999991e+00
1.274999999999999911e+00 2.303333333333333233e+00 2.084166666666666501e+00 2.209999999999999964e+00 1.300000000000000044e+00
1.280000000000000027e+00 2.276666666666666838e+00 2.098333333333333162e+00 2.209999999999999964e+00 1.360000000000000098e+00
1.285000000000000142e+00 2.250000000000000000e+00 2.112499999999999822e+00 2.209999999999999964e+00 1.419999999999999929e+00
1.290000000000000036e+00 2.223333333333333162e+00 2.126666666666666483e+00 2.209999999999999964e+00 1.479999999999999982e+00
1.294999999999999929e+00 2.196666666666666767e+00 2.140833333333333144e+00 2.209999999999999964e+00 1.540000000000000036e+00
1.300000000000000044e+00 2.169999999999999929e+00 2.154999999999999805e+00 2.209999999999999964e+00 1.600000000000000089e+00
