8.699999999999999956e-01 2.740000000000000213e+00 1.850000000000000089e+00 2.629999999999999893e+00 1.350000000000000089e+00
8.939044817038600543e-01 2.743071569413190858e+00 1.861091636172701902e+00 2.611794328942703025e+00 1.350718088225646207e+00
9.178089634077200021e-01 2.746143138826381058e+00 1.872183272345403937e+00 2.593588657885406601e+00 1.351436176451292104e+00
9.417134451115800609e-01 2.749214708239571703e+00 1.883274908518105750e+00 2.575382986828109733e+00 1.352154264676938222e+00
9.656179268154400086e-01 2.752286277652762347e+00 1.894366544690807785e+00 2.557177315770812864e+00 1.352872352902584341e+00
9.894856118318550164e-01 2.755304012954436388e+00 1.905504952615775238e+00 2.538976710960812788e+00 1.353601939523154662e+00
1.013175815714298933e+00 2.758065048504274142e+00 1.916865108670619655e+00 2.520801924991003862e+00 1.354386227077254423e+00
1.036300263177879710e+00 2.760037640001321790e+00 1.928893337686229614e+00 2.502723391390542673e+00 1.355337226517601579e+00
1.058259002643660240e+00 2.760613404907939383e+00 1.942154244784877415e+00 2.485169447606511817e+00 1.357505738906737314e+00
1.077643595078021654e+00 2.759336349298015634e+00 1.957942467786961682e+00 2.469261501225585853e+00 1.360584119136318160e+00
1.091095317899127615e+00 2.753479488590075075e+00 1.977265224339421312e+00 2.455806852455486577e+00 1.363637226666543967e+00
1.093670204710843974e+00 2.716363516478188522e+00 1.972754485759809162e+00 2.441713555411388903e+00 1.364176905647382920e+00
1.098591530529782645e+00 2.673429427362836286e+00 1.961517851402482693e+00 2.438937473424635183e+00 1.362920380402399712e+00
1.104223248519027978e+00 2.629748498632387577e+00 1.959412696281894295e+00 2.434533315737914982e+00 1.372358501722671598e+00
1.105937049865813204e+00 2.594878668900512331e+00 1.958055521672883881e+00 2.430194475389053643e+00 1.387200482184649086e+00
1.104881173962696472e+00 2.562546406054297954e+00 1.954459798842253626e+00 2.424886386297528063e+00 1.402566288357020685e+00
1.103637641828199012e+00 2.525279452288605953e+00 1.947941432678667262e+00 2.416263194940925008e+00 1.414220611428266716e+00
1.104327664491295380e+00 2.483055095946352875e+00 1.939593615986643149e+00 2.402601625589960932e+00 1.417442163343509032e+00
1.107385826671412943e+00 2.444148525489461043e+00 1.933194847599372768e+00 2.384460957714885421e+00 1.412303401597416963e+00
1.112162239350306780e+00 2.410238759836232258e+00 1.931448168192114068e+00 2.363250442177540211e+00 1.404107491817640829e+00
1.118629398680804243e+00 2.376932161885317640e+00 1.934911046459874440e+00 2.341000955336446143e+00 1.398024129502392965e+00
1.128244390812736642e+00 2.348729379768672576e+00 1.947187978514866691e+00 2.321793911451425441e+00 1.398966261414901879e+00
1.138501817976583785e+00 2.336439479719311318e+00 1.966863102205393288e+00 2.310397026865659953e+00 1.404497742991619447e+00
1.148622461173376408e+00 2.323369886523781513e+00 1.987140130729127430e+00 2.299475070667094112e+00 1.408286202493924222e+00
1.160573717490541945e+00 2.306843141225382254e+00 2.006296925819646138e+00 2.288220279583498495e+00 1.411851544287528348e+00
1.172822894163984664e+00 2.293653794676313140e+00 2.026014843016673783e+00 2.278072639944861422e+00 1.415984957671474032e+00
1.181821612624287088e+00 2.288894398261875018e+00 2.048063821721430422e+00 2.269908059718871662e+00 1.418973707678128804e+00
1.186492362771508047e+00 2.290523978579486641e+00 2.071518203665294600e+00 2.264062598557530226e+00 1.419628954632883300e+00
1.189443004813491411e+00 2.289653083265518863e+00 2.095123306507438166e+00 2.258661066796245009e+00 1.420851410766045042e+00
1.194183283274287577e+00 2.281183826663739644e+00 2.116865797740513422e+00 2.251539292858312002e+00 1.426027359845227993e+00
1.206838075191614346e+00 2.259249200986466199e+00 2.123928946774301885e+00 2.240572875534503794e+00 1.439845363643311948e+00
1.221710058512245123e+00 2.240854532107903641e+00 2.112379276169562559e+00 2.231004321685005287e+00 1.452350493522736263e+00
1.237584027612448123e+00 2.229829035937169746e+00 2.097998967407085580e+00 2.217367992532831344e+00 1.461833792446562974e+00
1.241052715603887524e+00 2.214719858373857875e+00 2.084745090589497085e+00 2.198467934887069930e+00 1.471535827560846110e+00
1.237084491817031839e+00 2.203568345883831103e+00 2.080696425853373999e+00 2.200607848635331099e+00 1.491199152919732152e+00
1.234767097639168698e+00 2.199465389642254909e+00 2.081777681992813989e+00 2.203174731084684534e+00 1.511652469113690556e+00
1.237099980597223814e+00 2.201839411669014535e+00 2.088028767734580349e+00 2.203194541248943317e+00 1.531475135227308604e+00
1.252039669672392330e+00 2.203085069323183376e+00 2.094886064939047721e+00 2.202586164444845451e+00 1.548932470175178766e+00
1.271308707605854460e+00 2.187949082621718500e+00 2.101435017493537671e+00 2.207537233651762243e+00 1.563218836778486498e+00
1.281555446900562778e+00 2.182112892001510485e+00 2.117962395992536884e+00 2.209187205137124632e+00 1.576636473191900478e+00
1.290427231678949349e+00 2.176751598990841696e+00 2.136479571505375930e+00 2.209599087820528940e+00 1.588483717182395782e+00
1.300000000000000044e+00 2.169999999999999929e+00 2.154999999999999805e+00 2.209999999999999964e+00 1.600000000000000089e+00
