8.699999999999999956e-01 2.740000000000000213e+00 1.850000000000000089e+00 2.629999999999999893e+00 1.350000000000000089e+00
8.903925038663793590e-01 2.733678469349469786e+00 1.862392328951387510e+00 2.608030728093206019e+00 1.355902234473258083e+00
9.107850077327586114e-01 2.727356938698939359e+00 1.874784657902774931e+00 2.586061456186411700e+00 1.361804468946516078e+00
9.311775115991379748e-01 2.721035408048408488e+00 1.887176986854162353e+00 2.564092184279617825e+00 1.367706703419774295e+00
9.515700154655173382e-01 2.714713877397878061e+00 1.899569315805549552e+00 2.542122912372823507e+00 1.373608937893032289e+00
9.719890040212147975e-01 2.708438207785988983e+00 1.911963193148157103e+00 2.520189375534450438e+00 1.379547500848798736e+00
9.929172041974538843e-01 2.703084147831659845e+00 1.924376118893293741e+00 2.498990275799912730e+00 1.386205666043915263e+00
1.015466975241819503e+00 2.701827761069751865e+00 1.936866365936924517e+00 2.480491067520500525e+00 1.394645517739925955e+00
1.040832690595342669e+00 2.712562431611299729e+00 1.949407655122910699e+00 2.467579987416669063e+00 1.402363442766714208e+00
1.066983557372590319e+00 2.738697970581608132e+00 1.958156767562426515e+00 2.460674861562570204e+00 1.398177555184333398e+00
1.082239422633341386e+00 2.740715262010481101e+00 1.944283185290110572e+00 2.455112697961453705e+00 1.390025574119727381e+00
1.082450957971615058e+00 2.725922827911173130e+00 1.953059107459939492e+00 2.451948735757323306e+00 1.414059366938460016e+00
1.076591181176842049e+00 2.693978897362528269e+00 1.967222836941766806e+00 2.443091892249900088e+00 1.425965357765417663e+00
1.076508406275972218e+00 2.654077008311063857e+00 1.981092380920498996e+00 2.434931681145557469e+00 1.418801601239213062e+00
1.084369215637925654e+00 2.615954250024183914e+00 1.986821471447824727e+00 2.428993120305625641e+00 1.402566419226735750e+00
1.102799451934548758e+00 2.589504485137028134e+00 1.986987383856633205e+00 2.424150537667530969e+00 1.384469910904683632e+00
1.131791676417355230e+00 2.585613049328876034e+00 1.990788357304522638e+00 2.422389751012763437e+00 1.369728396764331224e+00
1.161973114189248202e+00 2.592020636386678678e+00 2.001713936000702354e+00 2.424395526893013297e+00 1.361033095448924257e+00
1.190534092609066175e+00 2.597027474304859140e+00 2.014491127699977291e+00 2.428034580428378053e+00 1.352257888822858689e+00
1.218791585970641300e+00 2.598424447152339223e+00 2.024484013560702511e+00 2.430682579095221119e+00 1.339361053015290848e+00
1.246641788548990881e+00 2.593416599669656097e+00 2.028942818947961690e+00 2.428517415580021321e+00 1.323580559946697655e+00
1.268386593085363945e+00 2.575026924417742613e+00 2.024801161465748400e+00 2.413709741928392827e+00 1.310532945677663097e+00
1.274243380404986414e+00 2.543927568134577211e+00 2.017725319803267414e+00 2.388344474692051023e+00 1.309326757094555926e+00
1.269590685912096450e+00 2.509825552412266347e+00 2.015397724503242394e+00 2.362989468193887888e+00 1.315584888290852295e+00
1.261722905888310597e+00 2.473118506759704349e+00 2.016141161587895692e+00 2.339619441010583945e+00 1.321346174944578733e+00
1.254140565022127785e+00 2.431754447374461670e+00 2.014807806385603417e+00 2.318825500621609859e+00 1.323526213015323583e+00
1.248150661717160714e+00 2.388844232004825319e+00 2.007577431485513042e+00 2.301272375821828753e+00 1.324979386631836009e+00
1.242234107659970554e+00 2.349968462771578004e+00 1.997931964193678800e+00 2.285809501236928831e+00 1.332947671367403997e+00
1.235400830630363878e+00 2.320948253563558161e+00 1.996737393021939644e+00 2.274200014849918183e+00 1.351953280391287038e+00
1.231569588731588505e+00 2.308108300861082984e+00 2.010933916407954047e+00 2.270866223074388124e+00 1.372300275974218442e+00
1.232317517908099624e+00 2.304334504396496008e+00 2.034184658209633234e+00 2.270160733171723955e+00 1.382919665105305951e+00
1.234831652830918003e+00 2.299554979791968545e+00 2.058944565131242133e+00 2.264712100525720029e+00 1.387115417843127974e+00
1.237114232787770218e+00 2.290669067389977887e+00 2.081852832309138090e+00 2.254137293252036933e+00 1.394061479240163992e+00
1.239404040417583897e+00 2.276338188122494000e+00 2.100732283850841764e+00 2.243040945735601976e+00 1.408185003536430946e+00
1.243499558627370050e+00 2.253935154583685208e+00 2.113686169980955931e+00 2.235779894568941994e+00 1.427570810725783845e+00
1.250220685865717440e+00 2.228137541411172595e+00 2.120623313748359440e+00 2.233995535073866279e+00 1.449783756983099581e+00
1.256946401780633327e+00 2.209601600048554992e+00 2.126303828226447479e+00 2.234421275955591479e+00 1.474192575866744015e+00
1.261741929266904760e+00 2.198079073876957334e+00 2.134476807878348925e+00 2.230880332151585765e+00 1.499068851908377020e+00
1.269009967710956310e+00 2.186643135978874941e+00 2.139736256710174978e+00 2.224542648707795056e+00 1.524196120212015115e+00
1.279228226993777806e+00 2.179231239304766365e+00 2.144316175943376646e+00 2.219361791534624206e+00 1.549448428854567350e+00
1.289614113496889036e+00 2.174615619652382925e+00 2.149658087971688225e+00 2.214680895767312307e+00 1.574724214427283719e+00
1.300000000000000044e+00 2.169999999999999929e+00 2.154999999999999805e+00 2.209999999999999964e+00 1.600000000000000089e+00
