8.699999999999999956e-01 2.740000000000000213e+00 1.850000000000000089e+00 2.629999999999999893e+00 1.350000000000000089e+00
9.781208670143620720e-01 2.760058887419060802e+00 1.888200417408663290e+00 2.543487314512008712e+00 1.352061139161889747e+00
1.075894705969546283e+00 2.766291594979969126e+00 1.945942148652885173e+00 2.467411972872586290e+00 1.364435020809117161e+00
1.092524640524211943e+00 2.767115852655867680e+00 1.956222663700414088e+00 2.454515390947176190e+00 1.366747815945117184e+00
1.107668750985928208e+00 2.770435117335259712e+00 1.965725694401575963e+00 2.442996181800150879e+00 1.368685627483754885e+00
1.116650948539468224e+00 2.780190535101819904e+00 1.970728704715864144e+00 2.436703958177413476e+00 1.368891850521544384e+00
1.107875365958063130e+00 2.804650965859936118e+00 1.960058603362190066e+00 2.434387523748287041e+00 1.352365671749267584e+00
1.100847882961091928e+00 2.777871275665323658e+00 1.957197901538351603e+00 2.430672366857361766e+00 1.347157277127315700e+00
1.097007326361479906e+00 2.744401458554863282e+00 1.958815152052902020e+00 2.427790005466003542e+00 1.347965325342325604e+00
1.105564750749093772e+00 2.715736963474231658e+00 1.968458871551014289e+00 2.427031908047974529e+00 1.359966894137735194e+00
1.128141492388430311e+00 2.690217634387480850e+00 1.978548758441394551e+00 2.422672824661608715e+00 1.373169545079877096e+00
1.166863573477019189e+00 2.682524973038303173e+00 1.985749654843598000e+00 2.415420701038152096e+00 1.386726387605086597e+00
1.200596440172573054e+00 2.680905443451428560e+00 1.988532532112286866e+00 2.408699249641125473e+00 1.388082941637267753e+00
1.218763286188735862e+00 2.677755100162499069e+00 1.989277353484235622e+00 2.404814355629437905e+00 1.383041859722790923e+00
1.241579751730256032e+00 2.655560781245708935e+00 1.989538833326791378e+00 2.399301129943428368e+00 1.350762423019223446e+00
1.262416395296100724e+00 2.599712055032285640e+00 2.005467310541830361e+00 2.387895072262831153e+00 1.313336026674076784e+00
1.265105589444121659e+00 2.591169983717161784e+00 2.008227908364985215e+00 2.386024225224712580e+00 1.308528821202902481e+00
1.267595833077519663e+00 2.573863738446932281e+00 2.015910348516825490e+00 2.380687723753671658e+00 1.304826105131496661e+00
1.267880980374674893e+00 2.550539358913210375e+00 2.027889289054504385e+00 2.372036289478359539e+00 1.304652375133422026e+00
1.265941945061218821e+00 2.528788761710352606e+00 2.038849831176000826e+00 2.363153075386533963e+00 1.306313697027381870e+00
1.262441734854626629e+00 2.503879220684612328e+00 2.048673279436342476e+00 2.352385128797110703e+00 1.307909873372191223e+00
1.252375126487458301e+00 2.402675879881281062e+00 2.056115684333566840e+00 2.309282056616987600e+00 1.321086865733510862e+00
1.255199892066663381e+00 2.341842057958953838e+00 2.040970884895849213e+00 2.286224935354871146e+00 1.319822395354492972e+00
1.253723123905609915e+00 2.293678069023935340e+00 2.048221394368280990e+00 2.278209195457189473e+00 1.333343262746959690e+00
1.251140636352638058e+00 2.276916604412065670e+00 2.056278009974208398e+00 2.274536039499066575e+00 1.347351341637780919e+00
1.248166593344733899e+00 2.260108207922847612e+00 2.066614605362470325e+00 2.267154306872678049e+00 1.369982106216249163e+00
1.246774595287915677e+00 2.249765215761457604e+00 2.073477904245026870e+00 2.261989599821647268e+00 1.387520617336484685e+00
1.241503967380407136e+00 2.237375332114192705e+00 2.086169863855758866e+00 2.262415381013594295e+00 1.438182729113671510e+00
1.238473187700082301e+00 2.236831668969770259e+00 2.094536346911053837e+00 2.265873806315714667e+00 1.453171307144203617e+00
1.241213565216021442e+00 2.226790789003739057e+00 2.101604587787148759e+00 2.254844038855698951e+00 1.454529474733239791e+00
1.246228819459066939e+00 2.216712403473806603e+00 2.114161464874349416e+00 2.245875557957895730e+00 1.460124820494583142e+00
1.256611978544807329e+00 2.205025785627882762e+00 2.129812024440444596e+00 2.242763303304476263e+00 1.473275321619849088e+00
1.261438956221753394e+00 2.201129118306514254e+00 2.132614221721530257e+00 2.239118340285431330e+00 1.487373618180591439e+00
1.266324608581223421e+00 2.197185084758640272e+00 2.135450481317969995e+00 2.235429070650058581e+00 1.501643287623122491e+00
1.273245727003690764e+00 2.191597883451918527e+00 2.139468386625081653e+00 2.230202773287877971e+00 1.521858003037695584e+00
1.275202708455172695e+00 2.190018073852438629e+00 2.140604469795440945e+00 2.228725011115146870e+00 1.527573816682046282e+00
1.300000000000000044e+00 2.169999999999999929e+00 2.154999999999999805e+00 2.209999999999999964e+00 1.600000000000000089e+00
