8.699999999999999956e-01 2.740000000000000213e+00 1.850000000000000089e+00 2.629999999999999893e+00 1.350000000000000089e+00
8.875665597580902899e-01 2.737523754266971476e+00 1.862698370078753163e+00 2.613617041440574607e+00 1.349801833388932559e+00
9.051331195161806953e-01 2.735047508533943184e+00 1.875396740157506015e+00 2.597234082881148876e+00 1.349603666777864808e+00
9.226996792742709896e-01 2.732571262800914447e+00 1.888095110236259089e+00 2.580851124321723589e+00 1.349405500166797278e+00
9.402662390323612840e-01 2.730095017067886154e+00 1.900793480315012163e+00 2.564468165762297858e+00 1.349207333555729527e+00
9.578327987904516894e-01 2.727618771334857417e+00 1.913491850393765237e+00 2.548085207202872571e+00 1.349009166944661997e+00
9.753993585485419837e-01 2.725142525601828680e+00 1.926190220472518089e+00 2.531702248643447284e+00 1.348811000333594468e+00
9.929659183066323891e-01 2.722666279868800387e+00 1.938888590551271163e+00 2.515319290084021553e+00 1.348612833722526716e+00
1.010834229831553133e+00 2.720632407170151090e+00 1.951340923045159714e+00 2.498919657559332652e+00 1.348318934797196222e+00
1.029987616499614678e+00 2.720285673340865351e+00 1.962483444719988146e+00 2.482436130100116767e+00 1.347235674140858652e+00
1.050781949561983897e+00 2.724207304094997895e+00 1.970840369534231362e+00 2.466068424863421260e+00 1.344213672550726102e+00
1.070886308561087796e+00 2.733505593677712397e+00 1.977936218467384988e+00 2.448418212895823842e+00 1.344367445894274260e+00
1.087484931306211156e+00 2.723201744126896529e+00 1.980051202960036338e+00 2.434350306145553589e+00 1.353987234824011399e+00
1.103056988066205557e+00 2.690009633540475953e+00 1.976667786794591208e+00 2.428328699079233655e+00 1.354526911427746505e+00
1.112442244355766441e+00 2.652654922549013250e+00 1.977679832646751956e+00 2.424090194413631494e+00 1.361081750083250164e+00
1.116786589128466733e+00 2.620877806831348522e+00 1.987039103295950682e+00 2.421954407574110846e+00 1.370723726947431054e+00
1.106271819007765389e+00 2.587053343631858127e+00 1.993160705535427679e+00 2.427881328085377266e+00 1.375566572570259938e+00
1.095700203782167481e+00 2.555646585038536145e+00 1.981793823624157680e+00 2.421648301227670608e+00 1.375962093411027931e+00
1.097599694363444067e+00 2.524802099836424230e+00 1.975423145420322379e+00 2.404498467894137903e+00 1.379977253033740858e+00
1.104988041646555397e+00 2.500027463828771168e+00 1.972464573627721984e+00 2.383353714810578339e+00 1.384276994904006131e+00
1.113221209346255236e+00 2.476427360794942967e+00 1.973180392612881473e+00 2.361484756500812576e+00 1.388190072084890092e+00
1.120128829219161126e+00 2.449820841858373122e+00 1.978888067246014737e+00 2.341746270842617328e+00 1.391477869764198960e+00
1.126273299652369220e+00 2.421413884850379894e+00 1.989177559196306344e+00 2.326084060827456224e+00 1.394278256304825492e+00
1.133993404418339068e+00 2.394645280716444002e+00 2.002585635337256864e+00 2.314265721827348798e+00 1.397469538058529581e+00
1.144983191357658470e+00 2.372451433645832441e+00 2.017714230266659747e+00 2.305302062322930112e+00 1.401865871715988199e+00
1.159338852451500923e+00 2.354939305426280605e+00 2.032817627815515227e+00 2.297852018456225220e+00 1.407451203024980835e+00
1.176625061503564940e+00 2.338696007754132999e+00 2.046257961527115032e+00 2.290585074193842718e+00 1.413416534887165676e+00
1.196130216198698637e+00 2.320836162823669557e+00 2.057540628628011792e+00 2.283275878530386827e+00 1.418729945472919640e+00
1.215457511778068156e+00 2.300623083840401151e+00 2.068130191384362604e+00 2.276265089627977911e+00 1.423884718872575172e+00
1.229006510349831771e+00 2.277559791292615543e+00 2.080181554500438956e+00 2.269185654103119010e+00 1.431448682712620490e+00
1.234270655256023419e+00 2.254998655056564605e+00 2.094304109405760617e+00 2.261674713125849223e+00 1.440647562294664175e+00
1.238115087211689946e+00 2.238536417044610261e+00 2.112390878048073795e+00 2.252333866393926076e+00 1.446129442484677785e+00
1.238848203495305222e+00 2.235111242923784491e+00 2.126087013722062657e+00 2.241641340557106066e+00 1.454686454166587151e+00
1.237552093912682505e+00 2.236876775362290903e+00 2.111635639187503077e+00 2.241764329312025072e+00 1.469097117364060789e+00
1.245124793478753933e+00 2.230769918407246699e+00 2.101664279157872794e+00 2.237987839069023099e+00 1.484706034558203935e+00
1.254691152926698861e+00 2.221943933240442259e+00 2.103079870880424807e+00 2.233175076781842350e+00 1.501963123177084469e+00
1.262988447283403648e+00 2.213081138825819583e+00 2.110188597149330825e+00 2.228976482088986799e+00 1.518629424212372570e+00
1.270501552698419578e+00 2.204429098446751834e+00 2.118974634827728742e+00 2.225133181693148554e+00 1.534942484104544258e+00
1.277876164523814806e+00 2.195821823835064190e+00 2.127980976120796619e+00 2.221349886269861518e+00 1.551206863078408160e+00
1.285250776349209811e+00 2.187214549223376103e+00 2.136987317413864051e+00 2.217566590846574481e+00 1.567471242052272284e+00
1.292625388174605039e+00 2.178607274611688016e+00 2.145993658706931928e+00 2.213783295423287001e+00 1.583735621026136187e+00
1.300000000000000044e+00 2.169999999999999929e+00 2.154999999999999805e+00 2.209999999999999964e+00 1.600000000000000089e+00
