8.699999999999999956e-01 2.740000000000000213e+00 1.850000000000000089e+00 2.629999999999999893e+00 1.350000000000000089e+00
8.952014414488638216e-01 2.739451592503292066e+00 1.863443092176987337e+00 2.611739588836278436e+00 1.357467094044056743e+00
9.204028828977277588e-01 2.738903185006583918e+00 1.876886184353974585e+00 2.593479177672556979e+00 1.364934188088113398e+00
9.456043243465915848e-01 2.738354777509875770e+00 1.890329276530961833e+00 2.575218766508835522e+00 1.372401282132170053e+00
9.708057657954555220e-01 2.737806370013167623e+00 1.903772368707949081e+00 2.556958355345114509e+00 1.379868376176226707e+00
9.960455319276756425e-01 2.737422888231632712e+00 1.917259252387487400e+00 2.538615690355702448e+00 1.387058391940167335e+00
1.021410540567010417e+00 2.737719856975402877e+00 1.930909172592787826e+00 2.519957719987298006e+00 1.393096741571813624e+00
1.046838217592265918e+00 2.740008052837441532e+00 1.944853212985334201e+00 2.500563144955473938e+00 1.395631108171388801e+00
1.069948541651691620e+00 2.747157218258733380e+00 1.957947519451458840e+00 2.480719217821775846e+00 1.388258656632809673e+00
1.083210280870539499e+00 2.754189505698378060e+00 1.961501989096341436e+00 2.460539916574739028e+00 1.368584996403415577e+00
1.104360906508900841e+00 2.741550199636689555e+00 1.954402956203624475e+00 2.445236598042459963e+00 1.357365234138927512e+00
1.131134515775352067e+00 2.762492119649006206e+00 1.969296198688807342e+00 2.443780733694866480e+00 1.354302571391620580e+00
1.159687582164811159e+00 2.759211418588054965e+00 1.975055163831495042e+00 2.440242646577130525e+00 1.338852536804110205e+00
1.179967969246728421e+00 2.727290859556899871e+00 1.966429858903635086e+00 2.439417199679555281e+00 1.323681328834494852e+00
1.199722236605957448e+00 2.693053973618678043e+00 1.957358914415832540e+00 2.439068165526908860e+00 1.309823798681091001e+00
1.221704885594906642e+00 2.656352121556781576e+00 1.954906702525197160e+00 2.436957836424426205e+00 1.296965866306210025e+00
1.243887539104231887e+00 2.626500576524653852e+00 1.969023851379568146e+00 2.430396041145196140e+00 1.289817955255463611e+00
1.263123195836119539e+00 2.615679167779719094e+00 1.990095647239876975e+00 2.419152980163896238e+00 1.291439028429987701e+00
1.278187766522696833e+00 2.592569207933735687e+00 2.004879209427863351e+00 2.399442812009729309e+00 1.299970556123273724e+00
1.270218443381156748e+00 2.555706916524591588e+00 2.019035206813061034e+00 2.390207807900120329e+00 1.312004144370644498e+00
1.269352056455074207e+00 2.521960321398278637e+00 2.036086524930047936e+00 2.373540880536533670e+00 1.317301589805559114e+00
1.272390868146762388e+00 2.489093235041222929e+00 2.051548223377829938e+00 2.353117083316081271e+00 1.321230038191348877e+00
1.275334609907261996e+00 2.455134804974023588e+00 2.065648400619100933e+00 2.331362272967400173e+00 1.324303006641774472e+00
1.272585523232276028e+00 2.416101595744517549e+00 2.076283680567105883e+00 2.309334660544266171e+00 1.324619364003129851e+00
1.259726123682875398e+00 2.372079856989990354e+00 2.080666079200651719e+00 2.291525577005253833e+00 1.323588031202884041e+00
1.242378907970657309e+00 2.330295231300856251e+00 2.077261617422469619e+00 2.281339541888087297e+00 1.333265719211482736e+00
1.232670782817427257e+00 2.303155796366052055e+00 2.069315683702329434e+00 2.275398405904712540e+00 1.354468402564860119e+00
1.229503442448447448e+00 2.285584620556098567e+00 2.061721392925250473e+00 2.268666364341082264e+00 1.379345503563865316e+00
1.228436889677720689e+00 2.270833802204111240e+00 2.059006417845372638e+00 2.258720614585835396e+00 1.405247336885686371e+00
1.229978652602930378e+00 2.258715657863378912e+00 2.067680526714753775e+00 2.252770701043025792e+00 1.430446085443696003e+00
1.235874429890767567e+00 2.251310583852861757e+00 2.083257659595515232e+00 2.255969868433938874e+00 1.452344651712658363e+00
1.239210316868846418e+00 2.243742604225408943e+00 2.097755853992705699e+00 2.265105564643505431e+00 1.474561209395190309e+00
1.245515799153685155e+00 2.254894352590802065e+00 2.117987409975927715e+00 2.255685319199577599e+00 1.485483148633152561e+00
1.253495171852688328e+00 2.241799940821269210e+00 2.130773748150740055e+00 2.239507693564355861e+00 1.505002267838718932e+00
1.263808737522996051e+00 2.224513807357138440e+00 2.138999790141143276e+00 2.229380203410590511e+00 1.527963781987517145e+00
1.275615460809084833e+00 2.206447792944007169e+00 2.144803873012450346e+00 2.222324167796828398e+00 1.551854128811662736e+00
1.287807730404542328e+00 2.188223896472003549e+00 2.149901936506224853e+00 2.216162083898414181e+00 1.575927064405831413e+00
1.300000000000000044e+00 2.169999999999999929e+00 2.154999999999999805e+00 2.209999999999999964e+00 1.600000000000000089e+00
