8.699999999999999956e-01 2.740000000000000213e+00 1.850000000000000089e+00 2.629999999999999893e+00 1.350000000000000089e+00
8.908304887748014211e-01 2.738253760633809542e+00 1.858512311348794688e+00 2.608613931595983981e+00 1.349434820130339885e+00
9.116609775496027357e-01 2.736507521267618870e+00 1.867024622697589065e+00 2.587227863191968069e+00 1.348869640260679681e+00
9.324914663244041613e-01 2.734761281901428198e+00 1.875536934046383664e+00 2.565841794787952157e+00 1.348304460391019477e+00
9.533219550992054758e-01 2.733015042535237527e+00 1.884049245395178040e+00 2.544455726383936245e+00 1.347739280521359495e+00
9.743292876340747810e-01 2.730466252894075740e+00 1.892690008299834581e+00 2.523425061179311868e+00 1.347192254532311839e+00
9.959081388485978570e-01 2.724729008338430347e+00 1.901749091458371899e+00 2.503891810002810914e+00 1.346581196872681074e+00
1.019204710104729905e+00 2.713900028063242598e+00 1.911051826182902369e+00 2.488810677301292795e+00 1.345490007158578250e+00
1.043420758165892526e+00 2.706855292530607748e+00 1.922505885202698162e+00 2.477636499578795615e+00 1.344623144354124111e+00
1.064247525117789861e+00 2.703491591394359794e+00 1.937134053894513874e+00 2.466256915033379737e+00 1.343011673214615120e+00
1.082497004861099121e+00 2.692999138546872118e+00 1.953018333959963604e+00 2.456992868509333405e+00 1.344380608140311573e+00
1.095694069838405005e+00 2.669837328512626673e+00 1.962119149257665285e+00 2.453080565456724926e+00 1.354684343458281814e+00
1.105090555804460140e+00 2.644341669667169992e+00 1.964040314053603131e+00 2.446787938515706973e+00 1.369012222083356711e+00
1.115356745678834471e+00 2.621317267222702085e+00 1.963853384475104935e+00 2.436401585642923973e+00 1.383441146470716809e+00
1.122614169637689230e+00 2.594957903450339387e+00 1.965378630858915621e+00 2.422085407717483374e+00 1.395605230930078600e+00
1.117616438381692667e+00 2.573552911987365022e+00 1.963988139821392531e+00 2.405644582402471698e+00 1.408981223290903584e+00
1.109517176321840548e+00 2.547190541868421754e+00 1.954627203258862966e+00 2.392974587196180725e+00 1.417890446784512815e+00
1.112039501692471566e+00 2.509834093499483387e+00 1.954316358127748066e+00 2.382929155624869288e+00 1.415385841691536584e+00
1.122616468215733132e+00 2.483192707204718630e+00 1.965316707425128984e+00 2.374239146202694162e+00 1.407893157903796988e+00
1.134505854486185239e+00 2.463249476990883480e+00 1.978848254864579825e+00 2.362898076293080241e+00 1.400021515084834522e+00
1.140812849646754223e+00 2.437274893909237683e+00 1.988990844274058034e+00 2.346478376998994086e+00 1.393275577878020810e+00
1.140115669517089536e+00 2.414336361017035859e+00 2.003791281973368754e+00 2.330635496763476144e+00 1.392697231610757758e+00
1.145684006137564381e+00 2.393140795534201892e+00 2.016812627003649716e+00 2.317274338648380727e+00 1.401265246528300201e+00
1.158003152071573671e+00 2.370115906169875775e+00 2.025294834462066262e+00 2.303062204215650777e+00 1.410615884792420394e+00
1.171791652418465501e+00 2.345357287239952626e+00 2.031592097873631708e+00 2.286436937944057224e+00 1.417879967589506407e+00
1.189361299971215535e+00 2.322436033274327905e+00 2.039305976828338363e+00 2.270311606081783840e+00 1.420824777859497123e+00
1.209993488224694769e+00 2.306183985972645623e+00 2.051116786166707673e+00 2.262417488321207593e+00 1.416897328661502975e+00
1.227590766555473278e+00 2.288043237210755532e+00 2.065895105515439756e+00 2.258890521589291822e+00 1.412445248565818989e+00
1.239346747425651429e+00 2.266652530766271489e+00 2.078374523583511824e+00 2.247264883722539075e+00 1.418002436619754114e+00
1.245862354993327203e+00 2.256446620613282050e+00 2.085301847560601551e+00 2.233176462088187986e+00 1.433434076241834498e+00
1.249506799818562275e+00 2.252168364512300514e+00 2.093667038554607451e+00 2.226396108386824224e+00 1.451606821752265297e+00
1.250284647831728435e+00 2.243120907024391375e+00 2.110640417964737559e+00 2.214632166431953042e+00 1.458658748421666873e+00
1.250785561853361871e+00 2.249059558936421510e+00 2.127633260317967512e+00 2.195774260814995937e+00 1.455760697781236290e+00
1.252432572287667023e+00 2.243852913904405888e+00 2.115383136005399844e+00 2.200851645707723847e+00 1.456246391514610217e+00
1.255363229569771200e+00 2.224383972173195723e+00 2.107027063386513355e+00 2.208057630933194737e+00 1.471804776356149480e+00
1.259651055069249237e+00 2.206245659473271559e+00 2.106014662971309903e+00 2.211595603412632283e+00 1.489800734090330980e+00
1.265676310252131564e+00 2.195007239197768190e+00 2.111400768628117319e+00 2.212447786545987949e+00 1.508570790906860637e+00
1.272402406568509559e+00 2.188705906408043855e+00 2.119592819434756858e+00 2.212151615797307791e+00 1.526991479608873936e+00
1.279284916815220274e+00 2.183852190091057910e+00 2.128406681451243898e+00 2.211617698675398813e+00 1.545250765007792904e+00
1.286186332303013380e+00 2.179195269172404359e+00 2.137266005059033969e+00 2.211077102854040355e+00 1.563500749844864091e+00
1.293093166151506601e+00 2.174597634586202144e+00 2.146133002529516887e+00 2.210538551427020160e+00 1.581750374922432201e+00
1.300000000000000044e+00 2.169999999999999929e+00 2.154999999999999805e+00 2.209999999999999964e+00 1.600000000000000089e+00
