8.699999999999999956e-01 2.740000000000000213e+00 1.850000000000000089e+00 2.629999999999999893e+00 1.350000000000000089e+00
9.059841593545198135e-01 2.746636380240394804e+00 1.865914466760158819e+00 2.606385909015343838e+00 1.351401173354230156e+00
9.419683187090396315e-01 2.753272760480789838e+00 1.881828933520317548e+00 2.582771818030687339e+00 1.352802346708460002e+00
9.779524780635594494e-01 2.759909140721184873e+00 1.897743400280476278e+00 2.559157727046031283e+00 1.354203520062690069e+00
1.013936637418079156e+00 2.766545520961579463e+00 1.913657867040635008e+00 2.535543636061374784e+00 1.355604693416919915e+00
1.050366041915434367e+00 2.774894801366759811e+00 1.928706758118316822e+00 2.511954585029176013e+00 1.356257401600897916e+00
1.087510254967894774e+00 2.794348545534667050e+00 1.939175212003125592e+00 2.489535372205339936e+00 1.351872951174807991e+00
1.122070263428621928e+00 2.806245465388756521e+00 1.961361266421353111e+00 2.477639706944778641e+00 1.346405648502560393e+00
1.151171406956582155e+00 2.760672372273997865e+00 1.971939435940891494e+00 2.459661554730272481e+00 1.346861644983076811e+00
1.183575885566558128e+00 2.723647187571198724e+00 1.971725621255553840e+00 2.440743730028796854e+00 1.334037661083288251e+00
1.213763523498413655e+00 2.694930109752553982e+00 1.971968623279722221e+00 2.432259347779777148e+00 1.310230328880614747e+00
1.240526730291258151e+00 2.667829550201022304e+00 1.976511096857462180e+00 2.431066696267088378e+00 1.282962973771650139e+00
1.263015258699847543e+00 2.615074520371637234e+00 1.987838293032743398e+00 2.418654183296088611e+00 1.272764748601777018e+00
1.271714499952708355e+00 2.550400674023820091e+00 1.990448293564305082e+00 2.401417596760774931e+00 1.280447529590137856e+00
1.268201643471296380e+00 2.489863845961846067e+00 1.978400444387612200e+00 2.388168257544653006e+00 1.294284686615677193e+00
1.260022663925300934e+00 2.439019587567238023e+00 1.965875315887572805e+00 2.371979056948341213e+00 1.314154073919129528e+00
1.257649851675282093e+00 2.404293812869123581e+00 1.976057642945731052e+00 2.346702673629724512e+00 1.337299826337822406e+00
1.256590794801978994e+00 2.381099740384454932e+00 1.994770640291066766e+00 2.318431128856247359e+00 1.358690386828300678e+00
1.249858221798358038e+00 2.377781499943455223e+00 2.018461354021486187e+00 2.283684231167180112e+00 1.366744984236403004e+00
1.245844731060367305e+00 2.332727301994754310e+00 2.034856006648187776e+00 2.255812845342168416e+00 1.365654018031359662e+00
1.244317181260151450e+00 2.311654947196744914e+00 2.068537153884493662e+00 2.245304369391733168e+00 1.367868478243099206e+00
1.246525823493124907e+00 2.302993770367049997e+00 2.106136591069464714e+00 2.240347034757943057e+00 1.374277700976362482e+00
1.251744400033621751e+00 2.302690541606721819e+00 2.139305735999664559e+00 2.218504722363982218e+00 1.378714902322583979e+00
1.259641590557649016e+00 2.287347931816881008e+00 2.154322312497075842e+00 2.208727141859828880e+00 1.404705050931286836e+00
1.264856380480579023e+00 2.262497439883519590e+00 2.128450335221246270e+00 2.203758802690366281e+00 1.428527053006889869e+00
1.274931022315963336e+00 2.237774092972103279e+00 2.118105200751610795e+00 2.195902941945255815e+00 1.460636999100955569e+00
1.281842153006672813e+00 2.218445163922921903e+00 2.121185026999663048e+00 2.197450924840818054e+00 1.496339198053923347e+00
1.288032596615501291e+00 2.201610092259376650e+00 2.131158129769200826e+00 2.201149520560498729e+00 1.531212381284997592e+00
1.294016298307750779e+00 2.185805046129688289e+00 2.143079064884600538e+00 2.205574760280249347e+00 1.565606190642498952e+00
1.300000000000000044e+00 2.169999999999999929e+00 2.154999999999999805e+00 2.209999999999999964e+00 1.600000000000000089e+00
