8.699999999999999956e-01 2.740000000000000213e+00 1.850000000000000089e+00 2.629999999999999893e+00 1.350000000000000089e+00
8.900528161347729394e-01 2.738831019108559861e+00 1.860185322840776534e+00 2.611462001263954225e+00 1.349838293731485228e+00
9.101056322695458833e-01 2.737662038217119509e+00 1.870370645681552757e+00 2.592924002527908112e+00 1.349676587462970145e+00
9.301584484043188272e-01 2.736493057325679601e+00 1.880555968522329202e+00 2.574386003791862443e+00 1.349514881194455285e+00
9.502112645390917711e-01 2.735324076434238805e+00 1.890741291363105425e+00 2.555848005055816774e+00 1.349353174925940202e+00
9.702640806738647150e-01 2.734155095542798897e+00 1.900926614203881870e+00 2.537310006319771105e+00 1.349191468657425341e+00
9.903385642435520442e-01 2.733285638639927573e+00 1.911224796240124757e+00 2.518920806574822535e+00 1.348975769804451108e+00
1.010481226810126865e+00 2.733545654842955752e+00 1.921965180149540098e+00 2.501148243876316180e+00 1.348595854851520892e+00
1.030640522787333202e+00 2.735980654529791778e+00 1.933653694909210907e+00 2.484801972130370906e+00 1.348040757819826130e+00
1.050430855081208925e+00 2.740671386548110711e+00 1.946787704726279156e+00 2.470644229522733770e+00 1.347712137335966842e+00
1.068951697101413245e+00 2.745547636019666893e+00 1.961750617434639743e+00 2.458698880063938219e+00 1.348441153971634776e+00
1.084885198919011140e+00 2.746839956760066315e+00 1.978677781900487709e+00 2.448299396887792856e+00 1.350334314812976944e+00
1.100969138928451052e+00 2.731734031112535099e+00 1.994064681499486458e+00 2.439723597063800931e+00 1.348611239398462613e+00
1.091655736599369764e+00 2.704794359450773733e+00 1.983852989366850839e+00 2.443316820533490308e+00 1.353364943143779309e+00
1.081656645119047244e+00 2.672620960091034004e+00 1.983108730139120812e+00 2.439547212208335925e+00 1.364703667544499899e+00
1.088058396334320443e+00 2.637524582712929888e+00 1.977703043330939714e+00 2.435202977124374613e+00 1.374593927813301697e+00
1.097066239826400613e+00 2.606377353238766847e+00 1.977780343492027137e+00 2.426173585945499589e+00 1.385982947630399309e+00
1.103457917862146864e+00 2.574084174268792768e+00 1.978711548084023830e+00 2.413329323483725641e+00 1.396019403998271624e+00
1.107451304653556567e+00 2.537054400664902509e+00 1.976805354149696825e+00 2.400124269485556905e+00 1.402811607323977805e+00
1.110579182361913109e+00 2.497128020492451306e+00 1.971431382728265680e+00 2.388810896974296494e+00 1.405408391761667319e+00
1.114512603350357622e+00 2.457548238417176734e+00 1.965050193744726448e+00 2.377737885535483819e+00 1.403831409497370952e+00
1.119607378657372143e+00 2.419331532792168282e+00 1.961820789224168360e+00 2.364247275215500821e+00 1.399498945936594074e+00
1.125977839018973636e+00 2.383294661781877988e+00 1.966463271825681147e+00 2.349357725517117856e+00 1.395233443640419013e+00
1.134487521145462585e+00 2.354602401561138869e+00 1.979937702454789283e+00 2.337904969145788492e+00 1.395250353030621282e+00
1.145156708923646960e+00 2.336047448551933581e+00 1.996036241065098249e+00 2.330303659997397414e+00 1.401384528845419419e+00
1.157155797546628229e+00 2.323696386098896394e+00 2.009878740029987565e+00 2.322491834411616995e+00 1.411946531313492237e+00
1.169655800167102466e+00 2.313179738535465990e+00 2.020965462853720140e+00 2.312117177436633142e+00 1.424198914703472596e+00
1.182470766293282072e+00 2.301748376306290478e+00 2.031067364780131612e+00 2.299233343795684004e+00 1.435940197195202606e+00
1.195508970844679553e+00 2.288381821860504761e+00 2.042194122625745401e+00 2.285217010177848618e+00 1.445885973511505940e+00
1.207820257878079673e+00 2.275099950858424869e+00 2.055613626744401845e+00 2.271563791117062525e+00 1.454063059296057947e+00
1.217641763413278122e+00 2.267027431027127005e+00 2.071431194396091691e+00 2.258346126334130677e+00 1.461721792452160384e+00
1.224143469316295585e+00 2.266840103987868726e+00 2.088076434304220630e+00 2.244411933223174227e+00 1.469695878898012120e+00
1.230574833831679316e+00 2.271474004008509517e+00 2.103261305511391122e+00 2.225096386787187352e+00 1.475092713998653604e+00
1.239052635497775556e+00 2.266398474428939380e+00 2.112977318179028785e+00 2.200407510740012729e+00 1.479639369090978818e+00
1.242545903056306411e+00 2.262040913225110916e+00 2.122099955613327538e+00 2.196929693061565381e+00 1.496642381243003861e+00
1.247591965917725254e+00 2.251399578894879294e+00 2.131877747070933360e+00 2.196563212031486412e+00 1.512668363841789265e+00
1.253970777844100715e+00 2.216412056096194405e+00 2.121740996872441887e+00 2.201769608744169382e+00 1.518077082778776399e+00
1.262441774309501330e+00 2.195732972168993324e+00 2.122931225367307384e+00 2.202437466654201703e+00 1.534052091104310955e+00
1.270600868814716566e+00 2.188057222879975505e+00 2.132219459676054196e+00 2.203803804794409960e+00 1.550245010164556181e+00
1.279633102688267021e+00 2.181293998047922678e+00 2.140804978633332301e+00 2.205644379093161245e+00 1.566608791737995388e+00
1.289463196584949456e+00 2.175302899671041956e+00 2.148424201492193042e+00 2.207745083837471700e+00 1.583201107606079905e+00
1.300000000000000044e+00 2.169999999999999929e+00 2.154999999999999805e+00 2.209999999999999964e+00 1.600000000000000089e+00
