8.699999999999999956e-01 2.740000000000000213e+00 1.850000000000000089e+00 2.629999999999999893e+00 1.350000000000000089e+00
8.953298419924183849e-01 2.742355271067588696e+00 1.863290040288280824e+00 2.613311809577025357e+00 1.350738834800790489e+00
9.206596839848367742e-01 2.744710542135177622e+00 1.876580080576561782e+00 2.596623619154050377e+00 1.351477669601580667e+00
9.459895259772551634e-01 2.747065813202766105e+00 1.889870120864842518e+00 2.579935428731075397e+00 1.352216504402371067e+00
9.713193679696735527e-01 2.749421084270355031e+00 1.903160161153123475e+00 2.563247238308100862e+00 1.352955339203161467e+00
9.966492099620920531e-01 2.751776355337943514e+00 1.916450201441404211e+00 2.546559047885126326e+00 1.353694174003951645e+00
1.021979051954510442e+00 2.754131626405531996e+00 1.929740241729684946e+00 2.529870857462151346e+00 1.354433008804742045e+00
1.046231946380586697e+00 2.751825551990426888e+00 1.942051211600553051e+00 2.510188322218899870e+00 1.353624825063675319e+00
1.064273287721151817e+00 2.735265803029671261e+00 1.951294819586638640e+00 2.485100406637814618e+00 1.351555126963321030e+00
1.075492654198204612e+00 2.710774107076211692e+00 1.963727170973959657e+00 2.463864782478654369e+00 1.356302353664008864e+00
1.083991346889077834e+00 2.680786689850180871e+00 1.975620604477901443e+00 2.442681799852180813e+00 1.357973168840694189e+00
1.083202304529295557e+00 2.652500836560696573e+00 1.970234988234446760e+00 2.419752787999108978e+00 1.367110697155070165e+00
1.087036432610876791e+00 2.657018412474947411e+00 1.976616465758125329e+00 2.405104070394139537e+00 1.384658353186213553e+00
1.091599787451358772e+00 2.679283449413657259e+00 1.993664974306519344e+00 2.404912214495781075e+00 1.395806619529258663e+00
1.088372953181185654e+00 2.643326684275315586e+00 1.994044331411771065e+00 2.394373179401223961e+00 1.390611172849129495e+00
1.096160239541604131e+00 2.615519730573336421e+00 1.974927479603628466e+00 2.402023096125213364e+00 1.389978856527609441e+00
1.109721169233714777e+00 2.577923869774603638e+00 1.963701975360003349e+00 2.404939622415700029e+00 1.394715327648007097e+00
1.116559976795729714e+00 2.532506922780525471e+00 1.961652235341232897e+00 2.394278737794550693e+00 1.395097436872560381e+00
1.119625423349472015e+00 2.492706013226126061e+00 1.958327913463156600e+00 2.377257083580865960e+00 1.388607869005311635e+00
1.126002165563154023e+00 2.454710600750997340e+00 1.960832336323642178e+00 2.358584109332639844e+00 1.382149722286767801e+00
1.124995943741626814e+00 2.417386426944005962e+00 1.963904858166264811e+00 2.336787762129640456e+00 1.377576210128552914e+00
1.121337777604558550e+00 2.381596331696030688e+00 1.968957709740131179e+00 2.313406125742869524e+00 1.375898891337528518e+00
1.132541065790341417e+00 2.354012506849352704e+00 1.983074148670987524e+00 2.296820105195316319e+00 1.379076475836927829e+00
1.151961508895769981e+00 2.333613763705532751e+00 1.997282651638542017e+00 2.286002789987095163e+00 1.386131705865784269e+00
1.170391724511290699e+00 2.311258994600079220e+00 2.008204747906761956e+00 2.272928905312161962e+00 1.395709192599048576e+00
1.188152705758749095e+00 2.290688168798876490e+00 2.018180283407899456e+00 2.259167264315967927e+00 1.406900476411945045e+00
1.207945418024078510e+00 2.272659589341999631e+00 2.027097167234954256e+00 2.247869426872233234e+00 1.419193142037800559e+00
1.229868427026495681e+00 2.248499812731540093e+00 2.034984257024378795e+00 2.249220978684238759e+00 1.429821634207639969e+00
1.236747842599122515e+00 2.239095476169012500e+00 2.056565522170330951e+00 2.257510760571050046e+00 1.432332346290631886e+00
1.240693071759939814e+00 2.242912368927191480e+00 2.081155731766837214e+00 2.257379591882235914e+00 1.431207332550048950e+00
1.246969727385710103e+00 2.241608935057439744e+00 2.102195926902068912e+00 2.239997359385115683e+00 1.429457889410819194e+00
1.251247697572149375e+00 2.251941727046232522e+00 2.106237470887182717e+00 2.209410963391249094e+00 1.421461876354570109e+00
1.248507619217583020e+00 2.279482611341776988e+00 2.110251709348778260e+00 2.202499547878218777e+00 1.435371752428226122e+00
1.246295665352843418e+00 2.276548497860901410e+00 2.106411246154499484e+00 2.207362255221398950e+00 1.456109163453000788e+00
1.251190860290349649e+00 2.256304271807377138e+00 2.101719502240904536e+00 2.207949047816096133e+00 1.474889904498378312e+00
1.259625152002391557e+00 2.228545603068073699e+00 2.097562736582448295e+00 2.204595576399457801e+00 1.491220940584296883e+00
1.267691179056477768e+00 2.203573295205570215e+00 2.098087612959595116e+00 2.201503711135193164e+00 1.508724951060055774e+00
1.274102055555623281e+00 2.188368731368662612e+00 2.106009205796230965e+00 2.201266351649686648e+00 1.527510237986719588e+00
1.279894395450096978e+00 2.180393594548330594e+00 2.117809680128282857e+00 2.202591332019639747e+00 1.545766088380446934e+00
1.285974876797193023e+00 2.175814287099293143e+00 2.130689119101357498e+00 2.204566098644524352e+00 1.563662603544995644e+00
1.292625895367661482e+00 2.172702619749071307e+00 2.143291872295784994e+00 2.207077399405289242e+00 1.581667336048997452e+00
1.300000000000000044e+00 2.169999999999999929e+00 2.154999999999999805e+00 2.209999999999999964e+00 1.600000000000000089e+00
