8.699999999999999956e-01 2.740000000000000213e+00 1.850000000000000089e+00 2.629999999999999893e+00 1.350000000000000089e+00
8.896177901450813552e-01 2.738828983589923105e+00 1.864741205108398470e+00 2.611320260673319460e+00 1.356748792510261481e+00
9.092355802901627149e-01 2.737657967179845553e+00 1.879482410216797073e+00 2.592640521346639471e+00 1.363497585020522651e+00
9.288533704352440745e-01 2.736486950769768001e+00 1.894223615325195453e+00 2.573960782019959481e+00 1.370246377530783821e+00
9.484711605803254342e-01 2.735315934359690893e+00 1.908964820433594056e+00 2.555281042693279048e+00 1.376995170041045213e+00
9.680889507254066828e-01 2.734144917949613784e+00 1.923706025541992437e+00 2.536601303366599058e+00 1.383743962551306383e+00
9.877067408704880425e-01 2.732973901539536232e+00 1.938447230650391040e+00 2.517921564039918625e+00 1.390492755061567776e+00
1.007633477140076783e+00 2.731147227394675081e+00 1.952964030845097287e+00 2.499184174889176546e+00 1.397135032013832934e+00
1.029401247752150139e+00 2.724629371270864020e+00 1.965739696797289771e+00 2.480489000843125957e+00 1.403366150186489358e+00
1.053128860870451655e+00 2.707853545787630711e+00 1.974061987844286881e+00 2.464308419251150184e+00 1.410652456893239037e+00
1.074302053923071654e+00 2.676854692836208915e+00 1.975082010040756009e+00 2.453327821449470036e+00 1.417012886692033291e+00
1.085247419341131447e+00 2.641778093575833264e+00 1.970329096066818941e+00 2.436340042060333388e+00 1.416317193872136393e+00
1.098843713626203922e+00 2.636626394397124429e+00 1.984778676211067294e+00 2.426427684837752174e+00 1.409105286866597861e+00
1.116515986951290396e+00 2.639389020941123931e+00 2.001927184600944987e+00 2.424041048223330552e+00 1.395684176166759105e+00
1.134481135954244158e+00 2.623562257350718241e+00 2.003286373005675358e+00 2.420963494606429123e+00 1.377820464641790199e+00
1.148385755925983354e+00 2.594382390792735471e+00 2.004002889124830489e+00 2.425845039080015031e+00 1.362871203661408126e+00
1.172051071643149811e+00 2.590497099381694035e+00 2.017812449022963417e+00 2.430487328797526381e+00 1.350900019589608814e+00
1.201388254211022799e+00 2.597808165672508274e+00 2.024582779618206541e+00 2.431847230761687406e+00 1.338881064484942041e+00
1.231453905687099448e+00 2.601608318239814199e+00 2.024865545420484914e+00 2.427631718541276573e+00 1.325847683599654214e+00
1.255316291044215715e+00 2.593863610090314076e+00 2.023079638258849400e+00 2.413530355417744744e+00 1.311340082929412842e+00
1.261836877847175797e+00 2.572400697593185903e+00 2.027351286540829634e+00 2.388674415985245325e+00 1.300513155067888782e+00
1.257931982035813245e+00 2.541357245558465650e+00 2.034014398324682560e+00 2.364746168290448924e+00 1.299693279758560749e+00
1.254734184389240337e+00 2.505018445808128380e+00 2.037736685400971748e+00 2.344076590967175910e+00 1.303749892738297333e+00
1.252592444439803998e+00 2.467529674149898877e+00 2.040149010747468239e+00 2.324249161209142489e+00 1.308396816246104155e+00
1.250465084899361479e+00 2.428864643511442711e+00 2.042501912745012138e+00 2.305903325478897870e+00 1.313493472643214144e+00
1.247771342673974049e+00 2.387611792054732174e+00 2.043651392100604092e+00 2.291025326883384672e+00 1.319010121933386959e+00
1.243756254294307251e+00 2.344542800598320653e+00 2.040039269022186907e+00 2.280981056553015307e+00 1.324911227117348655e+00
1.238192871730963152e+00 2.305622550852811425e+00 2.030661229182129102e+00 2.274432061787956538e+00 1.334001804906836064e+00
1.237368656272194611e+00 2.292309235991392580e+00 2.029809364042915565e+00 2.272432006954277384e+00 1.355850112535828211e+00
1.244650018368290256e+00 2.308477073076934616e+00 2.045777061565742905e+00 2.276685457447272132e+00 1.372402636197886050e+00
1.252493478689107764e+00 2.314288130602095706e+00 2.066559507225548931e+00 2.280565234845066680e+00 1.384108035054102182e+00
1.257808516874398430e+00 2.297556555006872614e+00 2.085501196449960570e+00 2.280139211468779514e+00 1.397613997794522778e+00
1.260038581940954305e+00 2.271339114858422548e+00 2.101223722542358452e+00 2.273438253874096482e+00 1.410878093035786707e+00
1.259029709477103465e+00 2.248274758291306075e+00 2.115806142763392295e+00 2.262970279378472060e+00 1.425604579291793961e+00
1.253085176685184043e+00 2.227438313103356382e+00 2.121077744879666049e+00 2.246957182729830915e+00 1.443037804532067536e+00
1.250136624154376985e+00 2.208675501134014674e+00 2.111559468918405180e+00 2.233596633051099012e+00 1.461283615456338447e+00
1.257643231150959329e+00 2.200585188994037100e+00 2.108873647005709007e+00 2.228993173742976897e+00 1.485185290472291753e+00
1.265093215470628252e+00 2.195604358598198136e+00 2.118246493836519306e+00 2.224751692038728912e+00 1.508320735888351916e+00
1.273397454205438262e+00 2.189789165691236494e+00 2.128174271348838964e+00 2.221081083394092826e+00 1.531051307960416885e+00
1.282148381687298055e+00 2.183374880857313904e+00 2.137392829246834047e+00 2.217427214093957932e+00 1.553962252839096836e+00
1.291074190843648939e+00 2.176687440428656917e+00 2.146196414623417148e+00 2.213713607046979170e+00 1.576981126419548351e+00
1.300000000000000044e+00 2.169999999999999929e+00 2.154999999999999805e+00 2.209999999999999964e+00 1.600000000000000089e+00
