8.699999999999999956e-01 2.740000000000000213e+00 1.850000000000000089e+00 2.629999999999999893e+00 1.350000000000000089e+00
8.951846750104665018e-01 2.739740795570710041e+00 1.862180433006961122e+00 2.607801631615087601e+00 1.347939920886273457e+00
9.203693500209332301e-01 2.739481591141419869e+00 1.874360866013922378e+00 2.585603263230174864e+00 1.345879841772547048e+00
9.455540250313997364e-01 2.739222386712130142e+00 1.886541299020883411e+00 2.563404894845262572e+00 1.343819762658820416e+00
9.707387000418663536e-01 2.738963182282839970e+00 1.898721732027844444e+00 2.541206526460349835e+00 1.341759683545094006e+00
9.959361606041421400e-01 2.738806097100775272e+00 1.910847364871193221e+00 2.518954724902711551e+00 1.339772127710626926e+00
1.021198629681997039e+00 2.739280928753750288e+00 1.922534840488045571e+00 2.496280319881112764e+00 1.338265776384341743e+00
1.046649848287305007e+00 2.747754872523083591e+00 1.932084385583026087e+00 2.472731146736518948e+00 1.339871488314568593e+00
1.070070677244832513e+00 2.773109004512757991e+00 1.939541183975539873e+00 2.454877712354123442e+00 1.349496873990853052e+00
1.096235621235819080e+00 2.792409795516090920e+00 1.950228251270614388e+00 2.443022114896661989e+00 1.361048939362139665e+00
1.124884159201380296e+00 2.763171250848684757e+00 1.953073757625931384e+00 2.438319462738649079e+00 1.358809210550905089e+00
1.143952019451468516e+00 2.729261080173032816e+00 1.955273326618071517e+00 2.435665161459284356e+00 1.340400496764747817e+00
1.163187421438937053e+00 2.702771284510371519e+00 1.954238937905704354e+00 2.436239255771571077e+00 1.318792501438597053e+00
1.186786730527804368e+00 2.684920087964808300e+00 1.959828267728159990e+00 2.439801079422229790e+00 1.298966929530263936e+00
1.212959562109059863e+00 2.669398574089997478e+00 1.973672689070939512e+00 2.442017632942501848e+00 1.286882984317396783e+00
1.234893796695193169e+00 2.659975880009135540e+00 1.994647634292188387e+00 2.441488310488995062e+00 1.287634756700671845e+00
1.258222971417346736e+00 2.652585646408757825e+00 2.013276222372456736e+00 2.430609142706360082e+00 1.292739721935267871e+00
1.272078246251842737e+00 2.618262522102944967e+00 2.008171871224080363e+00 2.405660689890334769e+00 1.292108213958040208e+00
1.270612728879900732e+00 2.574719204447621923e+00 2.010968739273933270e+00 2.381815624090190209e+00 1.299615846110476536e+00
1.266493424315681793e+00 2.536667304917784360e+00 2.017777685415828248e+00 2.356261870638586053e+00 1.307039357254224488e+00
1.261109140600372935e+00 2.497606390799390841e+00 2.022186600391356670e+00 2.330670736698701617e+00 1.314772671562838502e+00
1.255332455793285451e+00 2.456088674653094106e+00 2.027698290881217780e+00 2.307055873102656030e+00 1.322396050646265975e+00
1.251800458793061122e+00 2.418520584011977004e+00 2.043330365843116336e+00 2.288218278379309911e+00 1.325644845220043333e+00
1.248087922767058933e+00 2.376077890645061697e+00 2.059294290534772642e+00 2.275664932947202956e+00 1.323025360549515472e+00
1.243278634841708863e+00 2.328072684351854438e+00 2.059209964752087618e+00 2.262414986145515172e+00 1.325453319611368475e+00
1.244272135343030605e+00 2.308117644096235654e+00 2.083353943993615065e+00 2.253703292569263272e+00 1.330116849525421197e+00
1.236018014283858157e+00 2.294627170672074001e+00 2.104662954490321702e+00 2.242822871800586704e+00 1.342764133891906519e+00
1.225207281998152542e+00 2.279276128273185709e+00 2.119302450269415328e+00 2.229996265953451129e+00 1.362267689148755956e+00
1.217648182873126039e+00 2.267018351872390536e+00 2.131544579596017730e+00 2.219651266403351197e+00 1.385213418284756859e+00
1.222101755144752833e+00 2.265022176354736239e+00 2.142949220622959672e+00 2.222265253728535228e+00 1.410613578435890192e+00
1.233701524967116825e+00 2.260527387975604707e+00 2.132125662859938764e+00 2.227450292297331824e+00 1.435097393124713072e+00
1.242178367264815009e+00 2.241794764779282190e+00 2.115241815424910854e+00 2.241726658050436249e+00 1.449499468342579034e+00
1.249414585265961719e+00 2.218783394178088120e+00 2.122688720756161551e+00 2.235579847329756120e+00 1.473654088496809234e+00
1.257524438639464837e+00 2.213898741639046097e+00 2.141212387215610136e+00 2.233375410877600054e+00 1.493695803445543202e+00
1.267767190834619306e+00 2.204655755879630252e+00 2.151358343756637037e+00 2.227992675143574353e+00 1.518813396005677774e+00
1.278522269931799960e+00 2.193256424511318414e+00 2.153407500744459302e+00 2.222020154974096329e+00 1.545839596735285149e+00
1.289261134965900002e+00 2.181628212255659172e+00 2.154203750372229553e+00 2.216010077487048147e+00 1.572919798367642841e+00
1.300000000000000044e+00 2.169999999999999929e+00 2.154999999999999805e+00 2.209999999999999964e+00 1.600000000000000089e+00
