8.699999999999999956e-01 2.740000000000000213e+00 1.850000000000000089e+00 2.629999999999999893e+00 1.350000000000000089e+00
9.395358436912846223e-01 2.709957951261440012e+00 1.882794621196928642e+00 2.556492284828150829e+00 1.371407346407488959e+00
1.012579018589912394e+00 2.675545760616345081e+00 1.912219070297587198e+00 2.490626005707052837e+00 1.402112098726258083e+00
1.038221417168017302e+00 2.667058879106909863e+00 1.923114926589224671e+00 2.467695608648082128e+00 1.410642282717824214e+00
1.061695769545106582e+00 2.670923221261980451e+00 1.937323297066519512e+00 2.446994381389570705e+00 1.404663086717762299e+00
1.078975844421063535e+00 2.668113216217974148e+00 1.951690706819804166e+00 2.441664919979710913e+00 1.396842167487059028e+00
1.109052934079487684e+00 2.683605244222089681e+00 1.972294779687594701e+00 2.449287107043915057e+00 1.381070445853540996e+00
1.118457620239482253e+00 2.701465284849201787e+00 1.974140347602896250e+00 2.452428786089524415e+00 1.371610568175863243e+00
1.138485268111589566e+00 2.686235307496276370e+00 1.992993653829191691e+00 2.456464224098100502e+00 1.362195196655521023e+00
1.151383601999590889e+00 2.682054341575525136e+00 1.998589748245524156e+00 2.455913935970536865e+00 1.358037347035463638e+00
1.165761199647417756e+00 2.680674641025883709e+00 2.003117375730962380e+00 2.455246789405329810e+00 1.352624782604468612e+00
1.182039568548675756e+00 2.679787849604435834e+00 2.007646610416104593e+00 2.454234153700903143e+00 1.346076545580237482e+00
1.230122234017172023e+00 2.676314289874957009e+00 2.020526983970507562e+00 2.449352897079987823e+00 1.324798101761245572e+00
1.233573577560146850e+00 2.674502866185823002e+00 2.021730838128048990e+00 2.447593282806201476e+00 1.322378530498337978e+00
1.258882288517834125e+00 2.652983025127870320e+00 2.033403116849815451e+00 2.429647910596786531e+00 1.304794717643266377e+00
1.261755929911593022e+00 2.633892126341800033e+00 2.040586572473216176e+00 2.416765849213410089e+00 1.303292833112973170e+00
1.263374090503017300e+00 2.580091977511707491e+00 2.058328594134166689e+00 2.378097321714903067e+00 1.304144840981751763e+00
1.257865770972838471e+00 2.554795219249784033e+00 2.059236795611842918e+00 2.359584635323840551e+00 1.308659907559775792e+00
1.252577430046270646e+00 2.524900907115903426e+00 2.057721051357995101e+00 2.341729008458664829e+00 1.314372351292960817e+00
1.250741459449007609e+00 2.504577859835709130e+00 2.057568306813331915e+00 2.331998883077261109e+00 1.318633313035938892e+00
1.249521838434132892e+00 2.478066288488792512e+00 2.057768347942453335e+00 2.321087336498096843e+00 1.325206636723814890e+00
1.248885876707695353e+00 2.457153027787655653e+00 2.057149170211405309e+00 2.313830098787489575e+00 1.331825796557685404e+00
1.248019724029527655e+00 2.437927117623216677e+00 2.055590048097103661e+00 2.307488842403162543e+00 1.338688620124177442e+00
1.246959013611252498e+00 2.420187572235780848e+00 2.053516337730096453e+00 2.301570525871068362e+00 1.345345634946067737e+00
1.241774075109036257e+00 2.346552769572261443e+00 2.043580206551444345e+00 2.276175751350202781e+00 1.374056604506979529e+00
1.241499588992277747e+00 2.343539087434264978e+00 2.043449382843279150e+00 2.274777334793409267e+00 1.375723179934073892e+00
1.240426329755301538e+00 2.327321055159927710e+00 2.044499481985242895e+00 2.266865969954261040e+00 1.385329381057816889e+00
1.241475541003813188e+00 2.311308909864523198e+00 2.054432736919682867e+00 2.257310071340761226e+00 1.397785225281312549e+00
1.245969704291293834e+00 2.295136860726748385e+00 2.078557153592238471e+00 2.246601273093037587e+00 1.413563841425443890e+00
1.246696243174955976e+00 2.291364061984498157e+00 2.082990889217634756e+00 2.245547438186031197e+00 1.415964361094939283e+00
1.254104690703877090e+00 2.250849064402614896e+00 2.130144043885744409e+00 2.234656564888013452e+00 1.441365949376733013e+00
1.253548935672249565e+00 2.242227027424821273e+00 2.138915631109274074e+00 2.232307889629457698e+00 1.446411357919966001e+00
1.247502237328448560e+00 2.223964436068083472e+00 2.156385523180682995e+00 2.226479609009861083e+00 1.467044195224536551e+00
1.255356374781428030e+00 2.235011291089166185e+00 2.151576505076326917e+00 2.230374834149055907e+00 1.480169544453631358e+00
1.262721771343654709e+00 2.237572135933290074e+00 2.149321269960474901e+00 2.230006035663192332e+00 1.488921940159237067e+00
1.270375801912132285e+00 2.232786113259808580e+00 2.148596618049944063e+00 2.227716937820030108e+00 1.503237905289168008e+00
1.273222784519614681e+00 2.226950270217736172e+00 2.149170791275905934e+00 2.226053921365586774e+00 1.512351955727718078e+00
1.277897763652941165e+00 2.217058927599281581e+00 2.150177789692555574e+00 2.223261402413088117e+00 1.527606139527285523e+00
1.283344780034935795e+00 2.205461424725482900e+00 2.151366206019737159e+00 2.219993177648044380e+00 1.545447345175382070e+00
1.300000000000000044e+00 2.169999999999999929e+00 2.154999999999999805e+00 2.209999999999999964e+00 1.600000000000000089e+00
