8.699999999999999956e-01 2.740000000000000213e+00 1.850000000000000089e+00 2.629999999999999893e+00 1.350000000000000089e+00
9.791249623663808022e-01 2.749867091550578291e+00 1.892962154511190098e+00 2.561275220409994446e+00 1.347696244192143844e+00
1.078299628897036122e+00 2.736774541186720366e+00 1.931428379329242606e+00 2.487277487732745485e+00 1.383670653894882197e+00
1.089197422371739110e+00 2.741306480106986854e+00 1.936640434410524580e+00 2.479356744557937198e+00 1.385070701705318763e+00
1.093426895210163785e+00 2.759358838918432699e+00 1.941238674226923866e+00 2.477730227412300756e+00 1.377709809012136688e+00
1.118633074403583505e+00 2.795203446725464058e+00 1.953114697044140202e+00 2.463863699486634751e+00 1.330537041133667442e+00
1.123065056993248323e+00 2.781875671993929711e+00 1.952174760839106016e+00 2.457980611203533616e+00 1.331420640360393426e+00
1.146955782384745159e+00 2.715291954934951235e+00 1.948785960689891406e+00 2.428365848519175696e+00 1.334412240548519701e+00
1.166256806104601473e+00 2.683113428659359645e+00 1.952897424495625867e+00 2.414352737888073808e+00 1.330086890919983444e+00
1.201474447144777358e+00 2.647588869565564718e+00 1.967197652118646056e+00 2.403803015286809952e+00 1.316310016051622789e+00
1.229041699891797679e+00 2.629721843549651439e+00 1.979342119336359840e+00 2.404507798939798491e+00 1.301087871114600558e+00
1.289591389127324739e+00 2.555307819519258672e+00 1.992134721137278630e+00 2.398926613512661010e+00 1.257669931325926749e+00
1.282944805447233438e+00 2.513268607082112194e+00 1.986965104443879193e+00 2.381135902163926676e+00 1.252230599354041463e+00
1.272669209751141395e+00 2.481132831896851965e+00 1.990655292108287178e+00 2.357422573972160151e+00 1.250881298541851372e+00
1.264757915377673125e+00 2.448338353776201348e+00 2.000626659348931469e+00 2.333302146189210280e+00 1.259556039051362042e+00
1.259519388019055608e+00 2.394818015482421458e+00 2.025225620062537590e+00 2.302085476529440289e+00 1.290934861833131997e+00
1.264421214774820834e+00 2.363595889045164711e+00 2.057251422435011801e+00 2.287828325608013191e+00 1.319221054944474503e+00
1.264203537073278927e+00 2.354242878039361830e+00 2.068794281040461591e+00 2.281194013957838163e+00 1.328151592740662190e+00
1.260338321839291176e+00 2.338826861879707231e+00 2.081248387950564105e+00 2.269753997161975345e+00 1.341412774299189925e+00
1.245748065521125714e+00 2.296738463779267381e+00 2.102311204684754742e+00 2.243244203089945099e+00 1.372396565736455409e+00
1.240550053521989105e+00 2.273157766267275726e+00 2.113733818321434033e+00 2.239067723186453751e+00 1.386737074429100325e+00
1.236193528730323177e+00 2.238155673506658783e+00 2.136356858321068586e+00 2.239751621538736970e+00 1.415792510520728520e+00
1.241196977339265262e+00 2.226074033448248723e+00 2.153933012251073364e+00 2.234452574861866214e+00 1.439563600261457799e+00
1.243918341157066898e+00 2.226627343615484644e+00 2.160294422320129470e+00 2.233456065014164604e+00 1.450012610649327627e+00
1.250164000325025393e+00 2.226308206393337041e+00 2.169374727773479616e+00 2.231230021285141252e+00 1.477291597604311946e+00
1.260463488980950508e+00 2.217421457487038783e+00 2.165248090841338957e+00 2.227133294736344915e+00 1.524624848776938935e+00
1.272262639964726105e+00 2.201536791686264483e+00 2.159288420341836101e+00 2.221679434912446460e+00 1.550893391644009522e+00
1.300000000000000044e+00 2.169999999999999929e+00 2.154999999999999805e+00 2.209999999999999964e+00 1.600000000000000089e+00
