8.699999999999999956e-01 2.740000000000000213e+00 1.850000000000000089e+00 2.629999999999999893e+00 1.350000000000000089e+00
9.055532788567741687e-01 2.737884832489826614e+00 1.862536761204834690e+00 2.601858395198991758e+00 1.344039068289410555e+00
9.411065577135482307e-01 2.735769664979653459e+00 1.875073522409669513e+00 2.573716790397983623e+00 1.338078136578821020e+00
9.766598365703224038e-01 2.733654497469479860e+00 1.887610283614504114e+00 2.545575185596975487e+00 1.332117204868231486e+00
1.012213115427096355e+00 2.731539329959306706e+00 1.900147044819338715e+00 2.517433580795967352e+00 1.326156273157642174e+00
1.048511575355479675e+00 2.734423974276396052e+00 1.915436791687700868e+00 2.491950169359636647e+00 1.327041953138536456e+00
1.084731221894921882e+00 2.752235196908411119e+00 1.933743401790899430e+00 2.477453186724170919e+00 1.335100300314002286e+00
1.114409387406927410e+00 2.786601606688275723e+00 1.956571918879808747e+00 2.473365590805256531e+00 1.331979721877597722e+00
1.118160196036236620e+00 2.742876190159961869e+00 1.969280772173628069e+00 2.458899351221098595e+00 1.340681198407611685e+00
1.151280260470807670e+00 2.722302936901882742e+00 1.948336297143621110e+00 2.448281279416069545e+00 1.351792676775125157e+00
1.186385085187024568e+00 2.705951809051694745e+00 1.933500300723196119e+00 2.429071346377305929e+00 1.358575466503237239e+00
1.220957355122061383e+00 2.676165702716468253e+00 1.938574738754542226e+00 2.416323248523018385e+00 1.342915313017161605e+00
1.240723650475605622e+00 2.650742740447068702e+00 1.956599781028871110e+00 2.418773965883890043e+00 1.316656129607000292e+00
1.256113012782074323e+00 2.613809484379245429e+00 1.974842876069357489e+00 2.418182214159690258e+00 1.294209552064883306e+00
1.266123364946437846e+00 2.553196271261060968e+00 1.987282705264417970e+00 2.401165256260627601e+00 1.291003521264582732e+00
1.267421649698742714e+00 2.499250433690210382e+00 1.994606650710871731e+00 2.375196875988130341e+00 1.305664448171795167e+00
1.265530218348150715e+00 2.450564800700702595e+00 2.003987104947462239e+00 2.346946712545056268e+00 1.321372698573885618e+00
1.260734353375668304e+00 2.398896488118179349e+00 2.015406848526369643e+00 2.318250844521401621e+00 1.329537034720391198e+00
1.253212857528036794e+00 2.350466028020185671e+00 2.033740895670065552e+00 2.295324461976711028e+00 1.319121540188069597e+00
1.253350554031263497e+00 2.313156858996408882e+00 2.063101817326983944e+00 2.280405967013189095e+00 1.319519129862474438e+00
1.249566265139365973e+00 2.293965283380917430e+00 2.085918344833380900e+00 2.258984853809807181e+00 1.342069099308751845e+00
1.239375396436419585e+00 2.292658726507223577e+00 2.099687772944760500e+00 2.229560230851678870e+00 1.367971056541997354e+00
1.234716120405242368e+00 2.292296459261635277e+00 2.117527195616375479e+00 2.207073274662657347e+00 1.395884915251846659e+00
1.244677443883032364e+00 2.277399126444785260e+00 2.134848366320698521e+00 2.203601984185779461e+00 1.427115313562778987e+00
1.258969626972160416e+00 2.257585156472238896e+00 2.135218797623807507e+00 2.209296106075743893e+00 1.461661460766181309e+00
1.264694195331747650e+00 2.235210873148690158e+00 2.134121377798189556e+00 2.213362869200552918e+00 1.497391562764421202e+00
1.272230062171707088e+00 2.207229283088012028e+00 2.141235522316487394e+00 2.212205850657235295e+00 1.531280908160176146e+00
1.287383586388981538e+00 2.186123097103963353e+00 2.146531766321352119e+00 2.211515850130133298e+00 1.565299180639597498e+00
1.300000000000000044e+00 2.169999999999999929e+00 2.154999999999999805e+00 2.209999999999999964e+00 1.600000000000000089e+00
