8.699999999999999956e-01 2.740000000000000213e+00 1.850000000000000089e+00 2.629999999999999893e+00 1.350000000000000089e+00
8.915135298699300437e-01 2.742879835188363646e+00 1.862634742511151131e+00 2.610756691272311691e+00 1.350261703856588280e+00
9.130270597398602028e-01 2.745759670376727080e+00 1.875269485022302396e+00 2.591513382544623489e+00 1.350523407713176471e+00
9.345405896097903620e-01 2.748639505565090513e+00 1.887904227533453438e+00 2.572270073816935287e+00 1.350785111569764663e+00
9.560541194797204101e-01 2.751519340753453502e+00 1.900538970044604481e+00 2.553026765089247085e+00 1.351046815426352854e+00
9.775667744005532844e-01 2.754339635658748620e+00 1.913230867420785852e+00 2.533828452244722751e+00 1.351251863489685734e+00
9.990642262378564009e-01 2.756922849093455419e+00 1.926121201929384297e+00 2.514778150007065172e+00 1.351243362903667755e+00
1.020460508592637705e+00 2.758805411329478208e+00 1.939350704821913629e+00 2.495915743498340778e+00 1.350769395581768784e+00
1.041397306545897239e+00 2.758350653743564251e+00 1.952315166998531026e+00 2.476331368492837193e+00 1.349974738358702187e+00
1.059554760510192928e+00 2.750112544041694029e+00 1.959874527726938043e+00 2.452899823665056989e+00 1.352429353846391180e+00
1.068875288861823147e+00 2.736183984841209060e+00 1.954801962537595639e+00 2.437651244643967985e+00 1.367013999080306075e+00
1.081981401127769526e+00 2.712882371848037266e+00 1.964569903905176940e+00 2.439365857231437840e+00 1.378513565310351741e+00
1.082998596884967357e+00 2.674518922335864968e+00 1.964169485421827233e+00 2.433828786671220712e+00 1.390760492354790712e+00
1.082554303798709761e+00 2.636203168825720589e+00 1.961958405976895081e+00 2.425430357304844797e+00 1.401548348695723201e+00
1.101479200553068249e+00 2.611330305774067551e+00 1.961256912194718094e+00 2.422129373274648501e+00 1.389220898450907571e+00
1.119284853138228009e+00 2.615174245354404015e+00 1.969819897047567325e+00 2.423039187548523543e+00 1.373105628660528765e+00
1.136663590934865686e+00 2.582679124173390406e+00 1.976061015292217782e+00 2.410219337782581128e+00 1.371336620288738040e+00
1.137616267942295423e+00 2.542444032773107043e+00 1.973785574862179537e+00 2.397711234856737317e+00 1.378559542565178875e+00
1.135680442243157895e+00 2.500335744601306587e+00 1.973092580909121985e+00 2.385276999980636692e+00 1.382976521934502268e+00
1.138387851676357254e+00 2.460548573420581864e+00 1.976649630135713931e+00 2.369160475451779657e+00 1.383603331932594882e+00
1.148562789194817579e+00 2.429668887481921224e+00 1.983312296901164062e+00 2.350217835000555144e+00 1.378517234306857020e+00
1.165708087922707303e+00 2.418849861534627887e+00 1.990375408784374356e+00 2.333658841171937670e+00 1.366023529674369019e+00
1.182480266521414469e+00 2.436577009615788825e+00 1.995773009402548759e+00 2.326044477136834043e+00 1.350878542773991775e+00
1.199810771357532335e+00 2.461015873919722541e+00 2.004871588500586110e+00 2.319288574790094426e+00 1.345313486267672998e+00
1.223365816256828609e+00 2.444604274204143390e+00 2.011690267667637588e+00 2.307489164826277417e+00 1.336876630348237338e+00
1.242737649517712040e+00 2.417951919138776162e+00 2.023380425322263143e+00 2.300256980137759921e+00 1.336072830087435603e+00
1.244842309819299331e+00 2.386621452926743103e+00 2.040262380588614199e+00 2.297544207539643946e+00 1.344517241608868652e+00
1.239652852175424869e+00 2.352543772245040188e+00 2.049953244742599878e+00 2.294660242728577604e+00 1.357010569060833616e+00
1.234563460831847870e+00 2.318541512220884560e+00 2.055054803112433159e+00 2.290346181123465108e+00 1.371120343455893176e+00
1.231689059206177328e+00 2.288623985709893560e+00 2.062985558627382865e+00 2.283586726933923394e+00 1.386247569357432985e+00
1.231064101346776019e+00 2.268265564090097275e+00 2.078414414558116707e+00 2.275145953540063992e+00 1.400923556187922969e+00
1.232602767300861046e+00 2.258798185236375211e+00 2.100469183043691235e+00 2.268159664553706989e+00 1.412503343397472966e+00
1.235867274465721755e+00 2.249140760865136812e+00 2.124683096204066590e+00 2.265968326663148957e+00 1.421673139198521563e+00
1.237564465370103672e+00 2.220828795248922294e+00 2.122787376915270752e+00 2.259137743967758905e+00 1.436499842057897824e+00
1.241859877375089294e+00 2.210383248658673416e+00 2.119037721903473059e+00 2.244190533787362885e+00 1.454605334624221147e+00
1.249903191863081853e+00 2.207078444038176990e+00 2.121139620857627861e+00 2.235794668954999231e+00 1.475408506327540392e+00
1.258300609749486654e+00 2.202062965137197015e+00 2.124385866960651015e+00 2.230207349690051188e+00 1.496426013201112681e+00
1.266659556592707236e+00 2.195813598777302644e+00 2.130150299039619721e+00 2.225975445545792741e+00 1.517198533875450117e+00
1.274994667444530272e+00 2.189360199082976965e+00 2.136362724279714964e+00 2.221981584159344880e+00 1.537898900406587721e+00
1.283329778296353529e+00 2.182906799388651287e+00 2.142575149519809763e+00 2.217987722772896575e+00 1.558599266937725103e+00
1.291664889148176787e+00 2.176453399694325608e+00 2.148787574759905006e+00 2.213993861386448270e+00 1.579299633468862707e+00
1.300000000000000044e+00 2.169999999999999929e+00 2.154999999999999805e+00 2.209999999999999964e+00 1.600000000000000089e+00
