8.699999999999999956e-01 2.740000000000000213e+00 1.850000000000000089e+00 2.629999999999999893e+00 1.350000000000000089e+00
8.917803247983117076e-01 2.733880536984448995e+00 1.863382964538277342e+00 2.610876343698025792e+00 1.355265979236536245e+00
9.135606495966235308e-01 2.727761073968897332e+00 1.876765929076554595e+00 2.591752687396052135e+00 1.360531958473072400e+00
9.353409743949352428e-01 2.721641610953345669e+00 1.890148893614831849e+00 2.572629031094078034e+00 1.365797937709608556e+00
9.571210636152014395e-01 2.715518623400860587e+00 1.903530833384854848e+00 2.553504790161198024e+00 1.371064611029219060e+00
9.789003982754534983e-01 2.709384365896330138e+00 1.916909495510525696e+00 2.534378680877228618e+00 1.376333503492977339e+00
1.000676650414046520e+00 2.703204378028475130e+00 1.930274843696106579e+00 2.515245007252204346e+00 1.381611396840006334e+00
1.022438746846783930e+00 2.696836159935495303e+00 1.943578609726530848e+00 2.496067906675595527e+00 1.386919646421050922e+00
1.043395129343251959e+00 2.686502834808433438e+00 1.954819976586450903e+00 2.475021783724019819e+00 1.392591917614890207e+00
1.066785296302832808e+00 2.672991369628785474e+00 1.959397691884401604e+00 2.454416366584810216e+00 1.400072613022416146e+00
1.083657628740678946e+00 2.679510434596725776e+00 1.961108576864100339e+00 2.443268150636663361e+00 1.418354474725206371e+00
1.075568163217083040e+00 2.667224951274278943e+00 1.977478132151531565e+00 2.432220313542255319e+00 1.429542879002404066e+00
1.089280688525271046e+00 2.633477932756273177e+00 1.987123148902479430e+00 2.423358713681051491e+00 1.419674538108054440e+00
1.109876410331570140e+00 2.614049599815389868e+00 1.995552618287414148e+00 2.417612160331783500e+00 1.404117409046776954e+00
1.125938762248847924e+00 2.592684167551265073e+00 2.005089363888618692e+00 2.415590493614389711e+00 1.386677730800759401e+00
1.146103650165884780e+00 2.579738123132928163e+00 2.002500652730799580e+00 2.410217450455682808e+00 1.367491256327703075e+00
1.172042336677271868e+00 2.584817256927738782e+00 2.000227661459363926e+00 2.409304555434490958e+00 1.350516758066016232e+00
1.198918621900731729e+00 2.597413447714539636e+00 2.004277003732094276e+00 2.414503853016668700e+00 1.336374253693974445e+00
1.225938054292157631e+00 2.608939385128162147e+00 2.010585233198041610e+00 2.420644286218696983e+00 1.322852073266868267e+00
1.254801214227027284e+00 2.616577543041565868e+00 2.011558877333575079e+00 2.422209032272181428e+00 1.308731024918061925e+00
1.271420491202130076e+00 2.597985090794948437e+00 2.024667439633887511e+00 2.425989759355461572e+00 1.306761379934918477e+00
1.265418820851500925e+00 2.562739651317979650e+00 2.030543898467233266e+00 2.405206188819750235e+00 1.307856610928656460e+00
1.259048431942120683e+00 2.531271869732686586e+00 2.030759735923176823e+00 2.379941157220236025e+00 1.308668580800205428e+00
1.252770224157749190e+00 2.500991232334728309e+00 2.031647626922504113e+00 2.354078756316016818e+00 1.310467419344525153e+00
1.247320363280292055e+00 2.471606637179610377e+00 2.036584513910394190e+00 2.329101663362428631e+00 1.315366234635785059e+00
1.242802003805911326e+00 2.436275680727955084e+00 2.042814382043469656e+00 2.312322454357921941e+00 1.322946325601070949e+00
1.238632551786750025e+00 2.391272345875748773e+00 2.037343224990727730e+00 2.306477905553229402e+00 1.325600252413389857e+00
1.238163285820448545e+00 2.350369701925242527e+00 2.031412894862069773e+00 2.292931165204281196e+00 1.329805311467393558e+00
1.239977633463140716e+00 2.316445020403049782e+00 2.034775739567895592e+00 2.279107034952172484e+00 1.343808547712356694e+00
1.240522510475922546e+00 2.294846139772089622e+00 2.045071720938538729e+00 2.269347061423042877e+00 1.363050719536249789e+00
1.241850680841772192e+00 2.276734479586950410e+00 2.060693309661747019e+00 2.261817537507247788e+00 1.380315189279231580e+00
1.244647364125968991e+00 2.262045570991543020e+00 2.078695858301199628e+00 2.256354646265406050e+00 1.396581027929563401e+00
1.247707066911829532e+00 2.250497255449427136e+00 2.096652809570943354e+00 2.252881340538618993e+00 1.413892767675409612e+00
1.248867543637848021e+00 2.242905844263001658e+00 2.115158327500772373e+00 2.252087987743672581e+00 1.431579672900030298e+00
1.244562677934856199e+00 2.232598807421375398e+00 2.126717647084420459e+00 2.253365970987126321e+00 1.449878197257680412e+00
1.248960779974229052e+00 2.215318010218692013e+00 2.109708217615676507e+00 2.249423175481595649e+00 1.464646544137785167e+00
1.257637085809353295e+00 2.207815895516656468e+00 2.107801475516483336e+00 2.247309005829783768e+00 1.488913267153583408e+00
1.266356305012522387e+00 2.200938339065716676e+00 2.115807047201025082e+00 2.241652058717119811e+00 1.511994233437129243e+00
1.274774346633050559e+00 2.193405958877804096e+00 2.125381514684619333e+00 2.234061285849890499e+00 1.534175061952240737e+00
1.283168725817161349e+00 2.185653679301025498e+00 2.135199653874140235e+00 2.226070282332723416e+00 1.556154926567653529e+00
1.291584362908580585e+00 2.177826839650512714e+00 2.145099826937070020e+00 2.218035141166361690e+00 1.578077463283826809e+00
1.300000000000000044e+00 2.169999999999999929e+00 2.154999999999999805e+00 2.209999999999999964e+00 1.600000000000000089e+00
