8.699999999999999956e-01 2.740000000000000213e+00 1.850000000000000089e+00 2.629999999999999893e+00 1.350000000000000089e+00
9.199294186242282789e-01 2.731121781674303417e+00 1.868513040387586033e+00 2.600314956284437429e+00 1.360876338509114492e+00
9.698588372484564513e-01 2.722243563348606621e+00 1.887026080775171977e+00 2.570629912568875408e+00 1.371752677018228672e+00
1.019651049499426199e+00 2.719910573717849278e+00 1.903303859644356555e+00 2.535592625630490371e+00 1.377546908592208075e+00
1.065028788597357057e+00 2.721596485577780555e+00 1.924962948605090096e+00 2.500086717942561876e+00 1.374276342556558950e+00
1.107917765370417529e+00 2.707424200870173436e+00 1.939860775393554171e+00 2.465223331760178382e+00 1.392278816971484146e+00
1.145714468877207848e+00 2.701641163688321967e+00 1.927371647118611975e+00 2.493842487912513395e+00 1.358309212598668658e+00
1.184831698190813132e+00 2.654120269965254852e+00 1.929794527194414133e+00 2.499167364275629133e+00 1.327024821534518173e+00
1.224773137119455235e+00 2.636677480896601811e+00 1.955409318750201297e+00 2.484256044694463927e+00 1.301743692100808314e+00
1.256063821516270274e+00 2.644695258716097452e+00 1.988265310233044314e+00 2.465390602285853827e+00 1.279813512301158696e+00
1.274705337010078265e+00 2.609042339896060714e+00 2.015622804792259082e+00 2.433373708342178698e+00 1.260218561190380226e+00
1.275213286640257682e+00 2.537640824105035442e+00 2.028457539268361476e+00 2.397656508308606327e+00 1.254107957888844549e+00
1.273285083317025057e+00 2.471078973837362192e+00 2.036008697104447318e+00 2.353533649980522835e+00 1.251442716392723531e+00
1.269086341539010565e+00 2.410294920664413976e+00 2.043396121834542445e+00 2.306244898383566166e+00 1.246093253839895221e+00
1.258840079397761880e+00 2.373612284101416670e+00 2.060994181550874771e+00 2.263232227314957878e+00 1.274221455037941153e+00
1.251806959074309944e+00 2.350340837621465173e+00 2.087470565208946915e+00 2.228959786976962398e+00 1.306040138231709946e+00
1.252706766933828764e+00 2.284883075203913538e+00 2.088612689825785740e+00 2.195459542021771959e+00 1.321997662677100394e+00
1.243555302179721211e+00 2.265842135876707353e+00 2.092801069664172786e+00 2.203758459510872125e+00 1.374496300507969559e+00
1.237167992320446386e+00 2.260020071174742018e+00 2.089785804148259984e+00 2.227873984031160326e+00 1.425480011801650404e+00
1.244433795554686029e+00 2.250295258440992985e+00 2.098148655726118861e+00 2.248030477123693860e+00 1.474841427352865608e+00
1.261249349822707089e+00 2.233429452210657029e+00 2.128041890603691311e+00 2.235793836759296216e+00 1.510556671201539469e+00
1.278391650885468245e+00 2.202434957602563248e+00 2.139303332863266682e+00 2.224831687993535034e+00 1.557495424710835241e+00
1.300000000000000044e+00 2.169999999999999929e+00 2.154999999999999805e+00 2.209999999999999964e+00 1.600000000000000089e+00
