8.699999999999999956e-01 2.740000000000000213e+00 1.850000000000000089e+00 2.629999999999999893e+00 1.350000000000000089e+00
9.178307333245723232e-01 2.722270320743259919e+00 1.868471083700003144e+00 2.595559187104053311e+00 1.362157976106903590e+00
9.656614666491447618e-01 2.704540641486519625e+00 1.886942167400006420e+00 2.561118374208106285e+00 1.374315952213806868e+00
1.013492199973717200e+00 2.686810962229779332e+00 1.905413251100009475e+00 2.526677561312159703e+00 1.386473928320710369e+00
1.061428622998406457e+00 2.670592296565159618e+00 1.922756990826341106e+00 2.490580858634861450e+00 1.398016125210986615e+00
1.120120960547967393e+00 2.665686375133057062e+00 1.935911746635719854e+00 2.465759370220769853e+00 1.404947870685437472e+00
1.157713731722822770e+00 2.685901678371819035e+00 1.938169077465599521e+00 2.504962438481435960e+00 1.382625419027065483e+00
1.181855456384907965e+00 2.675121352107601602e+00 1.937763735130104914e+00 2.536472396316193034e+00 1.337214780397759206e+00
1.193315875571889118e+00 2.684627149066146856e+00 1.978492980406942214e+00 2.531497432536276904e+00 1.312058624398776185e+00
1.215170332668310316e+00 2.690542281081409026e+00 2.018588757302132386e+00 2.509107626206133368e+00 1.297146346105535031e+00
1.246264266499502726e+00 2.659354464426934683e+00 2.040671304483179682e+00 2.481979146210950837e+00 1.266513876890581036e+00
1.271505335094910150e+00 2.601475511999571388e+00 2.041493860063019916e+00 2.449711900951696109e+00 1.243594477556143607e+00
1.269693563968037786e+00 2.531386471312776720e+00 2.024759423188343010e+00 2.419669149137950281e+00 1.250698463028366625e+00
1.271331971551786566e+00 2.465772551641274291e+00 2.039135855959584465e+00 2.379187038623741923e+00 1.248683160414422177e+00
1.272007461910809489e+00 2.412246433840782522e+00 2.061583095626699613e+00 2.335824051700211790e+00 1.244974228593067611e+00
1.268181352198309852e+00 2.355248704376050384e+00 2.074753603326266571e+00 2.288603774421315684e+00 1.244711659568706219e+00
1.254460691773652270e+00 2.313082603961873041e+00 2.068572490675528730e+00 2.256606250960070614e+00 1.283945010852954205e+00
1.255441588838518641e+00 2.286715991971613793e+00 2.094233027211322096e+00 2.236963392135165041e+00 1.326350338668351059e+00
1.253508216437100531e+00 2.260421997866123078e+00 2.111320040295191269e+00 2.203672275852309514e+00 1.368412023238243513e+00
1.250695229357569493e+00 2.281774370392503304e+00 2.138681242020808781e+00 2.230764247728433070e+00 1.407350853011997804e+00
1.242539074896745754e+00 2.274336093892232125e+00 2.129983824762700984e+00 2.229607798434124266e+00 1.461965589762445727e+00
1.259653084484191332e+00 2.249016750923263697e+00 2.156295188733475587e+00 2.229944032165318557e+00 1.504278870907664878e+00
1.279978794409101894e+00 2.209629158481423605e+00 2.156271858687480503e+00 2.220014430091613367e+00 1.552152191492011557e+00
1.300000000000000044e+00 2.169999999999999929e+00 2.154999999999999805e+00 2.209999999999999964e+00 1.600000000000000089e+00
