8.699999999999999956e-01 2.740000000000000213e+00 1.850000000000000089e+00 2.629999999999999893e+00 1.350000000000000089e+00
8.901213049126296406e-01 2.734108592627480849e+00 1.862667620013815473e+00 2.610532824089390580e+00 1.356620360412055692e+00
9.102426098252591746e-01 2.728217185254961485e+00 1.875335240027630856e+00 2.591065648178781711e+00 1.363240720824111074e+00
9.303639147378888197e-01 2.722325777882442566e+00 1.888002860041446240e+00 2.571598472268172841e+00 1.369861081236166678e+00
9.504852196505184647e-01 2.716434370509923202e+00 1.900670480055261624e+00 2.552131296357563528e+00 1.376481441648222059e+00
9.706065245631481098e-01 2.710542963137403838e+00 1.913338100069077230e+00 2.532664120446954215e+00 1.383101802060277663e+00
9.907395319370653208e-01 2.704637114497442596e+00 1.925965962732655301e+00 2.513187861107420318e+00 1.389767522543550404e+00
1.010977329785933687e+00 2.698595162497239741e+00 1.938208774205287144e+00 2.493631643159914368e+00 1.396865003782752579e+00
1.032197854347977062e+00 2.693319931192759142e+00 1.950063024077057783e+00 2.474729717053734568e+00 1.404302330572287705e+00
1.055980930007433649e+00 2.690136471719219546e+00 1.962712055004883327e+00 2.459490801992767040e+00 1.410884806141239123e+00
1.076967117365626336e+00 2.671483594219913549e+00 1.974507444390915634e+00 2.449429729074583229e+00 1.418860464376155983e+00
1.087969738823430177e+00 2.639663807863588119e+00 1.983084212944272506e+00 2.437377959226108448e+00 1.411933881252545930e+00
1.091904192094308890e+00 2.619566399545145696e+00 1.981523004435288726e+00 2.418372076587911312e+00 1.394199579012666890e+00
1.118593311499971987e+00 2.598956063334875388e+00 1.978705500888574553e+00 2.412440124374210626e+00 1.386039917667378774e+00
1.136023727354571022e+00 2.570868385053505456e+00 1.973582294124226921e+00 2.406264298513144162e+00 1.374746484340195529e+00
1.158931454628806978e+00 2.564857855924769225e+00 1.984803275700122160e+00 2.404929099402312254e+00 1.361320877509645033e+00
1.182936848121295181e+00 2.589061010283741027e+00 1.990112222006360287e+00 2.409771525479456944e+00 1.350109141040499949e+00
1.209879348838482027e+00 2.608565400045327554e+00 1.992004629882132338e+00 2.411496511438481427e+00 1.337843393413456372e+00
1.235958754780814850e+00 2.629163041698059367e+00 1.995922459663246551e+00 2.415215526316433881e+00 1.325911555993241731e+00
1.258956611830942762e+00 2.648323247076183495e+00 2.002398277947822436e+00 2.420267778621426835e+00 1.311397504193806629e+00
1.276147426617735281e+00 2.638554672098878839e+00 2.013740846989120037e+00 2.411998243885089099e+00 1.295874989695851909e+00
1.274989570192738064e+00 2.604109625827176089e+00 2.021714894510384219e+00 2.393272977709921534e+00 1.300729029241824097e+00
1.271266741230448583e+00 2.572177182793585093e+00 2.028461887263581787e+00 2.375717930820361534e+00 1.311651900718628028e+00
1.265212287183720807e+00 2.541504443272016189e+00 2.033437320775167922e+00 2.357527378597745304e+00 1.323572494872391925e+00
1.257018606434665564e+00 2.510592196744002358e+00 2.036666439787568450e+00 2.336618253423187408e+00 1.332100972690612339e+00
1.251086312001546297e+00 2.477408589281890450e+00 2.041136647160394446e+00 2.314814760652172065e+00 1.335114163468706039e+00
1.250279329846809562e+00 2.439224675848176371e+00 2.048152280540741277e+00 2.298389011994460329e+00 1.336200532124554030e+00
1.251017590178752359e+00 2.396237505482617269e+00 2.054010452327155178e+00 2.290596766316429722e+00 1.340085696468120702e+00
1.248517535632069686e+00 2.352512313238625641e+00 2.055796340584742588e+00 2.287307186402263159e+00 1.347583808522051951e+00
1.243549440616451562e+00 2.312377112678167368e+00 2.057754952610148624e+00 2.284269429540970897e+00 1.359600599192545278e+00
1.239991117005079468e+00 2.286604781818328824e+00 2.067030332804661974e+00 2.281877659756843979e+00 1.378305355643847152e+00
1.237080794254606264e+00 2.276831487614426219e+00 2.080130352646329062e+00 2.274406816415937449e+00 1.398681299559858093e+00
1.240651599965160834e+00 2.273179957528550954e+00 2.097998760112183891e+00 2.253478904566284413e+00 1.404360279722808746e+00
1.244212405038501501e+00 2.267530574747166572e+00 2.118033062184041526e+00 2.247451216478870251e+00 1.418381768584291880e+00
1.246605829482660077e+00 2.257799208355846687e+00 2.133348126681757329e+00 2.243121564724268602e+00 1.436977106894130385e+00
1.247183690571269210e+00 2.233853228214350839e+00 2.129070720850839038e+00 2.235291372592747905e+00 1.458071671551612214e+00
1.255209277828050363e+00 2.220923613363140703e+00 2.127861517689162429e+00 2.224403591625566001e+00 1.480572451704261105e+00
1.265925795690761690e+00 2.214828486985959799e+00 2.134987578565315403e+00 2.218515559496385237e+00 1.503730944487827070e+00
1.275579896263803192e+00 2.205024143867087005e+00 2.141314974718495634e+00 2.215834372094775073e+00 1.527383178783846995e+00
1.284067649548439327e+00 2.193413545241468032e+00 2.146240817512067078e+00 2.213687984840951639e+00 1.551441414633530691e+00
1.292033824774219575e+00 2.181706772620733759e+00 2.150620408756033441e+00 2.211843992420475580e+00 1.575720707316765612e+00
1.300000000000000044e+00 2.169999999999999929e+00 2.154999999999999805e+00 2.209999999999999964e+00 1.600000000000000089e+00
