8.699999999999999956e-01 2.740000000000000213e+00 1.850000000000000089e+00 2.629999999999999893e+00 1.350000000000000089e+00
8.887343699551912835e-01 2.736282746121945664e+00 1.860097767661658796e+00 2.612870851443168885e+00 1.355451979806229224e+00
9.074687399103824603e-01 2.732565492243890226e+00 1.870195535323317504e+00 2.595741702886337876e+00 1.360903959612458358e+00
9.262031098655737482e-01 2.728848238365835677e+00 1.880293302984976211e+00 2.578612554329506867e+00 1.366355939418687493e+00
9.449374798207650361e-01 2.725130984487781127e+00 1.890391070646634919e+00 2.561483405772675859e+00 1.371807919224916628e+00
9.636653482035083540e-01 2.721416913312558084e+00 1.900508196921981474e+00 2.544337715164526337e+00 1.377218200224188394e+00
9.823649998330766797e-01 2.717716255904808254e+00 1.910705234833128818e+00 2.527124347671692917e+00 1.382454645190673403e+00
1.000978193130790173e+00 2.714053855463806286e+00 1.921114683469119955e+00 2.509735732464941194e+00 1.387214905827421463e+00
1.019323492055698388e+00 2.710491833721746069e+00 1.932009651093781644e+00 2.491979024729994219e+00 1.390799623909486415e+00
1.036773947875489377e+00 2.707193404560154892e+00 1.943814811589770208e+00 2.473699651190355731e+00 1.391690878744631155e+00
1.051056280016068101e+00 2.704508793324729599e+00 1.956502897643489725e+00 2.455516800112270470e+00 1.386910579408706434e+00
1.066443208368979878e+00 2.683527157659024720e+00 1.963276264347109556e+00 2.440291074227764145e+00 1.391431843165449100e+00
1.068643549405118076e+00 2.663006778580702338e+00 1.963298652816382051e+00 2.433432980332997264e+00 1.407588592528471461e+00
1.067588132830666448e+00 2.633390378211676985e+00 1.965342117293870761e+00 2.422286487695946455e+00 1.418748199218883066e+00
1.067681445682219454e+00 2.599234229101724747e+00 1.971555297130636486e+00 2.408919639192153461e+00 1.421312322701928865e+00
1.074754133024677705e+00 2.581546867265076539e+00 1.984768086956485877e+00 2.400941865585416668e+00 1.410739512437075627e+00
1.090253962142099242e+00 2.595964752186243008e+00 1.991129412114678532e+00 2.400967844038067067e+00 1.396435117420786298e+00
1.105991912168175828e+00 2.612884349743628043e+00 1.987937979649061493e+00 2.395901773330700202e+00 1.382488171746647510e+00
1.115499393587290111e+00 2.598602048189534663e+00 1.983384792906130123e+00 2.388035071925294517e+00 1.370752420622325829e+00
1.124854374774041599e+00 2.563356529629758462e+00 1.989831588580771360e+00 2.382548141970209699e+00 1.374502388081026316e+00
1.133433523943366383e+00 2.530923288560142925e+00 1.997721159696354665e+00 2.374290049799493652e+00 1.380120649432584834e+00
1.142704714219083151e+00 2.497719694905496279e+00 2.003247860462401775e+00 2.362978237714194574e+00 1.384068631576004904e+00
1.153296940630072598e+00 2.463972533290654798e+00 2.005950448444710155e+00 2.350786872920852311e+00 1.386815575430735192e+00
1.165824294661115257e+00 2.430755245531171838e+00 2.006769670676163297e+00 2.338848567437765702e+00 1.389190185201925054e+00
1.181046497875987811e+00 2.399389260199463525e+00 2.007088492352852693e+00 2.327085015643969523e+00 1.391259040721111839e+00
1.199002848708174307e+00 2.371139586919494668e+00 2.008895842994700143e+00 2.314952089494814125e+00 1.392825496262344531e+00
1.216937859779337217e+00 2.345972997641439850e+00 2.014948435445400587e+00 2.302315078409994165e+00 1.394796167626323191e+00
1.229410224303591592e+00 2.323098622219253784e+00 2.026901597710851988e+00 2.290293546617764076e+00 1.398878259325743612e+00
1.234649750622962561e+00 2.303376827701479002e+00 2.042824258396619186e+00 2.280287401761833976e+00 1.404687618364342638e+00
1.236397045723136134e+00 2.287122225670039199e+00 2.060526644543097419e+00 2.271601555378019999e+00 1.410675572210748463e+00
1.237508291872943866e+00 2.272981305603756663e+00 2.078582185359875822e+00 2.262857882910116913e+00 1.417006926191528127e+00
1.239145313899311152e+00 2.258716581612330465e+00 2.094880432694171013e+00 2.253280815659540082e+00 1.425814403733082658e+00
1.242496143440667389e+00 2.244443474020905160e+00 2.106611701286296601e+00 2.243807828668836990e+00 1.439133002278098816e+00
1.247766050317087316e+00 2.233191246483452463e+00 2.113195027672840620e+00 2.236804124205185040e+00 1.456021031322542569e+00
1.254109260745045251e+00 2.225566892509740935e+00 2.117862619395446622e+00 2.232562111138311156e+00 1.474120056499864662e+00
1.260790762111706709e+00 2.219103620542836719e+00 2.123175691631109974e+00 2.229427190972825823e+00 1.492227814197907731e+00
1.267469879316224901e+00 2.211968450068039882e+00 2.128942291380833129e+00 2.226321021276636891e+00 1.510168186667396828e+00
1.274047276444624899e+00 2.204036346056293283e+00 2.134485457919081952e+00 2.223127333846515175e+00 1.528098079190917113e+00
1.280556049390692896e+00 2.195674811648177904e+00 2.139758589143274659e+00 2.219875672078603035e+00 1.546055098126761340e+00
1.287042539600756097e+00 2.187153119046612026e+00 2.144875000008226174e+00 2.216591247123527619e+00 1.564032306701222286e+00
1.293521269800377960e+00 2.178576559523305978e+00 2.149937500004113211e+00 2.213295623561763570e+00 1.582016153350611187e+00
1.300000000000000044e+00 2.169999999999999929e+00 2.154999999999999805e+00 2.209999999999999964e+00 1.600000000000000089e+00
