8.699999999999999956e-01 2.740000000000000213e+00 1.850000000000000089e+00 2.629999999999999893e+00 1.350000000000000089e+00
8.912742678565229726e-01 2.733987076517856440e+00 1.858127764945532334e+00 2.612508574765916247e+00 1.353598575894463751e+00
9.125485357130460606e-01 2.727974153035712668e+00 1.866255529891064580e+00 2.595017149531832157e+00 1.357197151788927636e+00
9.338228035695690377e-01 2.721961229553568451e+00 1.874383294836596825e+00 2.577525724297748511e+00 1.360795727683391299e+00
9.550893507639206526e-01 2.716045792686353710e+00 1.882543058511005674e+00 2.560012000782297292e+00 1.364345324101247980e+00
9.763262717604375140e-01 2.710500588594624727e+00 1.890822891061563427e+00 2.542417941831144113e+00 1.367705701965884257e+00
9.975588975808741266e-01 2.706044038027054732e+00 1.899437878854864925e+00 2.524693596581060628e+00 1.370369843785140596e+00
1.018832664722098436e+00 2.704009704138997439e+00 1.908661330816665780e+00 2.507020039906963316e+00 1.371315020004373331e+00
1.040406207668520988e+00 2.704806973682911675e+00 1.918251125068177076e+00 2.490164378808878975e+00 1.370173885425024274e+00
1.062620759446730068e+00 2.705873500705394896e+00 1.927650918558531323e+00 2.474666622997065524e+00 1.367017326233416874e+00
1.082727500367993922e+00 2.701952290531336232e+00 1.936798785880643470e+00 2.458127970788568373e+00 1.361228816585968282e+00
1.093827330469869352e+00 2.697564150123458404e+00 1.949911341814346555e+00 2.441956529150875799e+00 1.352605705447065487e+00
1.097739823929726022e+00 2.675984837926993265e+00 1.947558700909866047e+00 2.437510104496895647e+00 1.343823255640040459e+00
1.092162049407269908e+00 2.650066503989958466e+00 1.946238489646941350e+00 2.423922953774000799e+00 1.355767130088456396e+00
1.088545639518465613e+00 2.626452872635778757e+00 1.950630952419600828e+00 2.405694457950416698e+00 1.366099199370568673e+00
1.092277238601963685e+00 2.597111381997986079e+00 1.954459195266775362e+00 2.390245483524184422e+00 1.374784033519823145e+00
1.103133519797150131e+00 2.564288337176193089e+00 1.958477857917662490e+00 2.381664810858984627e+00 1.381889123410360964e+00
1.114545075514075334e+00 2.531794565327569746e+00 1.965991752855356767e+00 2.375669112346834311e+00 1.387285666237241921e+00
1.120281724260565603e+00 2.501236503518904364e+00 1.977320150129312060e+00 2.365948218372132317e+00 1.391203076126170446e+00
1.120671621170410193e+00 2.473463697220039670e+00 1.989636285826906548e+00 2.351635840002846756e+00 1.393292313435413599e+00
1.120620352023876887e+00 2.444832188865144307e+00 1.999543838108345239e+00 2.334227452373297318e+00 1.393539460294301868e+00
1.123538161494459287e+00 2.413722860291056094e+00 2.006849586864916546e+00 2.316766370685955589e+00 1.393663007154998468e+00
1.130314608434856538e+00 2.381026351638639849e+00 2.012870236952311043e+00 2.301318763620535002e+00 1.395069032753418092e+00
1.140271224960037300e+00 2.348320251976528716e+00 2.018692816513723898e+00 2.288257874929082725e+00 1.397944626204593810e+00
1.151915792904079971e+00 2.317160156777775093e+00 2.025895666375419069e+00 2.276682576229379862e+00 1.401764981458551107e+00
1.163852523064068167e+00 2.292519347960042086e+00 2.038445759098709953e+00 2.266739066826396254e+00 1.406037127152692801e+00
1.173968992374321729e+00 2.283015240816385738e+00 2.057240438757527823e+00 2.261115826794256378e+00 1.409444424378899052e+00
1.184798567349807819e+00 2.281527265593332743e+00 2.077053353172743755e+00 2.258686550962729189e+00 1.411751681769205513e+00
1.204496579777779797e+00 2.271911927717521706e+00 2.090522723095414648e+00 2.253633720669887985e+00 1.417781069355444901e+00
1.225521785672667896e+00 2.265127270439753371e+00 2.094164213283854714e+00 2.244604785295397420e+00 1.430021786137885220e+00
1.229545407385790767e+00 2.279639792470061987e+00 2.089843340624100154e+00 2.229653923208072985e+00 1.443829072790120405e+00
1.233406322088833162e+00 2.265298449471501829e+00 2.073986993228335241e+00 2.219666558363509790e+00 1.452822754787239878e+00
1.241270523602277187e+00 2.247706812168119406e+00 2.065487091340370451e+00 2.210963158925155270e+00 1.465900580001367359e+00
1.250712235429339403e+00 2.244664472628524976e+00 2.079391873830922943e+00 2.204301344827879205e+00 1.478463147939623745e+00
1.258640383488841996e+00 2.254341998605636554e+00 2.097324538984136399e+00 2.201205993832365149e+00 1.486032362012846164e+00
1.267567274751372874e+00 2.254744241441944297e+00 2.111230706551415981e+00 2.199821286831978195e+00 1.499925738796306751e+00
1.274728842622177671e+00 2.248400086485081051e+00 2.123299942044674093e+00 2.200276628207613605e+00 1.515372004573197762e+00
1.280993740063051778e+00 2.238114167773281871e+00 2.132692269336446511e+00 2.202129209364919404e+00 1.532013651371711083e+00
1.286370885304610745e+00 2.224625513400172228e+00 2.139278596728474646e+00 2.204728592482070315e+00 1.549378417391527485e+00
1.291017954685879987e+00 2.208471152495599554e+00 2.144416597091290733e+00 2.207309632546095024e+00 1.566732864221222599e+00
1.295479509766970461e+00 2.189977957758027394e+00 2.149357645179763132e+00 2.209330030676121215e+00 1.583641817147837916e+00
1.300000000000000044e+00 2.169999999999999929e+00 2.154999999999999805e+00 2.209999999999999964e+00 1.600000000000000089e+00
