8.699999999999999956e-01 2.740000000000000213e+00 1.850000000000000089e+00 2.629999999999999893e+00 1.350000000000000089e+00
8.933109079541580178e-01 2.748843699391786632e+00 1.862115271202630096e+00 2.619883981584393062e+00 1.349993444145780375e+00
9.166218159083160399e-01 2.757687398783573496e+00 1.874230542405260103e+00 2.609767963168786231e+00 1.349986888291560660e+00
9.399327238624740621e-01 2.766531098175359915e+00 1.886345813607889887e+00 2.599651944753179844e+00 1.349980332437340946e+00
9.632436318166320843e-01 2.775374797567146778e+00 1.898461084810519894e+00 2.589535926337573013e+00 1.349973776583121232e+00
9.865545397707901065e-01 2.784218496958933198e+00 1.910576356013149901e+00 2.579419907921966182e+00 1.349967220728901518e+00
1.009801603474423048e+00 2.792964953766065683e+00 1.922646892282400266e+00 2.569034944303666634e+00 1.350027590872304062e+00
1.032757396331166477e+00 2.801146976334820238e+00 1.934490396098696774e+00 2.557456526176434153e+00 1.350400657451601205e+00
1.054823055098256024e+00 2.807144793403163696e+00 1.945563105668954407e+00 2.542873473832068854e+00 1.351635643795065622e+00
1.074486133635365936e+00 2.806228868874168558e+00 1.954445596369301041e+00 2.523340413526120596e+00 1.354542407270248772e+00
1.088959871521537170e+00 2.789843584816593669e+00 1.958930814720291735e+00 2.500519458430111808e+00 1.358975532902745087e+00
1.096416247756827111e+00 2.774058473858329599e+00 1.964414248830630871e+00 2.474802649830350365e+00 1.355323913387885382e+00
1.107940369721333251e+00 2.750478266594539534e+00 1.976355331515438962e+00 2.457828823352056880e+00 1.355946923888604827e+00
1.112952922123258581e+00 2.720319572589576129e+00 1.972863764306789225e+00 2.436777218121144895e+00 1.358893854814866353e+00
1.110977141055491613e+00 2.693503249549341394e+00 1.973024822620604635e+00 2.431337772118236096e+00 1.375105942790033176e+00
1.105208123469868964e+00 2.660403317787215283e+00 1.972606721823510600e+00 2.433909499026227774e+00 1.389307519135589475e+00
1.105704517466675973e+00 2.622093157799517904e+00 1.973961341718404761e+00 2.430897116729280771e+00 1.401615144381680444e+00
1.111889578395067746e+00 2.583620652141815022e+00 1.975914686324411473e+00 2.419587466545651377e+00 1.410679070907447707e+00
1.121447381251023279e+00 2.544258899582597877e+00 1.979052345475861507e+00 2.405128437780496675e+00 1.413621718538598637e+00
1.130211279470997532e+00 2.503727870269708333e+00 1.983814524727404605e+00 2.393179138236925407e+00 1.409876657825497537e+00
1.127484034784223876e+00 2.464625610770511344e+00 1.984742535306903477e+00 2.378115811848754646e+00 1.403158454890507389e+00
1.121043249377956963e+00 2.433572068781714393e+00 1.981247960215814619e+00 2.357275590282873257e+00 1.397845832245767195e+00
1.116697837545384875e+00 2.405354218374294639e+00 1.975450550102594738e+00 2.334524569545440631e+00 1.394988037338007913e+00
1.113179776992810899e+00 2.378090342351689479e+00 1.973361184593750872e+00 2.311531117212744402e+00 1.398955598820512902e+00
1.115399481772244350e+00 2.346630862410015617e+00 1.985025668213647787e+00 2.299636597771415047e+00 1.405157099590278236e+00
1.130617311854177132e+00 2.321850429737657429e+00 2.000470791901011403e+00 2.298912594537095622e+00 1.407968670433511926e+00
1.149845180800029398e+00 2.303702800035520415e+00 2.015578673834177437e+00 2.297023732806143137e+00 1.410202069602504382e+00
1.168275821577966056e+00 2.289967908003341712e+00 2.031287740753602300e+00 2.290920988564479011e+00 1.413617810874569169e+00
1.186429091600699870e+00 2.280777348122717818e+00 2.047398495161117271e+00 2.283716222908853233e+00 1.417619981992784162e+00
1.204625669768314644e+00 2.276301470814281025e+00 2.063509691113823763e+00 2.275819066750172315e+00 1.422218490837036997e+00
1.222379340812378201e+00 2.276684566716953739e+00 2.079555248577948490e+00 2.266180406885696552e+00 1.426584176961240402e+00
1.239380148961278572e+00 2.270559342824824522e+00 2.093065635851341977e+00 2.253136622605957484e+00 1.431758590362701922e+00
1.247245520336102587e+00 2.243464289693234193e+00 2.089929226644746230e+00 2.249886950789063089e+00 1.445882466633698460e+00
1.249893859669223284e+00 2.247999169572425071e+00 2.102401097709739375e+00 2.258178120921519927e+00 1.460706346035852032e+00
1.258796338338874943e+00 2.243032794189085966e+00 2.116750865772541790e+00 2.252014518815840471e+00 1.473783061015813356e+00
1.266249064283201164e+00 2.232057958951912280e+00 2.124432872943342598e+00 2.244597766616753809e+00 1.490618974472545988e+00
1.272176233445832194e+00 2.221416582753512170e+00 2.129791698090143459e+00 2.238478568309986372e+00 1.508671098361444196e+00
1.277740986756665809e+00 2.211133266202809367e+00 2.134833358472115084e+00 2.232782854647989090e+00 1.526936878689155286e+00
1.283305740067499201e+00 2.200849949652107007e+00 2.139875018854086264e+00 2.227087140985991809e+00 1.545202659016866598e+00
1.288870493378333038e+00 2.190566633101404648e+00 2.144916679236057444e+00 2.221391427323994527e+00 1.563468439344577909e+00
1.294435246689166430e+00 2.180283316550702288e+00 2.149958339618028624e+00 2.215695713661997246e+00 1.581734219672289221e+00
1.300000000000000044e+00 2.169999999999999929e+00 2.154999999999999805e+00 2.209999999999999964e+00 1.600000000000000089e+00
