8.699999999999999956e-01 2.740000000000000213e+00 1.850000000000000089e+00 2.629999999999999893e+00 1.350000000000000089e+00
8.911204449128177218e-01 2.742070030290132188e+00 1.860001462359513358e+00 2.612955678001032123e+00 1.349235226232135210e+00
9.122408898256355592e-01 2.744140060580264162e+00 1.870002924719026849e+00 2.595911356002064352e+00 1.348470452464270108e+00
9.333613347384532855e-01 2.746210090870396137e+00 1.880004387078540118e+00 2.578867034003096137e+00 1.347705678696405229e+00
9.544817796512710117e-01 2.748280121160528555e+00 1.890005849438053387e+00 2.561822712004128366e+00 1.346940904928540350e+00
9.756022245640887380e-01 2.750350151450660530e+00 1.900007311797566656e+00 2.544778390005160595e+00 1.346176131160675249e+00
9.967226694769065753e-01 2.752420181740792504e+00 1.910008774157080147e+00 2.527734068006192825e+00 1.345411357392810370e+00
1.017873676972997243e+00 2.754190460621012360e+00 1.919993379977033454e+00 2.510698134954052030e+00 1.344584206347126054e+00
1.039226421708829839e+00 2.752861973426027120e+00 1.929768170584760911e+00 2.493798510489957820e+00 1.343132395327992112e+00
1.059869564777133011e+00 2.742980771399412099e+00 1.938779847916979993e+00 2.477357964137469892e+00 1.340351736926355564e+00
1.076941411461554088e+00 2.724720183833897469e+00 1.947578679605169949e+00 2.460163795025147593e+00 1.338227038719201678e+00
1.085638071921196213e+00 2.702763041238964714e+00 1.958199871812139836e+00 2.442634980145384382e+00 1.342127005136030338e+00
1.090736676449311382e+00 2.676283257633094159e+00 1.968736215124977429e+00 2.431415122441987098e+00 1.350766531841800289e+00
1.097247832120320954e+00 2.649169312907471596e+00 1.975298052735019905e+00 2.425281739060291653e+00 1.363133863956861536e+00
1.102503695870733047e+00 2.621640301826778430e+00 1.975628740044266918e+00 2.417718260455580470e+00 1.376595588183203267e+00
1.105981144414446060e+00 2.590699311088024981e+00 1.970885380734680004e+00 2.406670859412232133e+00 1.386417449905036126e+00
1.108838947525102592e+00 2.556246877412880814e+00 1.965754999530758607e+00 2.393682858197879959e+00 1.391697109226189166e+00
1.111885829773231249e+00 2.518946923243014613e+00 1.964978406108996545e+00 2.381083471932526674e+00 1.393988058412364506e+00
1.113661721873903554e+00 2.480972988360538700e+00 1.967104976475194000e+00 2.370192958091984270e+00 1.397624057280239640e+00
1.114627761206598455e+00 2.444533100314918883e+00 1.967452517772335652e+00 2.357648022135362620e+00 1.402845097491878690e+00
1.120583528418524599e+00 2.410637974739253675e+00 1.967502138649556809e+00 2.341982625878026969e+00 1.401267277357072238e+00
1.131472801819901397e+00 2.375982943565553729e+00 1.968074627722901759e+00 2.330540230815704383e+00 1.397432257008639933e+00
1.144305566317837863e+00 2.343482429221194874e+00 1.970453278893968374e+00 2.319323289361522544e+00 1.401096610417346122e+00
1.157840069357360058e+00 2.320531822040525771e+00 1.977104097379637881e+00 2.308572284189177815e+00 1.411101626798042963e+00
1.171933615218156088e+00 2.305027113446704412e+00 1.987639118469053612e+00 2.300058848989342319e+00 1.422499783019851138e+00
1.186168182484807154e+00 2.293397446089452174e+00 2.000620054499801181e+00 2.293087950332687974e+00 1.433350090852283154e+00
1.198848277122083417e+00 2.287175394800714745e+00 2.016862735203173607e+00 2.286315008721232722e+00 1.442066185338221285e+00
1.207764385714055866e+00 2.285991612707574561e+00 2.036638493533115657e+00 2.283062877270569224e+00 1.447009723655391378e+00
1.215364476130593285e+00 2.282095224989936444e+00 2.051106315586613604e+00 2.270274578786549480e+00 1.455536218009904292e+00
1.225579651345493959e+00 2.263876375049670653e+00 2.059861205664728523e+00 2.251407939000771297e+00 1.462321380450029906e+00
1.233251658115277705e+00 2.259786990675943130e+00 2.078536934396407965e+00 2.239604618212801768e+00 1.462205641395985634e+00
1.238239873081939724e+00 2.263641859377999221e+00 2.098702125840267385e+00 2.229831610094155980e+00 1.459718501256847434e+00
1.241177252216767890e+00 2.267648747086916217e+00 2.117779554064516123e+00 2.215857718202951965e+00 1.457197118682482140e+00
1.251746468113887456e+00 2.259789071309770581e+00 2.134239630578900204e+00 2.214586121515832673e+00 1.464933038393518405e+00
1.259626644819275887e+00 2.230881990786603541e+00 2.128922073389279745e+00 2.220373492523716408e+00 1.475246908276996116e+00
1.259840531446424716e+00 2.216663224544985766e+00 2.129650898189996866e+00 2.217612039920379363e+00 1.493740152097392082e+00
1.259075689667804365e+00 2.209182894815750586e+00 2.130575050651110303e+00 2.213352586062984795e+00 1.513005085934998162e+00
1.260030461211183006e+00 2.205021820763661822e+00 2.130627267202606756e+00 2.209162074505836237e+00 1.532505786813183946e+00
1.265409185942014458e+00 2.200089194533246584e+00 2.131805743189517433e+00 2.206501278082687367e+00 1.551702967659947419e+00
1.275722585576804846e+00 2.190900858873098045e+00 2.136875692715082486e+00 2.206354961628656852e+00 1.569217166039001077e+00
1.287660764744261943e+00 2.179009744604437415e+00 2.145582812112861948e+00 2.207917625512084037e+00 1.584638583901958775e+00
1.300000000000000044e+00 2.169999999999999929e+00 2.154999999999999805e+00 2.209999999999999964e+00 1.600000000000000089e+00
