8.699999999999999956e-01 2.740000000000000213e+00 1.850000000000000089e+00 2.629999999999999893e+00 1.350000000000000089e+00
9.085032548129465813e-01 2.733224300995783285e+00 1.860868457549218258e+00 2.597491060253402040e+00 1.346387939170488268e+00
9.470065096258932780e-01 2.726448601991566800e+00 1.871736915098436427e+00 2.564982120506804186e+00 1.342775878340976448e+00
9.855097644388397526e-01 2.719672902987349872e+00 1.882605372647654596e+00 2.532473180760206333e+00 1.339163817511464627e+00
1.023799875049179686e+00 2.711673798011293268e+00 1.893306745457088214e+00 2.499647524624716066e+00 1.336854074247795676e+00
1.059202409523005928e+00 2.695238396580363460e+00 1.902434583780066246e+00 2.465736656663186199e+00 1.343911521445954493e+00
1.083048320393086295e+00 2.668695186746569803e+00 1.910253583932887578e+00 2.438215283507974895e+00 1.370162587922658215e+00
1.100843395963723603e+00 2.654199196154586105e+00 1.931468396807663579e+00 2.426943780604425172e+00 1.402842987226518012e+00
1.124048271701591162e+00 2.631763455509928740e+00 1.939871245137668287e+00 2.412132794493262899e+00 1.373971054336675879e+00
1.147217130772899774e+00 2.657668181449484024e+00 1.948200978948999129e+00 2.414705841878356463e+00 1.338482162181393376e+00
1.188329769648003076e+00 2.671713490515672085e+00 1.966351845723266711e+00 2.422948818354679457e+00 1.322617368345318845e+00
1.231126967369485792e+00 2.657558802689047539e+00 1.985004779987189494e+00 2.424454777088013824e+00 1.308407100794251265e+00
1.266019225494257938e+00 2.630170708700102722e+00 2.002867632209576421e+00 2.421358226319862528e+00 1.287148124678588745e+00
1.288075238994100591e+00 2.588448600355781615e+00 2.021728642194297709e+00 2.412341860622255751e+00 1.266872834379793478e+00
1.290260548860075573e+00 2.536157347110535198e+00 2.036308224074740103e+00 2.390068714361008873e+00 1.251835070877195921e+00
1.281372332476924614e+00 2.485778324985984611e+00 2.045443283349993369e+00 2.359153751599128324e+00 1.242619232791198902e+00
1.270797776991897887e+00 2.435557101938712332e+00 2.052985802339538868e+00 2.326710885099177784e+00 1.241090566448330934e+00
1.261201038251225315e+00 2.386620186596892346e+00 2.059370819339719549e+00 2.298577515898149404e+00 1.257771663521795924e+00
1.254101874277565809e+00 2.350897404519866729e+00 2.066575159416482510e+00 2.282396789979308505e+00 1.293271751404953429e+00
1.248743735587212411e+00 2.327446267488973763e+00 2.079503094174377065e+00 2.273124563412285415e+00 1.333187354816696590e+00
1.244640005752565282e+00 2.306137039559970514e+00 2.098459448108292769e+00 2.261647260346113963e+00 1.369835177481267818e+00
1.244440529102904147e+00 2.280014501630537538e+00 2.118109171419614523e+00 2.244690564488387441e+00 1.402848207529194591e+00
1.251879840714395620e+00 2.245815675367833553e+00 2.135554490080505019e+00 2.228685364810368608e+00 1.433831364602830005e+00
1.263981883724323740e+00 2.214300112029645717e+00 2.150173923683388555e+00 2.230042080445546304e+00 1.470037147925635113e+00
1.276148133045865940e+00 2.197096040805954331e+00 2.159075725701439019e+00 2.226483599921004419e+00 1.512439331058358816e+00
1.288074066522932881e+00 2.183548020402977130e+00 2.157037862850719634e+00 2.218241799960502192e+00 1.556219665529179563e+00
1.300000000000000044e+00 2.169999999999999929e+00 2.154999999999999805e+00 2.209999999999999964e+00 1.600000000000000089e+00
