8.699999999999999956e-01 2.740000000000000213e+00 1.850000000000000089e+00 2.629999999999999893e+00 1.350000000000000089e+00
9.212126659973952636e-01 2.746419360663328035e+00 1.867187009385364194e+00 2.593343998516302928e+00 1.347643424167391357e+00
9.724253319947906427e-01 2.752838721326655858e+00 1.884374018770728298e+00 2.556687997032606408e+00 1.345286848334782404e+00
1.020793388931484191e+00 2.755332974005881841e+00 1.905031181512226279e+00 2.519615507632877005e+00 1.348870625066578510e+00
1.063310074888350609e+00 2.748420018722034897e+00 1.932464378021451212e+00 2.486586378479991311e+00 1.358039805015825330e+00
1.108090397029732666e+00 2.730991377972463052e+00 1.964704781785362675e+00 2.478909749474632829e+00 1.352287949255792876e+00
1.148283766934084182e+00 2.716050575925565980e+00 1.969681352273739527e+00 2.511935817117767034e+00 1.320062751701155168e+00
1.206860199467411299e+00 2.689120077877245496e+00 1.968316981643437824e+00 2.502075083756373441e+00 1.302132085311959120e+00
1.245206938938868468e+00 2.701058093861891329e+00 2.000249536999609390e+00 2.475826989005398993e+00 1.289570195485863824e+00
1.262571448093428028e+00 2.671071372462133553e+00 2.041797979494948123e+00 2.464202577322586407e+00 1.282373250171300771e+00
1.252799220345871101e+00 2.614566521021338907e+00 2.062211917063857758e+00 2.417886900786820892e+00 1.279813801987444100e+00
1.251535076804110247e+00 2.542249348688254251e+00 2.067597454155668757e+00 2.373284972790159930e+00 1.281119468811839024e+00
1.249092046560808855e+00 2.472869357344826380e+00 2.075097791462301888e+00 2.326732970535400735e+00 1.281016291026621845e+00
1.248953827103964409e+00 2.409995296198473191e+00 2.080645690558539762e+00 2.274442062283001054e+00 1.280520347659905855e+00
1.257733663061449514e+00 2.350996571326422035e+00 2.092628578797402383e+00 2.223580098430894214e+00 1.274067014610504867e+00
1.259187500267299642e+00 2.307852824529165403e+00 2.108766642874517316e+00 2.187726586948116392e+00 1.306554796889792813e+00
1.252889343088911644e+00 2.273870904419170280e+00 2.102308727894727003e+00 2.201384658982903364e+00 1.357185625413029451e+00
1.248928960585911296e+00 2.234977711388268506e+00 2.104798905913808138e+00 2.228920605002426836e+00 1.403596240821533003e+00
1.257005621780953541e+00 2.203005934717443992e+00 2.106805106178391007e+00 2.248555516514402441e+00 1.453579616936636842e+00
1.276572074291907777e+00 2.189498718101486219e+00 2.109465836445433951e+00 2.235721276299983629e+00 1.505816668629809119e+00
1.288787656126644476e+00 2.179840058642563250e+00 2.131247895627391920e+00 2.222039511586091365e+00 1.553374597687355196e+00
1.300000000000000044e+00 2.169999999999999929e+00 2.154999999999999805e+00 2.209999999999999964e+00 1.600000000000000089e+00
