8.699999999999999956e-01 2.740000000000000213e+00 1.850000000000000089e+00 2.629999999999999893e+00 1.350000000000000089e+00
8.972338634415477632e-01 2.748727259588393146e+00 1.863122721044927266e+00 2.610742733996960663e+00 1.351413169952044413e+00
9.244677268830954198e-01 2.757454519176786079e+00 1.876245442089854221e+00 2.591485467993921432e+00 1.352826339904088515e+00
9.517015903246431874e-01 2.766181778765178567e+00 1.889368163134781398e+00 2.572228201990882201e+00 1.354239509856132839e+00
9.789354537661909550e-01 2.774909038353571500e+00 1.902490884179708353e+00 2.552970935987842971e+00 1.355652679808176941e+00
1.006070952097935844e+00 2.783528736728608344e+00 1.915767882001961020e+00 2.533725394210302628e+00 1.357069440384607750e+00
1.032651858396848699e+00 2.791557685715786441e+00 1.929873090664293800e+00 2.514557888388163409e+00 1.358504651028584531e+00
1.056992803555951044e+00 2.794649654057277388e+00 1.945898057447383867e+00 2.494357952931221867e+00 1.359939903236964565e+00
1.076830637145993919e+00 2.782338178919525173e+00 1.961654975717752158e+00 2.471187505470523682e+00 1.359750493755533585e+00
1.084716814771464755e+00 2.756914326737777365e+00 1.961241576638923290e+00 2.448999750182900836e+00 1.346381238429233518e+00
1.076148437450049622e+00 2.734465227746782912e+00 1.953152517467451998e+00 2.439288458126777748e+00 1.335711068044675764e+00
1.104180053153393626e+00 2.720722679316847525e+00 1.967862239379272182e+00 2.443068490043293295e+00 1.336525264518290568e+00
1.131583325336900536e+00 2.725064452763817702e+00 1.983723268096828196e+00 2.446366991899767918e+00 1.324983971872831123e+00
1.162176546906202645e+00 2.726652473759146655e+00 1.994830383191564804e+00 2.448418505243964205e+00 1.313293281333523854e+00
1.192886947072872683e+00 2.711704287156845972e+00 2.004458793232125835e+00 2.447143035803249767e+00 1.301977139455304577e+00
1.225159456699903338e+00 2.699747549345865139e+00 2.015359308461305066e+00 2.447473235274093994e+00 1.296416119635213526e+00
1.256017421509547205e+00 2.708300556480590870e+00 2.029364901053737569e+00 2.455573387970319654e+00 1.296064989429493775e+00
1.274542695083976440e+00 2.715340689299680754e+00 2.044669627273970391e+00 2.459597722853084090e+00 1.288699354461101176e+00
1.278582718212853298e+00 2.672376266796280042e+00 2.043828806995937164e+00 2.437475992513442158e+00 1.282287555722403827e+00
1.276676266464417342e+00 2.624042695308148154e+00 2.036186444005946949e+00 2.420545562266447792e+00 1.283866687828721709e+00
1.272042596695983852e+00 2.576943354407815967e+00 2.028691055794067388e+00 2.405978491334294311e+00 1.292276360133918889e+00
1.266128398016960199e+00 2.535861317386337355e+00 2.024447934813438987e+00 2.386318879945112048e+00 1.304048385973134883e+00
1.259796756981033106e+00 2.500806146277373632e+00 2.022550746351450268e+00 2.361400353532008722e+00 1.315654947977744182e+00
1.253309286330559713e+00 2.468184083475721380e+00 2.021546751104073003e+00 2.333616360409704882e+00 1.325177691436254968e+00
1.245267487185355737e+00 2.434778873125845067e+00 2.021741339629567147e+00 2.303989213302390926e+00 1.324935031096748927e+00
1.237839449955177473e+00 2.397811806880996599e+00 2.032716040134102897e+00 2.285841483431847010e+00 1.314018926983220092e+00
1.237384222784140064e+00 2.353087338043553078e+00 2.046966738501757810e+00 2.285024858743417653e+00 1.324703843799382552e+00
1.238041441497972794e+00 2.312752076593587613e+00 2.049395545866607993e+00 2.283854192434105812e+00 1.344769740938517311e+00
1.240652515909066667e+00 2.296070830613707869e+00 2.047513227285584048e+00 2.281422321346331827e+00 1.372215242060539353e+00
1.246725464091491098e+00 2.292570069548902634e+00 2.052148545735011709e+00 2.272218981376811886e+00 1.399383500320782181e+00
1.250089535592828316e+00 2.279640205555294230e+00 2.073503741668617284e+00 2.257978989276450132e+00 1.414706931043263172e+00
1.249454075615014315e+00 2.261041428120560415e+00 2.096730050310021465e+00 2.243926854595612141e+00 1.425648901053981898e+00
1.247895762066100200e+00 2.248260947303295954e+00 2.121226546590464057e+00 2.229042042207749930e+00 1.435346898184086895e+00
1.246377944943109384e+00 2.235276471814327426e+00 2.144442749685385508e+00 2.214149076140672356e+00 1.447630139715289976e+00
1.246305614331928879e+00 2.217645355228123449e+00 2.154380367556513853e+00 2.209216865225545057e+00 1.471941788511769822e+00
1.249909968460325427e+00 2.203065664006864655e+00 2.145696424861473162e+00 2.214525611015685236e+00 1.498138890407522794e+00
1.257467999879179121e+00 2.185100494321185582e+00 2.137271609398247563e+00 2.215399373419131734e+00 1.523432169350361853e+00
1.267716801673442806e+00 2.171339952129916373e+00 2.141116174182930987e+00 2.214011357206041364e+00 1.550068635186976351e+00
1.281097702923084780e+00 2.166829105119042254e+00 2.150101120292661427e+00 2.211255952953924631e+00 1.575468042120819590e+00
1.300000000000000044e+00 2.169999999999999929e+00 2.154999999999999805e+00 2.209999999999999964e+00 1.600000000000000089e+00
