8.699999999999999956e-01 2.740000000000000213e+00 1.850000000000000089e+00 2.629999999999999893e+00 1.350000000000000089e+00
9.102086409231019415e-01 2.742026658787671600e+00 1.863589655663081102e+00 2.599629197117444335e+00 1.346159197020764475e+00
9.504172818462038874e-01 2.744053317575342543e+00 1.877179311326161892e+00 2.569258394234888332e+00 1.342318394041528862e+00
9.906259227693058333e-01 2.746079976363013486e+00 1.890768966989242905e+00 2.538887591352332773e+00 1.338477591062293026e+00
1.031001416421967631e+00 2.747013523782078970e+00 1.904189505729027454e+00 2.508543767710636807e+00 1.334755622977026768e+00
1.071845058225208147e+00 2.739624891609899748e+00 1.918362470817366772e+00 2.479796397264298236e+00 1.334342041498351117e+00
1.106254745420813368e+00 2.710181819895737920e+00 1.923639217153789716e+00 2.453847897803392186e+00 1.353258485012047707e+00
1.119819365264044242e+00 2.656879719270896612e+00 1.928601489545575198e+00 2.434880277429423590e+00 1.378766554483343620e+00
1.138207592294142367e+00 2.681420404586307704e+00 1.950255011255378035e+00 2.435020140676960487e+00 1.360097001669036132e+00
1.162048629686862178e+00 2.703830703680336622e+00 1.963298430849229614e+00 2.447016668878747137e+00 1.326262183739658651e+00
1.205701261916068523e+00 2.706161631914500543e+00 1.978778296461565001e+00 2.448154719448232708e+00 1.306526496131012349e+00
1.249943318512531487e+00 2.688085080425644424e+00 1.994877298441439795e+00 2.441829193414525534e+00 1.295339405563195045e+00
1.278347423527666393e+00 2.640125729390069065e+00 2.007752048928042488e+00 2.429430317243698401e+00 1.280761918790217280e+00
1.290827367209413490e+00 2.574335006973931694e+00 1.999779867839174941e+00 2.416477533777280140e+00 1.275137841610484379e+00
1.284477041454706647e+00 2.525971420079256902e+00 2.015759376101970979e+00 2.385741062376142807e+00 1.261336172889293783e+00
1.274748246714489719e+00 2.485562282636169407e+00 2.034043362275120170e+00 2.353901557504014974e+00 1.245921996534181897e+00
1.266982039671535887e+00 2.428445007850940751e+00 2.044068809759200356e+00 2.324849912413212039e+00 1.237099595710742461e+00
1.266970347667295327e+00 2.371130469827293474e+00 2.056879055510565379e+00 2.305204758349986616e+00 1.256349860355993941e+00
1.272985447293297323e+00 2.346992302476648362e+00 2.082290222652077638e+00 2.294784083565684529e+00 1.286917397536736729e+00
1.267141312257740404e+00 2.323147142963792433e+00 2.099175874396229435e+00 2.270719687988002722e+00 1.320724971726401797e+00
1.253919224526638843e+00 2.297576230351926263e+00 2.104310897570214944e+00 2.246129670458234084e+00 1.357911258183157166e+00
1.241178259848178644e+00 2.264151598716634073e+00 2.120155207205805414e+00 2.235709929912609084e+00 1.392110905218345795e+00
1.240761363903960746e+00 2.247247105420328239e+00 2.110779909286612188e+00 2.220055026882298499e+00 1.433801839641240194e+00
1.252243452043812155e+00 2.237829940367454640e+00 2.126213212115433127e+00 2.217652614894472851e+00 1.476158173159117348e+00
1.265955790869037312e+00 2.221590160301591954e+00 2.140600475519030876e+00 2.219969253872108528e+00 1.517730720450853443e+00
1.281559674456336895e+00 2.197602458828787242e+00 2.149602582898564318e+00 2.219630483722945691e+00 1.559717800217771622e+00
1.300000000000000044e+00 2.169999999999999929e+00 2.154999999999999805e+00 2.209999999999999964e+00 1.600000000000000089e+00
