8.699999999999999956e-01 2.740000000000000213e+00 1.850000000000000089e+00 2.629999999999999893e+00 1.350000000000000089e+00
8.965809161820131878e-01 2.759657904860763900e+00 1.860370156629622462e+00 2.606848973501120881e+00 1.353002902490003878e+00
9.231618323640264911e-01 2.779315809721527586e+00 1.870740313259244614e+00 2.583697947002241868e+00 1.356005804980007667e+00
9.497427485460396834e-01 2.798973714582291272e+00 1.881110469888866987e+00 2.560546920503362855e+00 1.359008707470011457e+00
9.763236647280529867e-01 2.818631619443054959e+00 1.891480626518489361e+00 2.537395894004483843e+00 1.362011609960015246e+00
1.003396285317347258e+00 2.834179294378961433e+00 1.900355194146763571e+00 2.512598164416005364e+00 1.364837757593610812e+00
1.029397913338831128e+00 2.831562315486194414e+00 1.903669679478645405e+00 2.483255393613730710e+00 1.366384271281009921e+00
1.053895503140827694e+00 2.815639605149577118e+00 1.914655706014924297e+00 2.457808089727920198e+00 1.365814964374106211e+00
1.074907724473599169e+00 2.787735811043082990e+00 1.934183113167044166e+00 2.448663647531001075e+00 1.362032415545170627e+00
1.082635011547084414e+00 2.733987793134232014e+00 1.945798000551361540e+00 2.442617933857118562e+00 1.354576248732135113e+00
1.089069131113479916e+00 2.676982644631620722e+00 1.952284340057014234e+00 2.427881396559936622e+00 1.357367327504942267e+00
1.105159039772987128e+00 2.634814764543068399e+00 1.967598446434805970e+00 2.415525136308971810e+00 1.362681715504481916e+00
1.120560440478828523e+00 2.595209657968754247e+00 1.985657735824414738e+00 2.405210096682131482e+00 1.369195235256631005e+00
1.126254200575151909e+00 2.549444370969440765e+00 1.998541682931886942e+00 2.388123416763147322e+00 1.378376469302027507e+00
1.132206386157739608e+00 2.498506050357215180e+00 2.000863086372162591e+00 2.367683450772703146e+00 1.387004487164068989e+00
1.138291059126057769e+00 2.448557588358976744e+00 1.993657675981336030e+00 2.345833675989251521e+00 1.390766476073742375e+00
1.140690414410830300e+00 2.408835180557817868e+00 1.979768048329226149e+00 2.323663478990185549e+00 1.383602359413629745e+00
1.157620039299901427e+00 2.408227537869066737e+00 1.978344157420711902e+00 2.315973478250255013e+00 1.360931200946320363e+00
1.186880977221194566e+00 2.410287036874757760e+00 1.988121684884859519e+00 2.311865577450591402e+00 1.343370602879597753e+00
1.217397770166691817e+00 2.417613013195579086e+00 2.000388967799736850e+00 2.305548138803917624e+00 1.329426767080622573e+00
1.239836939589062270e+00 2.454358781162355729e+00 2.011431887515777728e+00 2.309215683528783369e+00 1.315967335368718016e+00
1.255413853584810502e+00 2.490156439574616076e+00 2.026788119706556479e+00 2.327456876528500640e+00 1.309350802675724568e+00
1.267502120884770100e+00 2.513037360861602121e+00 2.028330199573049608e+00 2.359956703225797536e+00 1.301803950376550389e+00
1.273411134624925056e+00 2.536114662948619092e+00 2.019272951361725355e+00 2.393029006561181227e+00 1.295537869291642386e+00
1.252445789720255886e+00 2.558650581149650716e+00 2.019390497760220615e+00 2.417077444437119471e+00 1.293722224729965120e+00
1.238457133300086888e+00 2.526013266317692185e+00 2.010183190278874932e+00 2.389439452892873295e+00 1.299265129125026341e+00
1.239779871433842384e+00 2.491279132856202949e+00 1.998047603900239499e+00 2.361749124478156325e+00 1.306394496110028225e+00
1.244147375445844528e+00 2.450483912338946357e+00 1.991112684049812342e+00 2.334335461048742122e+00 1.311948377142086120e+00
1.249583876808852079e+00 2.411603478401116440e+00 2.003060623606143231e+00 2.311202714498828303e+00 1.320609662428698261e+00
1.248329835730126458e+00 2.384347447965278644e+00 2.016892304268172342e+00 2.299290731531057563e+00 1.341402048661154423e+00
1.242625339443192090e+00 2.351061911914275271e+00 2.019900595791286335e+00 2.292639055399273040e+00 1.366187658060229682e+00
1.235911350589560476e+00 2.319236075457296931e+00 2.024404004649694500e+00 2.286739322273748876e+00 1.390913424137957044e+00
1.233590154832956198e+00 2.290602083813544354e+00 2.033103054650777786e+00 2.272097692523750379e+00 1.412046407981532026e+00
1.238782019870248607e+00 2.271090110001622975e+00 2.057380807839964021e+00 2.267089141738649616e+00 1.425178050560731657e+00
1.240839560791116902e+00 2.255691527639600125e+00 2.084157797869611972e+00 2.267527159791592695e+00 1.435224318829001922e+00
1.241419238964672100e+00 2.242434046620057408e+00 2.110676563124998850e+00 2.261327428757896829e+00 1.444967346860180690e+00
1.243969970303722361e+00 2.224667284000796386e+00 2.129366637435644360e+00 2.252565848511663305e+00 1.464827724829995903e+00
1.252247087883419319e+00 2.208575348302093122e+00 2.135993224197767937e+00 2.246209461903125426e+00 1.491948928242058159e+00
1.264157861941222372e+00 2.199090910582135461e+00 2.141145406325135170e+00 2.237230745542291732e+00 1.518919786777954695e+00
1.276069872835298380e+00 2.189549895639459454e+00 2.145996824460998376e+00 2.228085640642330389e+00 1.545911635188150335e+00
1.288034936417649323e+00 2.179774947819729469e+00 2.150498412230499312e+00 2.219042820321165177e+00 1.572955817594075434e+00
1.300000000000000044e+00 2.169999999999999929e+00 2.154999999999999805e+00 2.209999999999999964e+00 1.600000000000000089e+00
