8.699999999999999956e-01 2.740000000000000213e+00 1.850000000000000089e+00 2.629999999999999893e+00 1.350000000000000089e+00
9.012125092261760173e-01 2.739915123205131309e+00 1.861789341296954836e+00 2.606370617130499667e+00 1.351770566874362922e+00
9.324250184523521501e-01 2.739830246410262404e+00 1.873578682593909805e+00 2.582741234260999885e+00 1.353541133748725755e+00
9.636375276785281718e-01 2.739745369615393056e+00 1.885368023890864553e+00 2.559111851391499659e+00 1.355311700623088589e+00
9.948722861227377035e-01 2.739719241788466153e+00 1.897113898956872990e+00 2.535459174876889321e+00 1.357019189727052044e+00
1.026199582758178463e+00 2.739984057341078305e+00 1.908674981828392792e+00 2.511709402720350148e+00 1.358437151028508039e+00
1.057592306327321152e+00 2.741357959423702972e+00 1.920024210502103923e+00 2.487807437933303056e+00 1.359317465232985800e+00
1.087002963097632335e+00 2.745120242707598024e+00 1.932560829904086175e+00 2.463787596382620571e+00 1.364802494119145004e+00
1.118755560807060956e+00 2.738779983223942338e+00 1.947465131761057178e+00 2.446363636438012357e+00 1.365708479237076833e+00
1.154469396989780572e+00 2.731463769133272379e+00 1.956152311019782264e+00 2.446987844622753094e+00 1.352947646192796727e+00
1.194390867313042337e+00 2.723913957177243717e+00 1.962709726210286387e+00 2.440898937746059261e+00 1.354832563483358676e+00
1.229197166623859694e+00 2.704598573397097194e+00 1.963673455590307260e+00 2.422139714934439692e+00 1.350084932522612746e+00
1.247965125604010739e+00 2.668884745667058578e+00 1.963770966358148851e+00 2.406828086195730076e+00 1.331148176818981010e+00
1.263637687654585173e+00 2.631185149499482900e+00 1.972246531869486841e+00 2.403924419265011991e+00 1.310578428085674929e+00
1.273757940818177170e+00 2.582066003462661463e+00 1.981883042707601739e+00 2.397621622888619797e+00 1.297100516383344893e+00
1.273710317212879417e+00 2.530216530957384080e+00 1.989615964088388145e+00 2.379926954570316777e+00 1.289841312445245913e+00
1.267788223057795260e+00 2.484764652459806378e+00 1.994734308581055160e+00 2.353427296733002549e+00 1.283981848491810629e+00
1.261975330523571248e+00 2.445264647429825189e+00 1.997508967217400677e+00 2.321693799194124441e+00 1.278181809882453557e+00
1.261784500453591695e+00 2.409717563243449767e+00 2.003251579485645806e+00 2.287115622855304231e+00 1.276493730056285081e+00
1.267339399485485352e+00 2.381358783249754918e+00 2.019195510040195707e+00 2.261103352829172852e+00 1.287697061797575149e+00
1.267945755877657010e+00 2.360310261745306004e+00 2.037236648021504948e+00 2.252688890444233039e+00 1.310084167610441108e+00
1.263827688740824629e+00 2.341515552495997632e+00 2.049735455491491720e+00 2.251282523309724226e+00 1.337768681633448864e+00
1.262217613625605139e+00 2.323740287171833341e+00 2.057986245577162254e+00 2.246707348883072886e+00 1.367507118623306983e+00
1.260188391805491026e+00 2.301541215973781362e+00 2.066573535370240577e+00 2.233852596983776362e+00 1.394775139443605871e+00
1.256110632609164890e+00 2.279479359037586583e+00 2.080737805343642943e+00 2.212868821630689986e+00 1.415367063839933603e+00
1.250682226563009092e+00 2.264036670581115462e+00 2.107523901789515541e+00 2.204463570570224906e+00 1.416613128435152857e+00
1.249221826403479341e+00 2.210877885537245735e+00 2.117515478164921916e+00 2.200661790830365838e+00 1.420338683245310873e+00
1.259864324499489374e+00 2.211254834885634235e+00 2.131501288061129706e+00 2.200730234810757580e+00 1.444020730645444672e+00
1.267508619596574571e+00 2.195902443930156878e+00 2.133179792779879236e+00 2.201737591581968356e+00 1.475090325269551750e+00
1.276243091539906116e+00 2.184447357203848306e+00 2.135492204588106180e+00 2.203652853995120342e+00 1.506384780438287718e+00
1.284659773660077997e+00 2.178111834459510288e+00 2.141090084928880977e+00 2.205746564081738192e+00 1.537658055343134045e+00
1.292329886830039021e+00 2.174055917229754886e+00 2.148045042464440169e+00 2.207873282040869078e+00 1.568829027671567067e+00
1.300000000000000044e+00 2.169999999999999929e+00 2.154999999999999805e+00 2.209999999999999964e+00 1.600000000000000089e+00
