8.699999999999999956e-01 2.740000000000000213e+00 1.850000000000000089e+00 2.629999999999999893e+00 1.350000000000000089e+00
9.144360404328174541e-01 2.752270261990083622e+00 1.864470938783513887e+00 2.602506603704154653e+00 1.345652427567775478e+00
9.588720808656349126e-01 2.764540523980166586e+00 1.878941877567027685e+00 2.575013207408309412e+00 1.341304855135550866e+00
1.003308121298452482e+00 2.776810785970249995e+00 1.893412816350541483e+00 2.547519811112464616e+00 1.336957282703326033e+00
1.046952240171945991e+00 2.789937905415117658e+00 1.908636332111139478e+00 2.519617173752498829e+00 1.333102335299285013e+00
1.083397336475156791e+00 2.809245890123779787e+00 1.929187724689703565e+00 2.489313547291414075e+00 1.333165866442621583e+00
1.117946476896839458e+00 2.820301790378650253e+00 1.951478794177823550e+00 2.459954908330625578e+00 1.344104962950785076e+00
1.146111255158360542e+00 2.762765914877875595e+00 1.965098255593485721e+00 2.454536144199903624e+00 1.362448248039937582e+00
1.149996711026778584e+00 2.695165074004397088e+00 1.974552556344994159e+00 2.439891297426379779e+00 1.388420461353857993e+00
1.179939943424443527e+00 2.640773359992824254e+00 1.993330379225851434e+00 2.424952966976960944e+00 1.377365649548196513e+00
1.216660687038639388e+00 2.621297900951856441e+00 2.007133233080649504e+00 2.423152513760206350e+00 1.345075460513692978e+00
1.252075966712953070e+00 2.608216462087929788e+00 2.022815172474121237e+00 2.423422003930455926e+00 1.311848557921762914e+00
1.282667543560466639e+00 2.601370720250397728e+00 2.044570410590615062e+00 2.428686737157003339e+00 1.279400002734555564e+00
1.297922416763032771e+00 2.569423762768926700e+00 2.067997790551109549e+00 2.422323173493211357e+00 1.248153620938803332e+00
1.292213140098274815e+00 2.512695330931981719e+00 2.071087035410596133e+00 2.384329919942870912e+00 1.235147883179717354e+00
1.280439658259565627e+00 2.459674284316654802e+00 2.073312383535623304e+00 2.343360477405905584e+00 1.229957482794858281e+00
1.266185982779423735e+00 2.411603834754111109e+00 2.084671210137418296e+00 2.303587016893235528e+00 1.235068993560557660e+00
1.258148093335012208e+00 2.375786619229463881e+00 2.105092810672862136e+00 2.275302599724095209e+00 1.261908033915548621e+00
1.256867989537295394e+00 2.348345579726764054e+00 2.121947998264278823e+00 2.264021324094859455e+00 1.302868392445507117e+00
1.252814172234597789e+00 2.328015327600516660e+00 2.135177890932652200e+00 2.254624411863812572e+00 1.346946212393639319e+00
1.249012425753390776e+00 2.320945970905088807e+00 2.157515627341716424e+00 2.242421676687035959e+00 1.386334116328248767e+00
1.263369613329192287e+00 2.283755185308840918e+00 2.156009428663027361e+00 2.224776142951245816e+00 1.425450579536292839e+00
1.274744898631124057e+00 2.254941276555709972e+00 2.138045670065991111e+00 2.220074170448376627e+00 1.465066328607349977e+00
1.281508218707788638e+00 2.227452048006680396e+00 2.140558040700694775e+00 2.212573308417184137e+00 1.510509967038467849e+00
1.290754109353894341e+00 2.198726024003340385e+00 2.147779020350347068e+00 2.211286654208592051e+00 1.555254983519233969e+00
1.300000000000000044e+00 2.169999999999999929e+00 2.154999999999999805e+00 2.209999999999999964e+00 1.600000000000000089e+00
