8.699999999999999956e-01 2.740000000000000213e+00 1.850000000000000089e+00 2.629999999999999893e+00 1.350000000000000089e+00
8.921164067972127132e-01 2.738331920164608135e+00 1.861809914920103726e+00 2.611095904710489357e+00 1.351318754839445857e+00
9.142328135944255418e-01 2.736663840329216058e+00 1.873619829840207585e+00 2.592191809420978821e+00 1.352637509678891403e+00
9.363492203916382595e-01 2.734995760493824424e+00 1.885429744760311221e+00 2.573287714131467840e+00 1.353956264518337171e+00
9.584659233340401263e-01 2.733333387854246510e+00 1.897239989907201663e+00 2.554383593111703377e+00 1.355271928631545331e+00
9.805838853205005590e-01 2.731695462488348713e+00 1.909051644504441203e+00 2.535479369982753362e+00 1.356574353169806457e+00
1.002705902583740372e+00 2.730138421591248310e+00 1.920867903155085266e+00 2.516574902976001837e+00 1.357832972151102435e+00
1.024841321196424460e+00 2.728239094026323031e+00 1.932668659284731749e+00 2.497669076879270200e+00 1.359005601997701929e+00
1.047028759662891773e+00 2.724225532985841358e+00 1.944439238419298333e+00 2.478955279519778454e+00 1.360092028276394860e+00
1.069106371751058271e+00 2.715880580976320680e+00 1.956657781558373665e+00 2.461525807651988806e+00 1.361225574924281201e+00
1.089001243156762611e+00 2.717718562128903059e+00 1.972894716875383425e+00 2.448355313454335214e+00 1.360539326244708525e+00
1.095255349875739137e+00 2.708445747862336717e+00 1.991861012905579820e+00 2.442043916223142208e+00 1.353590369717280639e+00
1.084430360509021085e+00 2.668417784270955995e+00 1.985611469018581987e+00 2.433499743845467300e+00 1.354278349443185814e+00
1.084100997126379529e+00 2.640228792798222646e+00 1.974541702108770114e+00 2.432993745488700288e+00 1.368037363324262623e+00
1.090998724691523591e+00 2.618657090200693816e+00 1.967374927507111071e+00 2.436381190167927091e+00 1.383688937528863239e+00
1.101218668239938303e+00 2.580963541781922110e+00 1.961317842164093994e+00 2.421356997524939825e+00 1.383033408463459901e+00
1.105334312071592828e+00 2.549065956717865511e+00 1.949823075596454514e+00 2.404386318472750972e+00 1.386900584085674959e+00
1.101073654696070880e+00 2.522376111784671693e+00 1.935809545881709060e+00 2.392885970563197517e+00 1.396329178545123728e+00
1.094333185205517589e+00 2.492495659851182488e+00 1.928794201778959883e+00 2.384983457371808502e+00 1.408234932964101738e+00
1.108283252182481249e+00 2.467062379045777742e+00 1.942699680490033165e+00 2.370637537400778871e+00 1.407195543383524150e+00
1.120365733120526786e+00 2.446909214274594735e+00 1.955038576102114289e+00 2.356071389324184473e+00 1.397118995464105673e+00
1.124451016248839696e+00 2.415490838686838782e+00 1.969156142966975054e+00 2.350606054544823742e+00 1.388743180695022339e+00
1.131171379605850236e+00 2.384864591010052326e+00 1.986085452405162322e+00 2.347213506226590418e+00 1.391374546464314799e+00
1.145874742218456532e+00 2.359603903632721433e+00 1.995022361505987218e+00 2.336231015692830315e+00 1.402567669420194729e+00
1.163491880982056248e+00 2.336825742028674657e+00 1.996608967700747250e+00 2.320530388082784334e+00 1.413695632583055417e+00
1.182131610716084413e+00 2.314696496180825402e+00 1.996934918823043414e+00 2.302837664415619656e+00 1.423206167333387784e+00
1.200790472868215719e+00 2.293070323086349838e+00 1.999814890309528970e+00 2.283588506052874667e+00 1.431276517698204520e+00
1.216023989654570370e+00 2.276035199351170935e+00 2.010952619580950174e+00 2.264199872545336056e+00 1.438255195741026338e+00
1.225044611828314922e+00 2.265742477841468983e+00 2.027615363742551580e+00 2.246414647478413240e+00 1.445160408094246174e+00
1.224494075355908373e+00 2.254571052612129201e+00 2.047243226610648392e+00 2.230434361735767812e+00 1.446149550807413142e+00
1.222526607938561494e+00 2.270526279399754266e+00 2.068217869563317102e+00 2.239492995998045188e+00 1.445100291752038801e+00
1.229139432396068710e+00 2.277751213231380412e+00 2.089774047744507257e+00 2.236304044912460487e+00 1.451762445874711149e+00
1.236683876878483801e+00 2.275038633596106585e+00 2.108827779486433407e+00 2.228299292541981558e+00 1.461958273309416079e+00
1.243146490920905345e+00 2.259418632337919508e+00 2.118728677241267011e+00 2.216771359935321151e+00 1.477435220522019144e+00
1.246108009955283480e+00 2.241007674104935621e+00 2.114029589970700229e+00 2.207340607576159464e+00 1.495369649359984843e+00
1.246341434068446441e+00 2.229912535422711173e+00 2.102042985848226131e+00 2.202644822053940299e+00 1.512798667312782674e+00
1.246087207857581758e+00 2.221308438101514682e+00 2.092395151752806992e+00 2.200045982647166554e+00 1.531647560955717191e+00
1.248815368040968821e+00 2.209455971008429831e+00 2.092623076015056593e+00 2.198428451242929960e+00 1.551979180956463367e+00
1.257269982395169183e+00 2.197884278438122951e+00 2.103118901569525523e+00 2.199617894703576937e+00 1.569436564253354760e+00
1.270012621655181917e+00 2.188019977841854757e+00 2.119068721166824432e+00 2.202733132259304227e+00 1.582034256267442984e+00
1.284830180572759772e+00 2.178921359073437092e+00 2.136888712479971364e+00 2.206353828855688093e+00 1.591354859169680669e+00
1.300000000000000044e+00 2.169999999999999929e+00 2.154999999999999805e+00 2.209999999999999964e+00 1.600000000000000089e+00
