8.699999999999999956e-01 2.740000000000000213e+00 1.850000000000000089e+00 2.629999999999999893e+00 1.350000000000000089e+00
8.927519204473248760e-01 2.749132703809766376e+00 1.861776551329142437e+00 2.611131167245398288e+00 1.349700990423842173e+00
9.155038408946497563e-01 2.758265407619532983e+00 1.873553102658284786e+00 2.592262334490796238e+00 1.349401980847684035e+00
9.382557613419746367e-01 2.767398111429299590e+00 1.885329653987427356e+00 2.573393501736194189e+00 1.349102971271526119e+00
9.610076817892995171e-01 2.776530815239065753e+00 1.897106205316569705e+00 2.554524668981592583e+00 1.348803961695368203e+00
9.837772307844879771e-01 2.785497703527225255e+00 1.908799988788648427e+00 2.535557412161313806e+00 1.348416784410253921e+00
1.006565309060876157e+00 2.793577180839555751e+00 1.920006442088867171e+00 2.515979106513526631e+00 1.347528803490232630e+00
1.029556823222327333e+00 2.796959173737692872e+00 1.929375384945113181e+00 2.494776799920063404e+00 1.344952575579604348e+00
1.051524737603686255e+00 2.792921742018438458e+00 1.938926571193483550e+00 2.473001101574483940e+00 1.341384265671577758e+00
1.074192255861995404e+00 2.779589331033387900e+00 1.950565876918746611e+00 2.455154815584202677e+00 1.340144550824437175e+00
1.100415344880505408e+00 2.758655926693719618e+00 1.960653621221599030e+00 2.444685675960990956e+00 1.341578082114517123e+00
1.129748068780684456e+00 2.736441095912099275e+00 1.967561065508357077e+00 2.439360386735911046e+00 1.342938060965891633e+00
1.160238281718628750e+00 2.716653773966306584e+00 1.974331821271406717e+00 2.435893316032267997e+00 1.343013508674161027e+00
1.190071293573219613e+00 2.699049666466324382e+00 1.983173422632860339e+00 2.432416390065001099e+00 1.340818197723462113e+00
1.216692425315069492e+00 2.682045529238942017e+00 1.994208557724537423e+00 2.427130841309295128e+00 1.333835171824690580e+00
1.236469674711976774e+00 2.664824725707026776e+00 2.007402245353969050e+00 2.419337139443081153e+00 1.321901144828178998e+00
1.249736270306235131e+00 2.646057120286249287e+00 2.023757257633639561e+00 2.410050751422739168e+00 1.309999873958882510e+00
1.260003698390311344e+00 2.622809017879554894e+00 2.042307235500375295e+00 2.399022309317168755e+00 1.303618606922414269e+00
1.268201608895076937e+00 2.589858642968610791e+00 2.056566446418141680e+00 2.382844410192321849e+00 1.303558474793674149e+00
1.270598081756268538e+00 2.548686975334508276e+00 2.058722676118574402e+00 2.362563229735093362e+00 1.306603124747507394e+00
1.265899769088077775e+00 2.505431279681228141e+00 2.057763638413157903e+00 2.343534742946733473e+00 1.310965843785441010e+00
1.257395930965989450e+00 2.463605901940541187e+00 2.064388058585246544e+00 2.328169030644165360e+00 1.317119763643796126e+00
1.250789172401844729e+00 2.423875401667803242e+00 2.073558489878601918e+00 2.314758601682129768e+00 1.326534197218384614e+00
1.246859501999961539e+00 2.383225276348897914e+00 2.075444757349472535e+00 2.300430958454408703e+00 1.338618069664529786e+00
1.249398759964054362e+00 2.357863257130853540e+00 2.080205586602124068e+00 2.294865136414135698e+00 1.358994268748310974e+00
1.246790341858902584e+00 2.332321674357231700e+00 2.080673747183424904e+00 2.286526847567460941e+00 1.380073841790250722e+00
1.242741055813080475e+00 2.302114835633976675e+00 2.082677262667987694e+00 2.273920993850215400e+00 1.398280968635850385e+00
1.239918005844444782e+00 2.273527220877852972e+00 2.090147945402319962e+00 2.260342046000131777e+00 1.415333660940271132e+00
1.240004980725002426e+00 2.248011999351674284e+00 2.102221930862866461e+00 2.248462718439917740e+00 1.431641969123490066e+00
1.242947883117621943e+00 2.225583219382794464e+00 2.117037597415794004e+00 2.239387043566993807e+00 1.447540062901417235e+00
1.247830293389115663e+00 2.207533619608829323e+00 2.132916009363450272e+00 2.232658278357055437e+00 1.463960427042482193e+00
1.254583191985314095e+00 2.195525969664175125e+00 2.147283857791935979e+00 2.227148320693972838e+00 1.482602388989628928e+00
1.263584963298064912e+00 2.188922593960651142e+00 2.156270762146564213e+00 2.222303732270002108e+00 1.504476542798891314e+00
1.273338803250643192e+00 2.184384474753906513e+00 2.158593201105279302e+00 2.218432403908835227e+00 1.528098931664428894e+00
1.282284644699875908e+00 2.179581322333507210e+00 2.157756491665927978e+00 2.215440890938850327e+00 1.552058487982004964e+00
1.291142322349937865e+00 2.174790661166753569e+00 2.156378245832963891e+00 2.212720445469425368e+00 1.576029243991002415e+00
1.300000000000000044e+00 2.169999999999999929e+00 2.154999999999999805e+00 2.209999999999999964e+00 1.600000000000000089e+00
