8.699999999999999956e-01 2.740000000000000213e+00 1.850000000000000089e+00 2.629999999999999893e+00 1.350000000000000089e+00
8.939930996474754199e-01 2.740785293619175444e+00 1.860144301694280689e+00 2.606796944267816940e+00 1.353888393944687074e+00
9.179861992949507332e-01 2.741570587238350676e+00 1.870288603388561066e+00 2.583593888535633987e+00 1.357776787889374281e+00
9.419792989424262686e-01 2.742355880857526351e+00 1.880432905082841666e+00 2.560390832803451033e+00 1.361665181834061489e+00
9.660107376866234885e-01 2.742981138774640559e+00 1.890594062196027769e+00 2.537209477158326898e+00 1.365450771805707397e+00
9.901994554260392656e-01 2.742920286446732803e+00 1.900824483980396939e+00 2.514127926444286398e+00 1.368794625128585185e+00
1.014771208623036047e+00 2.741365041651820711e+00 1.911381878160210102e+00 2.491573361364869399e+00 1.371246994108858752e+00
1.039973095168338135e+00 2.738374151595174943e+00 1.923397579264905177e+00 2.471113402103963352e+00 1.372371123413142824e+00
1.063555892562927374e+00 2.741922816368643545e+00 1.939191793886370307e+00 2.454787438887303885e+00 1.368755257283540416e+00
1.066654088056274263e+00 2.766809500913678832e+00 1.946535682744709339e+00 2.436613618774769119e+00 1.352897676772886193e+00
1.091678710150374432e+00 2.739039870367420804e+00 1.957977232950427471e+00 2.428127393315368199e+00 1.349916710786586593e+00
1.118987406768502169e+00 2.728919690197058934e+00 1.973632752795311474e+00 2.432555318901181263e+00 1.344621421480020507e+00
1.150321629135830026e+00 2.718271855523746172e+00 1.985382527545791476e+00 2.437708052229212718e+00 1.345706078674265394e+00
1.180753420007139010e+00 2.704982721716996164e+00 1.998063707451855020e+00 2.440371096095172554e+00 1.343838705974373271e+00
1.205239355362145215e+00 2.693484077087319406e+00 2.013914412994580516e+00 2.441184156124785787e+00 1.333403435019034466e+00
1.224403682849354524e+00 2.687630249105712021e+00 2.030802572281545704e+00 2.441657493943010238e+00 1.318244206112802575e+00
1.240798127418794916e+00 2.683562997225770186e+00 2.048088459473170531e+00 2.440001645823000498e+00 1.301662385824358337e+00
1.254723239242022004e+00 2.659580771598204940e+00 2.062545288075642524e+00 2.428613909402120630e+00 1.287895439544249454e+00
1.258944290873347471e+00 2.615334325993067033e+00 2.057833411113568545e+00 2.411208124728773772e+00 1.288118518595804618e+00
1.261731104899339817e+00 2.575995830947317433e+00 2.045112563063615774e+00 2.393765116978435525e+00 1.289795405783430438e+00
1.262243243336103715e+00 2.540683300173553150e+00 2.032546867813843861e+00 2.372429093612040685e+00 1.292446460461869728e+00
1.259010441594546226e+00 2.505559169044434764e+00 2.022718196309829963e+00 2.349778588379755284e+00 1.298444924819876833e+00
1.253270890020501849e+00 2.470123907833456034e+00 2.015643452133922597e+00 2.327982519120230354e+00 1.307793557752455094e+00
1.247734157553060275e+00 2.437918858992455196e+00 2.016150827266932399e+00 2.304333385358638076e+00 1.319872575858232588e+00
1.248101723223672188e+00 2.406650585062236392e+00 2.028665862788544327e+00 2.283977613157503139e+00 1.329095660121984768e+00
1.250044568599634642e+00 2.360214444475821072e+00 2.037917233251431259e+00 2.276913089632626175e+00 1.336666416064844265e+00
1.243807936743412279e+00 2.326220664104632352e+00 2.050554808070419455e+00 2.275250242889940822e+00 1.352458752948392018e+00
1.235974992549784712e+00 2.310993983509966654e+00 2.068115962126228169e+00 2.272176775029402851e+00 1.370414643329463722e+00
1.230363322787537461e+00 2.296152391627110934e+00 2.086389091035291798e+00 2.266895644472425531e+00 1.387919298047955108e+00
1.228060736489061444e+00 2.278271233042227450e+00 2.104088488662505529e+00 2.256946391178139777e+00 1.404576087433353715e+00
1.230465547942195759e+00 2.258291299126411467e+00 2.117980157701533805e+00 2.240803477807332467e+00 1.421666386682611583e+00
1.239708949229076707e+00 2.228598965245309316e+00 2.122418029032359765e+00 2.225176883927147298e+00 1.439229926960038597e+00
1.253276123751147164e+00 2.208219259923383415e+00 2.121821109705527508e+00 2.219129227990762399e+00 1.461279744555123550e+00
1.251379970444038925e+00 2.204684377029896947e+00 2.109297970990785753e+00 2.216697688200491623e+00 1.485067135020965656e+00
1.254638006850122167e+00 2.195351534144131644e+00 2.106484563886318107e+00 2.211302483308781319e+00 1.511264647551592066e+00
1.263331904416289619e+00 2.187235638323686615e+00 2.113477763398678988e+00 2.208515427639750506e+00 1.536333141265674440e+00
1.274923503209598907e+00 2.180926622880222876e+00 2.125994922799813391e+00 2.208314411239352459e+00 1.558589376141762406e+00
1.287461751604799476e+00 2.175463311440111625e+00 2.140497461399906598e+00 2.209157205619676212e+00 1.579294688070881136e+00
1.300000000000000044e+00 2.169999999999999929e+00 2.154999999999999805e+00 2.209999999999999964e+00 1.600000000000000089e+00
