8.699999999999999956e-01 2.740000000000000213e+00 1.850000000000000089e+00 2.629999999999999893e+00 1.350000000000000089e+00
9.105279905243108818e-01 2.752072066718669330e+00 1.870652950598655773e+00 2.601312240891388239e+00 1.346922843013747428e+00
9.510559810486216570e-01 2.764144133437338446e+00 1.891305901197311456e+00 2.572624481782776584e+00 1.343845686027494546e+00
9.915839715729325432e-01 2.776216200156007563e+00 1.911958851795967140e+00 2.543936722674164930e+00 1.340768529041241663e+00
1.032111962097243429e+00 2.788288266874676680e+00 1.932611802394622824e+00 2.515248963565553719e+00 1.337691372054989003e+00
1.073154440469451743e+00 2.803336580287920654e+00 1.951712570997766294e+00 2.486266474613188837e+00 1.342080252238461613e+00
1.113279327230776827e+00 2.793191634295924874e+00 1.952694708735400075e+00 2.470968151345513508e+00 1.371333756044546881e+00
1.150133403517832331e+00 2.755725373865751227e+00 1.959020187333191387e+00 2.467259604885108537e+00 1.343087945771961333e+00
1.188405817570535428e+00 2.723643939647431456e+00 1.964419724559480551e+00 2.470663569617626898e+00 1.312680584275057072e+00
1.227612890672963974e+00 2.695006196408229027e+00 1.984232526600631985e+00 2.474202740863967520e+00 1.289971676947462509e+00
1.266751196541375135e+00 2.662758525815153821e+00 2.006844031933428418e+00 2.474592808694205726e+00 1.272082429192148645e+00
1.293344407947199626e+00 2.621661036759891150e+00 2.036829614349173756e+00 2.465369282400967421e+00 1.259672642895476757e+00
1.296865933373442914e+00 2.571346424517062079e+00 2.065787764560154116e+00 2.439281675125947402e+00 1.252183276353282526e+00
1.289954994807380517e+00 2.513131918529083020e+00 2.078982814747269536e+00 2.400089499347804800e+00 1.247060728234393290e+00
1.282114186724654603e+00 2.452845620558990802e+00 2.077363904237425007e+00 2.357854648764724725e+00 1.247307139819102684e+00
1.271421116544853680e+00 2.396950620657892106e+00 2.071111294869478758e+00 2.316492973088084106e+00 1.256646745904332008e+00
1.253421430667336578e+00 2.356507698698613762e+00 2.080641042382238126e+00 2.278818333983058775e+00 1.276873717470295322e+00
1.240674861410500540e+00 2.338980761160973199e+00 2.108656808364260726e+00 2.256658111886852502e+00 1.303650109578840421e+00
1.240878376798950189e+00 2.318704777806761097e+00 2.128630700380183427e+00 2.239767422332010316e+00 1.341313246731457243e+00
1.241695818710227606e+00 2.297599756488829748e+00 2.137801195773679108e+00 2.225419120460077060e+00 1.384357344700204440e+00
1.241415898485452418e+00 2.285043016548988337e+00 2.144007647219048351e+00 2.217627539829855277e+00 1.429979595078775922e+00
1.247806192169769179e+00 2.271050331053291682e+00 2.144582735402041251e+00 2.215055442059698620e+00 1.476083530043697634e+00
1.265184329405707686e+00 2.242151640316217609e+00 2.148620671521586978e+00 2.213475134655633170e+00 1.518329727918661831e+00
1.281883825975357327e+00 2.209894991732479941e+00 2.152250275900272847e+00 2.212816396997881796e+00 1.560201194422526250e+00
1.300000000000000044e+00 2.169999999999999929e+00 2.154999999999999805e+00 2.209999999999999964e+00 1.600000000000000089e+00
