8.699999999999999956e-01 2.740000000000000213e+00 1.850000000000000089e+00 2.629999999999999893e+00 1.350000000000000089e+00
9.770957771178003792e-01 2.726546080895134061e+00 1.882236002399403363e+00 2.543050916645326343e+00 1.337128468195948550e+00
1.081809700374777528e+00 2.752950236730588696e+00 1.934530440641085702e+00 2.473498523655504933e+00 1.313970607549473035e+00
1.119107994002824125e+00 2.796766736488663696e+00 1.961932395113068939e+00 2.470101013601655016e+00 1.313001066465416811e+00
1.122078586161271208e+00 2.783289535961045669e+00 1.971852588645674809e+00 2.472672878469044822e+00 1.317880830523375124e+00
1.125012939977665827e+00 2.737444351565920808e+00 1.974173336665486111e+00 2.461184788784261723e+00 1.323462944212587367e+00
1.138833776958946498e+00 2.713612342424051249e+00 1.974785564813218874e+00 2.450437594990305445e+00 1.329941987451251029e+00
1.150420244052556829e+00 2.705205109668536778e+00 1.971356209686462968e+00 2.443261842923312610e+00 1.335610886602792258e+00
1.177033767005936538e+00 2.697035917112590830e+00 1.955808071100155976e+00 2.428123741354280885e+00 1.349227467811348724e+00
1.206696760880188846e+00 2.691272797453938992e+00 1.945833397081243810e+00 2.420996997030030240e+00 1.350183927440522957e+00
1.231987335695779784e+00 2.680215836458186729e+00 1.955169151969630148e+00 2.427540875436683177e+00 1.329688976508760279e+00
1.258463551885134590e+00 2.655655582708091433e+00 1.976387350789500896e+00 2.438557114708291174e+00 1.292441230045817457e+00
1.259794610149878924e+00 2.544967064651443955e+00 1.987109849847196630e+00 2.398958858250431980e+00 1.270530588777919023e+00
1.257909684760035729e+00 2.514949803877438494e+00 1.994700678216750234e+00 2.382845946816182447e+00 1.275051848708422142e+00
1.256727194222012622e+00 2.493552879372430642e+00 2.002875432256030486e+00 2.369995709118149385e+00 1.281007872429776207e+00
1.255348993149463688e+00 2.457426912881974790e+00 2.016457214382741725e+00 2.348879348786750754e+00 1.286909130189032302e+00
1.257423374461098087e+00 2.345472158547799335e+00 2.053102460077804281e+00 2.283047479416196790e+00 1.324968971690622332e+00
1.257395910406060136e+00 2.337410144452654492e+00 2.057152865862704516e+00 2.277953210339290546e+00 1.330031990171838929e+00
1.255814089022349478e+00 2.320709118557273687e+00 2.070849876032277770e+00 2.263168358890081500e+00 1.346158124797484978e+00
1.252061354438828822e+00 2.315378080153193796e+00 2.084192085406210371e+00 2.248406835379223256e+00 1.357816375197462344e+00
1.248479859625600152e+00 2.316216629069165478e+00 2.096683555765287199e+00 2.236007269903578898e+00 1.366581582934504713e+00
1.246432504383644169e+00 2.320321071859655859e+00 2.116123753028020804e+00 2.224033428999162343e+00 1.378086392841312513e+00
1.250746152311510651e+00 2.330949310494862647e+00 2.159325932801547943e+00 2.216435143717616185e+00 1.401005371636860897e+00
1.250622031734310413e+00 2.319814935457057192e+00 2.192388781345228299e+00 2.222077775503094266e+00 1.438124654249945955e+00
1.251966290352467759e+00 2.286331707106526334e+00 2.184971873449706337e+00 2.216158234984896058e+00 1.474947559172634204e+00
1.256087672316001935e+00 2.274298239049267867e+00 2.171710719264605682e+00 2.212119280044760661e+00 1.489109947542644141e+00
1.262987284621090334e+00 2.263736482925304827e+00 2.177599402740192147e+00 2.215046252699856222e+00 1.486614524022739303e+00
1.277035624226454447e+00 2.225981561496034544e+00 2.180943103730270671e+00 2.216231176459340535e+00 1.520439848754641110e+00
1.300000000000000044e+00 2.169999999999999929e+00 2.154999999999999805e+00 2.209999999999999964e+00 1.600000000000000089e+00
