8.699999999999999956e-01 2.740000000000000213e+00 1.850000000000000089e+00 2.629999999999999893e+00 1.350000000000000089e+00
8.915890020594469112e-01 2.729934817680316428e+00 1.858884094964046163e+00 2.610107187267498574e+00 1.351597786038443161e+00
9.131780041188939379e-01 2.719869635360632198e+00 1.867768189928092015e+00 2.590214374534997255e+00 1.353195572076886455e+00
9.347670061783408535e-01 2.709804453040948413e+00 1.876652284892138089e+00 2.570321561802495935e+00 1.354793358115329527e+00
9.563560082377877691e-01 2.699739270721264184e+00 1.885536379856184164e+00 2.550428749069994616e+00 1.356391144153772599e+00
9.778511159522818019e-01 2.689535558573353136e+00 1.894443729110955932e+00 2.530507229709276995e+00 1.358051902027784363e+00
9.990299733970643414e-01 2.678858888032472407e+00 1.903390905639817499e+00 2.510449531329468353e+00 1.359853638105505969e+00
1.019671120367503958e+00 2.667877153926087708e+00 1.912211396895841187e+00 2.489706949271101255e+00 1.361277139282421000e+00
1.040260838101504826e+00 2.659166104353534621e+00 1.921033880484354306e+00 2.468220176210945915e+00 1.360936387965440808e+00
1.062500891873470410e+00 2.661654348477149323e+00 1.930736021865232743e+00 2.450457967694866568e+00 1.357081442236298008e+00
1.084931993566456976e+00 2.681741826512425764e+00 1.935026980587844392e+00 2.454782983652573414e+00 1.350519549985420564e+00
1.098281439146415517e+00 2.656305555618718728e+00 1.942974796740459142e+00 2.451087902892069792e+00 1.356253861601806721e+00
1.084719451321713546e+00 2.633284465096275451e+00 1.956736230449373393e+00 2.444837019797313715e+00 1.355129926093670223e+00
1.085033186858492149e+00 2.596942768711383742e+00 1.945920059282508774e+00 2.438593176625925452e+00 1.358835922657015916e+00
1.090645490323820743e+00 2.566128624326234231e+00 1.937754000697601731e+00 2.426397811451394215e+00 1.367713574022812795e+00
1.097535676412577654e+00 2.549192578514185570e+00 1.942366268743647595e+00 2.408677955475307719e+00 1.381130583431282144e+00
1.105323078928777125e+00 2.537472882053926071e+00 1.955533856083905508e+00 2.394263321259990196e+00 1.392820317494362303e+00
1.114274432302096995e+00 2.514804932892507505e+00 1.970251151603672257e+00 2.381555698124191878e+00 1.398257021130905109e+00
1.123693965811490836e+00 2.483119860913132637e+00 1.979422026629226394e+00 2.368644407951180586e+00 1.394940083086780636e+00
1.132285594860690692e+00 2.451500627298336621e+00 1.986422137258168075e+00 2.354675252237842908e+00 1.387918933356238727e+00
1.139309725989104960e+00 2.418135429814018966e+00 1.992091802079227980e+00 2.339173582311220301e+00 1.382375643356274830e+00
1.142011271189329102e+00 2.380699801306360275e+00 1.991985308204858640e+00 2.324109749472294872e+00 1.381777244295641305e+00
1.138706003996873273e+00 2.345117958393240443e+00 1.986975025740224776e+00 2.308399818010365312e+00 1.384944401445322937e+00
1.132254665145334682e+00 2.317344401927045716e+00 1.984971014027735903e+00 2.286137878125141132e+00 1.390116687578809351e+00
1.138689561767969982e+00 2.317686125468368719e+00 1.999553810913986318e+00 2.278118461264861949e+00 1.397876235665675759e+00
1.152153797147696501e+00 2.309818206925180917e+00 2.013105542715388552e+00 2.274829766319471425e+00 1.410332701900327557e+00
1.166029520197936264e+00 2.294351636061698674e+00 2.023219993316985654e+00 2.270716770028160525e+00 1.424100998189076650e+00
1.180373765007824094e+00 2.277963541964089789e+00 2.033159601600655453e+00 2.266160804499775860e+00 1.437568039419281796e+00
1.196835897620592615e+00 2.264837778036199456e+00 2.045616759812991514e+00 2.261292701881311373e+00 1.448996656924984805e+00
1.214385995774526661e+00 2.263240911105691033e+00 2.062550793965262752e+00 2.258239704648596913e+00 1.455720615830052411e+00
1.224408603001640339e+00 2.274758757352369543e+00 2.081392714656325804e+00 2.260789322340888585e+00 1.462668500055346765e+00
1.232628754747985056e+00 2.274506413389010273e+00 2.093634049675295206e+00 2.241894654390362174e+00 1.455645231752303426e+00
1.239203417666366880e+00 2.265825073063403750e+00 2.103839905788204234e+00 2.217285607134829917e+00 1.447059493227109472e+00
1.246901236914360833e+00 2.257179448928294807e+00 2.119892186493407937e+00 2.208153551983282892e+00 1.457391831204341015e+00
1.251182351159567219e+00 2.249679373977519603e+00 2.127557530576469791e+00 2.207404536899287173e+00 1.475558846479601671e+00
1.252413803012601523e+00 2.239915858345685518e+00 2.123480542998414045e+00 2.202861286009724751e+00 1.494352328068542679e+00
1.260228168941377902e+00 2.235680842016471104e+00 2.127637033982597181e+00 2.195811683463652297e+00 1.512495611524099726e+00
1.268564880963082953e+00 2.226934943523619648e+00 2.136902099554151668e+00 2.197544418429179469e+00 1.529444845203615344e+00
1.276574400432777034e+00 2.214420983920517561e+00 2.142502971949224566e+00 2.200608387397674726e+00 1.547120290382967944e+00
1.284426369463510520e+00 2.200094221583935639e+00 2.146896926238512471e+00 2.203765645633913639e+00 1.564782264147340340e+00
1.292213184731755282e+00 2.185047110791968006e+00 2.150948463119256360e+00 2.206882822816957024e+00 1.582391132073670104e+00
1.300000000000000044e+00 2.169999999999999929e+00 2.154999999999999805e+00 2.209999999999999964e+00 1.600000000000000089e+00
