8.699999999999999956e-01 2.740000000000000213e+00 1.850000000000000089e+00 2.629999999999999893e+00 1.350000000000000089e+00
8.958727276772828763e-01 2.741207530497615785e+00 1.860698065113139510e+00 2.602292037919855527e+00 1.347540336254615667e+00
9.217454553545656459e-01 2.742415060995231801e+00 1.871396130226278709e+00 2.574584075839711161e+00 1.345080672509231245e+00
9.476181830318484156e-01 2.743622591492847373e+00 1.882094195339418130e+00 2.546876113759566795e+00 1.342621008763846824e+00
9.735043075946028246e-01 2.744801884459604047e+00 1.892792462224408112e+00 2.519181016869159961e+00 1.340161386628409446e+00
9.994287960598340348e-01 2.745359704779307908e+00 1.903464508192327820e+00 2.491491263171329518e+00 1.337712601296098258e+00
1.025489979797430840e+00 2.741888524349813672e+00 1.914037310736120157e+00 2.463911166399769481e+00 1.335708404805101335e+00
1.052416552824362528e+00 2.726582633195677285e+00 1.924359654765908090e+00 2.439306810100672962e+00 1.336722594335846725e+00
1.084879416831284971e+00 2.713342994197266655e+00 1.936037391261894003e+00 2.428274190793163978e+00 1.343028759359986113e+00
1.114132786120244800e+00 2.730184780613204243e+00 1.951125195871629581e+00 2.433209631933874739e+00 1.349478804111048147e+00
1.139369529019505389e+00 2.748229149884395817e+00 1.970842030141748635e+00 2.435709975732426980e+00 1.354809079382139902e+00
1.170318364561795388e+00 2.741819426700255136e+00 1.986451491401892699e+00 2.426755784601913213e+00 1.351457369639867068e+00
1.199483050366803250e+00 2.712563490740551586e+00 1.995752251567693758e+00 2.413996035280342678e+00 1.347728377826832302e+00
1.223130554944188875e+00 2.670173438711183067e+00 2.001606674234879257e+00 2.402875934382666667e+00 1.344326806961142040e+00
1.240029343848122911e+00 2.623981629209424238e+00 2.005135803786312287e+00 2.394359266424431976e+00 1.333363775835189058e+00
1.254571297248588513e+00 2.584196868009984271e+00 2.009080539437033242e+00 2.389173926240085066e+00 1.315261878173315857e+00
1.264091363454068473e+00 2.532601578569747325e+00 2.005993612025352757e+00 2.379455366933215466e+00 1.307469264418761323e+00
1.266531791995424872e+00 2.482999122129057934e+00 2.004588844271645520e+00 2.357994988861709995e+00 1.306279611485832159e+00
1.266618211171804287e+00 2.439957928496807149e+00 2.011712043490600177e+00 2.332563942498636855e+00 1.302449164190754516e+00
1.265676912259233067e+00 2.402629833900951972e+00 2.025217517028524483e+00 2.308252458624821646e+00 1.297686994053958154e+00
1.266106900540156843e+00 2.369535647761984443e+00 2.044165974040480283e+00 2.288105222466433553e+00 1.296136599842580894e+00
1.266042501663817044e+00 2.337333657437289158e+00 2.052813789628013197e+00 2.279184545816494101e+00 1.316797963479650502e+00
1.263083669670969300e+00 2.323156822725571224e+00 2.056066176068329643e+00 2.272674578292438685e+00 1.345145898458399492e+00
1.259355596434369229e+00 2.297560479246540943e+00 2.066642519284240365e+00 2.255134341562422318e+00 1.365933365120346688e+00
1.254288312506294023e+00 2.272820730215070917e+00 2.080521645377041651e+00 2.237110366450887788e+00 1.384442098243520824e+00
1.246069942287624910e+00 2.255734267843400698e+00 2.097022653824112126e+00 2.223703866840367915e+00 1.404192356937479902e+00
1.235601073040884845e+00 2.246325948078724988e+00 2.104807232739710710e+00 2.193573310301230261e+00 1.417180425001788313e+00
1.250885779290959121e+00 2.252136506076048317e+00 2.125172709540473992e+00 2.191054660119456710e+00 1.433206293822743227e+00
1.260909054719067335e+00 2.241469349648459453e+00 2.133406422351076248e+00 2.193666689715856766e+00 1.460224531744720888e+00
1.268934140963382529e+00 2.227483028931830145e+00 2.138080943240602938e+00 2.196878665979190348e+00 1.488129430400235487e+00
1.276712160777695448e+00 2.213129249102404827e+00 2.142330508819759061e+00 2.200155986273740982e+00 1.516094498665219170e+00
1.284474773851796980e+00 2.198752832734936380e+00 2.146553672546505975e+00 2.203437324182493828e+00 1.544062999110146217e+00
1.292237386925898512e+00 2.184376416367468376e+00 2.150776836273252890e+00 2.206718662091247118e+00 1.572031499555073042e+00
1.300000000000000044e+00 2.169999999999999929e+00 2.154999999999999805e+00 2.209999999999999964e+00 1.600000000000000089e+00
