8.699999999999999956e-01 2.740000000000000213e+00 1.850000000000000089e+00 2.629999999999999893e+00 1.350000000000000089e+00
8.916497840290291688e-01 2.738323161882402434e+00 1.860655695753982597e+00 2.611323857928569581e+00 1.353037261591852447e+00
9.132995680580583420e-01 2.736646323764805100e+00 1.871311391507965105e+00 2.592647715857138824e+00 1.356074523183704805e+00
9.349493520870875152e-01 2.734969485647207321e+00 1.881967087261947613e+00 2.573971573785708511e+00 1.359111784775557163e+00
9.566012703643876902e-01 2.733291162424099419e+00 1.892618716594284045e+00 2.555296311353812300e+00 1.362156246947444638e+00
9.782806395050708259e-01 2.731589160034727293e+00 1.903214890057902675e+00 2.536631068049300719e+00 1.365296129644279599e+00
1.000079568461363033e+00 2.729773686425840840e+00 1.913545386462238485e+00 2.518019054631868592e+00 1.368882591125113013e+00
1.022104603698350100e+00 2.727432336167098459e+00 1.923068715158042563e+00 2.499498424750102199e+00 1.373600035186515189e+00
1.044056575501309592e+00 2.722754505592680729e+00 1.930809252267651210e+00 2.480803060569989338e+00 1.380001361595853293e+00
1.064221016795705133e+00 2.711140567349253239e+00 1.936506748085668805e+00 2.461986209744922771e+00 1.387951051349973541e+00
1.079984447962525573e+00 2.687368209575821343e+00 1.942065369271644748e+00 2.443732073335723953e+00 1.393509861522907123e+00
1.090517300677170454e+00 2.660713487059996218e+00 1.948181955122518128e+00 2.429233606223623276e+00 1.385661529546415194e+00
1.099862382834513097e+00 2.636066116827208816e+00 1.953261638654466115e+00 2.422202493129673506e+00 1.371261481565515528e+00
1.110460317712496314e+00 2.598816415917751144e+00 1.956748976267519202e+00 2.416066309167859583e+00 1.369491693625925377e+00
1.112866263554448842e+00 2.560987640058143278e+00 1.956027379835704405e+00 2.405563388626913657e+00 1.376192240253304666e+00
1.105071369259392977e+00 2.527482843755985975e+00 1.953283851836111973e+00 2.387926465808286824e+00 1.374518923580819951e+00
1.097539909655177670e+00 2.506296715415249565e+00 1.956111901549111742e+00 2.368133176944023699e+00 1.363145772414444679e+00
1.108681981019089324e+00 2.489306927590634100e+00 1.970687127011520268e+00 2.364452926400407051e+00 1.371404449182999974e+00
1.122823935666534156e+00 2.479970789621706029e+00 1.982066429599537827e+00 2.363729041218506133e+00 1.386059942012339841e+00
1.134242687372790659e+00 2.455690086966939578e+00 1.996009401676495987e+00 2.355090180991281645e+00 1.393259683163857954e+00
1.145599615426552198e+00 2.427374530723948709e+00 2.009952104897914094e+00 2.345867122094794865e+00 1.394328742046473391e+00
1.158331188922802735e+00 2.404107908378422920e+00 2.025029847663703642e+00 2.334858302777038208e+00 1.391604140349402829e+00
1.169922095674521545e+00 2.386128570933219173e+00 2.039453891263672158e+00 2.318118667353322948e+00 1.386947945689859685e+00
1.180145834736581190e+00 2.367928010799406735e+00 2.051069659045244631e+00 2.296151249871441813e+00 1.383679106396622283e+00
1.190740239150583468e+00 2.344500581816881368e+00 2.059643903595660852e+00 2.274031311792833243e+00 1.385450980503825980e+00
1.201438661423845922e+00 2.315617836884257930e+00 2.065490536854664327e+00 2.259636229913030814e+00 1.394179472930902719e+00
1.208883720400687700e+00 2.284734345884174456e+00 2.065891510696717059e+00 2.255860081999735645e+00 1.407402229626296908e+00
1.217852661761829935e+00 2.253867883575596309e+00 2.061540411621399560e+00 2.245780380967399292e+00 1.418262714308625716e+00
1.232192896889509726e+00 2.251173158768787541e+00 2.074487143950852541e+00 2.225243968743806811e+00 1.421185960365663137e+00
1.241441934843472428e+00 2.256025654012171255e+00 2.085068677037488438e+00 2.208503137151114792e+00 1.434611583669580304e+00
1.243650867182791053e+00 2.252644652548959847e+00 2.081839050081783160e+00 2.202860124631949468e+00 1.454207139991825493e+00
1.243739746396984591e+00 2.244917893779932783e+00 2.077137507241733516e+00 2.204314291567756712e+00 1.473996257724563330e+00
1.244588405835197698e+00 2.243775806513891080e+00 2.090499158082038900e+00 2.206464347794812042e+00 1.488655680195851039e+00
1.246345191243903638e+00 2.244757448118827714e+00 2.105725734272761329e+00 2.203172604445446936e+00 1.473394424739351338e+00
1.259459043136655909e+00 2.237784270550308818e+00 2.122858658359511264e+00 2.200021190769474888e+00 1.467529700723937625e+00
1.270162307226452514e+00 2.228920425885421164e+00 2.135251874795805804e+00 2.199694972217566047e+00 1.482676947395508593e+00
1.276309590265615856e+00 2.219637569618967632e+00 2.140999083637633138e+00 2.200878165307631029e+00 1.501730807551116431e+00
1.281334843853913830e+00 2.209894931458129541e+00 2.144481478434383082e+00 2.202553854247648157e+00 1.521297121446357314e+00
1.286067904833951392e+00 2.199981465334702513e+00 2.147292766563339228e+00 2.204375029018882604e+00 1.540955023961544379e+00
1.290725923540373854e+00 2.190003289798549080e+00 2.149903822270488263e+00 2.206240552627348084e+00 1.560633126626493450e+00
1.295362961770186949e+00 2.180001644899274282e+00 2.152451911135243812e+00 2.208120276313673802e+00 1.580316563313246769e+00
1.300000000000000044e+00 2.169999999999999929e+00 2.154999999999999805e+00 2.209999999999999964e+00 1.600000000000000089e+00
