8.699999999999999956e-01 2.740000000000000213e+00 1.850000000000000089e+00 2.629999999999999893e+00 1.350000000000000089e+00
8.940028046128912775e-01 2.741632780872880648e+00 1.861183586657664479e+00 2.613233738340119405e+00 1.349939034267836346e+00
9.180056092257825595e-01 2.743265561745761083e+00 1.872367173315328870e+00 2.596467476680238917e+00 1.349878068535672826e+00
9.420084138386738415e-01 2.744898342618641518e+00 1.883550759972993038e+00 2.579701215020358429e+00 1.349817102803509083e+00
9.660112184515651235e-01 2.746531123491521953e+00 1.894734346630657429e+00 2.562934953360477941e+00 1.349756137071345341e+00
9.899629115632092580e-01 2.748050811433468077e+00 1.905929085395325018e+00 2.546104383384090841e+00 1.349736386814313294e+00
1.013674627608653678e+00 2.748878947588862864e+00 1.917166225119633749e+00 2.528973080339362856e+00 1.349987138028833966e+00
1.036669854588497586e+00 2.747385451809805534e+00 1.928451742655677981e+00 2.511073952600968884e+00 1.351178029929694713e+00
1.057786773146932813e+00 2.740385814549022303e+00 1.939503648518565049e+00 2.492002128938347827e+00 1.354611695926305259e+00
1.074582902403511175e+00 2.724138894743675987e+00 1.949208903791582959e+00 2.472365691610642013e+00 1.361526823847990952e+00
1.083940806667991197e+00 2.697452081146014091e+00 1.955930759966573174e+00 2.453530584698590200e+00 1.370521779444723975e+00
1.083181804792451741e+00 2.666516607441709485e+00 1.960514251090306859e+00 2.432060487144200867e+00 1.369828748937706342e+00
1.105594871569921533e+00 2.663550644260495481e+00 1.974775173716212695e+00 2.430481991549186205e+00 1.368782609554152652e+00
1.118651915300780120e+00 2.674074888335123745e+00 1.990079601761165495e+00 2.434953018016371207e+00 1.353395145500386310e+00
1.135690786001274377e+00 2.685884005941030495e+00 1.994861170749857138e+00 2.435207754281959236e+00 1.334144295696636506e+00
1.159696278540346848e+00 2.689093559194199123e+00 1.995943998313929768e+00 2.432437481337353713e+00 1.317898937640917811e+00
1.187628263215127600e+00 2.683571481307643225e+00 1.996805228285765788e+00 2.428451922378386918e+00 1.306171279777638139e+00
1.216852277881226074e+00 2.670545273775102313e+00 1.999436926700912665e+00 2.425160314526412453e+00 1.299319120510829872e+00
1.243994201485002948e+00 2.649118076826674439e+00 2.005256007613966940e+00 2.423508293758058763e+00 1.297635204532821440e+00
1.263747208926393029e+00 2.617718903879625358e+00 2.013653359082183680e+00 2.421613183948808423e+00 1.299405581574635038e+00
1.272423832872070948e+00 2.578374115857985593e+00 2.020981836763207973e+00 2.415205199241905909e+00 1.300676367736673056e+00
1.271927651916164415e+00 2.537874516739698993e+00 2.023640689611189813e+00 2.402841853769650537e+00 1.299780826277499024e+00
1.267428869256279844e+00 2.499838028966658410e+00 2.021788916844118322e+00 2.387121317638448925e+00 1.298839155276507062e+00
1.262020828265515426e+00 2.463346836909320103e+00 2.017649411041906760e+00 2.370455684396191920e+00 1.300034653333637991e+00
1.256401658523771392e+00 2.427799596450637587e+00 2.013629549776788430e+00 2.353570851051689949e+00 1.304116148289097943e+00
1.250581307664851982e+00 2.394099788960859954e+00 2.012144565818239084e+00 2.336142315219464027e+00 1.311412944334477082e+00
1.245206722747510764e+00 2.364286114508072689e+00 2.015091684482846368e+00 2.318432746445306947e+00 1.322360849009357686e+00
1.241456132900843112e+00 2.339746537356008904e+00 2.022425114951576841e+00 2.301773625339694984e+00 1.336571581767329375e+00
1.239796634515313745e+00 2.319209766895921287e+00 2.032572898345548218e+00 2.286938660889752395e+00 1.352623564353711227e+00
1.239803106174547587e+00 2.300160917367165325e+00 2.044783444633608838e+00 2.273848460559886764e+00 1.368932873000494377e+00
1.240980543344601728e+00 2.281093608296632880e+00 2.059690944188451223e+00 2.263100801402389894e+00 1.384196317928881426e+00
1.243120678832819515e+00 2.261908636778638293e+00 2.077697870450249340e+00 2.256292738610690130e+00 1.397671285381346218e+00
1.246030264250161057e+00 2.243640072758769755e+00 2.097737179815317710e+00 2.254188154651088016e+00 1.409840266953932497e+00
1.249530971835552062e+00 2.228499679074240625e+00 2.117790651693471915e+00 2.255333287386923402e+00 1.423154391690719223e+00
1.253865351239000780e+00 2.219590547889077392e+00 2.134463865994125076e+00 2.257066316671746176e+00 1.441163106843879715e+00
1.259544494852411045e+00 2.217367857766046058e+00 2.143231038084275841e+00 2.257482327600603078e+00 1.464022099266635957e+00
1.266678274002371207e+00 2.216208332001643466e+00 2.144411310333078635e+00 2.255750875611127970e+00 1.488130034668703194e+00
1.274369097696865571e+00 2.210591307427329788e+00 2.143165597025042501e+00 2.250311597881180514e+00 1.511606680589413720e+00
1.281199089909338396e+00 2.200942035190188939e+00 2.143729722719830644e+00 2.241050555075919437e+00 1.534124508420425359e+00
1.287569951976174742e+00 2.190591395560876897e+00 2.146909247731145776e+00 2.230823585794164288e+00 1.556179231438569177e+00
1.293784975988087504e+00 2.180295697780438413e+00 2.150954623865573012e+00 2.220411792897082126e+00 1.578089615719284744e+00
1.300000000000000044e+00 2.169999999999999929e+00 2.154999999999999805e+00 2.209999999999999964e+00 1.600000000000000089e+00
