8.699999999999999956e-01 2.740000000000000213e+00 1.850000000000000089e+00 2.629999999999999893e+00 1.350000000000000089e+00
9.476545644484366537e-01 2.736630233898376563e+00 1.881441902844659175e+00 2.560077045143404728e+00 1.361650624141188759e+00
1.018755635613336707e+00 2.751294516774921206e+00 1.921880142310763651e+00 2.494850387741406550e+00 1.347104072930447094e+00
1.038153707249774627e+00 2.755549932757864529e+00 1.933541470272775564e+00 2.477184826558481490e+00 1.342363603025114482e+00
1.052187101887980258e+00 2.757874545183810699e+00 1.942325182915907611e+00 2.464724359974719281e+00 1.339256999980687368e+00
1.064176017545875208e+00 2.757426029526740763e+00 1.950089121649496882e+00 2.454836420265942731e+00 1.338411068671617521e+00
1.076295465243497507e+00 2.751713033737698932e+00 1.957687531824392257e+00 2.447378664414542992e+00 1.342221185556563334e+00
1.097975851713942852e+00 2.743086369850069595e+00 1.965248917666091444e+00 2.443586444884909614e+00 1.351479731654718908e+00
1.120539170603540580e+00 2.735859505630829247e+00 1.959035379216733430e+00 2.442567217610797758e+00 1.353025441073894442e+00
1.115810874421726329e+00 2.724844646268227866e+00 1.944687589884999124e+00 2.441869597483516063e+00 1.350132147266189575e+00
1.124303134507850022e+00 2.741052480934313529e+00 1.970019516536150039e+00 2.441335504600567141e+00 1.341700483329686167e+00
1.163568140686711772e+00 2.741727021842160550e+00 1.978209932874412047e+00 2.441517225945728953e+00 1.335878655334018061e+00
1.193875521414883289e+00 2.714758321124571605e+00 1.979092507140190138e+00 2.440052582950772653e+00 1.326767671818084970e+00
1.224338853623327061e+00 2.660818939556762519e+00 1.977142857343441751e+00 2.431863750791230849e+00 1.315059077883048877e+00
1.252388016753248179e+00 2.603526729647045901e+00 1.975291218456733500e+00 2.410233160648998396e+00 1.308639391501932758e+00
1.271382609677709885e+00 2.574373456863642495e+00 1.982236730857333651e+00 2.389737962539226324e+00 1.310741266191882026e+00
1.273109649832375290e+00 2.565409702664210201e+00 1.986569546495452698e+00 2.382677162411813043e+00 1.311828503181835526e+00
1.271443191519699534e+00 2.534262864779170066e+00 1.998632285566022571e+00 2.364086880437111127e+00 1.314200758939020997e+00
1.258692616592560043e+00 2.490345756570969904e+00 2.012429759864981627e+00 2.348629228454755413e+00 1.316990062717727783e+00
1.258889482188225717e+00 2.474407305626058484e+00 2.020703554329760454e+00 2.341271193807231032e+00 1.320142271240510423e+00
1.260278146495696250e+00 2.436937968961214285e+00 2.036341347591570816e+00 2.322996987951282843e+00 1.326327673787396355e+00
1.259131469464246367e+00 2.331142874996006142e+00 2.048716550968057160e+00 2.270583211724457762e+00 1.340208245368327278e+00
1.256780520325208261e+00 2.327320768540891649e+00 2.038580843430042755e+00 2.270363321600126216e+00 1.354995527526128729e+00
1.254774531100891766e+00 2.322159001050163596e+00 2.039609935011943431e+00 2.269506822610338759e+00 1.364022948181863093e+00
1.251983053958247716e+00 2.317837119424906334e+00 2.052244452778277939e+00 2.268202064127878170e+00 1.367974538153498232e+00
1.239742859963506527e+00 2.309024896178299979e+00 2.071890921244885053e+00 2.265813370267816484e+00 1.374895257969921181e+00
1.236600482786329058e+00 2.292377863511906533e+00 2.071194421175079903e+00 2.261519562494396229e+00 1.390334745969978858e+00
1.234694432182065205e+00 2.271481165984269968e+00 2.074333533333642343e+00 2.255368246065165838e+00 1.410668746247754513e+00
1.234969059347349685e+00 2.242150455380307328e+00 2.096203003739762760e+00 2.245925100456108048e+00 1.448195778338256856e+00
1.236979308791999799e+00 2.244374252883829524e+00 2.111115906213188342e+00 2.252657726101588320e+00 1.464558677938114339e+00
1.237211199553713836e+00 2.243536558651825441e+00 2.112226826807757973e+00 2.257509120215641207e+00 1.473663791356809138e+00
1.238396266458797301e+00 2.240324414282878873e+00 2.112859624311897111e+00 2.266722757852126513e+00 1.495511644782652194e+00
1.241744544049856458e+00 2.235870122976072683e+00 2.112119605589973581e+00 2.267316909441466688e+00 1.512888262108736059e+00
1.249347011273230557e+00 2.228256249219684015e+00 2.114446556332586713e+00 2.260085879378424867e+00 1.531933747618041242e+00
1.255202013253225779e+00 2.222115761147182678e+00 2.118209151568663628e+00 2.253506540979197226e+00 1.540927951321515721e+00
1.266235542598282304e+00 2.209888787298843749e+00 2.126330298876037528e+00 2.241930652264573443e+00 1.556555275018810969e+00
1.273106368978732972e+00 2.201771703443584194e+00 2.132164378673574667e+00 2.235432992156661580e+00 1.565395966842781927e+00
1.300000000000000044e+00 2.169999999999999929e+00 2.154999999999999805e+00 2.209999999999999964e+00 1.600000000000000089e+00
