8.699999999999999956e-01 2.740000000000000213e+00 1.850000000000000089e+00 2.629999999999999893e+00 1.350000000000000089e+00
9.049856516344522150e-01 2.750386953209082108e+00 1.863262465861539541e+00 2.604131406788179781e+00 1.350433799853174577e+00
9.399713032689045455e-01 2.760773906418163559e+00 1.876524931723079215e+00 2.578262813576359225e+00 1.350867599706348843e+00
9.749569549033567650e-01 2.771160859627245010e+00 1.889787397584618667e+00 2.552394220364538668e+00 1.351301399559523331e+00
1.010050527930268061e+00 2.780939216281026027e+00 1.903160216384088832e+00 2.526673060798165782e+00 1.351697532088216969e+00
1.046268196203844481e+00 2.782375885415082628e+00 1.917899531173447247e+00 2.503197873234421333e+00 1.351579396014978673e+00
1.085066924038949665e+00 2.778883890104169474e+00 1.934547762215948596e+00 2.487955362304500539e+00 1.348659861273815208e+00
1.112524435868800898e+00 2.766487323087423178e+00 1.955346439773276490e+00 2.466510601936526381e+00 1.358824224472250819e+00
1.124657069652898134e+00 2.736367119588589691e+00 1.962429788581582013e+00 2.443590358680797436e+00 1.379242407879082366e+00
1.149943863585439985e+00 2.737542140682619696e+00 1.967437339493853798e+00 2.428506059467646416e+00 1.351518580956055704e+00
1.177905421834435806e+00 2.709394862429632678e+00 1.982742873735502398e+00 2.429706402931843812e+00 1.330533629462394174e+00
1.209935236993173513e+00 2.673307226115200663e+00 1.993388691460737716e+00 2.438753824561612493e+00 1.314676080096486510e+00
1.241283530013732150e+00 2.631133954154096344e+00 2.001313749497688921e+00 2.440617589105585683e+00 1.298857071193765256e+00
1.265498531511521030e+00 2.586645599539871387e+00 2.013867218702660722e+00 2.426685583731699847e+00 1.285141477454517567e+00
1.271212988630791019e+00 2.542315471400435456e+00 2.028679092700260700e+00 2.395682325532320078e+00 1.281403616857578864e+00
1.264057643562495503e+00 2.495907944818894553e+00 2.038337777941442663e+00 2.362319814044424593e+00 1.285495860869770191e+00
1.255807128739522049e+00 2.444266322413350512e+00 2.047403530712030406e+00 2.333242199181328136e+00 1.292440507464333921e+00
1.251440838323285565e+00 2.392885563725369202e+00 2.063408047588574323e+00 2.312952431803656950e+00 1.304761503814240386e+00
1.251714494157460500e+00 2.359207026048319111e+00 2.085101681566296161e+00 2.302230837717802014e+00 1.327464093451117710e+00
1.254546409060917966e+00 2.331305056329072034e+00 2.101488559965210889e+00 2.288870918811341859e+00 1.355301447408787663e+00
1.255751872461466467e+00 2.292046332010220233e+00 2.108877661903532985e+00 2.266022020358785305e+00 1.380016827734103613e+00
1.251916070135082881e+00 2.269221501299722110e+00 2.121032910984463005e+00 2.237102611464806934e+00 1.403627904951777916e+00
1.249263243409727941e+00 2.263621626449161983e+00 2.141366900670517381e+00 2.217643565485431623e+00 1.429740762389975384e+00
1.253697535920050399e+00 2.246972813119945123e+00 2.157290905410193194e+00 2.211604322743834672e+00 1.461436481391343634e+00
1.264348587612664554e+00 2.230667030858781708e+00 2.163121650394849382e+00 2.211823153235281669e+00 1.496368768781504599e+00
1.277099297656184573e+00 2.211554323211990969e+00 2.163003310327765050e+00 2.210842550911042981e+00 1.531047016048173059e+00
1.288549648828092309e+00 2.190777161605995449e+00 2.159001655163882205e+00 2.210421275455521251e+00 1.565523508024086574e+00
1.300000000000000044e+00 2.169999999999999929e+00 2.154999999999999805e+00 2.209999999999999964e+00 1.600000000000000089e+00
