8.699999999999999956e-01 2.740000000000000213e+00 1.850000000000000089e+00 2.629999999999999893e+00 1.350000000000000089e+00
8.894290746995241470e-01 2.737913601653503726e+00 1.858857575743854351e+00 2.610086352719932723e+00 1.348675074781120031e+00
9.088581493990484095e-01 2.735827203307006794e+00 1.867715151487708836e+00 2.590172705439865553e+00 1.347350149562239752e+00
9.282872240985725609e-01 2.733740804960509863e+00 1.876572727231563098e+00 2.570259058159798382e+00 1.346025224343359472e+00
9.477184846967930953e-01 2.731641681472742000e+00 1.885428412751190441e+00 2.550347592743043457e+00 1.344692994399401709e+00
9.671672027188994436e-01 2.729442979769160615e+00 1.894270815642115302e+00 2.530455089519319856e+00 1.343303018211255084e+00
9.866760539089375337e-01 2.726891559085427907e+00 1.903066606872006572e+00 2.510633684551314637e+00 1.341707962961964817e+00
1.006334630483105785e+00 2.723360777226308649e+00 1.911726418285615736e+00 2.491030939509652598e+00 1.339542847498749856e+00
1.026302565011789181e+00 2.717842859476125916e+00 1.920106073062028962e+00 2.472122677775045574e+00 1.336074669112216728e+00
1.047125775382895085e+00 2.710660043284725873e+00 1.928876893067344112e+00 2.455730613119783357e+00 1.330656340436799034e+00
1.068709230880309669e+00 2.706167841156897680e+00 1.942450006224452963e+00 2.446721268222169066e+00 1.326620240050438770e+00
1.085983551404521297e+00 2.696386377426696068e+00 1.959517448225513547e+00 2.439147752181050510e+00 1.324698806467125012e+00
1.094083533827131971e+00 2.664935392538901215e+00 1.957134959018807852e+00 2.430540532240323515e+00 1.330777046026690780e+00
1.091220395969492829e+00 2.646058313036383058e+00 1.943643512900872894e+00 2.424462440369124394e+00 1.344714569901400703e+00
1.089848108780524960e+00 2.620741171531973279e+00 1.940208712325703244e+00 2.417427121077404539e+00 1.361217657724504981e+00
1.089701476384380863e+00 2.591375462035880872e+00 1.942352404100451846e+00 2.411517371823123757e+00 1.376429630770670043e+00
1.090043168381957139e+00 2.558565531504628954e+00 1.946171226306622648e+00 2.405753228873310778e+00 1.389421226074907478e+00
1.089963674212645728e+00 2.522783990773150187e+00 1.953714522708669188e+00 2.397849042301246847e+00 1.397233339846577049e+00
1.088667576132907877e+00 2.500475646133410557e+00 1.970379697245825179e+00 2.386017352401061498e+00 1.393044152054730311e+00
1.092790933826946365e+00 2.471065894900004167e+00 1.983230630616711565e+00 2.372655460413359396e+00 1.393680025755755558e+00
1.101561494244388761e+00 2.436389419156526515e+00 1.988172236361908984e+00 2.358871000249673777e+00 1.395650563167567970e+00
1.113382674616085977e+00 2.400391006768397784e+00 1.990093899094748764e+00 2.347509764211552774e+00 1.395824154494752056e+00
1.128990204689992005e+00 2.365513583514765372e+00 1.995717236968594932e+00 2.344238056761564160e+00 1.397896629211994313e+00
1.145490229591342723e+00 2.337327671928899342e+00 2.005430207856856661e+00 2.340833887394241142e+00 1.404367833507921937e+00
1.161800384117026130e+00 2.315161637869302513e+00 2.015102340804761027e+00 2.328768626656896767e+00 1.411569947538023895e+00
1.179111661069171202e+00 2.297014815294763146e+00 2.024493456035843408e+00 2.312983761528002447e+00 1.416764105754778180e+00
1.197588720441796317e+00 2.279177156742829613e+00 2.032645491923469550e+00 2.295823651223714457e+00 1.418717106876185019e+00
1.215757551537978154e+00 2.259244773243904714e+00 2.038013026235930614e+00 2.278626613591773875e+00 1.414302767107307401e+00
1.230230436453254805e+00 2.252462114817827654e+00 2.049329831768640364e+00 2.264615964399452341e+00 1.408884109621017400e+00
1.234496920385169449e+00 2.272750329233975020e+00 2.067387676516948325e+00 2.262046020066682761e+00 1.416275387550673726e+00
1.238889163417880912e+00 2.278989268589909578e+00 2.089034135718091267e+00 2.258291580642547203e+00 1.421355689429625091e+00
1.242292540916829946e+00 2.275956857552301482e+00 2.110616473778504698e+00 2.253647523116622864e+00 1.427561761704299936e+00
1.243470296683097720e+00 2.270317706080631215e+00 2.131462802851829874e+00 2.247510679994332516e+00 1.435076352339233141e+00
1.243466264617152595e+00 2.269465306408079641e+00 2.150638790680334367e+00 2.240441623112689573e+00 1.445643767808236557e+00
1.247175285185404769e+00 2.267268466349319667e+00 2.163370129532699693e+00 2.234369965594567908e+00 1.462679161975008579e+00
1.254202973867803550e+00 2.257256766386530167e+00 2.167129019783954114e+00 2.230047920632338698e+00 1.482687056432438144e+00
1.261735872676863712e+00 2.243647667539365287e+00 2.166459215491428836e+00 2.226448257481551174e+00 1.502494997724042936e+00
1.269370272292951629e+00 2.229098218190787684e+00 2.164443664538658663e+00 2.223105203789632611e+00 1.522057109603697445e+00
1.277024177017828332e+00 2.214348822669031769e+00 2.162125457238476933e+00 2.219821200500866620e+00 1.541552336289638392e+00
1.284682071584760887e+00 2.199568653395215012e+00 2.159756210954740574e+00 2.216546575179616951e+00 1.561036136913045880e+00
1.292341035792380577e+00 2.184784326697607693e+00 2.157378105477370411e+00 2.213273287589808458e+00 1.580518068456523206e+00
1.300000000000000044e+00 2.169999999999999929e+00 2.154999999999999805e+00 2.209999999999999964e+00 1.600000000000000089e+00
