8.699999999999999956e-01 2.740000000000000213e+00 1.850000000000000089e+00 2.629999999999999893e+00 1.350000000000000089e+00
8.967900690592550683e-01 2.744887830010251051e+00 1.860351037505443506e+00 2.604469071018921777e+00 1.352124107122510743e+00
9.235801381185102521e-01 2.749775660020501888e+00 1.870702075010887144e+00 2.578938142037844106e+00 1.354248214245021398e+00
9.503702071777652138e-01 2.754663490030753170e+00 1.881053112516330561e+00 2.553407213056765990e+00 1.356372321367531830e+00
9.771917500392774958e-01 2.759538502885777067e+00 1.891417625868222929e+00 2.527914550139378491e+00 1.358479157830132955e+00
1.004128569313919694e+00 2.764366264994275735e+00 1.901831517769042135e+00 2.502563168152383000e+00 1.360522412151508709e+00
1.031604187568170516e+00 2.768966381600893811e+00 1.912476685349127292e+00 2.477897127470748639e+00 1.362261246582575192e+00
1.060034609559457275e+00 2.773385844257722166e+00 1.925080037859928206e+00 2.456130373063061256e+00 1.363247975396413070e+00
1.088313660696900165e+00 2.774919397208029270e+00 1.942299535488115625e+00 2.441304657113567256e+00 1.362769544885796158e+00
1.118298339801417240e+00 2.760917269840886590e+00 1.957211989603175217e+00 2.428102566422227770e+00 1.360934315017068519e+00
1.126791466875368686e+00 2.710689499940686975e+00 1.966552344423174059e+00 2.423991727968174636e+00 1.365983094780550466e+00
1.157636451013227763e+00 2.679168150972896179e+00 1.966713704746810620e+00 2.415817184805377771e+00 1.356693389445861264e+00
1.188133611537664169e+00 2.659196567405567535e+00 1.969393571900096340e+00 2.414559453713617909e+00 1.340444952545789103e+00
1.218042668720615396e+00 2.636235999370714733e+00 1.977613223839765011e+00 2.412387702776678911e+00 1.326766905354992643e+00
1.242185996866721043e+00 2.612072548446153331e+00 1.994846284458845043e+00 2.406498714667109962e+00 1.317580656483337442e+00
1.256703778709742814e+00 2.595291342248853717e+00 2.018788511486336645e+00 2.398520612210968128e+00 1.310687994776623677e+00
1.264297045099689543e+00 2.577441982201703397e+00 2.044372805693485784e+00 2.387508872562150941e+00 1.309101066048130591e+00
1.264876240859532430e+00 2.544860581433108226e+00 2.064454117734260574e+00 2.371480839388936168e+00 1.316240978102681591e+00
1.260229021780879588e+00 2.503567551875114372e+00 2.076460593792483600e+00 2.352950743433367187e+00 1.326936115457055365e+00
1.254208303497927890e+00 2.459444521028781860e+00 2.083391483800655308e+00 2.332537511859869017e+00 1.337465554445642413e+00
1.248435180930358879e+00 2.412932778079207807e+00 2.084009522385584567e+00 2.310341392830722373e+00 1.345851603232794957e+00
1.244271618106840060e+00 2.368334795213023369e+00 2.072953603036395975e+00 2.288825569167834750e+00 1.347170132265121278e+00
1.245495980084982524e+00 2.339466069717436092e+00 2.052681260606385560e+00 2.274205413141978660e+00 1.337182527147325439e+00
1.248977730568305633e+00 2.328247799953130581e+00 2.030617206370867844e+00 2.271129551977560279e+00 1.325004706790220865e+00
1.236363390358379721e+00 2.339477816755463291e+00 2.028392424674720473e+00 2.281991428126746602e+00 1.350176484726805848e+00
1.234556641581844971e+00 2.363271444465635085e+00 2.041512202635891171e+00 2.286816179012389316e+00 1.373010863975224982e+00
1.239330873337036731e+00 2.377133004862570509e+00 2.057628348737192248e+00 2.286421669307775240e+00 1.393078328404792510e+00
1.241606114666703897e+00 2.331724710569916148e+00 2.065228760538369901e+00 2.275652098264011602e+00 1.408651501817737905e+00
1.240997424842843255e+00 2.278400454066985326e+00 2.071693068641061952e+00 2.262798265648554796e+00 1.416164327824124713e+00
1.241194723733240579e+00 2.238765898734829562e+00 2.088221386888815978e+00 2.249538234975825279e+00 1.426029035367728737e+00
1.243575551289938685e+00 2.220413961695775207e+00 2.108939607744273026e+00 2.240683161523743028e+00 1.442637021154917321e+00
1.251334936426740319e+00 2.204257638097868011e+00 2.123307380278590006e+00 2.234678357047823916e+00 1.465195993731234658e+00
1.260956206720933226e+00 2.198440526745641499e+00 2.127776965523141772e+00 2.230027962554479881e+00 1.492702567381784418e+00
1.271454786538579684e+00 2.193484969443990629e+00 2.132984922200785949e+00 2.227462267166837595e+00 1.520094506458273376e+00
1.281478464599539846e+00 2.186749062477443051e+00 2.140012233166356026e+00 2.223021723208825851e+00 1.546943360632135667e+00
1.290739232299769945e+00 2.178374531238721268e+00 2.147506116583177693e+00 2.216510861604412685e+00 1.573471680316067989e+00
1.300000000000000044e+00 2.169999999999999929e+00 2.154999999999999805e+00 2.209999999999999964e+00 1.600000000000000089e+00
