8.699999999999999956e-01 2.740000000000000213e+00 1.850000000000000089e+00 2.629999999999999893e+00 1.350000000000000089e+00
8.972749763877136964e-01 2.735910673041687780e+00 1.862134300135275700e+00 2.608247608332769474e+00 1.348706091444198618e+00
9.245499527754273972e-01 2.731821346083375346e+00 1.874268600270551310e+00 2.586495216665539498e+00 1.347412182888397147e+00
9.518249291631410980e-01 2.727732019125063356e+00 1.886402900405827143e+00 2.564742824998309079e+00 1.346118274332595677e+00
9.790999055508547988e-01 2.723642692166751367e+00 1.898537200541102754e+00 2.542990433331079103e+00 1.344824365776794206e+00
1.006374881938568500e+00 2.719553365208438933e+00 1.910671500676378365e+00 2.521238041663848684e+00 1.343530457220992957e+00
1.033649858326282311e+00 2.715464038250126499e+00 1.922805800811653976e+00 2.499485649996618264e+00 1.342236548665191487e+00
1.061913217471194493e+00 2.715657835322931479e+00 1.933835714119045646e+00 2.477660914939286307e+00 1.341363954940639758e+00
1.089887597511168371e+00 2.741071848434967873e+00 1.938726467799624320e+00 2.459287691561109934e+00 1.345973766714015030e+00
1.108104574001727682e+00 2.755575518971634441e+00 1.953262587316313414e+00 2.444965368251967863e+00 1.361403518438844662e+00
1.132275528472245885e+00 2.737120104040609458e+00 1.966388201138045355e+00 2.431162907240679072e+00 1.373319141715955372e+00
1.166214828899019729e+00 2.739812785209460699e+00 1.973954048969988717e+00 2.424137990159774159e+00 1.383984155181535058e+00
1.202829384769988685e+00 2.737060841039511416e+00 1.976470545188256267e+00 2.417710868381831801e+00 1.392687497003064712e+00
1.238908309900809357e+00 2.720310361115044540e+00 1.973547937477219572e+00 2.417960626295248439e+00 1.386621326066293847e+00
1.250692448850980520e+00 2.712703606463067629e+00 1.982374198064433379e+00 2.420876977698114718e+00 1.361054654975125899e+00
1.254541615318720549e+00 2.709940458601805879e+00 1.998373966748944852e+00 2.418332200428118028e+00 1.337626871067621570e+00
1.257525279856547495e+00 2.696527131454117043e+00 2.015359077512352659e+00 2.411823534838405614e+00 1.316244245444792460e+00
1.260258870176235391e+00 2.658824398373070164e+00 2.029979234994003789e+00 2.399293496016245530e+00 1.302708193243643953e+00
1.259781070008591186e+00 2.603069809074542995e+00 2.030373496445906589e+00 2.383933822817783099e+00 1.302267613408285341e+00
1.254915380839034089e+00 2.551820500857196805e+00 2.026516763826531786e+00 2.365155138116732392e+00 1.305798770586984681e+00
1.249879232679709462e+00 2.505675560968708915e+00 2.031222706999304961e+00 2.341617833251285585e+00 1.307786879098028709e+00
1.247164124850626887e+00 2.460620532936790283e+00 2.038829474697677835e+00 2.318415483621965922e+00 1.310367494288168233e+00
1.245934521012867169e+00 2.412341860367892998e+00 2.042566656223414601e+00 2.296807983892864335e+00 1.315857992942512045e+00
1.246319157512758791e+00 2.360564952346030587e+00 2.041861201582298335e+00 2.281351191608142148e+00 1.325656109619396616e+00
1.246284489111570304e+00 2.308252778587474463e+00 2.047863981351029317e+00 2.280267662230530679e+00 1.338749127534159644e+00
1.244546089951203083e+00 2.272920684823163562e+00 2.064085050822312972e+00 2.281619993217056219e+00 1.354479472605436108e+00
1.243551579425473230e+00 2.249174668440979019e+00 2.073034843485858314e+00 2.268555124523722100e+00 1.377395790824926358e+00
1.242027538164537370e+00 2.231589287214711170e+00 2.078008339562428919e+00 2.254430692079521403e+00 1.402451864874765919e+00
1.240435427807615953e+00 2.215582671758255628e+00 2.085819250122223245e+00 2.239506830380538105e+00 1.426263937692983541e+00
1.242661794317160284e+00 2.207147930093944055e+00 2.105471264854272384e+00 2.226580897690052741e+00 1.443609379207934973e+00
1.251903270039148808e+00 2.203503667346275119e+00 2.122410114324130070e+00 2.221458836871720965e+00 1.464900570449010120e+00
1.261562007726192647e+00 2.197041234227845141e+00 2.129960166061410920e+00 2.218893188127207150e+00 1.491623400446884684e+00
1.271168043431890826e+00 2.190268253492830386e+00 2.136240889419556588e+00 2.216666928589528851e+00 1.518712165771545219e+00
1.280777560629135170e+00 2.183508009834596475e+00 2.142500740972537621e+00 2.214443646651393038e+00 1.545806346889666116e+00
1.290388780314567718e+00 2.176754004917297980e+00 2.148750370486268491e+00 2.212221823325696501e+00 1.572903173444833325e+00
1.300000000000000044e+00 2.169999999999999929e+00 2.154999999999999805e+00 2.209999999999999964e+00 1.600000000000000089e+00
