8.699999999999999956e-01 2.740000000000000213e+00 1.850000000000000089e+00 2.629999999999999893e+00 1.350000000000000089e+00
8.873088443104307776e-01 2.740047878518773850e+00 1.859082996829380274e+00 2.608423870174355397e+00 1.348270777175105906e+00
9.046176886208616708e-01 2.740095757037547042e+00 1.868165993658760460e+00 2.586847740348710900e+00 1.346541554350211722e+00
9.219265329312924528e-01 2.740143635556320678e+00 1.877248990488140867e+00 2.565271610523066848e+00 1.344812331525317539e+00
9.392382503042019382e-01 2.740194261194998315e+00 1.886332649537900918e+00 2.543696988962730554e+00 1.343090554724728491e+00
9.566124108777671609e-01 2.740322058495821000e+00 1.895434409231963491e+00 2.522158646804170790e+00 1.341536147958889202e+00
9.742205308539724218e-01 2.740789830337284627e+00 1.904606569615608258e+00 2.500782666527145537e+00 1.340655372479826912e+00
9.923310310242361432e-01 2.742253380341589608e+00 1.913914748162038215e+00 2.479953998024750916e+00 1.341582252091785499e+00
1.010833775899384390e+00 2.745451768788729208e+00 1.923110287649534955e+00 2.460556520090044774e+00 1.346250967792463005e+00
1.028389658500465487e+00 2.748028674834468887e+00 1.931557165596710313e+00 2.444113170878745578e+00 1.356329236476193190e+00
1.042870785022149693e+00 2.743520929169637856e+00 1.938906630834079658e+00 2.432095123691554672e+00 1.371274708781988538e+00
1.054415351240214127e+00 2.728858497005568928e+00 1.945783553346262185e+00 2.426161267762152907e+00 1.388120411511643448e+00
1.071484084466086006e+00 2.708073211176702966e+00 1.955108398305945627e+00 2.429388235929864859e+00 1.399689643795674732e+00
1.085341518019980578e+00 2.683460751663267363e+00 1.965405937900308153e+00 2.422027163666857774e+00 1.390861432082872717e+00
1.100354797408789276e+00 2.659135050742261974e+00 1.967031173205916694e+00 2.417957687385658971e+00 1.376498501950954356e+00
1.122560156897221439e+00 2.626633669228251478e+00 1.966650905299038410e+00 2.416295580043855029e+00 1.376977726823137571e+00
1.138846220279597032e+00 2.593379604020303653e+00 1.969871582670540855e+00 2.410741378833719306e+00 1.385908454560069947e+00
1.147550947128106014e+00 2.560152791548238493e+00 1.976927962132848160e+00 2.396286553757514426e+00 1.391748758237433270e+00
1.152993779161946231e+00 2.535810220720033481e+00 1.986742478852596250e+00 2.377116589706309124e+00 1.385851882037322236e+00
1.162207828091447626e+00 2.522422332857435556e+00 1.994524655691155557e+00 2.362389388348544728e+00 1.371352258147377157e+00
1.176273295819910913e+00 2.509955477192717055e+00 1.998457253275524259e+00 2.351200119879253592e+00 1.355542071949974448e+00
1.193075875343134307e+00 2.491593053177402428e+00 2.000747045760071785e+00 2.339798732938589865e+00 1.342174245019456924e+00
1.210806515791848614e+00 2.465616716943889841e+00 2.004334679981377931e+00 2.327481633960005070e+00 1.333320364599564156e+00
1.227605983997972050e+00 2.434032894398535873e+00 2.011322602642136026e+00 2.316407433698423279e+00 1.329946371976554298e+00
1.241002098074185378e+00 2.401584458847410009e+00 2.022707187760272696e+00 2.309756036035322424e+00 1.333148526260773403e+00
1.246957561005248127e+00 2.376244813607195638e+00 2.037162375865709141e+00 2.307988719038011283e+00 1.344024611587780527e+00
1.245451992871568603e+00 2.357544829193011449e+00 2.050825776509074050e+00 2.305434594268502391e+00 1.358682145016238962e+00
1.240929783615482451e+00 2.335822247549025121e+00 2.061853788846579771e+00 2.298957695922944744e+00 1.373615330722679717e+00
1.237002312620675948e+00 2.309185646596456642e+00 2.070326271669419071e+00 2.291826170335114821e+00 1.388446592796449330e+00
1.234667183369255294e+00 2.281879250875521237e+00 2.079608365308669882e+00 2.284838891345030820e+00 1.402767055877772284e+00
1.234246460132087053e+00 2.256322441427416781e+00 2.091806819323398514e+00 2.277326419396300761e+00 1.415705520476360890e+00
1.234570283317331318e+00 2.231793319873417669e+00 2.104364209309145028e+00 2.269644382296770679e+00 1.427990594287351200e+00
1.233435372119245477e+00 2.205110103982848013e+00 2.105746918727151584e+00 2.266292098237432384e+00 1.443988596766990540e+00
1.236303512836954610e+00 2.208202469038734073e+00 2.124704908497583311e+00 2.265553361228370477e+00 1.455356960615820094e+00
1.241690322175583283e+00 2.211234481511300753e+00 2.142912562238209251e+00 2.258006941510504184e+00 1.465854644470716117e+00
1.248991929736343653e+00 2.209406115513185220e+00 2.154280466404863148e+00 2.249332237182636085e+00 1.482355249032346389e+00
1.257229278703247966e+00 2.204878596371545818e+00 2.159183099080511870e+00 2.241553202024022973e+00 1.501465981611351586e+00
1.265776467965495478e+00 2.198967744454578099e+00 2.160233676850880524e+00 2.234776595707017588e+00 1.521175923868633095e+00
1.274383626359191446e+00 2.192255881708226273e+00 2.159541229642140792e+00 2.228494738068551140e+00 1.540924396930268170e+00
1.282955088220842921e+00 2.185020206526131048e+00 2.158166035389699200e+00 2.222339561310991751e+00 1.560633461696033120e+00
1.291477544110421594e+00 2.177510103263065488e+00 2.156583017694849502e+00 2.216169780655495636e+00 1.580316730848016604e+00
1.300000000000000044e+00 2.169999999999999929e+00 2.154999999999999805e+00 2.209999999999999964e+00 1.600000000000000089e+00
