8.699999999999999956e-01 2.740000000000000213e+00 1.850000000000000089e+00 2.629999999999999893e+00 1.350000000000000089e+00
9.166530176119829232e-01 2.740001017561468188e+00 1.866627476560837051e+00 2.596228667905607690e+00 1.349905694813137158e+00
9.633060352239658508e-01 2.740002035122936608e+00 1.883254953121674236e+00 2.562457335811215486e+00 1.349811389626274005e+00
1.009538166217278654e+00 2.741555375528802685e+00 1.899776840261772737e+00 2.528108819188206624e+00 1.349339897219181905e+00
1.054242349286491853e+00 2.745538430428822174e+00 1.916409038067800275e+00 2.492404602465459806e+00 1.352629935471353351e+00
1.094241507430129712e+00 2.739780801058821158e+00 1.933840410446102220e+00 2.456971346639305054e+00 1.367487351922793248e+00
1.123027375696791008e+00 2.689265889504373064e+00 1.950031636170487914e+00 2.427641695511696174e+00 1.365546192180250085e+00
1.137411819152857495e+00 2.638718936798081671e+00 1.970860737490717218e+00 2.411559954156041741e+00 1.394245489943828797e+00
1.154370530757711899e+00 2.592911144184609107e+00 1.991315627636809138e+00 2.407618251464976211e+00 1.428068898827257627e+00
1.189168531291230124e+00 2.585084713786335531e+00 2.020192507107768876e+00 2.427018005224235164e+00 1.412697893728446452e+00
1.225874640962813622e+00 2.597650121834507164e+00 2.022826413663407319e+00 2.430192959510015793e+00 1.372325809949662689e+00
1.262614660012894907e+00 2.609974150893334066e+00 2.021133080201274357e+00 2.433934250603265514e+00 1.331917539585840027e+00
1.286708422645413297e+00 2.610466203994469936e+00 2.034765570582402816e+00 2.434979495745985378e+00 1.287491551876658535e+00
1.302928662588461295e+00 2.580221575111301124e+00 2.016458689180779196e+00 2.405072203148495014e+00 1.260557492189803286e+00
1.290821815647529958e+00 2.521836211953682572e+00 2.023954115163463463e+00 2.365227035184783944e+00 1.252736876911836994e+00
1.277088419701857935e+00 2.457188284045488391e+00 2.031567807892309840e+00 2.330131249480211331e+00 1.249217303336528806e+00
1.265657203342456461e+00 2.390036122556915554e+00 2.035613346213516195e+00 2.302502267345506226e+00 1.267448276037838273e+00
1.260085099488238658e+00 2.342927283843948327e+00 2.035087870247861197e+00 2.283853383329612630e+00 1.306344992611790934e+00
1.252514944319213175e+00 2.303033117562464760e+00 2.041340873237920572e+00 2.265585655871083848e+00 1.347464039735504882e+00
1.244317646762292728e+00 2.266663338034336395e+00 2.064117043738920465e+00 2.244197297951779912e+00 1.380378940920498954e+00
1.251956169211753345e+00 2.256890792498615017e+00 2.101754398984588601e+00 2.228284869236937471e+00 1.403750827234988563e+00
1.268284735944385400e+00 2.253243703759260086e+00 2.144798836825459798e+00 2.226444886845328597e+00 1.416302975497476968e+00
1.271563908062776527e+00 2.236813477355497959e+00 2.138080344412381706e+00 2.217275340448625176e+00 1.455945261054672812e+00
1.279954286999510416e+00 2.215888463414011245e+00 2.144326483764109170e+00 2.216503535512551082e+00 1.504275156706697647e+00
1.289977143499755119e+00 2.192944231707005365e+00 2.149663241882054709e+00 2.213251767756275523e+00 1.552137578353348868e+00
1.300000000000000044e+00 2.169999999999999929e+00 2.154999999999999805e+00 2.209999999999999964e+00 1.600000000000000089e+00
