8.699999999999999956e-01 2.740000000000000213e+00 1.850000000000000089e+00 2.629999999999999893e+00 1.350000000000000089e+00
8.952665390203897733e-01 2.754643413221615766e+00 1.859115750346123974e+00 2.607093593803115006e+00 1.351294716261018491e+00
9.205330780407794400e-01 2.769286826443231320e+00 1.868231500692248082e+00 2.584187187606230118e+00 1.352589432522036894e+00
9.457996170611692177e-01 2.783930239664846873e+00 1.877347251038371967e+00 2.561280781409345231e+00 1.353884148783055519e+00
9.710661560815589954e-01 2.798573652886462426e+00 1.886463001384495852e+00 2.538374375212460343e+00 1.355178865044073921e+00
9.964681084242998921e-01 2.812019055066243833e+00 1.895739473665613017e+00 2.515482443691060332e+00 1.356873190145819530e+00
1.022280480383073176e+00 2.819957795020552993e+00 1.905622313998379891e+00 2.492763708281256818e+00 1.359988865135521197e+00
1.048336954555852518e+00 2.814044884443085870e+00 1.916445106006869903e+00 2.471172397404608478e+00 1.363603121589896716e+00
1.073393048591885224e+00 2.790721845482713181e+00 1.928327816318198051e+00 2.454850500699010674e+00 1.361040522049287604e+00
1.095672008563026933e+00 2.773782841856316850e+00 1.944977783935334159e+00 2.448616391585547891e+00 1.349378417079952985e+00
1.109520234788589965e+00 2.772223988815928131e+00 1.968641533558959766e+00 2.446109919926364729e+00 1.355464939790270051e+00
1.126221678923944536e+00 2.725450977972672995e+00 1.960724243541259293e+00 2.438459739699343487e+00 1.354335423802653038e+00
1.149818106913113702e+00 2.700141755113917519e+00 1.957308843781191188e+00 2.435193677806208434e+00 1.336424594950468947e+00
1.173242794416208490e+00 2.684144042505478112e+00 1.957033106337167316e+00 2.436228369622146950e+00 1.315261782167750582e+00
1.198661092370563175e+00 2.666548833717278022e+00 1.965747910387559694e+00 2.437847595228859188e+00 1.298103413322607480e+00
1.218649999309534104e+00 2.653601954068948388e+00 1.987971822905044039e+00 2.436398071987416980e+00 1.297841477310596403e+00
1.234917627442175592e+00 2.641162605016710963e+00 2.011988094240548808e+00 2.430532178358426609e+00 1.304301211105559410e+00
1.256483776750346726e+00 2.620553416901639565e+00 2.023781968703635137e+00 2.413478440408919568e+00 1.297406016055484113e+00
1.288152197549238709e+00 2.604155192093314586e+00 2.026240510722337795e+00 2.398407937052940753e+00 1.295293937292231856e+00
1.279150947932617299e+00 2.559588124704609058e+00 2.024577829201454016e+00 2.378675209957289649e+00 1.301045589850147177e+00
1.270131536043297427e+00 2.518492196008618844e+00 2.019281066905318944e+00 2.355465480863604188e+00 1.306526148297955547e+00
1.262886348499205891e+00 2.475151401601148216e+00 2.022126269545283961e+00 2.333231153528960711e+00 1.313196151461941907e+00
1.257763220464782172e+00 2.433904012988834964e+00 2.034406116244121154e+00 2.314580415637064625e+00 1.319980512930767125e+00
1.254430696009333879e+00 2.397295586076311213e+00 2.051816511200684978e+00 2.297633188216490208e+00 1.325643192110321555e+00
1.251545170021716613e+00 2.366341511159099742e+00 2.069514765911169007e+00 2.276194207538072778e+00 1.326091782982047107e+00
1.244254114791384591e+00 2.322828246941164743e+00 2.070770756654010558e+00 2.255620816496131997e+00 1.326338645324103949e+00
1.241077009375682660e+00 2.301475289019335069e+00 2.076386409884669604e+00 2.265150605549410390e+00 1.349775875230370348e+00
1.238863149610827552e+00 2.286860906096805923e+00 2.099874444553844643e+00 2.260306897062399845e+00 1.364444357960587828e+00
1.237498657614353181e+00 2.271491325301156383e+00 2.123453162303051478e+00 2.251015281625637243e+00 1.377177139065995037e+00
1.236027821915886893e+00 2.249470056517880678e+00 2.135948132286018986e+00 2.241340454438284002e+00 1.396945496475654469e+00
1.236209892104596308e+00 2.235424325138244406e+00 2.124620646155095827e+00 2.235267173672083718e+00 1.421801637016043784e+00
1.240089286480366093e+00 2.238346989605551229e+00 2.111115365777528119e+00 2.230663708892807406e+00 1.446245190449439333e+00
1.247546538973641983e+00 2.239152984189247242e+00 2.111327751714948242e+00 2.224676280233389924e+00 1.473721580179218504e+00
1.255894036438591099e+00 2.228374233221657175e+00 2.121493505470353202e+00 2.220016580726010602e+00 1.499168668766807100e+00
1.265339845917450079e+00 2.212867425968559232e+00 2.132193594411587512e+00 2.217223819530637741e+00 1.523772952052572016e+00
1.276392935060106648e+00 2.198280276282819745e+00 2.140631319141608646e+00 2.214753434037948221e+00 1.549013866524423078e+00
1.288196467530053457e+00 2.184140138141410059e+00 2.147815659570804225e+00 2.212376717018974315e+00 1.574506933262211694e+00
1.300000000000000044e+00 2.169999999999999929e+00 2.154999999999999805e+00 2.209999999999999964e+00 1.600000000000000089e+00
