8.699999999999999956e-01 2.740000000000000213e+00 1.850000000000000089e+00 2.629999999999999893e+00 1.350000000000000089e+00
9.004522371937552228e-01 2.742179100560109717e+00 1.859758975867927155e+00 2.606362419394578467e+00 1.351640266911600330e+00
9.309044743875105610e-01 2.744358201120218776e+00 1.869517951735854000e+00 2.582724838789157484e+00 1.353280533823200571e+00
9.613567115812657882e-01 2.746537301680327836e+00 1.879276927603781067e+00 2.559087258183736058e+00 1.354920800734800812e+00
9.918018575744254051e-01 2.748616023382862483e+00 1.889050610830515398e+00 2.535448905560201638e+00 1.356565846781912388e+00
1.022165589950549069e+00 2.749630286871481477e+00 1.898978189332732436e+00 2.511807218789730456e+00 1.358261214943030204e+00
1.051512515969300621e+00 2.742418585993568581e+00 1.909966098815416569e+00 2.488442414276193393e+00 1.360323150423658811e+00
1.075195703245263257e+00 2.721526661835817595e+00 1.924201513358836602e+00 2.466463995601055004e+00 1.363135326769872702e+00
1.084350510424950897e+00 2.698734537329041228e+00 1.938677405912276441e+00 2.438865045087900807e+00 1.371492518346835610e+00
1.097638793763620280e+00 2.705972393179564062e+00 1.955049063577677382e+00 2.422854474720962159e+00 1.355439370558496837e+00
1.109473914980738884e+00 2.739459089293317717e+00 1.972955972418889870e+00 2.427833199181505197e+00 1.341520068924223485e+00
1.134970404929707577e+00 2.763095831545481662e+00 1.990698655589931754e+00 2.433992468703673584e+00 1.334244616178958287e+00
1.173234162431690653e+00 2.769140656191691807e+00 2.000389104301937504e+00 2.437133175560227460e+00 1.332141311343028489e+00
1.211861005513577672e+00 2.751524379481069538e+00 2.004363136027760728e+00 2.436441122254018321e+00 1.330269306843147037e+00
1.239505274822592318e+00 2.711549696130522769e+00 2.009082057634151042e+00 2.436271843806531390e+00 1.322592173167579599e+00
1.253157451223039232e+00 2.660282042231290056e+00 2.011962299724873393e+00 2.435901147486478457e+00 1.311706774707586787e+00
1.258001897956767756e+00 2.604944439961442981e+00 2.008164226552147991e+00 2.426275523069001405e+00 1.306211502751034592e+00
1.256790563752454126e+00 2.555310381054388014e+00 2.001797897674360893e+00 2.406184393387634124e+00 1.308588177515942474e+00
1.252116640955514004e+00 2.509232712050665448e+00 1.998000869953956649e+00 2.382980493074045469e+00 1.314744677883744384e+00
1.245388211612107776e+00 2.462703184529796641e+00 1.997599570616882536e+00 2.360394248537121875e+00 1.321127796117017139e+00
1.243650416430724714e+00 2.416047313555393927e+00 2.003855445969018323e+00 2.336954228637682984e+00 1.322199331635895980e+00
1.244475990782998753e+00 2.370346239519040665e+00 2.010948363898183100e+00 2.313035340307644017e+00 1.321618415633858179e+00
1.247178521688620423e+00 2.327621108049076071e+00 2.015964172258142728e+00 2.286257851365145477e+00 1.320733914146655197e+00
1.253432274190718898e+00 2.297287237138473159e+00 2.031889761778845394e+00 2.263508597734666949e+00 1.325895100431575324e+00
1.246907990004088695e+00 2.274594528965117934e+00 2.031994049507642064e+00 2.245237198823734293e+00 1.348925870076688627e+00
1.248508741941815492e+00 2.261371602396527347e+00 2.050430177970503198e+00 2.235539076597327313e+00 1.370476206744361880e+00
1.251678997068984334e+00 2.247456459458973654e+00 2.072174310573100975e+00 2.228602153822046184e+00 1.388797935949681150e+00
1.252992366264632729e+00 2.224626668308681943e+00 2.090112814116275253e+00 2.223935824425476770e+00 1.409577711732477479e+00
1.257626967043733890e+00 2.201689926390753893e+00 2.103880936446819838e+00 2.227355154048743291e+00 1.433233799586892010e+00
1.268666917203468802e+00 2.199268702275992471e+00 2.122819274403094703e+00 2.233030476305279954e+00 1.454394987858605326e+00
1.276379797588154785e+00 2.195883410169563010e+00 2.133273682014116712e+00 2.230174029005613345e+00 1.482341423243516365e+00
1.282650925711772638e+00 2.190515921407101274e+00 2.139616853987648781e+00 2.225336012940903441e+00 1.511599768607363226e+00
1.288507410549150745e+00 2.184026386808227915e+00 2.144898976407151547e+00 2.220215125579928728e+00 1.541049183306566039e+00
1.294253705274575283e+00 2.177013193404113700e+00 2.149949488203575676e+00 2.215107562789964568e+00 1.570524591653283064e+00
1.300000000000000044e+00 2.169999999999999929e+00 2.154999999999999805e+00 2.209999999999999964e+00 1.600000000000000089e+00
