8.699999999999999956e-01 2.740000000000000213e+00 1.850000000000000089e+00 2.629999999999999893e+00 1.350000000000000089e+00
8.992794794172049855e-01 2.743122602445782654e+00 1.862973333471921178e+00 2.603658751664180926e+00 1.346208245636524969e+00
9.285589588344099754e-01 2.746245204891565095e+00 1.875946666943842045e+00 2.577317503328361514e+00 1.342416491273049850e+00
9.578384382516149653e-01 2.749367807337347536e+00 1.888920000415763134e+00 2.550976254992542547e+00 1.338624736909574509e+00
9.871179176688198442e-01 2.752490409783129977e+00 1.901893333887684001e+00 2.524635006656723135e+00 1.334832982546099389e+00
1.017218409590218808e+00 2.753596124845411719e+00 1.913546742394535816e+00 2.497833934596585870e+00 1.332584183151514612e+00
1.048824592783129894e+00 2.747474634953508854e+00 1.923389492467643791e+00 2.472645133766719017e+00 1.336738604153313581e+00
1.077291789139553924e+00 2.727009162985466695e+00 1.931298276883350651e+00 2.454854632040690099e+00 1.352169544610701157e+00
1.108564165598480589e+00 2.703722221677190785e+00 1.935340585692558291e+00 2.447266777259054837e+00 1.368527831549100071e+00
1.133400875385511153e+00 2.736235247687754502e+00 1.946054722154353378e+00 2.448327311954090479e+00 1.354084121040013189e+00
1.169093326521609022e+00 2.739609309877966137e+00 1.962177513351850866e+00 2.444607948367263361e+00 1.361570268541995699e+00
1.204001229113990323e+00 2.732682444069142402e+00 1.978685318201563570e+00 2.437777551291627542e+00 1.366414589912277711e+00
1.234980898775667635e+00 2.717107159497437419e+00 1.995861416818524692e+00 2.431951667284637075e+00 1.355216674451796832e+00
1.257318733032252389e+00 2.688375683400564764e+00 2.007626471060869999e+00 2.430024505983941374e+00 1.332964051029261521e+00
1.274710281065947637e+00 2.650442192317692847e+00 2.013896922289579283e+00 2.430260966679363310e+00 1.309373235500782773e+00
1.286582589948614963e+00 2.602243703779648420e+00 2.017956054295286350e+00 2.425133828124154345e+00 1.289851220445642044e+00
1.279750020925766840e+00 2.549853586880975520e+00 2.015497376796931750e+00 2.403921494489372090e+00 1.288633970363572745e+00
1.263841314410828698e+00 2.521514934178706646e+00 2.011643575924304095e+00 2.372405090103036240e+00 1.297804159365262278e+00
1.256230497313117311e+00 2.492252464855219785e+00 2.020146193760850029e+00 2.339929861322111115e+00 1.284740571594360947e+00
1.253965817727774379e+00 2.460104279787885151e+00 2.031613622458667834e+00 2.311893739416225557e+00 1.269063197164818746e+00
1.256692854249733315e+00 2.413311751924440252e+00 2.038949433261083577e+00 2.287900390896912217e+00 1.270832597662636676e+00
1.264166107130491490e+00 2.372207230309723691e+00 2.031293116866249804e+00 2.286367229564236769e+00 1.295757810441377833e+00
1.269658881868770850e+00 2.334475734356864951e+00 2.020077773572570567e+00 2.292615249786430720e+00 1.320743003158740603e+00
1.264528039038779639e+00 2.285474907310453663e+00 2.030246229062141694e+00 2.276259075990274994e+00 1.333331356453595573e+00
1.259091289244871792e+00 2.267378774633161509e+00 2.049963623468482155e+00 2.250431578266895105e+00 1.348113578984085681e+00
1.255316334102927200e+00 2.259223353682908275e+00 2.067822020951399331e+00 2.227582790757160591e+00 1.370965584239194346e+00
1.251453866700964035e+00 2.253750197105726549e+00 2.092671648181541944e+00 2.211160244098399286e+00 1.388959694006239864e+00
1.251538399618166375e+00 2.250437838874866259e+00 2.121972767612264832e+00 2.205076940131297736e+00 1.402926776780337503e+00
1.246537051334877022e+00 2.247610748057356833e+00 2.132255467020352402e+00 2.199362191829548063e+00 1.433398911859726566e+00
1.254407489191389224e+00 2.231518849619199329e+00 2.141195960564712397e+00 2.197467687946421222e+00 1.466014518359237684e+00
1.265804674897010429e+00 2.218104417455438959e+00 2.143595319057645110e+00 2.202101195142060597e+00 1.499818445250657994e+00
1.277351540872767366e+00 2.202572919762809001e+00 2.146652093281320450e+00 2.205026220124463254e+00 1.533341537076514882e+00
1.288675770436383816e+00 2.186286459881404465e+00 2.150826046640660127e+00 2.207513110062231831e+00 1.566670768538257486e+00
1.300000000000000044e+00 2.169999999999999929e+00 2.154999999999999805e+00 2.209999999999999964e+00 1.600000000000000089e+00
