8.699999999999999956e-01 2.740000000000000213e+00 1.850000000000000089e+00 2.629999999999999893e+00 1.350000000000000089e+00
9.779256690864474022e-01 2.739213554332462053e+00 1.882413420404397408e+00 2.562915411562218360e+00 1.344435884333114561e+00
1.082969258516692568e+00 2.739605631767448646e+00 1.935148524254710178e+00 2.527996232416307887e+00 1.335140880206650227e+00
1.128894725787895847e+00 2.732796426758901109e+00 1.949624113555520566e+00 2.524758349417704828e+00 1.323977296213234789e+00
1.163758824345158427e+00 2.720470493831498082e+00 1.944832904448086985e+00 2.521874129250932572e+00 1.310051734008772728e+00
1.214676897330320360e+00 2.701191445818769132e+00 1.940559564995783193e+00 2.496045292215807176e+00 1.289315335162722231e+00
1.226104341956317123e+00 2.697099668300682040e+00 1.940733661836073543e+00 2.489184312748674355e+00 1.284858901198300929e+00
1.252994488816146612e+00 2.675813186860224846e+00 1.972554158260991786e+00 2.475726678927248958e+00 1.278073168894519052e+00
1.263906442666610230e+00 2.665467834815998138e+00 2.004912434146928213e+00 2.469928662601352798e+00 1.276057554658847071e+00
1.267308866443815907e+00 2.679717098371356521e+00 2.074909205027227532e+00 2.454402065481438466e+00 1.271974127493789242e+00
1.273791475128056128e+00 2.607044841068652641e+00 2.103340651443687648e+00 2.392178738174937536e+00 1.260952814191771632e+00
1.275271438157211890e+00 2.548174476749765827e+00 2.098479620174497295e+00 2.354533978353638091e+00 1.259194300631014451e+00
1.270294185422094380e+00 2.439594366705524653e+00 2.096789341471835932e+00 2.277817860906920622e+00 1.267539503800036105e+00
1.266088744967462487e+00 2.363608748887435773e+00 2.084850629587486459e+00 2.233816959888734743e+00 1.278839758124544757e+00
1.263347402773113970e+00 2.311495566405389113e+00 2.069057299883988232e+00 2.214324479445115124e+00 1.288465778423174335e+00
1.249200763679420678e+00 2.284979730265698894e+00 2.084829944237818200e+00 2.188462301755456973e+00 1.337334560593441690e+00
1.251238924349547643e+00 2.270854044244471126e+00 2.089891877068488668e+00 2.196903345461595602e+00 1.362123784196528575e+00
1.252888548603233954e+00 2.259442601469938694e+00 2.097032144671554743e+00 2.206374149703191456e+00 1.383239113514441954e+00
1.256118890433318036e+00 2.242231364444820851e+00 2.106126907192665154e+00 2.224652390665469159e+00 1.418835871738353571e+00
1.261362106302693409e+00 2.227917125524432773e+00 2.104547027354121358e+00 2.244404100903759858e+00 1.455976278105446609e+00
1.274452572081973045e+00 2.207468524007542232e+00 2.096331016291422600e+00 2.254718989865410084e+00 1.513465584759703164e+00
1.282296017029887159e+00 2.196532077542504791e+00 2.111546740129451649e+00 2.240222273046800439e+00 1.538942319773115130e+00
1.300000000000000044e+00 2.169999999999999929e+00 2.154999999999999805e+00 2.209999999999999964e+00 1.600000000000000089e+00
