8.699999999999999956e-01 2.740000000000000213e+00 1.850000000000000089e+00 2.629999999999999893e+00 1.350000000000000089e+00
8.920283821203088825e-01 2.740328383891409647e+00 1.858803344090141030e+00 2.610140723704895915e+00 1.346723980980847113e+00
9.140567642406178805e-01 2.740656767782819081e+00 1.867606688180281971e+00 2.590281447409791937e+00 1.343447961961694137e+00
9.360851463609267675e-01 2.740985151674228071e+00 1.876410032270422912e+00 2.570422171114687515e+00 1.340171942942541161e+00
9.581135284812356545e-01 2.741313535565637505e+00 1.885213376360563853e+00 2.550562894819583537e+00 1.336895923923388185e+00
9.801419106015445415e-01 2.741641919457046939e+00 1.894016720450704794e+00 2.530703618524479559e+00 1.333619904904235209e+00
1.002161569526089924e+00 2.742000185280823565e+00 1.902824727798591686e+00 2.510828653437604974e+00 1.330371144940485584e+00
1.023869451003768027e+00 2.742831704069311094e+00 1.911792213621030356e+00 2.490414997351668269e+00 1.328293876970284115e+00
1.045249728076182771e+00 2.740220048727338042e+00 1.921530975064697833e+00 2.470055947444221633e+00 1.327910869123557935e+00
1.065941849980968303e+00 2.728768197332959833e+00 1.933789582281675079e+00 2.452852278428322208e+00 1.327995518092927707e+00
1.086065294853168606e+00 2.716177412518545164e+00 1.948308460145349530e+00 2.438238130047752694e+00 1.330371833611714960e+00
1.097597857465601567e+00 2.702473281638501756e+00 1.968401192946862999e+00 2.441612295206158301e+00 1.337374356220073723e+00
1.112707231395726915e+00 2.695757496588058189e+00 1.988759206566078186e+00 2.445509053590376958e+00 1.345754481963484350e+00
1.119775269992612898e+00 2.671909770342990598e+00 2.004299744457148869e+00 2.442261637926132156e+00 1.357512187088359079e+00
1.121057513997727906e+00 2.642324947522786793e+00 2.016960441630949230e+00 2.435679409753083391e+00 1.368999948927538624e+00
1.119967238238022356e+00 2.615368389359795209e+00 2.029105486454814145e+00 2.422539489813960945e+00 1.379689321034144101e+00
1.117947515765607580e+00 2.593103243707008954e+00 2.034010173847765390e+00 2.400943697113113284e+00 1.389913882166741610e+00
1.118248391989536517e+00 2.569936554071488466e+00 2.019237151491483306e+00 2.383565907557473107e+00 1.394502475296425237e+00
1.126922596352876393e+00 2.546000281383771213e+00 2.001132309729948933e+00 2.374646770169100751e+00 1.389318934819183893e+00
1.147800005907533949e+00 2.522017559400810960e+00 1.994081319240407657e+00 2.367939618186678974e+00 1.381415812326296955e+00
1.161520486572773958e+00 2.492387280349492862e+00 1.999347856024056291e+00 2.351384442356752036e+00 1.380881885525759190e+00
1.155121866168043354e+00 2.461532847121430390e+00 2.003340325215504869e+00 2.331849592627414314e+00 1.384624712385508216e+00
1.140851324372274878e+00 2.429357417614610437e+00 2.001173340648553012e+00 2.317025384455770887e+00 1.389090345539414351e+00
1.127895176164214197e+00 2.396334463204040865e+00 1.997158900325362030e+00 2.306922528269399919e+00 1.397619033505227204e+00
1.126596209220528388e+00 2.372066604722030014e+00 2.004170658710682229e+00 2.299381145821036032e+00 1.412873041589564727e+00
1.137129222941656970e+00 2.357890640319568742e+00 2.021020457833357931e+00 2.293954399915851816e+00 1.424944639205889541e+00
1.153603636382673159e+00 2.344045203726507598e+00 2.040253418157873089e+00 2.290039933946503403e+00 1.431369948414917159e+00
1.172505412185708806e+00 2.326683697915518323e+00 2.058373121088763913e+00 2.287073972441625358e+00 1.434915123624861621e+00
1.192166907861737180e+00 2.308312569930295322e+00 2.075900778563420701e+00 2.283572506793438261e+00 1.437153809894623935e+00
1.211070157342597264e+00 2.293171573164157984e+00 2.094645321957127493e+00 2.277464564321859175e+00 1.437418451280206178e+00
1.227267504694117051e+00 2.284910927003869663e+00 2.115152407476442953e+00 2.268171559633285650e+00 1.434677446074176022e+00
1.239596998645697390e+00 2.283042146822186425e+00 2.136426821936511455e+00 2.257066473202180568e+00 1.428775541568554353e+00
1.242812688228993157e+00 2.258812231488394051e+00 2.132055193402651039e+00 2.246805460737910209e+00 1.428561149442152844e+00
1.239689173677851697e+00 2.238013603524199979e+00 2.118375506987649093e+00 2.248773186616800146e+00 1.443239191597831539e+00
1.242992694298085565e+00 2.220462790520661756e+00 2.117224856618814322e+00 2.247398560199977524e+00 1.462601590645037808e+00
1.250649881783579165e+00 2.208789801784023954e+00 2.123085482055193651e+00 2.242110251431711720e+00 1.481755427682337034e+00
1.259118253697053103e+00 2.201296896178138507e+00 2.129786554750860539e+00 2.235747438501215267e+00 1.500918472576268980e+00
1.267195894341150320e+00 2.195401330624684899e+00 2.135263383258214187e+00 2.230446600104173616e+00 1.520685392882444420e+00
1.275396920755862862e+00 2.189050997968513546e+00 2.140197537443660369e+00 2.225334950078130092e+00 1.540514044661833504e+00
1.283597947170575182e+00 2.182700665312342192e+00 2.145131691629106996e+00 2.220223300052087012e+00 1.560342696441222365e+00
1.291798973585287724e+00 2.176350332656171283e+00 2.150065845814553622e+00 2.215111650026043488e+00 1.580171348220611449e+00
1.300000000000000044e+00 2.169999999999999929e+00 2.154999999999999805e+00 2.209999999999999964e+00 1.600000000000000089e+00
