8.699999999999999956e-01 2.740000000000000213e+00 1.850000000000000089e+00 2.629999999999999893e+00 1.350000000000000089e+00
9.250290375416937438e-01 2.744962092978444623e+00 1.866341980039630810e+00 2.588861203289616775e+00 1.347961137688757915e+00
9.799733447835685674e-01 2.749021741851947365e+00 1.883300242191508600e+00 2.548065339834329812e+00 1.346397163577813805e+00
1.033213758792681958e+00 2.744340188806805081e+00 1.905908532036831193e+00 2.511226546115989944e+00 1.349423760391544880e+00
1.080010946481873901e+00 2.724754689982367140e+00 1.937505696656404597e+00 2.485697953424765849e+00 1.359224334510239496e+00
1.126714093820706308e+00 2.716001711668345919e+00 1.971857937051370691e+00 2.495885058854935945e+00 1.343945510420795575e+00
1.162939816140377669e+00 2.723332225971365261e+00 1.945266681380317664e+00 2.515553205755795219e+00 1.308432728374217202e+00
1.219137820217616852e+00 2.690257997776642096e+00 1.940654415363284979e+00 2.492131844201985746e+00 1.284798773848797371e+00
1.257830854078605842e+00 2.655013389865868323e+00 1.977691749712920277e+00 2.477066599720218143e+00 1.281474448883862083e+00
1.272528244505445771e+00 2.660196202380822328e+00 2.027247793150503075e+00 2.471818442342827993e+00 1.282960264933640904e+00
1.272565738661467494e+00 2.694426109821091320e+00 2.075022414470900856e+00 2.466965453483225268e+00 1.281695959973623955e+00
1.266718522102497690e+00 2.635532230349502569e+00 2.087146395292156509e+00 2.411833356479464729e+00 1.274327512369080928e+00
1.265705144365766754e+00 2.554679671654652484e+00 2.082408901362576170e+00 2.366774711482668714e+00 1.276981376440837535e+00
1.263134786385254005e+00 2.479041838324621327e+00 2.090231576176010186e+00 2.317593793684186387e+00 1.280885462581530243e+00
1.260389937450211661e+00 2.404098155804789361e+00 2.097740685429703600e+00 2.267721394599425899e+00 1.284085861977610765e+00
1.260247632965577402e+00 2.325626550713769891e+00 2.097793618831019558e+00 2.221674679959922294e+00 1.289882837116602454e+00
1.249586866789904160e+00 2.287659042505576945e+00 2.103702033132398785e+00 2.191806581606569715e+00 1.339385646222112758e+00
1.249420173385255906e+00 2.250589531402395149e+00 2.096976468691233109e+00 2.207414535585038973e+00 1.394738076063728460e+00
1.255462880747179266e+00 2.219402991459758834e+00 2.095426314401184875e+00 2.235376637116403664e+00 1.448526555197919397e+00
1.271620373768651557e+00 2.203604969005942049e+00 2.101944619815121484e+00 2.250256168284105573e+00 1.505655609792800220e+00
1.289442182133978321e+00 2.190878882034686725e+00 2.126243528465113108e+00 2.229107291793422707e+00 1.554082759672244407e+00
1.300000000000000044e+00 2.169999999999999929e+00 2.154999999999999805e+00 2.209999999999999964e+00 1.600000000000000089e+00
