8.699999999999999956e-01 2.740000000000000213e+00 1.850000000000000089e+00 2.629999999999999893e+00 1.350000000000000089e+00
9.024380533399272153e-01 2.741796309309230573e+00 1.862265337905129936e+00 2.604956539504984292e+00 1.349921747687290896e+00
9.348761066798544350e-01 2.743592618618460932e+00 1.874530675810259783e+00 2.579913079009968691e+00 1.349843495374581481e+00
9.673141600197816548e-01 2.745388927927691292e+00 1.886796013715389631e+00 2.554869618514953089e+00 1.349765243061872066e+00
9.997740194880736508e-01 2.746781085928962085e+00 1.898978217343430863e+00 2.529763196261755720e+00 1.349467090663327928e+00
1.032293704174749971e+00 2.744861184552699562e+00 1.910435661786863637e+00 2.504233323980091797e+00 1.347370692740484266e+00
1.065510219580536821e+00 2.739203607946002705e+00 1.919797252289448419e+00 2.479668830668470214e+00 1.340573189511556906e+00
1.093701007878618015e+00 2.773014871489079880e+00 1.929448982172206950e+00 2.478803163741141180e+00 1.332070878046806239e+00
1.126026648931240493e+00 2.757001259264442616e+00 1.944336001042576534e+00 2.460633496846443169e+00 1.333959733989435348e+00
1.159239147650689361e+00 2.731180665574655109e+00 1.954138693388819403e+00 2.443660954334481161e+00 1.338332974525725749e+00
1.194284915465649410e+00 2.724018419932914714e+00 1.971456422228295313e+00 2.433175653591482135e+00 1.337620064591015900e+00
1.228310908014778935e+00 2.712332039233053216e+00 1.987570411006043924e+00 2.423294015657633693e+00 1.332373137528239937e+00
1.249558282578268953e+00 2.669285583130387884e+00 1.993767819032575606e+00 2.420331403827535866e+00 1.314213511981554783e+00
1.252088350416214801e+00 2.613762615384998433e+00 1.994213011093364019e+00 2.422966692209412631e+00 1.296550046234465015e+00
1.257090215134827549e+00 2.551504530304352425e+00 1.990389823605414499e+00 2.412894740850382469e+00 1.299245677256780418e+00
1.259391459912075018e+00 2.499217562170882534e+00 1.982086167182006253e+00 2.398234863580223752e+00 1.315107088248708145e+00
1.261001243128850202e+00 2.446654126242998828e+00 1.977431496099466557e+00 2.382550908085495411e+00 1.331966822511248427e+00
1.259445242688834954e+00 2.396257597418165020e+00 1.976018608352239303e+00 2.361822767752967955e+00 1.347908143500165856e+00
1.252809114734790841e+00 2.357519813659804342e+00 1.977252100226290610e+00 2.333505547411339531e+00 1.364982535548066256e+00
1.244714441918854941e+00 2.326512776168782715e+00 1.987828744845952400e+00 2.303571985095432595e+00 1.379834603280074568e+00
1.238900101136412690e+00 2.297414931334892163e+00 2.008855608782743385e+00 2.277663171093927907e+00 1.383068882612541461e+00
1.234905044800007401e+00 2.281945261200107655e+00 2.028835932065520709e+00 2.245440489955064844e+00 1.382810547124911249e+00
1.236043293882620464e+00 2.285240378759448632e+00 2.050846746938531862e+00 2.218657830426474131e+00 1.395450859956156364e+00
1.238264577149736478e+00 2.295679968488386624e+00 2.079804915225472062e+00 2.209297372054202846e+00 1.403925809817377246e+00
1.242196150392387732e+00 2.273510417198325140e+00 2.105040927594564071e+00 2.207215100733817437e+00 1.417062635338089960e+00
1.250151515866814833e+00 2.233260172792979503e+00 2.116219872864239182e+00 2.198984074679169787e+00 1.439578618497409757e+00
1.260775750438293041e+00 2.212580454803489971e+00 2.126965613565069191e+00 2.198270342703533942e+00 1.469301694553461157e+00
1.270745286999196422e+00 2.201187205390393586e+00 2.134154905217079623e+00 2.201027055154845868e+00 1.501836477533884162e+00
1.280496857999464222e+00 2.190791470260262219e+00 2.141103270144719684e+00 2.204018036769897382e+00 1.534557651689256064e+00
1.290248428999732244e+00 2.180395735130131296e+00 2.148051635072359744e+00 2.207009018384948451e+00 1.567278825844628187e+00
1.300000000000000044e+00 2.169999999999999929e+00 2.154999999999999805e+00 2.209999999999999964e+00 1.600000000000000089e+00
