8.699999999999999956e-01 2.740000000000000213e+00 1.850000000000000089e+00 2.629999999999999893e+00 1.350000000000000089e+00
9.079815718984142192e-01 2.756676403949317233e+00 1.864046924226746116e+00 2.602635076621004906e+00 1.345788951612860052e+00
9.459631437968284429e-01 2.773352807898635142e+00 1.878093848453492365e+00 2.575270153242009474e+00 1.341577903225719792e+00
9.839284786215799494e-01 2.789605038844504392e+00 1.892176652749103516e+00 2.547764509887427309e+00 1.337538065466581383e+00
1.021783026996720967e+00 2.803752142587074836e+00 1.906425023950364395e+00 2.519587095355397821e+00 1.334345890240639099e+00
1.057911090379576313e+00 2.806579214060980654e+00 1.923594871655469385e+00 2.489628835890388636e+00 1.333321944669582315e+00
1.083727652741096170e+00 2.779336650028567668e+00 1.944637290937148766e+00 2.458104966124828650e+00 1.336764376343399841e+00
1.111882814134296460e+00 2.731558681242575393e+00 1.943397927688073734e+00 2.431625517727700636e+00 1.330043148483396331e+00
1.144522714939753882e+00 2.681048883215877421e+00 1.954822368705138480e+00 2.418177692730866912e+00 1.322104609528709229e+00
1.182433490710943502e+00 2.640118125173295027e+00 1.970219503541657868e+00 2.414012301990506426e+00 1.312459082907992958e+00
1.224034134310125310e+00 2.616677953840902404e+00 1.986824612654021438e+00 2.412960590599301902e+00 1.298152468253402914e+00
1.267146480222678839e+00 2.620380997461697614e+00 2.002743733713275631e+00 2.421336363262772906e+00 1.282840399621415051e+00
1.278761822063273934e+00 2.569319689236788662e+00 2.008353737949176043e+00 2.400999772722296921e+00 1.261584962423956791e+00
1.269667823844307097e+00 2.515902203794861069e+00 2.009065573401574323e+00 2.368535428096527173e+00 1.249281176780013158e+00
1.263180264441197354e+00 2.455370142273002543e+00 2.013566454687646612e+00 2.337913858944692169e+00 1.248091048357785171e+00
1.262697367688867534e+00 2.393268229510398193e+00 2.024965427173318844e+00 2.320510195602084380e+00 1.266405052801264031e+00
1.268446627686200312e+00 2.371962574835006610e+00 2.057646503016523631e+00 2.315635553151479176e+00 1.293736354417770906e+00
1.276926533916406203e+00 2.334201929961837063e+00 2.060401722298367044e+00 2.290795639857498234e+00 1.324288109093515464e+00
1.265317506966005423e+00 2.299091035854791798e+00 2.073457701823390398e+00 2.263736832110409214e+00 1.351075654642015289e+00
1.255153345605034332e+00 2.273880970128663748e+00 2.095829030609245969e+00 2.237853959441323148e+00 1.377108647115377948e+00
1.249665182398776775e+00 2.263539519073629158e+00 2.128369187580248845e+00 2.216973948140251505e+00 1.400954069579249728e+00
1.252052232055240744e+00 2.246430776550170982e+00 2.158711683715194951e+00 2.227899141822435869e+00 1.430279156772921390e+00
1.249772872455644057e+00 2.221479448339320761e+00 2.180715488479848307e+00 2.242411300639489902e+00 1.463606543564184292e+00
1.253731799692434201e+00 2.227745174807727935e+00 2.206003508895487020e+00 2.243968058500542817e+00 1.499361311605896585e+00
1.267549675468338188e+00 2.215423865607279108e+00 2.202797419166290016e+00 2.235543969446969204e+00 1.539841854552277400e+00
1.283764195210576275e+00 2.193701390822580866e+00 2.181294507223930257e+00 2.223120851777447449e+00 1.571964475371724124e+00
1.300000000000000044e+00 2.169999999999999929e+00 2.154999999999999805e+00 2.209999999999999964e+00 1.600000000000000089e+00
