8.699999999999999956e-01 2.740000000000000213e+00 1.850000000000000089e+00 2.629999999999999893e+00 1.350000000000000089e+00
8.890723269963592967e-01 2.745242575191769063e+00 1.862498534866359190e+00 2.611549140303667915e+00 1.351850610853275514e+00
9.081446539927185979e-01 2.750485150383537469e+00 1.874997069732718513e+00 2.593098280607335937e+00 1.353701221706550939e+00
9.272169809890777881e-01 2.755727725575305875e+00 1.887495604599077614e+00 2.574647420911004403e+00 1.355551832559826142e+00
9.462918143738509036e-01 2.760959284490475341e+00 1.899992349711780770e+00 2.556194810839520937e+00 1.357399352565158424e+00
9.653829802136792981e-01 2.766117725981908748e+00 1.912476997745554463e+00 2.537730629098088553e+00 1.359228577187034936e+00
9.845753248877933128e-01 2.770810514064875107e+00 1.924882821401727284e+00 2.519194603545121147e+00 1.360949009296553935e+00
1.004147411820104585e+00 2.773591912571697904e+00 1.936944489294631921e+00 2.500396655066400076e+00 1.362230206141746836e+00
1.024491267081741874e+00 2.770945828125840560e+00 1.947846806743122272e+00 2.481113927258221885e+00 1.362558819114739528e+00
1.045099016288887128e+00 2.755582584463346585e+00 1.955067531609724574e+00 2.462137723117813870e+00 1.362871372110693313e+00
1.061479660648328327e+00 2.723117909636969536e+00 1.954253308417557511e+00 2.453049767927629077e+00 1.369080007494070550e+00
1.074601940986680271e+00 2.697146840907306498e+00 1.959211263784744972e+00 2.458472113460998365e+00 1.382498706701129843e+00
1.080534932044356022e+00 2.704610293945231447e+00 1.978735241632258113e+00 2.451602761710645062e+00 1.379457040198303064e+00
1.083593423618625540e+00 2.677163669069381413e+00 1.969436035619939185e+00 2.445344982486957974e+00 1.368804410567222352e+00
1.095669200141988764e+00 2.638596638720585474e+00 1.974028001023306222e+00 2.441339701438514087e+00 1.369715649935920210e+00
1.100773298487270235e+00 2.610058339250315385e+00 1.981683503850580008e+00 2.432477211972838838e+00 1.383165329282529665e+00
1.103924144870030988e+00 2.587501599035595845e+00 1.987415894816583650e+00 2.419959226073086000e+00 1.398503642490036336e+00
1.110986454483929853e+00 2.561511933109455352e+00 1.991896257660054959e+00 2.400829706446188982e+00 1.406391998686401967e+00
1.121803912391558411e+00 2.532602053385569096e+00 1.995098359564482893e+00 2.381170909819145809e+00 1.401291251156304041e+00
1.133114874275728878e+00 2.504873788662384193e+00 1.997987426537342959e+00 2.365432870938724008e+00 1.390598735951945386e+00
1.146523877537381164e+00 2.478576380664522461e+00 2.000653827749453662e+00 2.351057021528558000e+00 1.379360354991873372e+00
1.163932512701566058e+00 2.455431978520018710e+00 2.001906560802797053e+00 2.338200851396956548e+00 1.368054954966415826e+00
1.184851698781558049e+00 2.436151614041262903e+00 2.001698479271809550e+00 2.327555647250126647e+00 1.356642719360914295e+00
1.207815177112099958e+00 2.418902788912741908e+00 2.001660418927982743e+00 2.317591100324087883e+00 1.346118801562600664e+00
1.230539128338369537e+00 2.397822808654831217e+00 2.004061607873962370e+00 2.305610435416997728e+00 1.340876447383569259e+00
1.243770676007789566e+00 2.369097223693977572e+00 2.010033702731070182e+00 2.292480013199165167e+00 1.348458456563339070e+00
1.243836793560179510e+00 2.341577513980709568e+00 2.017022502159936170e+00 2.282599602848318643e+00 1.362841965998797145e+00
1.238848421476178574e+00 2.314627362700941937e+00 2.025088398011701152e+00 2.274460938557254952e+00 1.377208972179285951e+00
1.233955113960224281e+00 2.288137418847869586e+00 2.036294176405542444e+00 2.267665554347613632e+00 1.390115911190433984e+00
1.231695290141160637e+00 2.268384794425372331e+00 2.053027878328300027e+00 2.263367653401738178e+00 1.401197358973338858e+00
1.232656489817347323e+00 2.259885381972382312e+00 2.073839991896107904e+00 2.261122117068697257e+00 1.410287067844489872e+00
1.234933152554116509e+00 2.256842255621790638e+00 2.094870692588894023e+00 2.259109257085526679e+00 1.419631133765347553e+00
1.237178286093969515e+00 2.251608013404056585e+00 2.113820324747375246e+00 2.257689577101563039e+00 1.431920926908020864e+00
1.240198712871426023e+00 2.242139867650636553e+00 2.129807630802126095e+00 2.258373766403844574e+00 1.446829631965602880e+00
1.244596531279872575e+00 2.227108143163438303e+00 2.142575028658865399e+00 2.255936953452144067e+00 1.462897686841002631e+00
1.250230564769178043e+00 2.211903183903650483e+00 2.149309186539446692e+00 2.249275291392677456e+00 1.481195082037942701e+00
1.257179107001846319e+00 2.199932306362357259e+00 2.152803316833540759e+00 2.241503232335351203e+00 1.500350188367461479e+00
1.265074803006770443e+00 2.190834791132077353e+00 2.154526690989720272e+00 2.234084322352026586e+00 1.519943488963462208e+00
1.273498908124691686e+00 2.183949134200146247e+00 2.155057975316888808e+00 2.227409413767948987e+00 1.539813867589107099e+00
1.282235556805834564e+00 2.178723395515647088e+00 2.155120116743813430e+00 2.221375051090984432e+00 1.559833897788463597e+00
1.291117778402917304e+00 2.174361697757823730e+00 2.155060058371906617e+00 2.215687525545492420e+00 1.579916948894231954e+00
1.300000000000000044e+00 2.169999999999999929e+00 2.154999999999999805e+00 2.209999999999999964e+00 1.600000000000000089e+00
