8.699999999999999956e-01 2.740000000000000213e+00 1.850000000000000089e+00 2.629999999999999893e+00 1.350000000000000089e+00
9.030766395619480580e-01 2.742446318324768040e+00 1.863383201407083467e+00 2.609499144930171433e+00 1.347354850840130958e+00
9.361532791238962314e-01 2.744892636649535866e+00 1.876766402814166623e+00 2.588998289860342972e+00 1.344709701680261604e+00
9.692299186858442939e-01 2.747338954974303249e+00 1.890149604221250002e+00 2.568497434790514067e+00 1.342064552520392473e+00
1.002302810675550937e+00 2.749790106478379847e+00 1.903536674789055416e+00 2.547996237166168854e+00 1.339417228479390598e+00
1.035362028909337040e+00 2.752258879627474286e+00 1.916937848881450579e+00 2.527493796528908376e+00 1.336761975329471941e+00
1.067601249807315966e+00 2.753558702382491230e+00 1.931351501271857174e+00 2.506789125079472491e+00 1.335695386521009720e+00
1.094723276838171167e+00 2.751720572597305292e+00 1.950877638652211532e+00 2.489312973988393018e+00 1.342023375494365789e+00
1.120916679531872573e+00 2.753626020122697415e+00 1.968895030291736736e+00 2.467369837619467265e+00 1.336756214885456151e+00
1.142484050931273920e+00 2.716265655213472296e+00 1.961713841840903028e+00 2.445468150500254900e+00 1.339234180508640515e+00
1.177221506162242859e+00 2.700947340857613899e+00 1.975202795028953906e+00 2.431791035769995890e+00 1.341174896926482507e+00
1.209962726612921813e+00 2.694533941598851179e+00 1.989464274886866724e+00 2.419335462272219406e+00 1.329271458385977267e+00
1.232914125862859978e+00 2.677703435053921055e+00 2.001351933120904203e+00 2.416098188649409728e+00 1.304980622119203737e+00
1.245320732859731550e+00 2.639464530332790826e+00 2.002653754751436921e+00 2.423876595093107156e+00 1.280618165901167282e+00
1.256443608162459036e+00 2.587369295071380026e+00 1.989487509517215980e+00 2.424742154973500430e+00 1.275698231102773361e+00
1.266483563888771924e+00 2.545740988050354758e+00 1.975864277179846473e+00 2.408711258597483251e+00 1.289556380372405275e+00
1.273323829537891472e+00 2.513098035124567531e+00 1.972267035496845899e+00 2.381274169005510366e+00 1.308384614578135485e+00
1.274175539232614396e+00 2.481774906113421331e+00 1.979390047048080525e+00 2.351649002112881526e+00 1.325457896597430851e+00
1.268798912064251994e+00 2.448965410833478629e+00 1.993458990074512105e+00 2.327289263122789720e+00 1.340972194170365839e+00
1.259731986833455997e+00 2.415212566751065548e+00 2.010367175143854990e+00 2.308414932875719305e+00 1.356004255130207170e+00
1.250327933596018681e+00 2.382209560515188951e+00 2.028879968710887827e+00 2.290947467558318795e+00 1.369953583627137261e+00
1.243525541197006756e+00 2.348686251832778460e+00 2.048880487812950513e+00 2.273049009217931626e+00 1.381193840765631675e+00
1.240997963206554422e+00 2.313088605182461066e+00 2.070125781239203544e+00 2.256169474463417313e+00 1.389245555474133198e+00
1.243037138274961428e+00 2.283252335820430634e+00 2.093068488783285552e+00 2.239750618661173309e+00 1.398094532651457556e+00
1.249554548314046443e+00 2.275709000089400025e+00 2.115512511772632109e+00 2.220747648062445290e+00 1.414984476113056999e+00
1.258556450542337002e+00 2.274370761425952292e+00 2.132145765241363566e+00 2.207517434014302005e+00 1.440923455354143234e+00
1.266425858708162266e+00 2.251256626890425050e+00 2.140952430566950060e+00 2.206960313419989550e+00 1.471213476328647296e+00
1.274753181028634330e+00 2.229455644863559183e+00 2.144234113413384435e+00 2.208137842261092221e+00 1.503151418455835664e+00
1.283168787352422902e+00 2.209637096575706394e+00 2.147822742275589558e+00 2.208758561507394802e+00 1.535434278970557065e+00
1.291584393676211473e+00 2.189818548287853162e+00 2.151411371137794681e+00 2.209379280753697383e+00 1.567717139485278466e+00
1.300000000000000044e+00 2.169999999999999929e+00 2.154999999999999805e+00 2.209999999999999964e+00 1.600000000000000089e+00
