8.699999999999999956e-01 2.740000000000000213e+00 1.850000000000000089e+00 2.629999999999999893e+00 1.350000000000000089e+00
9.113829232177469430e-01 2.734117998066547983e+00 1.865939619407946948e+00 2.600678428900635275e+00 1.348184544201808333e+00
9.527658464354937795e-01 2.728235996133095309e+00 1.881879238815893807e+00 2.571356857801270657e+00 1.346369088403616354e+00
9.941487696532407270e-01 2.722353994199642635e+00 1.897818858223840666e+00 2.542035286701906038e+00 1.344553632605424598e+00
1.035531692870987674e+00 2.716471992266189961e+00 1.913758477631787525e+00 2.512713715602541864e+00 1.342738176807232620e+00
1.077778020586270369e+00 2.718401060676696623e+00 1.925071560887853472e+00 2.480909948077027583e+00 1.338382805628790084e+00
1.111357468459838183e+00 2.699951695658171502e+00 1.942097577142464893e+00 2.453934340038328443e+00 1.352893725250267298e+00
1.133957118256176955e+00 2.666239197447460185e+00 1.960396421475072204e+00 2.442010616842475113e+00 1.381886535821445161e+00
1.138110359636359314e+00 2.686359711796399097e+00 1.948020602798533840e+00 2.443285127404684953e+00 1.340944095836355654e+00
1.180102159419170960e+00 2.690551192867785879e+00 1.946412099025753406e+00 2.437730094635714551e+00 1.310626522669490868e+00
1.227660523278299998e+00 2.672187601320971329e+00 1.961195509646652679e+00 2.430278290206883796e+00 1.302216408044391649e+00
1.268332276109283896e+00 2.637618437413164152e+00 1.978208942559595229e+00 2.423242684661053303e+00 1.290802855133634575e+00
1.288449073637701003e+00 2.609138101782482622e+00 2.005004872303364660e+00 2.427571942151432793e+00 1.268030220732879076e+00
1.292042036662306881e+00 2.588829275512537720e+00 2.037497475529336466e+00 2.413888977040889561e+00 1.254320690333736499e+00
1.283581832912086940e+00 2.541172139360500903e+00 2.040318596674351781e+00 2.372890384812668341e+00 1.250740207406384918e+00
1.274784975307840185e+00 2.491944269276012314e+00 2.050906384245184011e+00 2.337460866804912385e+00 1.239266628305037088e+00
1.267152603235300212e+00 2.433016590458725759e+00 2.057581804009572579e+00 2.305733752927611402e+00 1.237332482862044891e+00
1.260991389188598877e+00 2.381029912544123661e+00 2.051907893659228321e+00 2.278066392796652462e+00 1.258096197724210885e+00
1.262183914717229127e+00 2.350998805421446125e+00 2.040490986848298771e+00 2.278203728545422191e+00 1.298329594478333071e+00
1.262079109541506039e+00 2.320279450232058061e+00 2.056898376547014795e+00 2.268869511068477784e+00 1.336954957475977590e+00
1.250546734028471274e+00 2.293662249524220265e+00 2.073096260494457610e+00 2.251840039188567566e+00 1.373422721283860781e+00
1.242565783689470127e+00 2.274177663933367732e+00 2.101148367667660999e+00 2.244964566865604638e+00 1.404025168177560845e+00
1.247576690353410456e+00 2.250335053547038555e+00 2.129487395210631462e+00 2.237145665240027892e+00 1.428125112609154757e+00
1.248308814940537470e+00 2.220466595277147182e+00 2.127946612280890548e+00 2.220104730622909806e+00 1.469731138443306051e+00
1.259514291455593238e+00 2.199580488409877077e+00 2.135743357146874466e+00 2.215336129135798249e+00 1.514380921851259165e+00
1.278301759117981717e+00 2.181777924602205321e+00 2.145914243938435995e+00 2.212881727038690904e+00 1.557093064665498572e+00
1.300000000000000044e+00 2.169999999999999929e+00 2.154999999999999805e+00 2.209999999999999964e+00 1.600000000000000089e+00
