8.699999999999999956e-01 2.740000000000000213e+00 1.850000000000000089e+00 2.629999999999999893e+00 1.350000000000000089e+00
8.926132789649529053e-01 2.740728835666477625e+00 1.861071039478159550e+00 2.615598166726554208e+00 1.346917086665499586e+00
9.152265579299059262e-01 2.741457671332955037e+00 1.872142078956319011e+00 2.601196333453108522e+00 1.343834173330998860e+00
9.378398368948588359e-01 2.742186506999432005e+00 1.883213118434478472e+00 2.586794500179662837e+00 1.340751259996498357e+00
9.604531158598117457e-01 2.742915342665909861e+00 1.894284157912637934e+00 2.572392666906217151e+00 1.337668346661997631e+00
9.830663948247646555e-01 2.743644178332386829e+00 1.905355197390797395e+00 2.557990833632771466e+00 1.334585433327497128e+00
1.005713413718451132e+00 2.744431491916600852e+00 1.916382363637225250e+00 2.543568320162215901e+00 1.331557441251655316e+00
1.028581988435188999e+00 2.745643743065817599e+00 1.927081998247619943e+00 2.528898239773981427e+00 1.329148933900359708e+00
1.051701604761841935e+00 2.748231846579807236e+00 1.937003614536426221e+00 2.513580627344424556e+00 1.329288255163246557e+00
1.072864801837403848e+00 2.750964197706248004e+00 1.945687971041446973e+00 2.497084444596855413e+00 1.334843669445701320e+00
1.086923762641432090e+00 2.740563315416098433e+00 1.948828846814700810e+00 2.475196175066577631e+00 1.342174524743662944e+00
1.083323242281231114e+00 2.721529815795364016e+00 1.945732685697092235e+00 2.450253993943498187e+00 1.343947883328326043e+00
1.074241475759643238e+00 2.702402859426810799e+00 1.953288813213805097e+00 2.431516663967729031e+00 1.352515790855665312e+00
1.072429586370595489e+00 2.679817880239916406e+00 1.964233431421846365e+00 2.420084473288914850e+00 1.364977918093898124e+00
1.078201730535023994e+00 2.650662352122779453e+00 1.971264246324255565e+00 2.409070622733758160e+00 1.375943833251032089e+00
1.088504146184833932e+00 2.617504701169464543e+00 1.974614742021536973e+00 2.396806629111850828e+00 1.382865984188622388e+00
1.100916640862719120e+00 2.582930235863921897e+00 1.977660219267384667e+00 2.384807810120369798e+00 1.386480524508088230e+00
1.112813276535920437e+00 2.547477208304441909e+00 1.979798435024480607e+00 2.373638744946396262e+00 1.390739709377109445e+00
1.120423376582149189e+00 2.511560545932157940e+00 1.978592681301035494e+00 2.362014240341781424e+00 1.397224079289783871e+00
1.124184865116731213e+00 2.474971966987857375e+00 1.976305272127036883e+00 2.350196019037009698e+00 1.404181385168724150e+00
1.126700973086763646e+00 2.436763335138658615e+00 1.975350397936023850e+00 2.337846537066721631e+00 1.408945741966472598e+00
1.129086358878473861e+00 2.398380209094947535e+00 1.976245272727137348e+00 2.324007548069543461e+00 1.409625442589636402e+00
1.132320070978047655e+00 2.361814637778103965e+00 1.979405527607104087e+00 2.308950482220370581e+00 1.407100351943235905e+00
1.138853766298782544e+00 2.327078045132937589e+00 1.985389018592621513e+00 2.294059381027325539e+00 1.404731726009654125e+00
1.150802708972369359e+00 2.295313556424117607e+00 1.993824561413218177e+00 2.281079946720721896e+00 1.405701434800388006e+00
1.167421305631449968e+00 2.269249250301854648e+00 2.003659807685695959e+00 2.270934619613510286e+00 1.410788491889355178e+00
1.186112778098437959e+00 2.249964028382861692e+00 2.015111390242837253e+00 2.263167728965733705e+00 1.418495632198533807e+00
1.204452878616357747e+00 2.234021884078131404e+00 2.028919450478462672e+00 2.256302243150416054e+00 1.426269174871816814e+00
1.221712004403356033e+00 2.215988419909630469e+00 2.042798918697990018e+00 2.251161559317349958e+00 1.434642843900876930e+00
1.236971805718411144e+00 2.202297550762546852e+00 2.059751230302993008e+00 2.249863896764482174e+00 1.443150131985549756e+00
1.244976466794704306e+00 2.205528810240836801e+00 2.082469253773115980e+00 2.249490995335526211e+00 1.445787640159036380e+00
1.247139958322341702e+00 2.216962573665004932e+00 2.106492044162409094e+00 2.246887466188732585e+00 1.444992328811581572e+00
1.247454618970537110e+00 2.227635864882377970e+00 2.130773465930853483e+00 2.243948920089484211e+00 1.445028477178208481e+00
1.248904892462418426e+00 2.231001868512152431e+00 2.139541205639765575e+00 2.251550441397932367e+00 1.457112444141268615e+00
1.254352841528965978e+00 2.208112100935254229e+00 2.128458942415873523e+00 2.251092674012749040e+00 1.470870562113293367e+00
1.260927006061980604e+00 2.188105017288853649e+00 2.128463619767753112e+00 2.247286334393280516e+00 1.487907083572013178e+00
1.267619072046724193e+00 2.176702158100844109e+00 2.132612856496265863e+00 2.241533631666617232e+00 1.506057133694047590e+00
1.274255828157513148e+00 2.171946810192979971e+00 2.137257702714830732e+00 2.235140613498168172e+00 1.524679570719136734e+00
1.280788719471097625e+00 2.170488004324399700e+00 2.141669976122822394e+00 2.228748635701109926e+00 1.543473406568199202e+00
1.287223956698807958e+00 2.170152237373763615e+00 2.146074093377450698e+00 2.222465430096128181e+00 1.562311339603396076e+00
1.293611978349404001e+00 2.170076118686881994e+00 2.150537046688725251e+00 2.216232715048064073e+00 1.581155669801697972e+00
1.300000000000000044e+00 2.169999999999999929e+00 2.154999999999999805e+00 2.209999999999999964e+00 1.600000000000000089e+00
