8.699999999999999956e-01 2.740000000000000213e+00 1.850000000000000089e+00 2.629999999999999893e+00 1.350000000000000089e+00
8.957351710279798374e-01 2.743020490163839753e+00 1.864236727700736118e+00 2.610040648357620174e+00 1.344975944091793441e+00
9.214703420559596792e-01 2.746040980327678849e+00 1.878473455401471925e+00 2.590081296715240455e+00 1.339951888183586792e+00
9.472055130839395209e-01 2.749061470491517944e+00 1.892710183102207955e+00 2.570121945072860736e+00 1.334927832275380144e+00
9.729406841119193627e-01 2.752081960655357484e+00 1.906946910802943984e+00 2.550162593430481017e+00 1.329903776367173496e+00
9.988546843796209940e-01 2.755510537764768397e+00 1.920919605512237283e+00 2.529911222412771110e+00 1.325309391097257983e+00
1.025381248663417066e+00 2.760307630857615102e+00 1.933743594168923385e+00 2.508559768810987300e+00 1.322480731909068785e+00
1.052628415854275579e+00 2.767200270961486908e+00 1.942995088896717570e+00 2.485003362476254196e+00 1.324513641573010103e+00
1.076181017984421562e+00 2.771818161845763129e+00 1.943806348972693332e+00 2.460741358296726133e+00 1.336801697358611207e+00
1.093300522072033765e+00 2.768623254238397280e+00 1.947205110711039522e+00 2.444665858869722097e+00 1.358381951416676614e+00
1.105892351515766814e+00 2.749477088624448839e+00 1.967864914358582906e+00 2.438959485083366907e+00 1.367841287990041010e+00
1.125275661782140890e+00 2.726255595315362878e+00 1.988646828463495053e+00 2.432422913808482523e+00 1.366781464814985636e+00
1.153194330784222732e+00 2.713182423353699857e+00 1.987267364660246782e+00 2.429887968985915414e+00 1.350428974966642715e+00
1.175413413559686759e+00 2.697178428888904467e+00 1.972896652442201582e+00 2.432011151234156454e+00 1.334206294212336497e+00
1.204005560813262043e+00 2.665516194955984464e+00 1.971348772609871070e+00 2.428776062056344109e+00 1.323000732012329594e+00
1.230894175147926761e+00 2.636744917216533146e+00 1.978049369303405136e+00 2.423893974217848690e+00 1.309834301486193286e+00
1.250094351658885827e+00 2.609625028705868655e+00 1.996716585795792920e+00 2.413908093875272165e+00 1.306187530843754274e+00
1.259917236897991399e+00 2.599909781783249496e+00 2.021160431509301247e+00 2.399956175743670705e+00 1.304785480808612119e+00
1.260524595795712077e+00 2.571635250759953362e+00 2.044507005616637674e+00 2.403306460955493495e+00 1.301767749370213778e+00
1.254669220663979123e+00 2.524022175704994986e+00 2.051481567012768181e+00 2.384143691002952092e+00 1.305022355441646909e+00
1.251262464513849038e+00 2.487060874802739630e+00 2.060777094491389239e+00 2.357805515676931751e+00 1.308919089532418534e+00
1.249028486966990759e+00 2.452084150819496600e+00 2.070389381854575550e+00 2.330852488542255241e+00 1.313353673080394746e+00
1.248611787977475851e+00 2.407943638233676520e+00 2.068913729906027843e+00 2.308500785221020202e+00 1.321395061201018128e+00
1.248639257785709944e+00 2.373541054208493595e+00 2.051864970715766123e+00 2.291673351770428191e+00 1.329421276107142669e+00
1.240593258616761396e+00 2.353343607969161422e+00 2.035625103319710139e+00 2.280178248748866654e+00 1.345931298165536250e+00
1.229446684633385356e+00 2.333658574720164580e+00 2.040790530760278276e+00 2.285500777610038892e+00 1.368059409320756981e+00
1.233846250230365538e+00 2.304438017855507947e+00 2.058458787975363524e+00 2.273086369861574418e+00 1.381332427535043816e+00
1.234984156987791737e+00 2.279459645442331706e+00 2.072417623393841168e+00 2.259485842047581183e+00 1.399903627561118080e+00
1.237064496443012196e+00 2.249660703742165424e+00 2.091109256628364221e+00 2.247736290259856773e+00 1.412176094452339381e+00
1.241136760355839419e+00 2.231252872934229359e+00 2.111155445549770082e+00 2.244509497218563965e+00 1.424069865395256151e+00
1.243848081395174887e+00 2.236479437541777138e+00 2.110429229349255476e+00 2.251197908748080234e+00 1.451408597006620838e+00
1.251132396066705788e+00 2.236671158882517219e+00 2.110859148725541257e+00 2.244894813185758675e+00 1.478547851330633600e+00
1.261333886848394759e+00 2.231092718746360060e+00 2.118157910786812703e+00 2.233448462532679812e+00 1.503201513149359680e+00
1.271571852225053423e+00 2.220083975046956759e+00 2.127805810619856963e+00 2.224549524232786624e+00 1.527179459161813746e+00
1.280939429133878038e+00 2.204691658564057910e+00 2.137140095482588098e+00 2.219086026181589233e+00 1.551498891772894684e+00
1.290469714566938819e+00 2.187345829282028919e+00 2.146070047741293951e+00 2.214543013090794599e+00 1.575749445886447164e+00
1.300000000000000044e+00 2.169999999999999929e+00 2.154999999999999805e+00 2.209999999999999964e+00 1.600000000000000089e+00
