8.699999999999999956e-01 2.740000000000000213e+00 1.850000000000000089e+00 2.629999999999999893e+00 1.350000000000000089e+00
8.919599495170595915e-01 2.746823484838740725e+00 1.861658461874247328e+00 2.614046245793138379e+00 1.350972600147827940e+00
9.139198990341190765e-01 2.753646969677480794e+00 1.873316923748494567e+00 2.598092491586276864e+00 1.351945200295656013e+00
9.358798485511786724e-01 2.760470454516221306e+00 1.884975385622741806e+00 2.582138737379415350e+00 1.352917800443483864e+00
9.578397980682382684e-01 2.767293939354961374e+00 1.896633847496988823e+00 2.566184983172553835e+00 1.353890400591311938e+00
9.797908151092110662e-01 2.774044400646760167e+00 1.908295659777673237e+00 2.550212015197016235e+00 1.354874242794113837e+00
1.001698729311382152e+00 2.780450369241779462e+00 1.919972731849738823e+00 2.534149214601892464e+00 1.355911027765626775e+00
1.023453537713520545e+00 2.785673042691853674e+00 1.931690870360738943e+00 2.517783629865144146e+00 1.357085075854430833e+00
1.044706051812456016e+00 2.787500739519108706e+00 1.943452249911909568e+00 2.500616104122471040e+00 1.358482540048976617e+00
1.064511119609356848e+00 2.781550794082005673e+00 1.954954101489222662e+00 2.482045939200911988e+00 1.359607388398061500e+00
1.080858713979969243e+00 2.762447512559891294e+00 1.964357364825590757e+00 2.462957216259180626e+00 1.356850424677822797e+00
1.090280013721925290e+00 2.733104858915630153e+00 1.964047118599221653e+00 2.446689640372502694e+00 1.347592665286284630e+00
1.095867550029183457e+00 2.699272813206577304e+00 1.956067213060664001e+00 2.434977056760308400e+00 1.338369279337364715e+00
1.098485105129679118e+00 2.656360550909204754e+00 1.948534385250377809e+00 2.432172703292282634e+00 1.338819709194768448e+00
1.104313237538847581e+00 2.633449428604663023e+00 1.962063359174271548e+00 2.438345275390866540e+00 1.347086170366835312e+00
1.107088752480819505e+00 2.620982837823815359e+00 1.983456388484868826e+00 2.439584094948936688e+00 1.352495338453994611e+00
1.105020128474283547e+00 2.599440613729511185e+00 1.991876042975883276e+00 2.430046045801781851e+00 1.367811645212476224e+00
1.106516840113766387e+00 2.586359326094243460e+00 1.985173086372790552e+00 2.417137417791969334e+00 1.384941391374662878e+00
1.111537122261157196e+00 2.557284852531865660e+00 1.979749305860052377e+00 2.403690445431588607e+00 1.397556593489768018e+00
1.113319835741417574e+00 2.513648817851043216e+00 1.979207926444933152e+00 2.393672881852152656e+00 1.402019542969329402e+00
1.109706990023860529e+00 2.469829736616117710e+00 1.977567658721639088e+00 2.383598595394422315e+00 1.405670084933470454e+00
1.106692132954104846e+00 2.439104676352542356e+00 1.979399604702575255e+00 2.361365587830158042e+00 1.403036289237205470e+00
1.118061292543494512e+00 2.427213644325229236e+00 1.986997019796102881e+00 2.341304959871219005e+00 1.392289302536917628e+00
1.127352767625398267e+00 2.404314712762484874e+00 2.000718179783701700e+00 2.323883164693963277e+00 1.391969666724178545e+00
1.134900769432914069e+00 2.387940608291197364e+00 2.020287827598870045e+00 2.314331959677589534e+00 1.393965861946597995e+00
1.150426283724423238e+00 2.368850214037450996e+00 2.034731427087581146e+00 2.303896118661171499e+00 1.400042516242582469e+00
1.172319784983040236e+00 2.348741676626628028e+00 2.040745021223921984e+00 2.293584175867751540e+00 1.408913377322741800e+00
1.193937576030717151e+00 2.326275038649169513e+00 2.042520676918330835e+00 2.282226813257586251e+00 1.417889988421774383e+00
1.212433583800681003e+00 2.299645517013870322e+00 2.047264956761894350e+00 2.267651129881412597e+00 1.423028174347216845e+00
1.224506028612837527e+00 2.283594873273894876e+00 2.064352005896290088e+00 2.255420663674632120e+00 1.423726672517447334e+00
1.228963713295640803e+00 2.285891126882932944e+00 2.086905078793924062e+00 2.251919884364624647e+00 1.426403518997697795e+00
1.230794404035045364e+00 2.293182276932637098e+00 2.108866510621675960e+00 2.252144625322345384e+00 1.432264433562078221e+00
1.232958786351649350e+00 2.295450581926470335e+00 2.128996670420854276e+00 2.252516275658374756e+00 1.441532055116981015e+00
1.234583616246350601e+00 2.274644716547748136e+00 2.138220030769089508e+00 2.252561262308886647e+00 1.457759925870708795e+00
1.233179651243655250e+00 2.246152980647144748e+00 2.136671372366984123e+00 2.253196886410549826e+00 1.474499188217551771e+00
1.231225545192172532e+00 2.223801955564719712e+00 2.135517671826325348e+00 2.253367086769125560e+00 1.492945183183364888e+00
1.232859623698428830e+00 2.207771926995679035e+00 2.136758080593427866e+00 2.250987577868021283e+00 1.512583074484486367e+00
1.240341887269989174e+00 2.195825357850965442e+00 2.139459922352329624e+00 2.245413288519591877e+00 1.531813856380553895e+00
1.252984524449554327e+00 2.187387094491720418e+00 2.142903032987165446e+00 2.237461660226892857e+00 1.549768245963339952e+00
1.268260266015657889e+00 2.181223421927953598e+00 2.146859446959183071e+00 2.228461593160204313e+00 1.566696964241884427e+00
1.284130133007828967e+00 2.175611710963976986e+00 2.150929723479591438e+00 2.219230796580102361e+00 1.583348482120942258e+00
1.300000000000000044e+00 2.169999999999999929e+00 2.154999999999999805e+00 2.209999999999999964e+00 1.600000000000000089e+00
