8.699999999999999956e-01 2.740000000000000213e+00 1.850000000000000089e+00 2.629999999999999893e+00 1.350000000000000089e+00
8.937477197085786917e-01 2.744039169995449168e+00 1.860343742731291439e+00 2.605399351273623321e+00 1.350401808433537187e+00
9.174954394171572769e-01 2.748078339990898122e+00 1.870687485462582789e+00 2.580798702547246304e+00 1.350803616867074508e+00
9.412431591257358621e-01 2.752117509986347077e+00 1.881031228193874139e+00 2.556198053820869731e+00 1.351205425300611607e+00
9.649908788343145583e-01 2.756156679981796032e+00 1.891374970925165488e+00 2.531597405094493158e+00 1.351607233734148705e+00
9.887657884264069441e-01 2.760535298945458571e+00 1.902012418227389645e+00 2.507286814377012618e+00 1.351839533899245271e+00
1.012888770454141829e+00 2.766035182960233652e+00 1.913581616063191326e+00 2.484277994089989505e+00 1.351653092464905281e+00
1.037993809894898867e+00 2.773415384996450683e+00 1.926883915378526657e+00 2.464727097631524533e+00 1.350552647410542262e+00
1.064060865579281367e+00 2.780270762766719805e+00 1.942475801690680903e+00 2.451098427241368949e+00 1.347433510863393025e+00
1.087823760532488304e+00 2.771438689356030771e+00 1.959658441537581286e+00 2.441622375644662668e+00 1.341544186132808125e+00
1.105221213506419664e+00 2.734830820847375055e+00 1.971106282016139577e+00 2.432541251409949812e+00 1.337814213510629902e+00
1.130160658665166906e+00 2.700705965295935762e+00 1.967290258214491994e+00 2.426319491645831938e+00 1.335474538400893696e+00
1.161469604170885628e+00 2.699064428854981657e+00 1.975734362470147776e+00 2.426026818194308987e+00 1.325626862755871826e+00
1.188529004063804351e+00 2.688374153325743254e+00 1.991674638342326498e+00 2.425054053554535294e+00 1.317823084566488889e+00
1.218664150518948830e+00 2.672726657274512974e+00 2.002640668493041343e+00 2.425874796927141475e+00 1.309024200881180766e+00
1.245286916502289953e+00 2.659351382803645691e+00 1.990947993341083189e+00 2.427711949299329319e+00 1.297910840688924150e+00
1.262514047327101707e+00 2.627896470406237750e+00 1.992271526278789562e+00 2.407999695471490842e+00 1.295702569444446395e+00
1.269032976070301855e+00 2.615492930511310821e+00 2.015066847632685842e+00 2.398472697732908721e+00 1.303436702331200348e+00
1.269371810388408850e+00 2.587928959201557966e+00 2.026220998189600664e+00 2.389711203889300695e+00 1.319653068117278005e+00
1.270758620689559804e+00 2.541836161385057746e+00 2.020821328658933158e+00 2.370476297264299870e+00 1.318815412094163531e+00
1.267009634358786219e+00 2.502630203693365196e+00 2.018372932775009509e+00 2.345324211424455907e+00 1.315566988336558385e+00
1.258881949237635300e+00 2.469984291762121309e+00 2.011565683225763124e+00 2.319989755380081675e+00 1.323084770768798046e+00
1.253394317457942275e+00 2.426844349175374838e+00 2.004752415034274371e+00 2.302709464482768809e+00 1.331804342937519925e+00
1.248566381496942768e+00 2.383598647690651440e+00 2.000600967745424175e+00 2.293894716552113078e+00 1.346823162677627250e+00
1.251108885012294003e+00 2.349836621123265523e+00 2.009473426046584965e+00 2.282680338889148342e+00 1.331695971166451775e+00
1.252540523247278603e+00 2.331085070515646507e+00 2.032469960608430437e+00 2.277328307327558754e+00 1.323627269639120252e+00
1.249732904452637516e+00 2.320176534059345208e+00 2.055606153129849734e+00 2.276459729951727962e+00 1.335454492134124260e+00
1.245278855084568814e+00 2.307569572120298229e+00 2.072060691839263669e+00 2.274616431389403282e+00 1.355622104241689163e+00
1.240863231984319803e+00 2.292226353056894705e+00 2.084853089646210300e+00 2.271517340700895282e+00 1.377941342525824453e+00
1.237629817660431009e+00 2.276287128636658608e+00 2.096406871482881407e+00 2.268154765356941827e+00 1.400941113001900273e+00
1.236403962542230284e+00 2.258554096609270090e+00 2.106481593550345366e+00 2.261164380833188936e+00 1.424003550514586713e+00
1.238754083568788467e+00 2.235619388880161651e+00 2.110930219027828070e+00 2.240681880850846408e+00 1.442731464523215434e+00
1.243821278177529965e+00 2.221332161363953173e+00 2.112147896901349853e+00 2.220132971737965200e+00 1.459559862435117594e+00
1.249318045561200519e+00 2.213957279068585748e+00 2.131002365737773019e+00 2.217683541495081290e+00 1.477780130427304162e+00
1.260449669123627547e+00 2.208351207014860318e+00 2.146310574870843091e+00 2.215521351034889008e+00 1.497781258477951738e+00
1.271478705107477847e+00 2.199860525558242852e+00 2.152459421615257273e+00 2.213165981819338768e+00 1.522514473945981717e+00
1.281073691931296388e+00 2.189926410349742891e+00 2.153613695218552504e+00 2.211491882033038259e+00 1.548299641461110543e+00
1.290536845965648105e+00 2.179963205174871632e+00 2.154306847609276154e+00 2.210745941016519112e+00 1.574149820730555316e+00
1.300000000000000044e+00 2.169999999999999929e+00 2.154999999999999805e+00 2.209999999999999964e+00 1.600000000000000089e+00
