8.699999999999999956e-01 2.740000000000000213e+00 1.850000000000000089e+00 2.629999999999999893e+00 1.350000000000000089e+00
9.028158561006517369e-01 2.747504110738983929e+00 1.866791849569795048e+00 2.611397746511516349e+00 1.348555801717336466e+00
9.356317122013034782e-01 2.755008221477967645e+00 1.883583699139590006e+00 2.592795493023032805e+00 1.347111603434672844e+00
9.684475683019552195e-01 2.762512332216950917e+00 1.900375548709384965e+00 2.574193239534549260e+00 1.345667405152009444e+00
1.001263424402607072e+00 2.770016442955934632e+00 1.917167398279179924e+00 2.555590986046065716e+00 1.344223206869345821e+00
1.034083959486077342e+00 2.777137746712414756e+00 1.933581330176988633e+00 2.536256041899747515e+00 1.342674418558178040e+00
1.066197337486517016e+00 2.780692251010614235e+00 1.946259941646386382e+00 2.510846326758913172e+00 1.340230836560395655e+00
1.094911758972624494e+00 2.768546158724570549e+00 1.954521034885967179e+00 2.479725291660303643e+00 1.340272311128565930e+00
1.116672454562176009e+00 2.732496447896659131e+00 1.964376311702016098e+00 2.455613798996055586e+00 1.346853743510266987e+00
1.140299036437304903e+00 2.692599443246189495e+00 1.977453898319710524e+00 2.437739576253392215e+00 1.350395168552578351e+00
1.176710578252232686e+00 2.682053343489909203e+00 1.988129599464352415e+00 2.428083750634585147e+00 1.342800064869955179e+00
1.213009196730811201e+00 2.671084386088807161e+00 1.997061073908262596e+00 2.426905809902831557e+00 1.325865675419518386e+00
1.235219245046626613e+00 2.638132642001468131e+00 2.001634877133568136e+00 2.430923501098352091e+00 1.301906519544642205e+00
1.252804018407236430e+00 2.597602919026692714e+00 2.000219031459546493e+00 2.431352158139936215e+00 1.277422667635746967e+00
1.269083050770554166e+00 2.554265821381205726e+00 1.987925860387772525e+00 2.414123539062815738e+00 1.273723660206944608e+00
1.271389814937541995e+00 2.520388457096596646e+00 1.972384576208445095e+00 2.391405154185861637e+00 1.291835343858329432e+00
1.277160398152805243e+00 2.492248437883788359e+00 1.971876482557961108e+00 2.358690068546253737e+00 1.310256344699315179e+00
1.282423581426180847e+00 2.475773937087007770e+00 1.990680765715536760e+00 2.329433273616499989e+00 1.325024272002562453e+00
1.277953761488763051e+00 2.454265570997437251e+00 2.013338235576064505e+00 2.310362935881663748e+00 1.341598444355637021e+00
1.268606976650299423e+00 2.428342928172166015e+00 2.035232632100888672e+00 2.295146771624974491e+00 1.358665876278644324e+00
1.255328219975271997e+00 2.389541426257440371e+00 2.051130728225220690e+00 2.274212763222753786e+00 1.369717020153924381e+00
1.250834438157301332e+00 2.331611345501621191e+00 2.058023089256505234e+00 2.263550727032183740e+00 1.380172366670844530e+00
1.248464910707073550e+00 2.290706723060592420e+00 2.073946916089766113e+00 2.240614420164626974e+00 1.391320119543991707e+00
1.246232342018984696e+00 2.274103947221612909e+00 2.094386895302987828e+00 2.210179620245533272e+00 1.389349423437423736e+00
1.249371074117026970e+00 2.289387838664030284e+00 2.120733311360865958e+00 2.200820672933381683e+00 1.402501927077352661e+00
1.257567820779130319e+00 2.286298669549585050e+00 2.135291555961326804e+00 2.200843922909237804e+00 1.433925406936353841e+00
1.268272691341238545e+00 2.267406654518389963e+00 2.141246663031494801e+00 2.203778201707409679e+00 1.467181092089899552e+00
1.277243581083804980e+00 2.243922020159271558e+00 2.144403103218911699e+00 2.206778234672849504e+00 1.500390340793455346e+00
1.284996996789052659e+00 2.219446654948154407e+00 2.147622489084823005e+00 2.208277039892361238e+00 1.533639786424331408e+00
1.292498498394526241e+00 2.194723327474077390e+00 2.151311244542411405e+00 2.209138519946180601e+00 1.566819893212165526e+00
1.300000000000000044e+00 2.169999999999999929e+00 2.154999999999999805e+00 2.209999999999999964e+00 1.600000000000000089e+00
