8.699999999999999956e-01 2.740000000000000213e+00 1.850000000000000089e+00 2.629999999999999893e+00 1.350000000000000089e+00
8.911605944163722981e-01 2.740293174883491112e+00 1.863101182419501400e+00 2.612692105090889783e+00 1.347448002944412693e+00
9.123211888327446006e-01 2.740586349766982455e+00 1.876202364839002934e+00 2.595384210181779228e+00 1.344896005888825297e+00
9.334817832491167922e-01 2.740879524650473797e+00 1.889303547258504246e+00 2.578076315272668673e+00 1.342344008833237901e+00
9.546423776654890947e-01 2.741172699533964696e+00 1.902404729678005557e+00 2.560768420363558562e+00 1.339792011777650727e+00
9.757889215931470073e-01 2.741165704512046108e+00 1.915577394290093105e+00 2.543487155194569915e+00 1.337394663633891145e+00
9.968872337032088637e-01 2.739478658261012889e+00 1.928896516255808935e+00 2.526214844969368656e+00 1.335696474967718705e+00
1.017886336757169552e+00 2.731958070506601111e+00 1.941235912567821131e+00 2.508323658368158959e+00 1.335790945873302604e+00
1.039923080235005237e+00 2.722327291281907868e+00 1.948901952989046116e+00 2.488307507233382232e+00 1.337324121380111475e+00
1.063331266977242784e+00 2.736908050851145191e+00 1.954027386129597810e+00 2.472201303333490863e+00 1.334746300884696479e+00
1.076185169658435914e+00 2.747467420071951327e+00 1.969307775370795710e+00 2.466389129552664539e+00 1.321813390421430201e+00
1.081479459504120832e+00 2.711557678754435319e+00 1.976607335363042228e+00 2.453281857455419157e+00 1.323353873651240686e+00
1.084972386754154972e+00 2.678658106438594366e+00 1.976080712557621855e+00 2.439948030257874656e+00 1.336450707846465802e+00
1.086287545243008523e+00 2.660620236747048395e+00 1.974347520729437866e+00 2.419825818657761918e+00 1.351722705464733387e+00
1.090083787394204196e+00 2.679144471121705173e+00 1.981457114912160256e+00 2.405884930154185142e+00 1.347312778869419692e+00
1.086889082829447739e+00 2.634040541012438563e+00 1.982628125797993413e+00 2.400898986056157369e+00 1.349124275708692089e+00
1.081267223736821492e+00 2.595812461414220618e+00 1.976773329185768535e+00 2.391487922573860114e+00 1.358837300278742166e+00
1.076003762769009553e+00 2.561464108899399683e+00 1.969788961239022029e+00 2.381948851097167363e+00 1.371088832207509212e+00
1.074356693439171284e+00 2.527630677788127223e+00 1.963577850967639815e+00 2.371672012913587313e+00 1.383968092262219507e+00
1.081598887996972458e+00 2.491467881103325954e+00 1.960832093649387708e+00 2.359802713719577838e+00 1.393829845275452950e+00
1.099775577339196175e+00 2.457541194506959403e+00 1.962672229637778543e+00 2.347656852757931567e+00 1.396119104610821671e+00
1.122946284639946501e+00 2.430262762137278987e+00 1.965695423254956609e+00 2.336359951550250447e+00 1.392538387576945036e+00
1.146215253814439894e+00 2.404230088968125401e+00 1.968407347369856231e+00 2.324380109182215381e+00 1.388339438623816369e+00
1.166368338350617373e+00 2.373759464576851386e+00 1.973375212941638868e+00 2.311733567130436651e+00 1.386503016797293375e+00
1.182059923610627727e+00 2.338706788858445407e+00 1.980865104810166200e+00 2.299989748111220145e+00 1.386554342251332672e+00
1.194945753021398716e+00 2.300412423425772790e+00 1.987291614298119402e+00 2.288610049620140252e+00 1.387649515464110639e+00
1.206399824413888489e+00 2.261426668877717816e+00 1.991721312741614902e+00 2.276760165411752190e+00 1.391694872030109220e+00
1.216889121185770861e+00 2.240058497484424205e+00 1.998447402740546108e+00 2.269264842587460418e+00 1.406491800154303862e+00
1.221669597353946424e+00 2.254307956359040688e+00 2.018857986630417489e+00 2.271916838176000653e+00 1.414900225140099721e+00
1.225001133546334442e+00 2.256358647860011946e+00 2.043631727583608004e+00 2.269864383576288613e+00 1.412090215783860403e+00
1.229219835503634117e+00 2.253483133794583093e+00 2.068130563927358168e+00 2.264694439161209605e+00 1.411355206486050617e+00
1.233669529645688545e+00 2.250005443389412996e+00 2.091910983335156793e+00 2.257917911997431748e+00 1.415904125506465272e+00
1.236521642254255315e+00 2.248724217554804117e+00 2.115052920922869450e+00 2.251386932881946024e+00 1.423411493662697147e+00
1.238374854010590997e+00 2.250846646318616529e+00 2.136899150514811829e+00 2.244361096992146365e+00 1.432458401223089206e+00
1.242661438600705326e+00 2.242531183666527816e+00 2.146619319353129995e+00 2.233177755753145810e+00 1.450296693164744299e+00
1.249447104254353125e+00 2.228470225634361146e+00 2.144406028636975048e+00 2.230711225600553238e+00 1.471515798275452092e+00
1.257088164352445192e+00 2.218246018188504642e+00 2.142804657933236268e+00 2.227411993263058498e+00 1.493074220130946816e+00
1.265483299845875376e+00 2.209072494431609357e+00 2.144289601194306893e+00 2.224001772248898501e+00 1.514626736058615641e+00
1.274070855974046124e+00 2.199683182726985819e+00 2.146744993488315156e+00 2.220543862635622201e+00 1.536044137740654847e+00
1.282704089143711146e+00 2.189919035034757044e+00 2.149443425836106591e+00 2.217043429261905452e+00 1.557385616557640740e+00
1.291352044571855595e+00 2.179959517517378487e+00 2.152221712918053420e+00 2.213521714630952708e+00 1.578692808278820303e+00
1.300000000000000044e+00 2.169999999999999929e+00 2.154999999999999805e+00 2.209999999999999964e+00 1.600000000000000089e+00
