8.699999999999999956e-01 2.740000000000000213e+00 1.850000000000000089e+00 2.629999999999999893e+00 1.350000000000000089e+00
8.980864371997298035e-01 2.736246381668965721e+00 1.861023459372590727e+00 2.605458678912571990e+00 1.350486591351883758e+00
9.261728743994596114e-01 2.732492763337931230e+00 1.872046918745181365e+00 2.580917357825144087e+00 1.350973182703767428e+00
9.542593115991894193e-01 2.728739145006896294e+00 1.883070378117772004e+00 2.556376036737716628e+00 1.351459774055651097e+00
9.823457487989192272e-01 2.724985526675861802e+00 1.894093837490362642e+00 2.531834715650288725e+00 1.351946365407534767e+00
1.011122421461775556e+00 2.722461200034963724e+00 1.905571607587711158e+00 2.508401808237822550e+00 1.352025773096654060e+00
1.041537613083955538e+00 2.722102711828268351e+00 1.917813592166664360e+00 2.487874112105085800e+00 1.351199986078754467e+00
1.070946497552834220e+00 2.716339243095856837e+00 1.930013939466457273e+00 2.466374259551185943e+00 1.351798269623095683e+00
1.096546301859741002e+00 2.705535874453251832e+00 1.945994833857870976e+00 2.448260932532498657e+00 1.345767535261158887e+00
1.121540359522989139e+00 2.719303511449899347e+00 1.964244873524017665e+00 2.443898997974601972e+00 1.351452942265789048e+00
1.154147438416644578e+00 2.708038069848104357e+00 1.967172017572343501e+00 2.424050210064769839e+00 1.357098793354557742e+00
1.189060540855477743e+00 2.700444231370574322e+00 1.972204436017708673e+00 2.409307126742802563e+00 1.348964199238392503e+00
1.221409265374538977e+00 2.682048286721103292e+00 1.977213113226701235e+00 2.400991426727569156e+00 1.337134165010699816e+00
1.240894857637267812e+00 2.648151748071401634e+00 1.988156263954858893e+00 2.398303179409763786e+00 1.323054322619028778e+00
1.252123742580681487e+00 2.610365617584763598e+00 2.004506853485367834e+00 2.397270710416752326e+00 1.312823412622978303e+00
1.262826713557526181e+00 2.576406808069359400e+00 2.023655056649523054e+00 2.392948208493359541e+00 1.305150238023466969e+00
1.268491749171756222e+00 2.537421903537161683e+00 2.033905629480502686e+00 2.373451108290996814e+00 1.312184527085534569e+00
1.249855085223809503e+00 2.503803092938668318e+00 2.032044108995168852e+00 2.360353082525944224e+00 1.327613916219416046e+00
1.246411800820645954e+00 2.456371312890319736e+00 2.034815560206470586e+00 2.343309783542972369e+00 1.333266610142169073e+00
1.246277903394084063e+00 2.410198818081010774e+00 2.028126715837306637e+00 2.324924429339115139e+00 1.336959016550441470e+00
1.246111248254105686e+00 2.365105875153998394e+00 2.019816573136629323e+00 2.305810387151163265e+00 1.338339252944123814e+00
1.246283363157896451e+00 2.328052550620967054e+00 2.013574261012084587e+00 2.280291956447279667e+00 1.330552405707012387e+00
1.243208567587072766e+00 2.339035688400525448e+00 2.031644928796141336e+00 2.257697293170231934e+00 1.315944625670874668e+00
1.238560698718487618e+00 2.332136921187247580e+00 2.033031283391524724e+00 2.246571056832403546e+00 1.342984413994727122e+00
1.244584317510431859e+00 2.308001503939626886e+00 2.039642014187847963e+00 2.246082232225708797e+00 1.368155231655317605e+00
1.250301796931867937e+00 2.279610980030177370e+00 2.049315563879418267e+00 2.245273466834566634e+00 1.390921759094518873e+00
1.252230782111110052e+00 2.249574241716778999e+00 2.058858662800520101e+00 2.241127575167692232e+00 1.413142122670475898e+00
1.248534700903737082e+00 2.230501851048047435e+00 2.079512737220213126e+00 2.230955327950381761e+00 1.428719402877887346e+00
1.247481997063541126e+00 2.229859035740715090e+00 2.104654672641428359e+00 2.223273960298421947e+00 1.441308893377711398e+00
1.252908495129968491e+00 2.228185163184374762e+00 2.121211438807671712e+00 2.219173877375509196e+00 1.464734189080925120e+00
1.260625902274620014e+00 2.219702952587131684e+00 2.129644741783994544e+00 2.215198113956470927e+00 1.491842780126063195e+00
1.269693537102533298e+00 2.208241268226573517e+00 2.135978291510799654e+00 2.212472087136545529e+00 1.519101368184395451e+00
1.279643887778793232e+00 2.195665312210490328e+00 2.142288689005699354e+00 2.211322566390942601e+00 1.546122253759686149e+00
1.289821943889396749e+00 2.182832656105245128e+00 2.148644344502849357e+00 2.210661283195471505e+00 1.573061126879843119e+00
1.300000000000000044e+00 2.169999999999999929e+00 2.154999999999999805e+00 2.209999999999999964e+00 1.600000000000000089e+00
