8.699999999999999956e-01 2.740000000000000213e+00 1.850000000000000089e+00 2.629999999999999893e+00 1.350000000000000089e+00
8.896656924544523726e-01 2.736232271164616314e+00 1.859741897496565599e+00 2.611230910423977036e+00 1.346216814586638666e+00
9.093313849089047496e-01 2.732464542329231971e+00 1.869483794993131331e+00 2.592461820847954623e+00 1.342433629173277243e+00
9.289970773633572376e-01 2.728696813493847628e+00 1.879225692489696842e+00 2.573692731271931766e+00 1.338650443759915598e+00
9.486627698178096146e-01 2.724929084658463729e+00 1.888967589986262574e+00 2.554923641695909353e+00 1.334867258346554175e+00
9.683284622722621027e-01 2.721161355823079386e+00 1.898709487482828084e+00 2.536154552119886496e+00 1.331084072933192752e+00
9.879941547267144797e-01 2.717393626987695043e+00 1.908451384979393817e+00 2.517385462543864083e+00 1.327300887519831329e+00
1.007698367140222206e+00 2.713759364468493196e+00 1.918205218705067105e+00 2.498636257778723557e+00 1.323561893821563862e+00
1.027696064213316829e+00 2.711236581585785288e+00 1.928064194272519849e+00 2.480051062312446319e+00 1.320227966044703383e+00
1.048473750250187075e+00 2.712884883614403719e+00 1.938294205464684339e+00 2.462220461513687120e+00 1.318740445217904345e+00
1.068813518906094329e+00 2.721280483914059189e+00 1.949127427209809804e+00 2.446955942695733022e+00 1.322877592546601422e+00
1.087976802011029420e+00 2.723609089702944352e+00 1.957000681302658807e+00 2.438969388216867706e+00 1.335977427161164188e+00
1.096872066972268245e+00 2.698361049676154977e+00 1.956993466944374704e+00 2.432943266360991341e+00 1.350623191460035510e+00
1.101497049507432768e+00 2.665009514320669126e+00 1.964992736806331131e+00 2.426487082682618812e+00 1.342956956305072502e+00
1.103635343221131659e+00 2.636660852264425259e+00 1.980213574950383304e+00 2.417268254563380125e+00 1.340180530661281066e+00
1.099819497999691809e+00 2.612802911894228863e+00 1.995265511546569170e+00 2.412357599913099282e+00 1.349546109920823245e+00
1.103658233891065654e+00 2.596199682258929720e+00 2.008967431505176648e+00 2.409547692803085450e+00 1.363833546987716083e+00
1.114205708128487515e+00 2.570016558987014754e+00 2.013467975188091952e+00 2.398479873642032523e+00 1.376358017188219707e+00
1.120780625328265057e+00 2.540149721942154937e+00 2.005189024688062371e+00 2.382710448915948742e+00 1.381953753517842776e+00
1.121599477659937394e+00 2.510684744588348227e+00 1.995082580119496685e+00 2.365094192494504366e+00 1.385419065129569693e+00
1.122552231120790944e+00 2.478714840516990758e+00 1.991211851376953001e+00 2.345299270282698245e+00 1.389136136505974672e+00
1.124063967803480502e+00 2.444717446858751586e+00 1.993252635217133362e+00 2.326333702995793118e+00 1.392343035452964450e+00
1.126415213318789910e+00 2.414982342162464768e+00 2.003931200652854905e+00 2.313098834726119879e+00 1.399030322530747661e+00
1.135649093541977184e+00 2.397676525599951258e+00 2.021965416535079108e+00 2.307716074156485941e+00 1.401627188424589665e+00
1.146859976023528738e+00 2.376176439585406808e+00 2.038381317669261783e+00 2.299070960597767499e+00 1.402490076049548895e+00
1.159470767896848775e+00 2.353880072575743387e+00 2.053278323189924759e+00 2.288255733685826687e+00 1.405042253599839697e+00
1.173307057619440652e+00 2.333162053588746954e+00 2.067553653426639215e+00 2.276865835546175276e+00 1.409301505417243083e+00
1.187791278339027201e+00 2.313716390728745687e+00 2.081638147019794882e+00 2.265468611800095289e+00 1.414462806830563135e+00
1.202673570148305116e+00 2.297076865380129895e+00 2.096778164445351145e+00 2.255942908953241677e+00 1.420218094739428283e+00
1.217219341253148235e+00 2.289081779764290836e+00 2.113873045063711764e+00 2.254005085734294145e+00 1.427554474685511110e+00
1.226070862955538132e+00 2.267489782108419227e+00 2.115114312878382030e+00 2.253679242975449082e+00 1.439865923572548390e+00
1.225964574110739669e+00 2.245925724484334918e+00 2.099809530112868750e+00 2.249898835168941513e+00 1.449218354587843205e+00
1.238467043841139814e+00 2.232388288243083441e+00 2.102138622713778382e+00 2.242020846049161076e+00 1.442123525416027618e+00
1.244254934814763569e+00 2.236252582625489982e+00 2.122707140593314890e+00 2.242590673570553417e+00 1.444421622854131115e+00
1.251514040257814875e+00 2.238774455583796730e+00 2.134140567804237776e+00 2.240791740552173117e+00 1.461612348476220458e+00
1.259597384976474554e+00 2.235816183011532843e+00 2.138085743142057904e+00 2.236489588273951057e+00 1.481568243931276729e+00
1.267100156711703951e+00 2.227127299060119636e+00 2.141252923212319192e+00 2.231554775508053368e+00 1.501330844044369339e+00
1.273834738225438246e+00 2.216076985044433734e+00 2.144094021143944317e+00 2.227142969671156436e+00 1.521066145732584696e+00
1.280376053669078695e+00 2.204557738783325505e+00 2.146820515857958078e+00 2.222857227253367540e+00 1.540799609299438488e+00
1.286917369112719145e+00 2.193038492522216831e+00 2.149547010571972283e+00 2.218571484835578200e+00 1.560533072866292281e+00
1.293458684556359595e+00 2.181519246261108602e+00 2.152273505285986044e+00 2.214285742417789304e+00 1.580266536433146296e+00
1.300000000000000044e+00 2.169999999999999929e+00 2.154999999999999805e+00 2.209999999999999964e+00 1.600000000000000089e+00
