8.699999999999999956e-01 2.740000000000000213e+00 1.850000000000000089e+00 2.629999999999999893e+00 1.350000000000000089e+00
8.933058897618113559e-01 2.743248711960085906e+00 1.862460004698527349e+00 2.609468347645375719e+00 1.352259557593364692e+00
9.166117795236226051e-01 2.746497423920171155e+00 1.874920009397054832e+00 2.588936695290751544e+00 1.354519115186729517e+00
9.399176692854339654e-01 2.749746135880256848e+00 1.887380014095582093e+00 2.568405042936127369e+00 1.356778672780094119e+00
9.631296441465234670e-01 2.752915780733954154e+00 1.899864564713919624e+00 2.547786718116080262e+00 1.358997301209443620e+00
9.858821939553867875e-01 2.755702926655516194e+00 1.912464329354908399e+00 2.526755417797137859e+00 1.361017777222104597e+00
1.007525089100399063e+00 2.757266411502171444e+00 1.925262219199370017e+00 2.504750596331420720e+00 1.362709670257237216e+00
1.027480176601137885e+00 2.754797086395062600e+00 1.937919888066714114e+00 2.481256427482091631e+00 1.364946914050503501e+00
1.046258206664503199e+00 2.747595172792991924e+00 1.950746819529282750e+00 2.458982258291857903e+00 1.371750287880960428e+00
1.071459651008562108e+00 2.745877256168800962e+00 1.962435907654035638e+00 2.445159113502340276e+00 1.381914770664005365e+00
1.096766655050857020e+00 2.727196149823337024e+00 1.975746696439894645e+00 2.435541739699879304e+00 1.387647944266727329e+00
1.129386473666055934e+00 2.722969878723513037e+00 1.971123847044608635e+00 2.438175283313256614e+00 1.382197019383436976e+00
1.153829873630654701e+00 2.720904617963142869e+00 1.964121832360504083e+00 2.437706446828917795e+00 1.363878824174785453e+00
1.178306306514000923e+00 2.712035802203571322e+00 1.957956092532021630e+00 2.438713361517129030e+00 1.345758864632801366e+00
1.202120273238353576e+00 2.700432530729513392e+00 1.956047826596424066e+00 2.439940847292015214e+00 1.326662879553968111e+00
1.224476862391349119e+00 2.685505852676801641e+00 1.963400541713422154e+00 2.437504255383109886e+00 1.308881667654381964e+00
1.242433301461203676e+00 2.666529316417591833e+00 1.979987017839760055e+00 2.429001541164415467e+00 1.298237123644942814e+00
1.255194661171884052e+00 2.641054876373499560e+00 1.998954000221964789e+00 2.417208372319149756e+00 1.295253091418140823e+00
1.263373689851120973e+00 2.602751302651516774e+00 2.013850371554542384e+00 2.404486322707113821e+00 1.295322894529919777e+00
1.265205425383835180e+00 2.554460321935914102e+00 2.021243474782425498e+00 2.390499678268866557e+00 1.295147914680160772e+00
1.262102317249514938e+00 2.506732701336206404e+00 2.024835471954913757e+00 2.373481081984072816e+00 1.293977631584531718e+00
1.258626677206132971e+00 2.464462533059505578e+00 2.031163444125515305e+00 2.352752865207746513e+00 1.293072001640417801e+00
1.257459299082815285e+00 2.428640421343095213e+00 2.042459093733314024e+00 2.330845076231106816e+00 1.294729237769084218e+00
1.257528956974590884e+00 2.396832662686859017e+00 2.056535976628856677e+00 2.310731475009681901e+00 1.300782348119329246e+00
1.256425034464946355e+00 2.365628901877383949e+00 2.070361998298022588e+00 2.293552084088262166e+00 1.311569550312005505e+00
1.253080938660317889e+00 2.334239460225544960e+00 2.081969665379172607e+00 2.279434574578285133e+00 1.326553761672081722e+00
1.248233578999276450e+00 2.305061994350191767e+00 2.090648280362922051e+00 2.268438380957298328e+00 1.345474966833899444e+00
1.243526550401501174e+00 2.281374474993295820e+00 2.096357522815755825e+00 2.260957006161520511e+00 1.368076850283658885e+00
1.240429995064086022e+00 2.263282552994336783e+00 2.099498723402767553e+00 2.257102446028272258e+00 1.393026553545450907e+00
1.239533780054492329e+00 2.246008436240979123e+00 2.101283584324816101e+00 2.255615816533629747e+00 1.418497601506937045e+00
1.240772089771627229e+00 2.224123901803425341e+00 2.104357064096360475e+00 2.253590020975582142e+00 1.442920953985763255e+00
1.244069852571766610e+00 2.198947670748455430e+00 2.112670114099886476e+00 2.248052605139971405e+00 1.464709184298839117e+00
1.249547489465605343e+00 2.179500928794799286e+00 2.127474318236049378e+00 2.239732261543408764e+00 1.483235729404845271e+00
1.257370563975469757e+00 2.169893215465859448e+00 2.144034987252709357e+00 2.231905920464257509e+00 1.501605570318819582e+00
1.267331280662444604e+00 2.166371334363671686e+00 2.154942560427713705e+00 2.224861848866333869e+00 1.524116479380380529e+00
1.278406683987571180e+00 2.167569084538591540e+00 2.157252670165410890e+00 2.218840636687460233e+00 1.549175244032623189e+00
1.289203341993785390e+00 2.168784542269295734e+00 2.156126335082705126e+00 2.214420318343730099e+00 1.574587622016311528e+00
1.300000000000000044e+00 2.169999999999999929e+00 2.154999999999999805e+00 2.209999999999999964e+00 1.600000000000000089e+00
