8.699999999999999956e-01 2.740000000000000213e+00 1.850000000000000089e+00 2.629999999999999893e+00 1.350000000000000089e+00
8.928244790420578614e-01 2.738922213465401434e+00 1.863175123387598831e+00 2.612598938495692025e+00 1.355423051542723245e+00
9.156489580841157272e-01 2.737844426930802655e+00 1.876350246775197572e+00 2.595197876991384156e+00 1.360846103085446179e+00
9.384734371261735930e-01 2.736766640396203432e+00 1.889525370162796314e+00 2.577796815487076287e+00 1.366269154628169336e+00
9.612979161682314588e-01 2.735688853861604208e+00 1.902700493550395056e+00 2.560395753982768419e+00 1.371692206170892492e+00
9.841223952102893247e-01 2.734611067327005429e+00 1.915875616937993797e+00 2.542994692478460550e+00 1.377115257713615426e+00
1.006946874252347301e+00 2.733533280792406650e+00 1.929050740325592317e+00 2.525593630974152681e+00 1.382538309256338582e+00
1.030172746681690343e+00 2.733289805307766773e+00 1.941295516464124571e+00 2.507138153149483184e+00 1.387314313170136648e+00
1.054193707360290500e+00 2.736560531853034828e+00 1.949162187674630342e+00 2.484961270829921798e+00 1.389188887298665076e+00
1.073678057656617835e+00 2.746316736343711096e+00 1.947782003830773156e+00 2.459896979925747296e+00 1.380976670840309728e+00
1.083215252395396844e+00 2.733125015933157265e+00 1.955562027274917680e+00 2.438046500974536901e+00 1.387359382967988219e+00
1.112169534577994501e+00 2.738042721342252683e+00 1.965348787003264652e+00 2.436618783154458789e+00 1.377903539492396412e+00
1.139283854008767527e+00 2.735044424273788355e+00 1.967964847429271913e+00 2.436201933691856780e+00 1.361212045170683504e+00
1.165954378331899965e+00 2.722239247390262129e+00 1.965329032741794046e+00 2.437483497457514137e+00 1.345211621491215537e+00
1.189730354693675940e+00 2.704003436812141281e+00 1.960187740472937756e+00 2.439550671566355966e+00 1.328655154781261949e+00
1.210650274261043435e+00 2.680848135334075621e+00 1.957778466716538546e+00 2.439067191074924423e+00 1.311071889678638192e+00
1.229223841852626231e+00 2.651710232591175220e+00 1.963443363671427466e+00 2.432810473565925946e+00 1.296626178611205882e+00
1.244311389999253059e+00 2.621011708904647630e+00 1.976965091467084434e+00 2.421834975519746802e+00 1.290560686772431298e+00
1.255611068416944143e+00 2.591695523532941969e+00 1.993314584006946832e+00 2.408937646939715016e+00 1.291217789835076957e+00
1.263020935942424927e+00 2.561208904709359579e+00 2.009054468089285450e+00 2.393838130671841480e+00 1.294071431627891844e+00
1.265925246200771737e+00 2.528296201960323231e+00 2.022419402369831865e+00 2.375433265506470271e+00 1.296705359541957092e+00
1.265047952490282457e+00 2.494426794985900475e+00 2.033109693133969831e+00 2.354314493086223425e+00 1.299123017620272158e+00
1.262298004938442464e+00 2.460328318315551321e+00 2.042112312053586454e+00 2.332250350073199474e+00 1.302547548046800951e+00
1.259042940577562275e+00 2.425291923394724769e+00 2.050234660150462407e+00 2.311154350987436601e+00 1.308479763907813176e+00
1.255435557061332918e+00 2.389138042471765644e+00 2.057421547666259620e+00 2.292614107178720939e+00 1.318096626785377978e+00
1.250998796584941175e+00 2.353308027514649403e+00 2.063382403719404401e+00 2.277312324103858199e+00 1.331669746361809681e+00
1.245713302194047190e+00 2.319982557469548290e+00 2.068068430562025828e+00 2.264919703059148581e+00 1.348836266166252296e+00
1.240782812789599454e+00 2.290922774277657226e+00 2.071370325964139614e+00 2.255381343629456747e+00 1.369401536255018703e+00
1.238112862428245142e+00 2.266920795077176365e+00 2.073424236110262164e+00 2.250006071294151422e+00 1.392965350087322696e+00
1.238390233580632716e+00 2.247839753391918105e+00 2.075878943993736847e+00 2.249742877363433369e+00 1.418166789701864161e+00
1.240570939957213348e+00 2.233751276050135015e+00 2.081478877050976450e+00 2.252202003643029915e+00 1.443544644350758022e+00
1.244364713797748934e+00 2.223473691076137904e+00 2.090709005426757638e+00 2.251925908250805186e+00 1.468091656446366633e+00
1.251467805319819826e+00 2.210820085037265237e+00 2.100095486603687611e+00 2.245014257090419463e+00 1.491170675035772719e+00
1.261749027400040024e+00 2.195181162041973888e+00 2.107044359247340459e+00 2.234002990328506133e+00 1.513032243370231678e+00
1.271560365550527649e+00 2.187226539801641945e+00 2.115277442907964822e+00 2.224062804442255459e+00 1.535931148052146478e+00
1.281373662971302174e+00 2.181611155119986378e+00 2.127844310507755132e+00 2.217755413040411128e+00 1.557455333021233290e+00
1.290686831485650998e+00 2.175805577559993154e+00 2.141422155253877246e+00 2.213877706520205546e+00 1.578727666510616690e+00
1.300000000000000044e+00 2.169999999999999929e+00 2.154999999999999805e+00 2.209999999999999964e+00 1.600000000000000089e+00
