8.699999999999999956e-01 2.740000000000000213e+00 1.850000000000000089e+00 2.629999999999999893e+00 1.350000000000000089e+00
9.630761738093279734e-01 2.753582129443689741e+00 1.871062281161357310e+00 2.554476155668802928e+00 1.336421557628737267e+00
1.051818331654018834e+00 2.759224167348907297e+00 1.917050516892335743e+00 2.494411600215421743e+00 1.350175241462854725e+00
1.072715233383713773e+00 2.759473732464788220e+00 1.928284813673920128e+00 2.480084941911764318e+00 1.354276072381073837e+00
1.087995346508852545e+00 2.751099552854719743e+00 1.931430624102564275e+00 2.463792044054143204e+00 1.356795250856949187e+00
1.123632652746232363e+00 2.758502996817144837e+00 1.943027459204166751e+00 2.459508003685402677e+00 1.353796293064397638e+00
1.144919349242103479e+00 2.765393843852687716e+00 1.957613706496465378e+00 2.456259905601274607e+00 1.352503345301668380e+00
1.167662045391684611e+00 2.760981059565816409e+00 1.973758686902530757e+00 2.451192457516712331e+00 1.353681895050115713e+00
1.181003457364043552e+00 2.755810565118764544e+00 1.982742636693921368e+00 2.448059667845500886e+00 1.354366239496882063e+00
1.196427709129326722e+00 2.748705005519651134e+00 1.992238133495693120e+00 2.444563194668544881e+00 1.353698309158857471e+00
1.231946620942891091e+00 2.728097905497276709e+00 2.010733917978073659e+00 2.436938128670867787e+00 1.344486408021491108e+00
1.254833450986144960e+00 2.703521304543082149e+00 2.019468212164741150e+00 2.431466552647600476e+00 1.324749735453334187e+00
1.282822845793409883e+00 2.647832406285542284e+00 2.049625165467082510e+00 2.415901912504480720e+00 1.297420548183141342e+00
1.275039430969929555e+00 2.585841321417429839e+00 2.047979611074843831e+00 2.402329549191060121e+00 1.296896024809337300e+00
1.271474921071872766e+00 2.559297802820056589e+00 2.029466113144347439e+00 2.390899081077998645e+00 1.291291894165009335e+00
1.269440606093521939e+00 2.530344324249638621e+00 2.023984434762008178e+00 2.374013371835385300e+00 1.286500529757615974e+00
1.265825123039881372e+00 2.472854551576651794e+00 2.022966243282991794e+00 2.336752579772021221e+00 1.279406072208194800e+00
1.263834889359610747e+00 2.418371533127432027e+00 2.032982903487688731e+00 2.302016921548677875e+00 1.283164853383202963e+00
1.265046507047742574e+00 2.367922104027487151e+00 2.042723816318887664e+00 2.281544648133601694e+00 1.302373695967627309e+00
1.269385185439875441e+00 2.312921333554486480e+00 2.054444756324135923e+00 2.264837098841887109e+00 1.335244682933186544e+00
1.271239067056566086e+00 2.267110168769699285e+00 2.076375431820252970e+00 2.238646802367489030e+00 1.369524944940823996e+00
1.268755143338810898e+00 2.262788131406944458e+00 2.084205410904054645e+00 2.231656463789281730e+00 1.374293624992225071e+00
1.263787184074228076e+00 2.256205126438786124e+00 2.100957106531534002e+00 2.217219471491850946e+00 1.383235002944328773e+00
1.260118795832740224e+00 2.254430318769602426e+00 2.117285421916359933e+00 2.205947979772810541e+00 1.389991278979572975e+00
1.257303487218876192e+00 2.254419169290313274e+00 2.136592012220194015e+00 2.200429627321574877e+00 1.398120020016140774e+00
1.255765343410933488e+00 2.243870815082015024e+00 2.167222973206053283e+00 2.205740821289758902e+00 1.423500822868724036e+00
1.255279412658139915e+00 2.239374122249140786e+00 2.154699829972792191e+00 2.205905851830993747e+00 1.428579308263750125e+00
1.253995522741297108e+00 2.235130239206419400e+00 2.134839253348587818e+00 2.202059222118836868e+00 1.432837909570676915e+00
1.255300232592674092e+00 2.221579414705916022e+00 2.113215516702968699e+00 2.198059430914109047e+00 1.447355094179516133e+00
1.258942653746219165e+00 2.212438298713393703e+00 2.111449805775726940e+00 2.198279988348939895e+00 1.460573817991732914e+00
1.266638569096032674e+00 2.199481078723124039e+00 2.114473887571110655e+00 2.199741646652998650e+00 1.487366534599199985e+00
1.270735123396147248e+00 2.195634178365978517e+00 2.119235888748866703e+00 2.200973085090724091e+00 1.501202001551693144e+00
1.278200261973128082e+00 2.188857327089810401e+00 2.128134153825053332e+00 2.203246159170280549e+00 1.526409340011047444e+00
1.300000000000000044e+00 2.169999999999999929e+00 2.154999999999999805e+00 2.209999999999999964e+00 1.600000000000000089e+00
