8.699999999999999956e-01 2.740000000000000213e+00 1.850000000000000089e+00 2.629999999999999893e+00 1.350000000000000089e+00
8.939399525027796889e-01 2.741766741796613616e+00 1.862854078315039352e+00 2.613950138730726014e+00 1.353133227262687477e+00
9.178799050055594932e-01 2.743533483593226574e+00 1.875708156630078616e+00 2.597900277461452578e+00 1.356266454525374865e+00
9.418198575083391866e-01 2.745300225389839532e+00 1.888562234945117879e+00 2.581850416192178699e+00 1.359399681788062253e+00
9.657221909310509389e-01 2.747082798157176153e+00 1.901398976973802668e+00 2.565735613988794128e+00 1.362553073631404654e+00
9.895008426214632058e-01 2.748916848815391667e+00 1.914178634088830711e+00 2.549410065905571621e+00 1.365771992539660973e+00
1.012858247865156436e+00 2.751146756511909430e+00 1.926954425099128621e+00 2.532523318369411136e+00 1.368969760068269759e+00
1.035260403964866960e+00 2.753984115063347726e+00 1.939995033184602979e+00 2.514543104642466442e+00 1.371506896292311595e+00
1.056376028229551345e+00 2.752296057694267439e+00 1.953056349610806652e+00 2.494916845114460990e+00 1.370922960438083704e+00
1.071660343017377670e+00 2.731264089550790697e+00 1.961245060453690403e+00 2.477090787514682368e+00 1.362738110493584953e+00
1.077691384670478314e+00 2.691979284453366983e+00 1.964150134986700103e+00 2.461155596486092723e+00 1.357368558451293561e+00
1.081706808826508270e+00 2.667018320113125895e+00 1.962611905537186896e+00 2.452603835249770103e+00 1.372487834350888170e+00
1.083769362691141103e+00 2.698322626549733094e+00 1.966270170310979948e+00 2.453863562427955447e+00 1.363399056088011152e+00
1.079868752651801822e+00 2.685728962481858773e+00 1.976616429690601695e+00 2.436826356345607181e+00 1.350725031115394215e+00
1.081022116950182577e+00 2.655204591648455459e+00 1.985986980997233919e+00 2.416037793418187363e+00 1.355199207532053141e+00
1.082072867853341780e+00 2.622230990513268800e+00 1.984042124314268740e+00 2.400920056855665674e+00 1.367135355154363907e+00
1.079296178575288367e+00 2.588372317385268406e+00 1.974391371452461241e+00 2.393745080450754514e+00 1.379649328443319556e+00
1.078475519092680912e+00 2.551880801973711588e+00 1.969147166308036434e+00 2.384514608737482888e+00 1.391586530213052342e+00
1.083253355554569586e+00 2.512011631844410786e+00 1.972619845074029765e+00 2.369605088935776926e+00 1.397856695021734597e+00
1.097889989817688594e+00 2.472522130367007076e+00 1.970751812290737037e+00 2.356205191971852742e+00 1.397054584776149078e+00
1.118794720124966169e+00 2.438332867894718259e+00 1.967680592211582091e+00 2.345482874969918807e+00 1.393942546820534201e+00
1.139196682795121207e+00 2.405884344001363306e+00 1.966485210966301134e+00 2.334173346698222851e+00 1.387651899861041427e+00
1.158915021838732962e+00 2.376633427352737193e+00 1.967294419484746815e+00 2.322261807956754076e+00 1.378585728755298723e+00
1.179310468626933561e+00 2.349958942616814372e+00 1.971302076487020827e+00 2.310231802870792883e+00 1.369278102257873053e+00
1.199475597646879832e+00 2.321370688982707264e+00 1.979296883684334540e+00 2.298105014045837002e+00 1.363054863251427662e+00
1.215444347117950352e+00 2.288970437812525294e+00 1.991742902665415649e+00 2.286737004998895983e+00 1.364914604993901159e+00
1.222527402012471676e+00 2.263017486164878189e+00 2.009528291970466007e+00 2.277704483726954887e+00 1.373214766125538500e+00
1.227158992471056642e+00 2.266271514492163686e+00 2.033911747264553593e+00 2.269778304317566331e+00 1.378069331106533291e+00
1.233127833876274337e+00 2.279738181457895418e+00 2.052991046015397281e+00 2.264923384240066007e+00 1.390575597676259489e+00
1.237576610344153893e+00 2.278781149924606453e+00 2.070409846247605046e+00 2.260851077074052196e+00 1.406105123326186535e+00
1.241683844326546549e+00 2.273178181054827274e+00 2.088704404782388835e+00 2.257308503137954059e+00 1.420867737414259535e+00
1.244952363413074803e+00 2.260784262913347220e+00 2.105824430386750379e+00 2.254417933114330808e+00 1.435931314610014553e+00
1.242555831383785891e+00 2.247501720109244427e+00 2.129712220740229256e+00 2.246972850261749421e+00 1.435025384239045909e+00
1.244485467394641054e+00 2.251412469214300494e+00 2.152970764951277260e+00 2.243607141279703399e+00 1.440343621753448655e+00
1.248551732230565703e+00 2.246568181591037661e+00 2.162583503791894568e+00 2.240184834632581889e+00 1.459500387624333317e+00
1.254476520990184696e+00 2.237353399647084462e+00 2.163510985565471501e+00 2.236189797136584723e+00 1.479957547943397955e+00
1.261668649657851971e+00 2.226800919356796360e+00 2.162754857307036094e+00 2.231839634302017039e+00 1.500116777077268093e+00
1.269278904597548330e+00 2.215681981794856092e+00 2.161464926776719420e+00 2.227438818008956378e+00 1.520136480188749806e+00
1.276946212025384275e+00 2.204317706945221111e+00 2.159909715514088724e+00 2.223071345955160094e+00 1.540112777369514685e+00
1.284630808016922865e+00 2.192878471296813903e+00 2.158273143676058936e+00 2.218714230636773532e+00 1.560075184913009894e+00
1.292315404008461455e+00 2.181439235648406694e+00 2.156636571838029148e+00 2.214357115318386526e+00 1.580037592456505102e+00
1.300000000000000044e+00 2.169999999999999929e+00 2.154999999999999805e+00 2.209999999999999964e+00 1.600000000000000089e+00
