8.699999999999999956e-01 2.740000000000000213e+00 1.850000000000000089e+00 2.629999999999999893e+00 1.350000000000000089e+00
8.918202016322213099e-01 2.733276995454153813e+00 1.858607258255590367e+00 2.606587549183074781e+00 1.346900254110710238e+00
9.136404032644426243e-01 2.726553990908306968e+00 1.867214516511180866e+00 2.583175098366150113e+00 1.343800508221420609e+00
9.354606048966640497e-01 2.719830986362460568e+00 1.875821774766771144e+00 2.559762647549225001e+00 1.340700762332130758e+00
9.572807700451499979e-01 2.713108910036245991e+00 1.884429069224388353e+00 2.536349691299028208e+00 1.337601951501018016e+00
9.790885365112881322e-01 2.706433131588243945e+00 1.893075282597180831e+00 2.512932469509639777e+00 1.334543167404029784e+00
1.000765729562897999e+00 2.700243241135061201e+00 1.902138516251846934e+00 2.489498293514224248e+00 1.331924011472398917e+00
1.021976874853843809e+00 2.695857271373369723e+00 1.912587358880587951e+00 2.466285660400318047e+00 1.331148478870299634e+00
1.043203949120223850e+00 2.695606346638381723e+00 1.925010875484413742e+00 2.446699505765198790e+00 1.335511322147343583e+00
1.061923798701611910e+00 2.692213946481374798e+00 1.941805219143536210e+00 2.435697005428875794e+00 1.342544366782771670e+00
1.076382990883731683e+00 2.667765547509842516e+00 1.955619113790515007e+00 2.426325094593294374e+00 1.347940140689990240e+00
1.086783482893385555e+00 2.634301950719603269e+00 1.962251235359434576e+00 2.416323808837529175e+00 1.357131608010228696e+00
1.095663450089690683e+00 2.607296520861765554e+00 1.965459327798880107e+00 2.406722602874185934e+00 1.372141358442107162e+00
1.108141708324205998e+00 2.577879388259415094e+00 1.961207440073464037e+00 2.395323804346658481e+00 1.383075780244188202e+00
1.118171279585230993e+00 2.551842418346669916e+00 1.954226620839840223e+00 2.385685748433418407e+00 1.373732272105327556e+00
1.127903285753502960e+00 2.525755331248743296e+00 1.960763890353332650e+00 2.381015308680017650e+00 1.359185420671651157e+00
1.134461278750219515e+00 2.511130389666476503e+00 1.981006794799138548e+00 2.380639830754407882e+00 1.363085317373231131e+00
1.130554284072541993e+00 2.509840235832188959e+00 1.997943877350957909e+00 2.377551357367743368e+00 1.378619495999946265e+00
1.124182650333299449e+00 2.482857983333991658e+00 2.002567038013633116e+00 2.362175503191881631e+00 1.391490115362158608e+00
1.125998413073419524e+00 2.446028866808225288e+00 1.995713169298974021e+00 2.345388789500442606e+00 1.395375641752738094e+00
1.135890070319686362e+00 2.409595579582643143e+00 1.990364688230051415e+00 2.329858847905070363e+00 1.398153430813898090e+00
1.150222303186175576e+00 2.376494091142917764e+00 1.997269445319668657e+00 2.315790982628271433e+00 1.402546232298363504e+00
1.164138337768445552e+00 2.353320876827520003e+00 2.013408343131386502e+00 2.303663280638444721e+00 1.405625150126764922e+00
1.176933490009763217e+00 2.336674379766978227e+00 2.032677901005989884e+00 2.292441555791410845e+00 1.407410013661843484e+00
1.189435294456832715e+00 2.321589060028726337e+00 2.052409844291285701e+00 2.280977475641042140e+00 1.408607610645950636e+00
1.200687785487038806e+00 2.302056602722766687e+00 2.069403977289487440e+00 2.265163420099474578e+00 1.412338367385322702e+00
1.211131345298489759e+00 2.282637218517638455e+00 2.085052598858978534e+00 2.248177214268614055e+00 1.418927064375325342e+00
1.223084717426905277e+00 2.272829903649324912e+00 2.102999708174584814e+00 2.230802413783464555e+00 1.424141187824793153e+00
1.244715333998652085e+00 2.272577182880240354e+00 2.112336477597717366e+00 2.208613965704140369e+00 1.429195871667083395e+00
1.257683309808169447e+00 2.259119773641040219e+00 2.094114292764799323e+00 2.202739875918203971e+00 1.437443155457321486e+00
1.259769819394511270e+00 2.237752068614068612e+00 2.078045370809380898e+00 2.203293596096504992e+00 1.450136893163430418e+00
1.258118280137934253e+00 2.221148487951068340e+00 2.068856963368322255e+00 2.202858483368395959e+00 1.468657589784922113e+00
1.253283800123017766e+00 2.219940925558799627e+00 2.073537379453377127e+00 2.207723957551061211e+00 1.484610413430645259e+00
1.251938690247576647e+00 2.241011240214486833e+00 2.090531242458958605e+00 2.210847935647107576e+00 1.472889531505834126e+00
1.252840032802499337e+00 2.254496606052740937e+00 2.109152963681343085e+00 2.204901975082341536e+00 1.466798605429616487e+00
1.256367506778432563e+00 2.246624612133274468e+00 2.125822445533301241e+00 2.196317143994149124e+00 1.480792201069859981e+00
1.261959575635099418e+00 2.233319588692803670e+00 2.134391386033702709e+00 2.191351829532612427e+00 1.499789443788015486e+00
1.268936046131164286e+00 2.219747583076987052e+00 2.139632377685585229e+00 2.189738011579807964e+00 1.519764989964675461e+00
1.276472205927197123e+00 2.206734801051885686e+00 2.143644841333970597e+00 2.191943483126283621e+00 1.539967026591573251e+00
1.284252376667091244e+00 2.194287704410824436e+00 2.147419365561132665e+00 2.196940130689457593e+00 1.560070495129849411e+00
1.292126449526130427e+00 2.182125583560341031e+00 2.151214316921749248e+00 2.203369213071528776e+00 1.580044287704944317e+00
1.300000000000000044e+00 2.169999999999999929e+00 2.154999999999999805e+00 2.209999999999999964e+00 1.600000000000000089e+00
