8.699999999999999956e-01 2.740000000000000213e+00 1.850000000000000089e+00 2.629999999999999893e+00 1.350000000000000089e+00
8.962445842791650907e-01 2.735089490893003905e+00 1.859304756596068753e+00 2.609270956702296917e+00 1.355294054570908457e+00
9.224891685583300749e-01 2.730178981786008041e+00 1.868609513192137639e+00 2.588541913404593497e+00 1.360588109141816826e+00
9.487337528374951701e-01 2.725268472679012177e+00 1.877914269788206303e+00 2.567812870106890522e+00 1.365882163712725417e+00
9.749783371166601542e-01 2.720357963572015869e+00 1.887219026384275189e+00 2.547083826809187102e+00 1.371176218283633785e+00
1.001222921395825249e+00 2.715447454465019561e+00 1.896523782980343853e+00 2.526354783511484126e+00 1.376470272854542154e+00
1.027172459642621272e+00 2.709853563899565554e+00 1.905820763402139795e+00 2.505314291678397698e+00 1.381723462122818047e+00
1.051917240029977441e+00 2.701988222074195534e+00 1.914884027199094563e+00 2.482803834450034053e+00 1.386537859262478856e+00
1.074265719793862095e+00 2.692144388999798466e+00 1.922895366698738062e+00 2.456712316156366427e+00 1.388569669650847604e+00
1.088744993060714927e+00 2.693329976670250758e+00 1.926709912005156733e+00 2.436885643459830941e+00 1.374530243275801977e+00
1.102779896510021285e+00 2.665184626700752180e+00 1.943852357856558077e+00 2.441510647278133384e+00 1.374498121264243755e+00
1.099196410428528559e+00 2.624068542711568863e+00 1.950727260312669520e+00 2.434371620222879784e+00 1.379624286410021661e+00
1.096923991098970541e+00 2.594819429346457262e+00 1.946287290006123660e+00 2.424444080391503054e+00 1.364039918967556719e+00
1.115543370939957590e+00 2.559807682518781657e+00 1.939265177023750120e+00 2.410764773234518099e+00 1.366042599297954130e+00
1.124202394219945500e+00 2.525389871408521891e+00 1.936555233205402349e+00 2.396016687724866312e+00 1.378330386505249638e+00
1.124682457021459969e+00 2.488969574960428588e+00 1.936209785244155768e+00 2.379101323495203868e+00 1.389450841329410213e+00
1.094022054294661483e+00 2.490738742573370246e+00 1.933382940305489850e+00 2.361790705970344018e+00 1.385019875429457148e+00
1.077883443046890877e+00 2.524185079864223802e+00 1.929692802192696455e+00 2.364864162978236095e+00 1.372191990030074304e+00
1.077571522114580738e+00 2.538814059645274401e+00 1.929731978443135487e+00 2.371022707946269570e+00 1.353164610964104009e+00
1.090989690524069466e+00 2.505703026696948665e+00 1.940311676445245270e+00 2.366686355396307118e+00 1.350817543842268265e+00
1.107305217376416184e+00 2.491953848089111467e+00 1.953400583632600274e+00 2.366482746984668317e+00 1.366701010506277569e+00
1.119903249631036379e+00 2.478830717486067314e+00 1.968233647493820015e+00 2.363198728652168512e+00 1.382066855738933508e+00
1.128098951388912807e+00 2.451255835616066747e+00 1.984804014175130860e+00 2.352263335714992021e+00 1.390002823364036466e+00
1.134811343413410167e+00 2.417874180154123032e+00 2.000274002653381178e+00 2.338024056421261321e+00 1.388804306257574561e+00
1.145443662958408826e+00 2.388010583417734978e+00 2.015490476131894582e+00 2.323165238332163263e+00 1.383834849036486681e+00
1.160935564067374637e+00 2.364395341255647764e+00 2.031869243197363950e+00 2.307833590997293793e+00 1.379708986361116496e+00
1.175839329294881441e+00 2.344391098275294461e+00 2.049256457462962366e+00 2.290872971548224335e+00 1.376112676646136901e+00
1.189904723405900588e+00 2.325625561880998227e+00 2.067029973170433799e+00 2.273092162098165225e+00 1.372715396757950845e+00
1.203445900679774416e+00 2.297051277773196176e+00 2.080260591427542494e+00 2.253808389348095353e+00 1.374271821538244565e+00
1.206230518055947165e+00 2.263079095344873171e+00 2.072663942996127773e+00 2.243540556825239562e+00 1.387342035882308533e+00
1.200354589814865314e+00 2.246919638239806449e+00 2.055914141295880349e+00 2.245335528275827830e+00 1.402606859440802323e+00
1.204609201216275016e+00 2.239104467502427198e+00 2.053217919316088214e+00 2.244037115752529399e+00 1.422590269438058996e+00
1.218685087668456957e+00 2.232583321615070560e+00 2.067749158423729305e+00 2.228401619325234506e+00 1.436113382928077886e+00
1.231507193926740351e+00 2.229457545864442558e+00 2.079494852328755528e+00 2.214040843528958025e+00 1.452012240296886914e+00
1.247746710001417902e+00 2.236746301116874669e+00 2.096031019866067435e+00 2.204394485356842015e+00 1.462199168163909935e+00
1.253360915743150894e+00 2.232652226967422049e+00 2.097801785974410471e+00 2.204247591309890009e+00 1.484758661871176999e+00
1.255068227081894694e+00 2.222976867942763946e+00 2.094944271412022108e+00 2.203980304681360192e+00 1.507134813912970328e+00
1.260223473778440129e+00 2.211641359938076867e+00 2.099285269220042771e+00 2.203718620193010125e+00 1.528928072191821474e+00
1.268515206925228789e+00 2.199877595221276572e+00 2.110581015307113617e+00 2.204626779905967560e+00 1.548311898255485541e+00
1.278767077784691564e+00 2.189089279827998613e+00 2.124877197389758887e+00 2.206336981329564129e+00 1.565829302676598145e+00
1.289383538892345804e+00 2.179544639913999049e+00 2.139938598694879346e+00 2.208168490664781825e+00 1.582914651338299228e+00
1.300000000000000044e+00 2.169999999999999929e+00 2.154999999999999805e+00 2.209999999999999964e+00 1.600000000000000089e+00
