8.699999999999999956e-01 2.740000000000000213e+00 1.850000000000000089e+00 2.629999999999999893e+00 1.350000000000000089e+00
8.859876871136076470e-01 2.726366144396422886e+00 1.862071391737385229e+00 2.608028029826032768e+00 1.352765397708968642e+00
9.019753742272154096e-01 2.712732288792845559e+00 1.874142783474770368e+00 2.586056059652066086e+00 1.355530795417937417e+00
9.179630613408230611e-01 2.699098433189268675e+00 1.886214175212155286e+00 2.564084089478098960e+00 1.358296193126905971e+00
9.339507484544307125e-01 2.685464577585690904e+00 1.898285566949540426e+00 2.542112119304131834e+00 1.361061590835874524e+00
9.499384355680383640e-01 2.671830721982114021e+00 1.910356958686925566e+00 2.520140149130165153e+00 1.363826988544843299e+00
9.659437667264809679e-01 2.658230724666221345e+00 1.922437695129317392e+00 2.498183937793913234e+00 1.366618895012323920e+00
9.820725184630993976e-01 2.644870502342720808e+00 1.934583559315021128e+00 2.476340361257905798e+00 1.369597638894501035e+00
9.987836332871045109e-01 2.632659411733424548e+00 1.947008522836697786e+00 2.455076438430887187e+00 1.373466345835018920e+00
1.017357599116447853e+00 2.624330529196759354e+00 1.959980966472044672e+00 2.436260574992774597e+00 1.380266572229669197e+00
1.040004510147472860e+00 2.625545679875783467e+00 1.971536369431662772e+00 2.425725599714762204e+00 1.392563851974389921e+00
1.067960660969955899e+00 2.636038984571483113e+00 1.968928610742086915e+00 2.429019164369392136e+00 1.404562416470865882e+00
1.098083643205091775e+00 2.650710712032776861e+00 1.972401809810706563e+00 2.423630867568041136e+00 1.411107529241852898e+00
1.113080737715971269e+00 2.626022545742191738e+00 1.986301527216814078e+00 2.409519231049922272e+00 1.411008451425848076e+00
1.117411632900990881e+00 2.588604486510571956e+00 1.990894136757777044e+00 2.398497227668144660e+00 1.400943380230908364e+00
1.130742314218158295e+00 2.584609297987221055e+00 1.991585629914160105e+00 2.417078478955597021e+00 1.382472587333934300e+00
1.151135583723697620e+00 2.591152754542642711e+00 1.990754661242091439e+00 2.424993209825958562e+00 1.362905770758553237e+00
1.171510075495480807e+00 2.602215958885305991e+00 1.993952264596407398e+00 2.422596557297220343e+00 1.343355214301948264e+00
1.191613864761250863e+00 2.620523970256316559e+00 1.999929456488876101e+00 2.420212626087383967e+00 1.326360449944706810e+00
1.214091736211859063e+00 2.640104422786040406e+00 2.006443668721053619e+00 2.419459334309634890e+00 1.311906963931556147e+00
1.242808277048316201e+00 2.649749978138811635e+00 2.012580942303912490e+00 2.415562477363990546e+00 1.302066607222974071e+00
1.261263436008155381e+00 2.624135496782762811e+00 2.017581332755341794e+00 2.397920418141592069e+00 1.305369726523659013e+00
1.260431449408701443e+00 2.590240997833621606e+00 2.021431960439331821e+00 2.379062720333035230e+00 1.313170639565119480e+00
1.255671638324999506e+00 2.556672190858714444e+00 2.026158678352648845e+00 2.360349107317847306e+00 1.320306917878306452e+00
1.252259715832548359e+00 2.523203262072119202e+00 2.032429652055082858e+00 2.341494031566482281e+00 1.326388408567266364e+00
1.251454199230705111e+00 2.488811184197391668e+00 2.039682261178964673e+00 2.323756591826077411e+00 1.332074074264225860e+00
1.252124803194549330e+00 2.451633100261919829e+00 2.045591413019256510e+00 2.308989238583627923e+00 1.338691608590557580e+00
1.251927509890576218e+00 2.411825954443208797e+00 2.047512693318262578e+00 2.297895865466270671e+00 1.347101357933201626e+00
1.249549442332567928e+00 2.372256631291028484e+00 2.045458790279069294e+00 2.288924706933288089e+00 1.357142607605468010e+00
1.245631552639941964e+00 2.334652133652091788e+00 2.042297290203353821e+00 2.280239740555739303e+00 1.369054495766153456e+00
1.241844346170080549e+00 2.299840793520111948e+00 2.041899821370900980e+00 2.272309722662310794e+00 1.384095621569548129e+00
1.240262887187103757e+00 2.270995281702866020e+00 2.048135213409770117e+00 2.266603397436350420e+00 1.402339074000559016e+00
1.242306493733646322e+00 2.252156102260602033e+00 2.062244770646752379e+00 2.261564242870675479e+00 1.420096526431672501e+00
1.247248194010740718e+00 2.242442418377276869e+00 2.081476931173509737e+00 2.253736186247902396e+00 1.433455990478950781e+00
1.252433556221691946e+00 2.236834165445136691e+00 2.102194580908988808e+00 2.243400645222479728e+00 1.443599885092541113e+00
1.255241020108876615e+00 2.228856695941948907e+00 2.120856725258651210e+00 2.234915440083101501e+00 1.458076152235904699e+00
1.257468766187078923e+00 2.216021574118789417e+00 2.131233392274314298e+00 2.230634907981287274e+00 1.480195791326099686e+00
1.263916889462081805e+00 2.204083006439988779e+00 2.136188283369978791e+00 2.226207100053326116e+00 1.504083304592640280e+00
1.273140039102498955e+00 2.196088046021287266e+00 2.141843720071897383e+00 2.221469794607242587e+00 1.527780580360402984e+00
1.282500644951366953e+00 2.187728463448127325e+00 2.146874557173084508e+00 2.217620522952618245e+00 1.551662284411004400e+00
1.291250322475683499e+00 2.178864231724063405e+00 2.150937278586542156e+00 2.213810261476309105e+00 1.575831142205502466e+00
1.300000000000000044e+00 2.169999999999999929e+00 2.154999999999999805e+00 2.209999999999999964e+00 1.600000000000000089e+00
