8.699999999999999956e-01 2.740000000000000213e+00 1.850000000000000089e+00 2.629999999999999893e+00 1.350000000000000089e+00
8.922346079693952436e-01 2.726431332815418607e+00 1.860152375070845965e+00 2.606380723463735283e+00 1.356591470019939072e+00
9.144692159387903807e-01 2.712862665630837444e+00 1.870304750141692063e+00 2.582761446927470672e+00 1.363182940039878055e+00
9.367038239081855178e-01 2.699293998446255838e+00 1.880457125212537939e+00 2.559142170391206061e+00 1.369774410059817038e+00
9.589384318775807658e-01 2.685725331261674675e+00 1.890609500283383815e+00 2.535522893854941451e+00 1.376365880079756021e+00
9.811916371546617333e-01 2.672245921213885822e+00 1.900921311262403490e+00 2.511965978752409345e+00 1.382882803439718256e+00
1.003540348026071838e+00 2.659180574022160126e+00 1.911898802762099336e+00 2.488705554418169097e+00 1.389092216097175481e+00
1.026553478870694702e+00 2.648551097653498054e+00 1.925572526011939845e+00 2.467326362319848254e+00 1.394102468566741582e+00
1.051524256711636962e+00 2.642589606721514883e+00 1.942820690433311404e+00 2.451748499046972452e+00 1.397729816787230517e+00
1.082912265804643726e+00 2.639651834067447300e+00 1.957098308163787159e+00 2.449982111292256182e+00 1.396114837845396472e+00
1.085642176605893461e+00 2.659935719715647018e+00 1.960076903693606765e+00 2.457860256968991575e+00 1.376171543403059028e+00
1.086010416378228705e+00 2.695120567672812939e+00 1.962696517843597110e+00 2.459062431849073693e+00 1.356318189875160618e+00
1.103841319033613377e+00 2.712256871865061925e+00 1.981826979597129057e+00 2.451866945623341287e+00 1.348938258194272155e+00
1.129496080789002654e+00 2.694888381697864599e+00 2.000346427262131854e+00 2.450116071781038851e+00 1.351597672428113572e+00
1.160423650428610509e+00 2.697769883562981974e+00 2.014738239859132030e+00 2.452686028088461700e+00 1.343775710018124236e+00
1.190625568436650017e+00 2.704403541954770063e+00 2.026364966458482186e+00 2.451189769629460891e+00 1.331842547251749442e+00
1.219641590434554779e+00 2.705257879252517483e+00 2.036170397207426319e+00 2.443878355214306630e+00 1.317709498231315557e+00
1.245832961054459176e+00 2.689321073355511960e+00 2.044069563632315401e+00 2.428740694154453372e+00 1.306213438090051637e+00
1.258902542995929963e+00 2.646644558055136542e+00 2.040504981348816749e+00 2.415769090732702740e+00 1.306089335699918141e+00
1.260100999270682198e+00 2.601341461294088386e+00 2.027529192743757758e+00 2.414623839179867559e+00 1.304425437544833644e+00
1.260004557096829014e+00 2.559902988055196449e+00 2.034317528374498085e+00 2.404595841767741771e+00 1.296838572792352151e+00
1.253391142222575638e+00 2.544173725252695917e+00 2.053611919527057683e+00 2.382166559204955014e+00 1.297694196390131838e+00
1.244359379138185506e+00 2.517567713268089147e+00 2.058052555885827140e+00 2.355210672110382042e+00 1.306873161822848184e+00
1.237609377494673701e+00 2.485148406704310364e+00 2.057489710168297847e+00 2.331292592325196811e+00 1.317440150053314163e+00
1.235250866187681762e+00 2.447931239471972109e+00 2.057201244405177487e+00 2.309089719485431846e+00 1.326177472672994462e+00
1.237803380138877252e+00 2.407752180341062420e+00 2.059076715716341877e+00 2.288126673335146855e+00 1.332164403010538400e+00
1.241215429260332570e+00 2.366684021399335869e+00 2.063147210225165562e+00 2.270953570788123432e+00 1.340901691114104732e+00
1.241330713348686610e+00 2.329273302759752085e+00 2.071463779738824229e+00 2.260320438678895094e+00 1.356044185827327775e+00
1.239244907773331184e+00 2.301294304965769477e+00 2.086663300736236959e+00 2.254109600869267815e+00 1.373831736250069158e+00
1.237786405618932051e+00 2.283937084282834373e+00 2.106886470538125611e+00 2.249245273539697276e+00 1.391612571064488879e+00
1.237047949611142172e+00 2.274676811341237226e+00 2.128388240382702357e+00 2.245767057252779697e+00 1.410117380958169075e+00
1.235981068579834918e+00 2.267865780198853098e+00 2.148927112096853165e+00 2.244079409500659317e+00 1.430017507679032684e+00
1.235954178215319610e+00 2.250041154404700094e+00 2.162943869081046078e+00 2.236993152745477165e+00 1.451562985895428648e+00
1.245966519445698806e+00 2.228852692576771322e+00 2.157221907376957848e+00 2.222212414666596469e+00 1.471345575970614883e+00
1.261522110590340917e+00 2.228298433678404855e+00 2.154196244106542313e+00 2.221779509834338473e+00 1.496485921787556350e+00
1.269801410472286118e+00 2.213481257154059634e+00 2.154783236791957712e+00 2.220261986328931236e+00 1.522664614970836938e+00
1.279372154167696340e+00 2.198589762733773156e+00 2.155297190807083929e+00 2.217461945556022496e+00 1.548522857127291985e+00
1.289686077083848303e+00 2.184294881366886543e+00 2.155148595403541645e+00 2.213730972778011008e+00 1.574261428563645815e+00
1.300000000000000044e+00 2.169999999999999929e+00 2.154999999999999805e+00 2.209999999999999964e+00 1.600000000000000089e+00
