8.699999999999999956e-01 2.740000000000000213e+00 1.850000000000000089e+00 2.629999999999999893e+00 1.350000000000000089e+00
9.758069278217685882e-01 2.739663783876260528e+00 1.877675570724939513e+00 2.553298717144028451e+00 1.337034399168230081e+00
1.052831036324498593e+00 2.685710651035196683e+00 1.918386892661554821e+00 2.471252225381557643e+00 1.369263432852009021e+00
1.065343475048191380e+00 2.677071059627285976e+00 1.925471436569714312e+00 2.457808836536497843e+00 1.374553803160162291e+00
1.076450723437272883e+00 2.672334415328947443e+00 1.932041516416418858e+00 2.446829964309462202e+00 1.377385553152581821e+00
1.098059036494888341e+00 2.649201264592190075e+00 1.925710004721096436e+00 2.435357510622637722e+00 1.421472920474643020e+00
1.131720210718083930e+00 2.618980810825762617e+00 1.946223280714699078e+00 2.430217403262237674e+00 1.413922245111895348e+00
1.163970890193526619e+00 2.641792815375358039e+00 1.966642802615155672e+00 2.434270141410511012e+00 1.350760715551442948e+00
1.185175353114088281e+00 2.645241862364098306e+00 1.976375129019376065e+00 2.433546358568781542e+00 1.318501544609624432e+00
1.212318498457511051e+00 2.625848735452942950e+00 1.989758286842518764e+00 2.426196086440992161e+00 1.295863612545242960e+00
1.223173127743132360e+00 2.609020874161652959e+00 1.994584481989438052e+00 2.419415451387497029e+00 1.288574722077700407e+00
1.236628861195996132e+00 2.581504609476109380e+00 2.000385141791392485e+00 2.407548138778580871e+00 1.279493684403040454e+00
1.257864802937910031e+00 2.516999308038542438e+00 2.010285240377477578e+00 2.377702209262198441e+00 1.266254185596092929e+00
1.269163174413589168e+00 2.400139170243384967e+00 2.025890931140050366e+00 2.318739475723928578e+00 1.272768419699254139e+00
1.265746876344821636e+00 2.379928648746518771e+00 2.033302924069044781e+00 2.308560029588491158e+00 1.288274497307011712e+00
1.261477730336225900e+00 2.358651869349640329e+00 2.042395945728443518e+00 2.297361277566537296e+00 1.308720929343458295e+00
1.251608829876121876e+00 2.314893644566892839e+00 2.064594510757262746e+00 2.270233835225985430e+00 1.359606994664258384e+00
1.250573087809752737e+00 2.309101791284055682e+00 2.070453547354523582e+00 2.264018541334475554e+00 1.369501165502853723e+00
1.249671846996234237e+00 2.298080861906822925e+00 2.084148384638448981e+00 2.252308265289367561e+00 1.387994777935521062e+00
1.250818163218093471e+00 2.290945233605170550e+00 2.096453419551855823e+00 2.245119876913261425e+00 1.399621258841811322e+00
1.256520776453938337e+00 2.272861233497295075e+00 2.129245205349503234e+00 2.229351876943162392e+00 1.428401399968647123e+00
1.265354242657546813e+00 2.254105227190794203e+00 2.152595393796304712e+00 2.223811501406262714e+00 1.455054188840107621e+00
1.270041401638602796e+00 2.234220694784764927e+00 2.158782422994288464e+00 2.224366519026803157e+00 1.483225767326141753e+00
1.274240896572927273e+00 2.224140792554814006e+00 2.159120373021877981e+00 2.223648159146522030e+00 1.501129930682319147e+00
1.277119559685833794e+00 2.218049077807692893e+00 2.158693369847649812e+00 2.222172918907287187e+00 1.512237880847599802e+00
1.283024515614919370e+00 2.205632556412198131e+00 2.157753211294482831e+00 2.219050799067023405e+00 1.534910341973185099e+00
1.300000000000000044e+00 2.169999999999999929e+00 2.154999999999999805e+00 2.209999999999999964e+00 1.600000000000000089e+00
