8.699999999999999956e-01 2.740000000000000213e+00 1.850000000000000089e+00 2.629999999999999893e+00 1.350000000000000089e+00
8.985284954450698525e-01 2.742560408555575258e+00 1.861108188445481648e+00 2.609723759636121354e+00 1.350314642072012461e+00
9.270569908901395983e-01 2.745120817111150302e+00 1.872216376890962986e+00 2.589447519272242815e+00 1.350629284144024833e+00
9.555854863352094553e-01 2.747681225666724902e+00 1.883324565336444323e+00 2.569171278908363831e+00 1.350943926216037205e+00
9.841139817802792011e-01 2.750241634222299947e+00 1.894432753781925882e+00 2.548895038544485292e+00 1.351258568288049355e+00
1.012678610615999286e+00 2.751810546544967817e+00 1.905134005846901069e+00 2.528211812372669343e+00 1.351348715189600647e+00
1.040941967047374295e+00 2.752230790023014517e+00 1.915317043523165896e+00 2.506652128830937798e+00 1.350739718122740740e+00
1.066380020464920975e+00 2.752085779378401931e+00 1.926316418251797113e+00 2.482779978039407087e+00 1.352513766940881101e+00
1.091015190616462238e+00 2.763106465973342640e+00 1.940495526623638778e+00 2.463083916394909867e+00 1.355545527849393528e+00
1.103129947846842374e+00 2.746508261384582816e+00 1.959262331958878001e+00 2.443000836766858974e+00 1.360551638904357263e+00
1.121023048505306541e+00 2.707298116209725602e+00 1.972109139221632779e+00 2.431268219737652281e+00 1.363804142088920202e+00
1.153312187141067202e+00 2.689253915455494859e+00 1.978938881192925159e+00 2.422505909576744720e+00 1.371686540514315045e+00
1.187736883866021165e+00 2.681431093775901608e+00 1.982934400278820064e+00 2.413061683420681724e+00 1.380744953716892098e+00
1.220003533169313759e+00 2.666194194330861578e+00 1.983819674623870544e+00 2.401463523790089649e+00 1.371361003079450303e+00
1.235219843492428415e+00 2.649817879900251416e+00 1.985900698918530383e+00 2.393920830712978010e+00 1.347735684821681712e+00
1.243858271175104502e+00 2.636484771850164943e+00 1.993079017303583722e+00 2.388668491981565722e+00 1.322363518805541149e+00
1.259873400379612818e+00 2.606804442125760346e+00 2.006763608446795466e+00 2.387040217069419157e+00 1.308025644280294442e+00
1.249245258105058376e+00 2.563095289627395967e+00 1.998204577902600532e+00 2.368254773136057700e+00 1.305602310825886736e+00
1.242460059059641519e+00 2.521773970328747172e+00 2.005533505053013421e+00 2.345537311042881434e+00 1.300316545069562624e+00
1.239189214460838517e+00 2.483882054864119837e+00 2.018781218949425416e+00 2.324449018631308927e+00 1.295624121401108830e+00
1.236655325965387409e+00 2.446857550926543112e+00 2.033149421079476493e+00 2.303876616544753286e+00 1.291327772972663324e+00
1.235518007319937661e+00 2.412606894461744478e+00 2.050433332499226324e+00 2.287958377123489484e+00 1.299366375935253837e+00
1.238044338394359789e+00 2.391635366583213518e+00 2.060601870568539606e+00 2.286455350638477046e+00 1.323354500701632963e+00
1.240868725933028660e+00 2.339763457677143332e+00 2.052522065398196371e+00 2.285767475941810734e+00 1.332028364961560962e+00
1.240960720381224069e+00 2.295583285846582555e+00 2.064281905355783930e+00 2.272756501468954138e+00 1.340371478409922545e+00
1.240675637676249110e+00 2.278413649195205615e+00 2.080709118995336393e+00 2.262745820509962424e+00 1.359950576864848104e+00
1.239899864556777587e+00 2.262121817637876564e+00 2.092090743641272788e+00 2.255046521130426918e+00 1.383613890970912585e+00
1.239295602422242792e+00 2.244541674514997975e+00 2.095960908776529408e+00 2.251156974395125410e+00 1.410010836102934650e+00
1.239157531705106674e+00 2.230245312459258944e+00 2.092306752421565719e+00 2.250682794429324840e+00 1.437119712556007345e+00
1.240260897886245495e+00 2.220752751818579451e+00 2.084780187403023177e+00 2.248974718332554357e+00 1.463791230211937577e+00
1.246420129102958407e+00 2.213101705848511624e+00 2.084173868564012544e+00 2.243320800542500493e+00 1.490930420588066463e+00
1.256799035204506865e+00 2.204851834087965479e+00 2.094563748962350314e+00 2.236938624657724084e+00 1.515146345750083778e+00
1.267608973987574661e+00 2.196265998562147104e+00 2.108768637404703661e+00 2.229933381471802534e+00 1.536984390380797816e+00
1.278409454970894865e+00 2.187530224585001903e+00 2.124031882944745764e+00 2.223242922473414929e+00 1.558096756714837161e+00
1.289204727485447677e+00 2.178765112292500916e+00 2.139515941472372784e+00 2.216621461236707447e+00 1.579048378357418736e+00
1.300000000000000044e+00 2.169999999999999929e+00 2.154999999999999805e+00 2.209999999999999964e+00 1.600000000000000089e+00
