8.699999999999999956e-01 2.740000000000000213e+00 1.850000000000000089e+00 2.629999999999999893e+00 1.350000000000000089e+00
8.951463189055059999e-01 2.734446988114278554e+00 1.860718471319120271e+00 2.607804492522851625e+00 1.354320712845170860e+00
9.202926378110120043e-01 2.728893976228556895e+00 1.871436942638240453e+00 2.585608985045702912e+00 1.358641425690341409e+00
9.454389567165180086e-01 2.723340964342835235e+00 1.882155413957360635e+00 2.563413477568554644e+00 1.362962138535512180e+00
9.706053044094165028e-01 2.717866815818998028e+00 1.892886190457594431e+00 2.541224019944369417e+00 1.367240247999374603e+00
9.960321138437069344e-01 2.714251449876004862e+00 1.904094715421065898e+00 2.519211219915320488e+00 1.370664611143695089e+00
1.021554405972555646e+00 2.716267368373037172e+00 1.917215670077278888e+00 2.498443226424069241e+00 1.372492048512128138e+00
1.045668377420054362e+00 2.717682095410714371e+00 1.933584873795755277e+00 2.479884877880049299e+00 1.376186966634492581e+00
1.068247435529467326e+00 2.717968376004351594e+00 1.952556222758563553e+00 2.462422839996876611e+00 1.375427457899036199e+00
1.080855386947416230e+00 2.695623839365755892e+00 1.971811363091067193e+00 2.443524548148479969e+00 1.375180716453950236e+00
1.097293973662986089e+00 2.654941300907379009e+00 1.982329727830290933e+00 2.435215724888295963e+00 1.373624202573510367e+00
1.118682779612004019e+00 2.671354860924196828e+00 1.988757223936951313e+00 2.435829825037847396e+00 1.354979210531388478e+00
1.131005512084376718e+00 2.710362209879799256e+00 1.989983823971636978e+00 2.442317779782837928e+00 1.340805329631979737e+00
1.153419647716007690e+00 2.733720752119468855e+00 1.986701761283762968e+00 2.457195628373230356e+00 1.327807022922527613e+00
1.184806956251558407e+00 2.733728893643124991e+00 1.982346678936103723e+00 2.464548620719765992e+00 1.315626784639225111e+00
1.218486166067470400e+00 2.718605931766223449e+00 1.982310689562184702e+00 2.461238457308783545e+00 1.308909712829340100e+00
1.245756483082803623e+00 2.694338042656697851e+00 1.994516297136224026e+00 2.451866916733826063e+00 1.308194266687085827e+00
1.259572004766281950e+00 2.665969344844340672e+00 2.013843157431662423e+00 2.437978545928415564e+00 1.305731887959748372e+00
1.265484066150025511e+00 2.625192061269978616e+00 2.025357610954283683e+00 2.421637118466316352e+00 1.302956369409849602e+00
1.264546958863177695e+00 2.581709089701728743e+00 2.031101286611887602e+00 2.406645269873703086e+00 1.311126835805215496e+00
1.260532872149427774e+00 2.546494710142421791e+00 2.041567487555644433e+00 2.384116015594615945e+00 1.315238792605723628e+00
1.255163234095050706e+00 2.513207726887678017e+00 2.050518948849012091e+00 2.358960308899433755e+00 1.314921776492090633e+00
1.246687574877833438e+00 2.480693984603829616e+00 2.051712340879672691e+00 2.332360204007120963e+00 1.311774357273454594e+00
1.235644959367136586e+00 2.453572606869634409e+00 2.039078393729834460e+00 2.307908649491365427e+00 1.311452185419364147e+00
1.229003754881498711e+00 2.424478563305031642e+00 2.023949515381572972e+00 2.287447868519400629e+00 1.319244202656687515e+00
1.227336853643258063e+00 2.389557955800259315e+00 2.017593591314192913e+00 2.273739194075246939e+00 1.335206035186861762e+00
1.228104276199318612e+00 2.352406849709258729e+00 2.018485130253714122e+00 2.266685253906896236e+00 1.353262327893615558e+00
1.232056828757236211e+00 2.313916113840497335e+00 2.021836621233393583e+00 2.259111186353276679e+00 1.369980788588657905e+00
1.238679690705192904e+00 2.282085842234685913e+00 2.032097092349195222e+00 2.248158702209440918e+00 1.386712318040344227e+00
1.243285079605852994e+00 2.268848953965045379e+00 2.053890494033459468e+00 2.238624506663580593e+00 1.402142080933741486e+00
1.243757798569383954e+00 2.269400660495191069e+00 2.080940517519478838e+00 2.233407775746206969e+00 1.413831027404910623e+00
1.242188136749927896e+00 2.268171611149151001e+00 2.108554863777959643e+00 2.229847839670028975e+00 1.424754235300373262e+00
1.239984005951139778e+00 2.256909016459925699e+00 2.133404348411978901e+00 2.227321973716135162e+00 1.438937832547867224e+00
1.240203500828120253e+00 2.247477580167962063e+00 2.155332252230448997e+00 2.224774353976506358e+00 1.456901784808420919e+00
1.244916326208324264e+00 2.239631087367433881e+00 2.171122882333331283e+00 2.215974806575675693e+00 1.477916267250879434e+00
1.252626634179077936e+00 2.226069929564079786e+00 2.170143548309747317e+00 2.214953295867201355e+00 1.503359693991172641e+00
1.264536144307428334e+00 2.213600419270997488e+00 2.170842070432799531e+00 2.213013345275085531e+00 1.528050891521660848e+00
1.276497360617738774e+00 2.199527937628751761e+00 2.167054794721970712e+00 2.211755258193804252e+00 1.552304973559342827e+00
1.288248680308869520e+00 2.184763968814375623e+00 2.161027397360985258e+00 2.210877629096902108e+00 1.576152486779671458e+00
1.300000000000000044e+00 2.169999999999999929e+00 2.154999999999999805e+00 2.209999999999999964e+00 1.600000000000000089e+00
