8.699999999999999956e-01 2.740000000000000213e+00 1.850000000000000089e+00 2.629999999999999893e+00 1.350000000000000089e+00
8.926205691583948276e-01 2.742420198282923494e+00 1.860449417394454352e+00 2.604322367287218221e+00 1.346425702515598566e+00
9.152411383167896597e-01 2.744840396565846774e+00 1.870898834788908394e+00 2.578644734574436992e+00 1.342851405031196821e+00
9.378617074751844918e-01 2.747260594848770054e+00 1.881348252183362657e+00 2.552967101861655319e+00 1.339277107546795298e+00
9.604906287538060861e-01 2.749680128286565495e+00 1.891799735007176686e+00 2.527295667572723392e+00 1.335711903142178691e+00
9.836084685195048971e-01 2.752029783164090304e+00 1.902389028857251363e+00 2.502013335035417008e+00 1.332707825375849087e+00
1.008780360537782972e+00 2.754020678059246663e+00 1.913515723812055702e+00 2.478840056198063468e+00 1.332383435897043444e+00
1.036240200677313039e+00 2.753927142479058787e+00 1.925797472279949130e+00 2.461418860871484871e+00 1.337845065165238267e+00
1.061533964013231301e+00 2.747750330735360791e+00 1.939748026527025271e+00 2.452706330423617409e+00 1.349993814006090753e+00
1.078743511731206972e+00 2.730638660848439869e+00 1.955264416123064786e+00 2.448640587192489448e+00 1.365468621633175728e+00
1.084245845926526286e+00 2.699330107029034309e+00 1.968173336349907654e+00 2.441762705766910457e+00 1.380886318420566639e+00
1.077159295792784022e+00 2.660044599707359403e+00 1.968226226180965321e+00 2.432234256719468579e+00 1.395066487483012319e+00
1.061003145316420371e+00 2.631149281319808075e+00 1.953369852443513910e+00 2.428504861161060013e+00 1.405637855619643606e+00
1.074260554497545872e+00 2.665217242566786826e+00 1.960023021448253910e+00 2.438964289147510289e+00 1.404317981472772869e+00
1.099556439323217116e+00 2.640580607000363678e+00 1.964652765531558876e+00 2.429835424442007952e+00 1.413648263993842136e+00
1.110875283721170392e+00 2.598486172221846413e+00 1.969245384882403638e+00 2.416238735193291021e+00 1.405585256013399231e+00
1.111883174970886623e+00 2.557394035724305681e+00 1.974265928124206315e+00 2.398632533377899723e+00 1.396286119948787485e+00
1.111250394024341448e+00 2.515475479790592495e+00 1.978141641681158136e+00 2.381282432552882966e+00 1.387218394701116519e+00
1.117563885554083258e+00 2.470589839278725997e+00 1.981488698824516170e+00 2.366294268502876275e+00 1.381353955464555083e+00
1.137368299627439017e+00 2.442096089622406208e+00 1.982455835307635361e+00 2.359732597529059284e+00 1.385944384297900456e+00
1.161319036606840216e+00 2.471252384905995303e+00 1.986020251870947328e+00 2.375374859697118257e+00 1.390088614805460310e+00
1.186001093333800771e+00 2.495915375327659280e+00 1.994972242818877417e+00 2.386163709148521495e+00 1.379852261446500306e+00
1.211092823291230358e+00 2.511856678964778489e+00 2.004814742650784520e+00 2.391148601479951452e+00 1.364564033730775394e+00
1.234671426973362074e+00 2.525249844006282274e+00 2.014726193378446606e+00 2.394041819625467582e+00 1.347363409803885359e+00
1.256995507366273745e+00 2.530434869662305353e+00 2.021610485251489564e+00 2.390987361273263723e+00 1.328143676249787575e+00
1.268295319804148669e+00 2.512244509142937954e+00 2.019057443330332990e+00 2.371111973776679260e+00 1.311040850384990408e+00
1.261512730803031168e+00 2.492060701721778404e+00 2.025775497881197484e+00 2.340060844452888755e+00 1.313249627089434268e+00
1.253929415186156859e+00 2.457119176997980770e+00 2.030254683080534139e+00 2.318727946064012002e+00 1.323042205703295560e+00
1.245881383485280658e+00 2.416021692852472924e+00 2.034326597872803788e+00 2.308554956940624070e+00 1.335585357149301711e+00
1.241606799458639276e+00 2.379882219555262690e+00 2.044637164785215511e+00 2.305641047454806802e+00 1.350724068752744644e+00
1.241752933013216431e+00 2.358434585704259678e+00 2.063369196925084914e+00 2.302698105631244552e+00 1.366212325741167355e+00
1.244072106285063928e+00 2.346871892675374660e+00 2.084790021635875235e+00 2.298534553167377315e+00 1.381123984424960760e+00
1.247974358827129260e+00 2.334389940431334853e+00 2.104803302791666830e+00 2.292379339774161640e+00 1.397035513776945681e+00
1.253107829822011965e+00 2.313663781212949022e+00 2.120038975596928221e+00 2.283727746701383676e+00 1.414839152914060261e+00
1.257655821571189936e+00 2.283751328259775892e+00 2.128182300321107334e+00 2.274158675667842910e+00 1.433813962285528820e+00
1.260635474665019018e+00 2.252440125905620150e+00 2.131597138040004058e+00 2.265586040444969917e+00 1.454039872994885574e+00
1.264247458899369736e+00 2.229576889011071206e+00 2.134680001446961128e+00 2.257214991731894660e+00 1.477134985824176239e+00
1.270338040731949558e+00 2.216374243964275070e+00 2.138768591143470399e+00 2.248055763602404333e+00 1.501730035148433284e+00
1.277756408956109535e+00 2.204781461893888128e+00 2.142819065340874296e+00 2.238557145331033560e+00 1.526301551826630742e+00
1.285170939304073112e+00 2.193187641262591914e+00 2.146879376893916280e+00 2.229038096887355547e+00 1.550867701217753858e+00
1.292585469652036467e+00 2.181593820631296143e+00 2.150939688446957820e+00 2.219519048443677978e+00 1.575433850608876973e+00
1.300000000000000044e+00 2.169999999999999929e+00 2.154999999999999805e+00 2.209999999999999964e+00 1.600000000000000089e+00
