8.699999999999999956e-01 2.740000000000000213e+00 1.850000000000000089e+00 2.629999999999999893e+00 1.350000000000000089e+00
8.920063954180318389e-01 2.732751979769872719e+00 1.860263888153721679e+00 2.607893093971476617e+00 1.355413329532018096e+00
9.140127908360636821e-01 2.725503959539745225e+00 1.870527776307443046e+00 2.585786187942953340e+00 1.360826659064035882e+00
9.360191862540955254e-01 2.718255939309617730e+00 1.880791664461164636e+00 2.563679281914430064e+00 1.366239988596053889e+00
9.580255816721272577e-01 2.711007919079490236e+00 1.891055552614886226e+00 2.541572375885906787e+00 1.371653318128071897e+00
9.800319770901591010e-01 2.703759898849362742e+00 1.901319440768607594e+00 2.519465469857383066e+00 1.377066647660089682e+00
1.002050503769414069e+00 2.696633715322479308e+00 1.911621007869317435e+00 2.497367110499231213e+00 1.382433180948225981e+00
1.023998844004516240e+00 2.690480105345899542e+00 1.922795211471260979e+00 2.475910026584017931e+00 1.387787351585389350e+00
1.045411769407240010e+00 2.689039996251098685e+00 1.936751776628371946e+00 2.457608111839481690e+00 1.394119109142269775e+00
1.064797734008094299e+00 2.699901356554642362e+00 1.952516483567158234e+00 2.446840345744139000e+00 1.404342625017416912e+00
1.081391225929673627e+00 2.701234902363768065e+00 1.967691877493474406e+00 2.441342648064948051e+00 1.420705479566876761e+00
1.088772098104262565e+00 2.667259222829729826e+00 1.979195631993549531e+00 2.431965171380737534e+00 1.421778033659473195e+00
1.098899139179016604e+00 2.636137240489289990e+00 1.990576328872655454e+00 2.426908009030929403e+00 1.407023170189330541e+00
1.110525804289145935e+00 2.606848834219271271e+00 2.001610046909278573e+00 2.424934087672418581e+00 1.390360229731949282e+00
1.128355426621965085e+00 2.584519620493767267e+00 2.008276399112374655e+00 2.416529053541421224e+00 1.372775726569939625e+00
1.153529665300514928e+00 2.578899824148525699e+00 2.012200090470100733e+00 2.407359077208097276e+00 1.356042162625626268e+00
1.181786801247590724e+00 2.584378630383135977e+00 2.016587282113401880e+00 2.402914442988443255e+00 1.341034181838218986e+00
1.209674464181891729e+00 2.594412186762331984e+00 2.021058422338495308e+00 2.402194805025610336e+00 1.325771462458706473e+00
1.234998410338455033e+00 2.608073601814096865e+00 2.025566684941189521e+00 2.404965480273809852e+00 1.308948156751331471e+00
1.256794950350996531e+00 2.625570815247620260e+00 2.034686110168583362e+00 2.412221115985171416e+00 1.293543955445402016e+00
1.271462433721132879e+00 2.617771818881348356e+00 2.050839161021916990e+00 2.406619845592582685e+00 1.288865611534936395e+00
1.268500364501996547e+00 2.580876616265631363e+00 2.051481189234939162e+00 2.383925347965731856e+00 1.295489257123745297e+00
1.263944882113896995e+00 2.544866366794752199e+00 2.048920743031922953e+00 2.361006452713760861e+00 1.302039680649493381e+00
1.260333738591204789e+00 2.510293299782965004e+00 2.049120072969357498e+00 2.337525513653373910e+00 1.310339227962546760e+00
1.258367143298928958e+00 2.474771716280061096e+00 2.047738484588754293e+00 2.316474835771098917e+00 1.321029781066303421e+00
1.257930070811655199e+00 2.434966702783015524e+00 2.040610139459905437e+00 2.301795773093036068e+00 1.331374349273459545e+00
1.257937698481819577e+00 2.391870686315799244e+00 2.031392684437567375e+00 2.290885322213169761e+00 1.338282482872462653e+00
1.255294575292384307e+00 2.351372683719641365e+00 2.021061275406883517e+00 2.275385775010958955e+00 1.339784844798537211e+00
1.241655608933155186e+00 2.332060436460094532e+00 2.011370764455981508e+00 2.257914433542611565e+00 1.346574715079421170e+00
1.238517061760714855e+00 2.324203577259898790e+00 2.019735976582667014e+00 2.271361854537955249e+00 1.369434145089824195e+00
1.238033245782897751e+00 2.311006418786544003e+00 2.034547431275836704e+00 2.279911916414483208e+00 1.388785738960203631e+00
1.240432619267241243e+00 2.297057895624445401e+00 2.055644636278105786e+00 2.277078916505268502e+00 1.401382412768792607e+00
1.245510179513114490e+00 2.284060529902991021e+00 2.076327140664216309e+00 2.269490116098964005e+00 1.413450557322925460e+00
1.251189032896758091e+00 2.269111673975826804e+00 2.094489984431035623e+00 2.260259240721015583e+00 1.428219394144664367e+00
1.254141995129626208e+00 2.239715435821954426e+00 2.099745804543950545e+00 2.242834023598675230e+00 1.443822519521196002e+00
1.254603945490997408e+00 2.214778139264232060e+00 2.089783781390273099e+00 2.230697332389294019e+00 1.459969880373591655e+00
1.261021469350028568e+00 2.202781148750173390e+00 2.096971132298236284e+00 2.225387369820256200e+00 1.484409500464684450e+00
1.268767980275268048e+00 2.195861737455149232e+00 2.108491598838509340e+00 2.221999171851992916e+00 1.507532008806190760e+00
1.276555168288993514e+00 2.189240775464836197e+00 2.120082546414447489e+00 2.218866388467539252e+00 1.530651558434327875e+00
1.284364220766796905e+00 2.182782879737833692e+00 2.131711457392222009e+00 2.215873052963406753e+00 1.553768534743287244e+00
1.292182110383398586e+00 2.176391439868917033e+00 2.143355728696110685e+00 2.212936526481703137e+00 1.576884267371643666e+00
1.300000000000000044e+00 2.169999999999999929e+00 2.154999999999999805e+00 2.209999999999999964e+00 1.600000000000000089e+00
