8.699999999999999956e-01 2.740000000000000213e+00 1.850000000000000089e+00 2.629999999999999893e+00 1.350000000000000089e+00
9.013851755640497343e-01 2.747820645593741062e+00 1.863921661777714567e+00 2.607483776368577200e+00 1.357422533261275044e+00
9.327703511280994730e-01 2.755641291187482356e+00 1.877843323555429045e+00 2.584967552737154950e+00 1.364845066522549999e+00
9.641555266921492118e-01 2.763461936781223649e+00 1.891764985333143523e+00 2.562451329105732256e+00 1.372267599783825176e+00
9.955407022561989505e-01 2.771282582374964498e+00 1.905686647110858001e+00 2.539935105474310006e+00 1.379690133045100131e+00
1.026969120099247901e+00 2.777790184180264799e+00 1.919952824836756555e+00 2.516855586328798911e+00 1.385752978059220819e+00
1.056781289184826500e+00 2.776056198849258916e+00 1.935135280394670199e+00 2.491603652155924831e+00 1.382790668253871313e+00
1.073715318358957838e+00 2.764754633300100739e+00 1.943642268978494680e+00 2.468377997925468303e+00 1.362087299855968991e+00
1.104538115985427726e+00 2.740423606115645949e+00 1.946242006286243553e+00 2.454360352554220359e+00 1.346272981573727101e+00
1.146421268354939293e+00 2.724459829492515972e+00 1.947533606183168065e+00 2.456770855690082023e+00 1.340984878426329185e+00
1.187520325955154110e+00 2.719782902364889399e+00 1.958394990553371295e+00 2.452447801627687607e+00 1.341216445368189847e+00
1.219851858553916868e+00 2.724535501442263641e+00 1.978482556958185867e+00 2.442365058867913774e+00 1.342716816602083751e+00
1.246232709158678897e+00 2.698275673237070738e+00 1.994865854375700742e+00 2.425987998833678549e+00 1.334905599124364350e+00
1.257874364327876471e+00 2.645060490619185689e+00 1.991085564734965674e+00 2.413802731955426939e+00 1.321991927170254266e+00
1.261693134029137298e+00 2.585288567876081522e+00 1.983591612149294026e+00 2.404403044335087003e+00 1.313773064052446315e+00
1.263434230732485730e+00 2.523530003027496083e+00 1.983632736852594336e+00 2.388800444057711303e+00 1.312339660808631736e+00
1.264184311284070716e+00 2.471661316264282870e+00 1.990338714384050300e+00 2.362670628082204516e+00 1.315819432172417702e+00
1.265050548802259200e+00 2.429648214231574954e+00 1.999587191869617309e+00 2.330774170267480461e+00 1.321394668887452939e+00
1.265268950092261591e+00 2.392695419079188035e+00 2.007869155819076656e+00 2.299969268225777519e+00 1.334279042451813835e+00
1.263459450386299698e+00 2.366620272671330127e+00 2.011053114792495489e+00 2.280801516709243248e+00 1.359216510838633818e+00
1.250979851168108059e+00 2.345076794756915550e+00 2.029765952315703448e+00 2.262566064304107893e+00 1.373885613777901193e+00
1.245516473404306046e+00 2.345065586614080377e+00 2.058086007287418084e+00 2.258496141115097444e+00 1.386424440798944113e+00
1.240309282242271438e+00 2.339320793948480137e+00 2.084059749067790790e+00 2.243815236739141294e+00 1.399780677324701461e+00
1.240614064072985023e+00 2.321456912973006492e+00 2.106051976411626114e+00 2.219675640302826380e+00 1.411949241275209266e+00
1.247824356717799343e+00 2.295043470199459090e+00 2.121681622715945181e+00 2.200794846206425515e+00 1.431022079946163927e+00
1.257148737155049600e+00 2.271183032101046440e+00 2.131048686999001074e+00 2.196114347074779261e+00 1.457418962162980058e+00
1.265894491339398353e+00 2.251043941931947234e+00 2.136839502776812783e+00 2.198492814026641540e+00 1.485762097129397441e+00
1.274420868504548832e+00 2.230782956448960075e+00 2.141379627082609538e+00 2.201369610519981368e+00 1.514321572847048269e+00
1.282947245669699088e+00 2.210521970965973360e+00 2.145919751388406294e+00 2.204246407013320752e+00 1.542881048564698876e+00
1.291473622834849788e+00 2.190260985482986644e+00 2.150459875694203049e+00 2.207123203506660580e+00 1.571440524282349704e+00
1.300000000000000044e+00 2.169999999999999929e+00 2.154999999999999805e+00 2.209999999999999964e+00 1.600000000000000089e+00
