8.699999999999999956e-01 2.740000000000000213e+00 1.850000000000000089e+00 2.629999999999999893e+00 1.350000000000000089e+00
8.920608005261858597e-01 2.730634882424426202e+00 1.863548010274541200e+00 2.611446031425598946e+00 1.358069141807026314e+00
9.141216010523717239e-01 2.721269764848852191e+00 1.877096020549082311e+00 2.592892062851197998e+00 1.366138283614052540e+00
9.361824015785575881e-01 2.711904647273278179e+00 1.890644030823623423e+00 2.574338094276796607e+00 1.374207425421078987e+00
9.582432021047435633e-01 2.702539529697704612e+00 1.904192041098164534e+00 2.555784125702395659e+00 1.382276567228105213e+00
9.803040026309294275e-01 2.693174412122130601e+00 1.917740051372705645e+00 2.537230157127994712e+00 1.390345709035131438e+00
1.002300558698907773e+00 2.683929448825673969e+00 1.931331969291021800e+00 2.518521046087631721e+00 1.398304624756851577e+00
1.023811946076173873e+00 2.673900997188669137e+00 1.944832481853901118e+00 2.498639059018202602e+00 1.405416716915133479e+00
1.042892265663158957e+00 2.658790460547857393e+00 1.956694475725624383e+00 2.475274311285479367e+00 1.410472127857617330e+00
1.055383514661740296e+00 2.635130996577699669e+00 1.964555084288933662e+00 2.448009504581133200e+00 1.411899875568020990e+00
1.060150925553352774e+00 2.608855254951386371e+00 1.969812563872546107e+00 2.419380673862546960e+00 1.407239547745223307e+00
1.062484623720527654e+00 2.595151683625026351e+00 1.975847008398561533e+00 2.394517116658787081e+00 1.392771554805747769e+00
1.071475955645230238e+00 2.605665356627702156e+00 1.979977728210147170e+00 2.385633858573481980e+00 1.372131420049993666e+00
1.084256953584427308e+00 2.622432122295652146e+00 1.975322505657898020e+00 2.405377799239019065e+00 1.376113013229679050e+00
1.077839320834731662e+00 2.611367258184703832e+00 1.969238143887778403e+00 2.411467077705865325e+00 1.398214364091875384e+00
1.071256127569110150e+00 2.592561305370939539e+00 1.960145644061211279e+00 2.412127974764195493e+00 1.418458090775543967e+00
1.073902774939778704e+00 2.564538833167312681e+00 1.950996488555608588e+00 2.414810321536550397e+00 1.432471543779992196e+00
1.100703816508874278e+00 2.572256815880765934e+00 1.964124547920912400e+00 2.419563996573010467e+00 1.421869963694473604e+00
1.116217044213797749e+00 2.598240898955928913e+00 1.975984119030327335e+00 2.421484289789539446e+00 1.407391271081510187e+00
1.127319678807636505e+00 2.620446541147165576e+00 1.989054801303477671e+00 2.418373335851758732e+00 1.391243536898537858e+00
1.132090102962136413e+00 2.608260669975618562e+00 2.004644824595295916e+00 2.401771531476302179e+00 1.378340169018143824e+00
1.133800632252125018e+00 2.564977897488719627e+00 2.009294864163129635e+00 2.385650308438899359e+00 1.378519754929551810e+00
1.140440696936274589e+00 2.519673873073402071e+00 2.008107466660327578e+00 2.374461684257627159e+00 1.383111947082440230e+00
1.154558172447738951e+00 2.477771118592754451e+00 2.009999891981017583e+00 2.361495054941776583e+00 1.383688175184528246e+00
1.173243763945473361e+00 2.444987083403053596e+00 2.016201619354674346e+00 2.346384288954521669e+00 1.376565914408117042e+00
1.193331888653942574e+00 2.420786976663291235e+00 2.022375306588562793e+00 2.331852315435251732e+00 1.364101770130471181e+00
1.214574408629760072e+00 2.396827513179014879e+00 2.025243079235429899e+00 2.316852216230309569e+00 1.351807481311874781e+00
1.234603371130637894e+00 2.364675319526968522e+00 2.025987659367067373e+00 2.299426666822886212e+00 1.349934060274053271e+00
1.241458686721630400e+00 2.334321422799829904e+00 2.031436191878925879e+00 2.286238838394246908e+00 1.365133575266135102e+00
1.236465284805972953e+00 2.314953534544035296e+00 2.042014953000983013e+00 2.276834458691569640e+00 1.383864792738600746e+00
1.230770168708381629e+00 2.297706188546818851e+00 2.058213296592661834e+00 2.261295149686708861e+00 1.396934920791182977e+00
1.230886824321125506e+00 2.282475479007166186e+00 2.080454416780122440e+00 2.245427078954309597e+00 1.401374670148803681e+00
1.232339626347510819e+00 2.267988314082639789e+00 2.104676819413708433e+00 2.239980347121646620e+00 1.407818209863955339e+00
1.233856791355599558e+00 2.248014952125297228e+00 2.122000689431504661e+00 2.244175704821746997e+00 1.422283973831966808e+00
1.240555509913705778e+00 2.226886762257108909e+00 2.125139737119136729e+00 2.246659811260734774e+00 1.442842539966750381e+00
1.253260462577821421e+00 2.222640798454555977e+00 2.130709778673167687e+00 2.237827929296158036e+00 1.464057719279048930e+00
1.262939240162829879e+00 2.221934270323901561e+00 2.132946069402323452e+00 2.231847655057324520e+00 1.486910115026323531e+00
1.270197032626166678e+00 2.212610056543149462e+00 2.136781484648140772e+00 2.227536581462794096e+00 1.509747199924996952e+00
1.277647774469624853e+00 2.201957542407362300e+00 2.141336113486105752e+00 2.223152436097095563e+00 1.532310399943747736e+00
1.285098516313083250e+00 2.191305028271574695e+00 2.145890742324070288e+00 2.218768290731397030e+00 1.554873599962498520e+00
1.292549258156541647e+00 2.180652514135787534e+00 2.150445371162034824e+00 2.214384145365698497e+00 1.577436799981249305e+00
1.300000000000000044e+00 2.169999999999999929e+00 2.154999999999999805e+00 2.209999999999999964e+00 1.600000000000000089e+00
