8.699999999999999956e-01 2.740000000000000213e+00 1.850000000000000089e+00 2.629999999999999893e+00 1.350000000000000089e+00
9.129855958521304604e-01 2.729976112511024677e+00 1.866556927948965328e+00 2.595465219815766389e+00 1.350196621166769084e+00
9.559711917042610363e-01 2.719952225022049586e+00 1.883113855897930788e+00 2.560930439631533329e+00 1.350393242333538302e+00
9.989567875563915011e-01 2.709928337533074050e+00 1.899670783846896027e+00 2.526395659447299824e+00 1.350589863500307297e+00
1.042420895648740409e+00 2.702194813809641438e+00 1.916773568563681085e+00 2.492656644852996983e+00 1.349936855817245984e+00
1.088929657606894974e+00 2.712876722181064348e+00 1.936232504023888357e+00 2.468068433744075030e+00 1.343896833152687931e+00
1.111878686843438491e+00 2.673692448429740409e+00 1.945375514370374814e+00 2.434515566328569136e+00 1.363309322187985728e+00
1.128247897948122302e+00 2.628990165072723428e+00 1.958556980243826073e+00 2.414229055327203444e+00 1.396731691116726681e+00
1.153235856276608740e+00 2.577371638495209893e+00 1.976851786518512899e+00 2.403076285814008450e+00 1.421320690443400370e+00
1.181620503264078081e+00 2.555943443097420609e+00 2.011404026311936377e+00 2.415476079490161521e+00 1.424378039593615197e+00
1.211864145945273474e+00 2.574860598385114940e+00 2.031282326929088722e+00 2.420355439976300982e+00 1.389813400341722183e+00
1.244279150861951067e+00 2.583101975631291403e+00 2.030228978545899565e+00 2.424649254618846506e+00 1.347361149646235878e+00
1.277105024733902194e+00 2.583968486737942882e+00 2.019067881886397853e+00 2.426979931820491654e+00 1.306688025021947475e+00
1.294708233697375199e+00 2.552536488158140493e+00 2.002230734502212783e+00 2.409131274587065885e+00 1.270305569348836316e+00
1.283547260225893938e+00 2.500883981120757937e+00 2.002384932928024330e+00 2.369399218857737299e+00 1.251720436608611209e+00
1.270324741753327213e+00 2.446014053475897398e+00 2.009142107867601279e+00 2.327739639850494591e+00 1.251105182549338668e+00
1.265612538977305856e+00 2.390393397532723174e+00 2.019788791905196224e+00 2.299356076335563603e+00 1.276531557470184985e+00
1.265563754721894529e+00 2.359753433282102186e+00 2.033739228051249626e+00 2.292090091139272090e+00 1.320499257430832740e+00
1.255064769229304877e+00 2.325651974151619505e+00 2.050599095710282427e+00 2.277332462295600379e+00 1.359536204718188479e+00
1.243379436664532545e+00 2.284555131666761607e+00 2.076332641048194372e+00 2.256511960668679873e+00 1.384323941300117156e+00
1.248062248728917911e+00 2.266198681140686677e+00 2.116374558636832326e+00 2.245749480981181545e+00 1.394593475711459973e+00
1.260720580538130298e+00 2.254131437405908045e+00 2.146079244425305177e+00 2.216459647941260158e+00 1.410402905718349587e+00
1.272940829264768148e+00 2.231515038450411659e+00 2.146304080389872304e+00 2.224858135952168414e+00 1.457297218159173680e+00
1.280769528238438371e+00 2.221968145116719917e+00 2.155973126368393888e+00 2.211619801277736830e+00 1.504571439609985184e+00
1.290384764119219208e+00 2.195984072558359923e+00 2.155486563184196847e+00 2.210809900638868175e+00 1.552285719804992636e+00
1.300000000000000044e+00 2.169999999999999929e+00 2.154999999999999805e+00 2.209999999999999964e+00 1.600000000000000089e+00
