8.699999999999999956e-01 2.740000000000000213e+00 1.850000000000000089e+00 2.629999999999999893e+00 1.350000000000000089e+00
8.922918433893635148e-01 2.743982403839600348e+00 1.861930047629404505e+00 2.613309818115554961e+00 1.349082255579701073e+00
9.145836867787270341e-01 2.747964807679200483e+00 1.873860095258808922e+00 2.596619636231110029e+00 1.348164511159402279e+00
9.368755301680905534e-01 2.751947211518800174e+00 1.885790142888213117e+00 2.579929454346665096e+00 1.347246766739103263e+00
9.591666700759493569e-01 2.755900359308323999e+00 1.897716383862041223e+00 2.563228173670666354e+00 1.346328876565794808e+00
9.814493539286670565e-01 2.759537609586604212e+00 1.909601079577434524e+00 2.546407757055912935e+00 1.345409448928794882e+00
1.003676706317173872e+00 2.762064962926345402e+00 1.921361897328077273e+00 2.529195429072382595e+00 1.344532687390411541e+00
1.025595073885555486e+00 2.761553906920739543e+00 1.932869473445967046e+00 2.511066162502804566e+00 1.344001716180377670e+00
1.046071570230307612e+00 2.754146746500232279e+00 1.943900000860478094e+00 2.491501749897850004e+00 1.344872746030538968e+00
1.062931731903004273e+00 2.739622185029860990e+00 1.953966107285972198e+00 2.471351957130719867e+00 1.350021843979105185e+00
1.081889234799269017e+00 2.727067020664156960e+00 1.960097745636043776e+00 2.450215164515685107e+00 1.356780321725696847e+00
1.093667533414191873e+00 2.694511343555938687e+00 1.961586625909513826e+00 2.434318784413368242e+00 1.358961021220285614e+00
1.096324733660458683e+00 2.652358948937903360e+00 1.960337522601728777e+00 2.422944742576513821e+00 1.357611452491254145e+00
1.096918920819803800e+00 2.610745568122284421e+00 1.960497279781099333e+00 2.413409688781852136e+00 1.362361355945682195e+00
1.097062498288793542e+00 2.580680146576290301e+00 1.961140884811161778e+00 2.407491812161958844e+00 1.376430399625903522e+00
1.095454747079671387e+00 2.575173097388036680e+00 1.956085490265107474e+00 2.407622556261641567e+00 1.395216628880558529e+00
1.094632555144298136e+00 2.564256320067031858e+00 1.943352380154558690e+00 2.406824713982901986e+00 1.410927011403707354e+00
1.096966792153414749e+00 2.529341896828360969e+00 1.934656974611053570e+00 2.398625005896205309e+00 1.417716168216644812e+00
1.101385365622780110e+00 2.488908932327233092e+00 1.931647481965015567e+00 2.385756573925666757e+00 1.417138328230089117e+00
1.107810288797212328e+00 2.453897690857008040e+00 1.937435912895641987e+00 2.370514798464861794e+00 1.412032492232266678e+00
1.115515151411033967e+00 2.429596492989817058e+00 1.950727601345499274e+00 2.354994321707565064e+00 1.406158368458630292e+00
1.125252937836755507e+00 2.406156937542086371e+00 1.964706514152268380e+00 2.339136446708955486e+00 1.401631424597909570e+00
1.130179553929254066e+00 2.369760675509303915e+00 1.967050422998809944e+00 2.325214419611973060e+00 1.398453977403225412e+00
1.128639906814535632e+00 2.340557481250546967e+00 1.978217470420760238e+00 2.314424618541635059e+00 1.395441869996749018e+00
1.137596643469207525e+00 2.336050664136586352e+00 1.999444440348658869e+00 2.307206829189857977e+00 1.395051183972582320e+00
1.149397927737668912e+00 2.327686674752257989e+00 2.019231381046123985e+00 2.298050900301826793e+00 1.396369796958194742e+00
1.160500541981672296e+00 2.312798909239059952e+00 2.037193432869366827e+00 2.285810087995035378e+00 1.399503180360970322e+00
1.168940117695289826e+00 2.296452625905885725e+00 2.053962368906322222e+00 2.271962444571843154e+00 1.405778208614117286e+00
1.177128816903225905e+00 2.283749167657965096e+00 2.069262849982842045e+00 2.259289084227330768e+00 1.416318185392331008e+00
1.188186221446998703e+00 2.274369724709636831e+00 2.081729020438179756e+00 2.249184684639136567e+00 1.430020788484212213e+00
1.201222094659803563e+00 2.264568109281893893e+00 2.089558666392021813e+00 2.239417428658148967e+00 1.445618090892739405e+00
1.215668653090752782e+00 2.253522277151355446e+00 2.085391553033711265e+00 2.229808140544049522e+00 1.461474170198550526e+00
1.226976772585087971e+00 2.246409940928929760e+00 2.069735158065400427e+00 2.225082089708016575e+00 1.473634394938686087e+00
1.234354836703134728e+00 2.235665723426481843e+00 2.062775026899165809e+00 2.221361340398733120e+00 1.490879482070448070e+00
1.237759302752454715e+00 2.219338513710062522e+00 2.071996598970628600e+00 2.214865052369649590e+00 1.507406587721314084e+00
1.237181741230973575e+00 2.204415897650350065e+00 2.082963771399092945e+00 2.206077224715472074e+00 1.522777488234367649e+00
1.231301007632073174e+00 2.207050595541053095e+00 2.099897875342178644e+00 2.197340500037980426e+00 1.534134442124222897e+00
1.239356539775728461e+00 2.220547834449574154e+00 2.117516032343784715e+00 2.197506876733012149e+00 1.543435983461303396e+00
1.249176002993855228e+00 2.216191887252060511e+00 2.128704743489143514e+00 2.203557645398011022e+00 1.559486845281781608e+00
1.262765206673519103e+00 2.203663503566220871e+00 2.137743012719456992e+00 2.207845688935050621e+00 1.574878055505544827e+00
1.280257564328792341e+00 2.187702510747504103e+00 2.146495955449017057e+00 2.209732999128817710e+00 1.588244473041579230e+00
1.300000000000000044e+00 2.169999999999999929e+00 2.154999999999999805e+00 2.209999999999999964e+00 1.600000000000000089e+00
