8.699999999999999956e-01 2.740000000000000213e+00 1.850000000000000089e+00 2.629999999999999893e+00 1.350000000000000089e+00
9.063863085100447581e-01 2.748074942171639279e+00 1.865262453509590301e+00 2.610108895232467141e+00 1.345083927299057569e+00
9.427726170200896316e-01 2.756149884343278345e+00 1.880524907019180514e+00 2.590217790464934389e+00 1.340167854598115049e+00
9.791589255301345052e-01 2.764224826514917410e+00 1.895787360528770726e+00 2.570326685697401636e+00 1.335251781897172529e+00
1.016118505994235033e+00 2.772257710237806094e+00 1.910473549908165314e+00 2.550688051710638504e+00 1.330270426187539989e+00
1.054549076674106800e+00 2.781055356762834663e+00 1.923880902745792598e+00 2.531990569464621643e+00 1.326288288213966382e+00
1.093375750324226292e+00 2.787164314686827460e+00 1.937718538137439550e+00 2.513990010640129835e+00 1.327776798714122464e+00
1.127776321258246783e+00 2.776075994917415635e+00 1.948902844209264851e+00 2.489410000385256172e+00 1.337868823786806383e+00
1.157038888815931088e+00 2.743854241038371278e+00 1.951796470530488214e+00 2.460748815064258910e+00 1.348865886366366729e+00
1.189675878800018349e+00 2.703699158627800081e+00 1.954324873665727491e+00 2.437126926137276328e+00 1.350154021265739024e+00
1.220590181564411569e+00 2.670407391454493684e+00 1.965740179756565675e+00 2.423802171639989123e+00 1.335415510789698779e+00
1.243583655636458563e+00 2.649507404304216163e+00 1.984254546520110463e+00 2.419283019130856971e+00 1.313133431854915933e+00
1.262369018118526975e+00 2.623359252024562771e+00 2.003269813810153899e+00 2.417474093628079856e+00 1.289722616718675940e+00
1.272866391153811394e+00 2.565893450553722754e+00 2.014219959676271987e+00 2.408781484477935386e+00 1.272474888421847306e+00
1.270719642686648498e+00 2.497954342513048154e+00 2.019963518537383873e+00 2.388999595482972804e+00 1.274740218043223905e+00
1.267236381116605415e+00 2.443462871092633382e+00 2.030202837308503927e+00 2.364747449672917501e+00 1.289478658607453809e+00
1.265447447911100420e+00 2.398881041092849831e+00 2.040799156419691673e+00 2.338411155967375699e+00 1.309380045419043181e+00
1.263236024123713941e+00 2.356819261054561299e+00 2.047026360246846366e+00 2.306773963339229461e+00 1.328665990917316186e+00
1.261362277557951383e+00 2.310866989806318550e+00 2.048020831055828328e+00 2.272477025694232378e+00 1.344178277612568140e+00
1.259965250047615948e+00 2.280041330027219981e+00 2.064395307330110452e+00 2.242085287576686348e+00 1.361428766409177316e+00
1.257998821065636541e+00 2.270750306731470936e+00 2.087502303158633499e+00 2.214003177680077261e+00 1.377427979254861823e+00
1.257213941654288458e+00 2.302182435084314527e+00 2.107441297009754244e+00 2.204302185235155864e+00 1.400940965189961807e+00
1.255954877078386378e+00 2.308983896379019018e+00 2.095655461435399047e+00 2.219949169210234441e+00 1.432111994543105560e+00
1.254249388740559690e+00 2.290885006529333801e+00 2.098763808403448117e+00 2.231860004713908996e+00 1.466912235394034258e+00
1.259664086517214621e+00 2.260234923049210476e+00 2.124909882770312120e+00 2.220302448191100009e+00 1.467676944005231077e+00
1.271328921489003783e+00 2.227286902334683738e+00 2.134953696206749907e+00 2.206751339687801572e+00 1.496253395805220654e+00
1.281551591768572251e+00 2.206233341910523116e+00 2.143508053409564962e+00 2.205868879123746407e+00 1.529959237726977062e+00
1.290775795884286037e+00 2.188116670955261522e+00 2.149254026704782383e+00 2.207934439561873408e+00 1.564979618863488797e+00
1.300000000000000044e+00 2.169999999999999929e+00 2.154999999999999805e+00 2.209999999999999964e+00 1.600000000000000089e+00
