8.699999999999999956e-01 2.740000000000000213e+00 1.850000000000000089e+00 2.629999999999999893e+00 1.350000000000000089e+00
9.183947458183866486e-01 2.751672094445249961e+00 1.866736918101464582e+00 2.592958741917055665e+00 1.358154314386817108e+00
9.667894916367734126e-01 2.763344188890499709e+00 1.883473836202929075e+00 2.555917483834110993e+00 1.366308628773634348e+00
1.018210806257380918e+00 2.772388286309401373e+00 1.896127154449320118e+00 2.518528395059838942e+00 1.370074119103025900e+00
1.062896930855370403e+00 2.763624321873945355e+00 1.911355660008610347e+00 2.475330211852742490e+00 1.378390728774500973e+00
1.108602455518575836e+00 2.754686486077318808e+00 1.941944900701702004e+00 2.461621088324354556e+00 1.372470759934763862e+00
1.152187230415811836e+00 2.738297487736547797e+00 1.966209025083760498e+00 2.488089464258707917e+00 1.354512846232895695e+00
1.200224322711922698e+00 2.711354280839681330e+00 1.975846819936914134e+00 2.505171572075533426e+00 1.323703850214583255e+00
1.249549359421113337e+00 2.684713756116439143e+00 1.984493038325983560e+00 2.490734753042322502e+00 1.293031248211700346e+00
1.268947665153029369e+00 2.659102590848815950e+00 2.020306293656472185e+00 2.464752922298071525e+00 1.275604075163429885e+00
1.270422498714662396e+00 2.646498456608778138e+00 2.062791399168039330e+00 2.442609967029143458e+00 1.263430761703249416e+00
1.276798615919496172e+00 2.565926985085337897e+00 2.055744470188314743e+00 2.405295636734298359e+00 1.257212243744109781e+00
1.272053978922588424e+00 2.487783845824961482e+00 2.049749622780439928e+00 2.363992888019142757e+00 1.251599369769715198e+00
1.269800687823712249e+00 2.421905623863691570e+00 2.059328532433758241e+00 2.315462131932796819e+00 1.242226326985128138e+00
1.276149830409179842e+00 2.374610341002066694e+00 2.084496919137372117e+00 2.269555827145530280e+00 1.233794896271003694e+00
1.270364154304677751e+00 2.314029332894553370e+00 2.064967937058231229e+00 2.233558355700311804e+00 1.257237337416648781e+00
1.255616118504560008e+00 2.288535150572227117e+00 2.082690334773714458e+00 2.198018807409803710e+00 1.296660641632225497e+00
1.245353131698265337e+00 2.290971526288922977e+00 2.111080181770838671e+00 2.193765613016607663e+00 1.340813420876272533e+00
1.240192288807463017e+00 2.270166114755462594e+00 2.117863847160694757e+00 2.205059771797825530e+00 1.396035706608438565e+00
1.244888432434063885e+00 2.244631174318737710e+00 2.125780969134190457e+00 2.224717937171925897e+00 1.448602635605660716e+00
1.258565713245998641e+00 2.218859710586863265e+00 2.124185281232199074e+00 2.233422139540528484e+00 1.502756039633655005e+00
1.279913827279375083e+00 2.190584913383828880e+00 2.137719981481799536e+00 2.220198985598543562e+00 1.551183008910957950e+00
1.300000000000000044e+00 2.169999999999999929e+00 2.154999999999999805e+00 2.209999999999999964e+00 1.600000000000000089e+00
