8.699999999999999956e-01 2.740000000000000213e+00 1.850000000000000089e+00 2.629999999999999893e+00 1.350000000000000089e+00
8.897819817190271152e-01 2.740375150645504299e+00 1.861953537295658379e+00 2.609055731513381104e+00 1.348403958912647527e+00
9.095639634380542349e-01 2.740750301291007940e+00 1.873907074591316446e+00 2.588111463026762760e+00 1.346807917825295187e+00
9.293459451570814656e-01 2.741125451936511581e+00 1.885860611886974736e+00 2.567167194540143971e+00 1.345211876737942625e+00
9.491279268761085852e-01 2.741500602582015222e+00 1.897814149182633026e+00 2.546222926053525182e+00 1.343615835650590284e+00
9.689396098743114916e-01 2.741841832593854722e+00 1.909760364798778864e+00 2.525293345961355573e+00 1.342045627729216983e+00
9.889763126368643631e-01 2.741923439705982624e+00 1.921649178398326274e+00 2.504478574377078548e+00 1.340673293012760503e+00
1.009771746671587644e+00 2.741267799404195848e+00 1.933358791260893828e+00 2.484143753261743637e+00 1.340008813121557063e+00
1.032288927838655335e+00 2.739998976475729542e+00 1.944784309322218796e+00 2.465570298985785058e+00 1.341240425347265175e+00
1.056705678549509919e+00 2.738874798347987749e+00 1.955572562521346036e+00 2.451343916926045363e+00 1.346548889224828738e+00
1.082179127268960483e+00 2.739378944654225378e+00 1.960786677975613790e+00 2.442833447019135740e+00 1.357375538330468645e+00
1.084482430692209842e+00 2.715180892991179817e+00 1.963679031618100312e+00 2.441401370094082868e+00 1.372691394993952541e+00
1.078894294080284588e+00 2.679841207956137339e+00 1.966269598740616242e+00 2.431533448779815032e+00 1.383812239762587604e+00
1.075204541813268966e+00 2.644303017034046022e+00 1.965128334204638616e+00 2.422378219133971999e+00 1.395622495111590533e+00
1.080502068544725969e+00 2.605330826823351043e+00 1.968024397501032086e+00 2.410509443034109189e+00 1.402970204209903038e+00
1.094744848294916251e+00 2.568893302043911753e+00 1.974437553651590571e+00 2.398728305007081563e+00 1.402104974878587429e+00
1.110061815800936103e+00 2.534654575803374055e+00 1.980102009496563786e+00 2.386640413832032515e+00 1.396991846557253281e+00
1.121281125384555599e+00 2.496330287915000223e+00 1.980874608337680698e+00 2.372698217759147798e+00 1.393185426784559144e+00
1.127402918295858036e+00 2.455740780288539593e+00 1.975890507283529995e+00 2.359383732254667354e+00 1.392915456186941459e+00
1.128278135609539046e+00 2.415667881421625030e+00 1.971038590425726600e+00 2.343831080613742124e+00 1.391793286951414466e+00
1.123645160492360073e+00 2.377660368348789799e+00 1.970490979859079061e+00 2.325213192446577537e+00 1.390665953464517601e+00
1.118413848266835098e+00 2.343773417233600220e+00 1.978200304415463684e+00 2.306164174124512467e+00 1.391824999266570995e+00
1.121780319822442529e+00 2.314395734713703856e+00 1.990232626899973711e+00 2.289047201614255123e+00 1.396647040828978392e+00
1.139403743461878893e+00 2.294828743931383475e+00 1.985282725459696307e+00 2.273022478402261903e+00 1.403850924648917697e+00
1.165581039637257676e+00 2.292228381635949219e+00 1.982777835178047621e+00 2.263414880420583142e+00 1.413841457873223018e+00
1.192799939937485787e+00 2.293521961461050473e+00 1.985396021639870057e+00 2.256669415247058552e+00 1.424604689918081313e+00
1.218089505573847431e+00 2.293430602246658179e+00 1.993880730359533837e+00 2.250784678940511263e+00 1.434944700821159325e+00
1.238000229885676706e+00 2.291197133412565812e+00 2.009342197724964585e+00 2.245605930640853565e+00 1.443289743193332475e+00
1.250507573119457927e+00 2.287229576146233789e+00 2.029804012891574860e+00 2.241478495025342799e+00 1.448637780270298547e+00
1.252573914034247338e+00 2.277476149344313860e+00 2.052066493776039113e+00 2.240287216088277411e+00 1.446945035105637878e+00
1.240067798033503088e+00 2.265538983596196765e+00 2.067061000037127450e+00 2.243976289457121798e+00 1.436142048815170158e+00
1.238635445796938184e+00 2.258394019430326694e+00 2.087215962316694817e+00 2.243794032998648991e+00 1.438887654927809123e+00
1.252180729612209609e+00 2.240838243307875288e+00 2.101534252585079088e+00 2.233471546166736044e+00 1.443905501076554021e+00
1.259421344916624941e+00 2.225898140591928698e+00 2.090106061873250098e+00 2.213440605909711145e+00 1.453071062448259010e+00
1.265392224386629128e+00 2.211083775626421222e+00 2.089718077772221516e+00 2.203992505111278088e+00 1.471083950271737217e+00
1.270637309844107721e+00 2.202057151400768298e+00 2.096480896374642189e+00 2.201435535761577800e+00 1.490025315683245477e+00
1.275594733218872401e+00 2.195983723582767499e+00 2.105706186038563299e+00 2.202074329718719081e+00 1.508527855015256547e+00
1.280482959490261141e+00 2.190709125239957977e+00 2.115509895110311955e+00 2.203576059366410433e+00 1.526842271171438892e+00
1.285362219617695922e+00 2.185531843929968243e+00 2.125382421332734140e+00 2.205182044524808038e+00 1.545131703378579191e+00
1.290241479745130482e+00 2.180354562619978953e+00 2.135254947555155880e+00 2.206788029683205199e+00 1.563421135585719490e+00
1.295120739872565263e+00 2.175177281309989219e+00 2.145127473777577620e+00 2.208394014841602804e+00 1.581710567792859790e+00
1.300000000000000044e+00 2.169999999999999929e+00 2.154999999999999805e+00 2.209999999999999964e+00 1.600000000000000089e+00
