8.699999999999999956e-01 2.740000000000000213e+00 1.850000000000000089e+00 2.629999999999999893e+00 1.350000000000000089e+00
8.909782997774380320e-01 2.732436490070159429e+00 1.860286479438044926e+00 2.613537906046097703e+00 1.348808561036764386e+00
9.119565995548761794e-01 2.724872980140318646e+00 1.870572958876089764e+00 2.597075812092195513e+00 1.347617122073528684e+00
9.329348993323142158e-01 2.717309470210477862e+00 1.880859438314134824e+00 2.580613718138293322e+00 1.346425683110292759e+00
9.539131991097523633e-01 2.709745960280637078e+00 1.891145917752179662e+00 2.564151624184391132e+00 1.345234244147057057e+00
9.749035365518767815e-01 2.702203856157759265e+00 1.901417925623493099e+00 2.547678247450534172e+00 1.344060343202230667e+00
9.959469877515418901e-01 2.694757233657079087e+00 1.911625263299518540e+00 2.531155014057865138e+00 1.342964556202137505e+00
1.017175240389062596e+00 2.687617059904238381e+00 1.921604484242001920e+00 2.514476120029248918e+00 1.342154771397283231e+00
1.038964264183937392e+00 2.681402889867477768e+00 1.930797681158720636e+00 2.497391023431517532e+00 1.342343922949772450e+00
1.061817720847561208e+00 2.677092539526142456e+00 1.937559774655030376e+00 2.480084183401433329e+00 1.345669984844030109e+00
1.082251260314184282e+00 2.677414068614706100e+00 1.936995114309767896e+00 2.467172345134201361e+00 1.356991604409913288e+00
1.091566043247623963e+00 2.698020408582832541e+00 1.931375834652576673e+00 2.457637645087718425e+00 1.370393333595679719e+00
1.093657212807332080e+00 2.713544844881268681e+00 1.943748436402453761e+00 2.440027100837045992e+00 1.366726219590632896e+00
1.102680776707475108e+00 2.689827279750969691e+00 1.954386028671781794e+00 2.423024390422759744e+00 1.364125106972061019e+00
1.103137150361908070e+00 2.649598798531769717e+00 1.950246756229197853e+00 2.419297094614615506e+00 1.364297591372920282e+00
1.097094399337005033e+00 2.619331626502034549e+00 1.960452141113844915e+00 2.410335997092227345e+00 1.359100426205437140e+00
1.101006742727107302e+00 2.597249819050671871e+00 1.961829343530242964e+00 2.401031660200682261e+00 1.374558548050777818e+00
1.110461850291369013e+00 2.569057711204256300e+00 1.964771954141850907e+00 2.395539312249584718e+00 1.387079465750578278e+00
1.119408463624293582e+00 2.538661400881578878e+00 1.972500453739643334e+00 2.388585650120824688e+00 1.396198292182260214e+00
1.125378785980762242e+00 2.504318893780606015e+00 1.980151454457348636e+00 2.378607326822800072e+00 1.401093618273370645e+00
1.127608546652689947e+00 2.468101197708661321e+00 1.985651951663758075e+00 2.365202498467294578e+00 1.400742462577512004e+00
1.128113399828495567e+00 2.434059263884590152e+00 1.991703314128201008e+00 2.349633695045460602e+00 1.398311078718988743e+00
1.129281081683681798e+00 2.403265633781024313e+00 2.000675329770716715e+00 2.332968997994294025e+00 1.396766030485659282e+00
1.131990311787489212e+00 2.374986159641452321e+00 2.011201442676347817e+00 2.315730536132588391e+00 1.396190329093729643e+00
1.136920185965475394e+00 2.347881478541840039e+00 2.021773246800838031e+00 2.298030379861590866e+00 1.396895108567367094e+00
1.145485425432197779e+00 2.322659789415784104e+00 2.031932195487164527e+00 2.280549841458103799e+00 1.400347785982328119e+00
1.159283504552509392e+00 2.302801839164931863e+00 2.041497264094360276e+00 2.265462408557255003e+00 1.407913193564116261e+00
1.177613705416576728e+00 2.288203205820924957e+00 2.049681021070100861e+00 2.254204769809981190e+00 1.417832201433202322e+00
1.197250242023741418e+00 2.268833837663509989e+00 2.056145597680292259e+00 2.243443898439346995e+00 1.426032779540604478e+00
1.214081658556768195e+00 2.246110651471768804e+00 2.064250320288613771e+00 2.231387254294716183e+00 1.432845933290049389e+00
1.229416199343833282e+00 2.234088048980066077e+00 2.076148303339166112e+00 2.220204981623748353e+00 1.442365167278641058e+00
1.246544662837603346e+00 2.222307459023495024e+00 2.081612264067022711e+00 2.210475712559231365e+00 1.455422218806902590e+00
1.255944390228243224e+00 2.214893599454661466e+00 2.087717843272467011e+00 2.204642965526495413e+00 1.472488959250010998e+00
1.260640710370204864e+00 2.218667633476119061e+00 2.096762647741947205e+00 2.201168808024752899e+00 1.489851802684278859e+00
1.256643043849589692e+00 2.241719954378464053e+00 2.095189595835706520e+00 2.198524698422881674e+00 1.504577187495161450e+00
1.257522442381978633e+00 2.232212512127376591e+00 2.081877192659553177e+00 2.202693701881334842e+00 1.513983248599793718e+00
1.268505941128072578e+00 2.228045982155308025e+00 2.094551201910237470e+00 2.204619110732131126e+00 1.528186968994097228e+00
1.276448600201427697e+00 2.225887241981658438e+00 2.111493801449251695e+00 2.205298327033005990e+00 1.539473438010873219e+00
1.283102024145844844e+00 2.217222442082837475e+00 2.125966183781924812e+00 2.206275386101744562e+00 1.553029985600054008e+00
1.289039796836381591e+00 2.203431148351311819e+00 2.137193645556403343e+00 2.207501361489599745e+00 1.568238919908766293e+00
1.294562478502022440e+00 2.187133860146865949e+00 2.146448503823652931e+00 2.208782009059838014e+00 1.584047930110868752e+00
1.300000000000000044e+00 2.169999999999999929e+00 2.154999999999999805e+00 2.209999999999999964e+00 1.600000000000000089e+00
