8.699999999999999956e-01 2.740000000000000213e+00 1.850000000000000089e+00 2.629999999999999893e+00 1.350000000000000089e+00
8.913873479067714323e-01 2.739761869836446984e+00 1.860314537322817818e+00 2.605395859280047244e+00 1.351099624556201473e+00
9.127746958135428690e-01 2.739523739672893754e+00 1.870629074645635548e+00 2.580791718560094594e+00 1.352199249112403079e+00
9.341620437203141947e-01 2.739285609509340969e+00 1.880943611968453499e+00 2.556187577840141945e+00 1.353298873668604463e+00
9.555493916270856314e-01 2.739047479345787739e+00 1.891258149291271229e+00 2.531583437120189295e+00 1.354398498224806069e+00
9.770082296382698317e-01 2.738854502627837917e+00 1.901605798700763961e+00 2.507061338249306992e+00 1.355380871755247574e+00
9.989441719824105892e-01 2.738974417365266589e+00 1.912174085338586682e+00 2.483128059489066786e+00 1.355550348223176771e+00
1.022289960425659894e+00 2.740133051059046920e+00 1.923436910075396744e+00 2.461524300677029320e+00 1.353016939821845899e+00
1.047544542789108135e+00 2.741923377027901232e+00 1.937195925575245559e+00 2.446360956426525401e+00 1.348848426793090693e+00
1.074230581357153547e+00 2.745661919281151775e+00 1.952942791410139378e+00 2.445139345419176102e+00 1.350666140780523161e+00
1.098699662891149620e+00 2.728208318179287772e+00 1.965718740724938352e+00 2.442490041248039478e+00 1.344882275013124406e+00
1.127102707677250404e+00 2.714777411852319133e+00 1.971938408397779563e+00 2.450777399050269256e+00 1.341433898295687488e+00
1.153892132837380569e+00 2.736372170870420728e+00 1.977032026385909358e+00 2.462920900129182744e+00 1.335877703553285167e+00
1.186983675673038308e+00 2.736034604476628829e+00 1.977713761403735448e+00 2.468238239731380013e+00 1.326798958136820250e+00
1.218557017085135197e+00 2.721133119230892738e+00 1.980597171165729531e+00 2.467559286729445134e+00 1.317545137646348508e+00
1.244591720757313169e+00 2.696796333913161092e+00 1.989654325620148656e+00 2.461673943210024973e+00 1.309423128441793205e+00
1.261921233342126358e+00 2.667111354251882283e+00 2.003745761658623614e+00 2.452053193466898762e+00 1.302879872741871337e+00
1.269374914176222724e+00 2.632428615206660272e+00 2.018602341515483900e+00 2.440258278794222857e+00 1.296270467825092476e+00
1.270832056452492420e+00 2.596555304451642066e+00 2.026815574842939061e+00 2.421669785156958188e+00 1.285669799045062067e+00
1.267198988768335477e+00 2.567220720600965844e+00 2.021339732848283610e+00 2.393984013548754675e+00 1.286462068577671536e+00
1.259004327713613813e+00 2.540242115639432807e+00 2.016345815405518493e+00 2.368156916794839972e+00 1.296083624582718086e+00
1.248974103112651779e+00 2.508969957176112153e+00 2.016681593744686030e+00 2.344006291194025149e+00 1.304579332570120265e+00
1.239996835964280786e+00 2.474883399834391984e+00 2.019795387399131670e+00 2.319756964103929953e+00 1.304599128368004068e+00
1.235983947264911675e+00 2.443610374478584646e+00 2.027521182085015639e+00 2.302017706487586413e+00 1.289327609480528380e+00
1.238926225323976782e+00 2.420592619045183191e+00 2.047369058919633833e+00 2.296912178208490918e+00 1.277258257001887554e+00
1.241211051615954020e+00 2.403533442407867149e+00 2.062826268997883350e+00 2.298437427716537584e+00 1.299519747073822451e+00
1.239786661610048579e+00 2.365368344511018961e+00 2.063304262338335526e+00 2.297240389455878606e+00 1.319438621204044981e+00
1.235808683246598427e+00 2.327645588329996684e+00 2.051354978799919682e+00 2.295841782458106994e+00 1.333535119088776311e+00
1.232138426278220900e+00 2.302589303282518429e+00 2.037010374188658268e+00 2.292157767890358855e+00 1.353457296714026370e+00
1.234775676500200259e+00 2.287668751045761173e+00 2.036171758159487588e+00 2.280972913328419782e+00 1.380325516439043110e+00
1.241869658861571857e+00 2.279045455745126514e+00 2.050675914341612671e+00 2.266044642626246830e+00 1.399708585354228596e+00
1.246088484395569740e+00 2.269275972384016349e+00 2.070204720525408160e+00 2.250984752318661464e+00 1.413383057001006859e+00
1.246854852812035785e+00 2.259445158509119089e+00 2.092681406747715300e+00 2.240634685172328666e+00 1.424213974978049579e+00
1.251274212199070757e+00 2.248618056662242903e+00 2.113168006911117836e+00 2.242054346004773269e+00 1.440395971843049239e+00
1.244708081458935522e+00 2.232778644071959917e+00 2.129605496150921429e+00 2.227315909030044061e+00 1.446671775210186972e+00
1.247912694795170419e+00 2.222846022604817229e+00 2.148867727890973800e+00 2.221368267167934896e+00 1.464336664952586631e+00
1.254720284282669240e+00 2.204179323667426971e+00 2.157324826895386405e+00 2.209348582978584385e+00 1.487904850159125436e+00
1.262661915263449730e+00 2.186336142126755089e+00 2.159857679290921872e+00 2.204995794803739084e+00 1.515197387968765907e+00
1.273683224175504725e+00 2.176384551613030460e+00 2.159006829715384601e+00 2.204964164627063905e+00 1.543633417502989991e+00
1.286710562053295481e+00 2.171921378838733929e+00 2.156941572006494834e+00 2.207489454532799655e+00 1.571802227611024616e+00
1.300000000000000044e+00 2.169999999999999929e+00 2.154999999999999805e+00 2.209999999999999964e+00 1.600000000000000089e+00
