8.699999999999999956e-01 2.740000000000000213e+00 1.850000000000000089e+00 2.629999999999999893e+00 1.350000000000000089e+00
8.936882131609197311e-01 2.735165514100998063e+00 1.862209500518850591e+00 2.612530551105799237e+00 1.356851924426609513e+00
9.173764263218395776e-01 2.730331028201995469e+00 1.874419001037701094e+00 2.595061102211598136e+00 1.363703848853218714e+00
9.410646394827593131e-01 2.725496542302993319e+00 1.886628501556551374e+00 2.577591653317397480e+00 1.370555773279828138e+00
9.647528526436791596e-01 2.720662056403991169e+00 1.898838002075401876e+00 2.560122204423196379e+00 1.377407697706437339e+00
9.884410658045988951e-01 2.715827570504988575e+00 1.911047502594252379e+00 2.542652755528995723e+00 1.384259622133046541e+00
1.012129278965518742e+00 2.710993084605986425e+00 1.923257003113102881e+00 2.525183306634795066e+00 1.391111546559655965e+00
1.035167250461208832e+00 2.705587894105849767e+00 1.935531101894547357e+00 2.507070175337135609e+00 1.397966214533963525e+00
1.054448557377342333e+00 2.697374942161076206e+00 1.948012241581708270e+00 2.485989930344083998e+00 1.404839789549703122e+00
1.065473275826939403e+00 2.684887112575858215e+00 1.960546019302156218e+00 2.461236449848580587e+00 1.412059632521200037e+00
1.071188407423443234e+00 2.675864854582666208e+00 1.972860098552541519e+00 2.436469385919082686e+00 1.423636912870990701e+00
1.077591068264598384e+00 2.656472304202984525e+00 1.989374442112843200e+00 2.436687201191707342e+00 1.414863702781375743e+00
1.089522957276932047e+00 2.625816066593152698e+00 1.996849284206279718e+00 2.430909959720282121e+00 1.399403686598679863e+00
1.112185392321856536e+00 2.603558342744382692e+00 2.002050890298987973e+00 2.423258323772294442e+00 1.385685349729551152e+00
1.138483591531736172e+00 2.588482349729036347e+00 2.002436881055812190e+00 2.415467604152115033e+00 1.371537671040654605e+00
1.164264324455119404e+00 2.580478222772986552e+00 1.999402011226527165e+00 2.411469522227832840e+00 1.354627692616435342e+00
1.189991487948522053e+00 2.581444018324041689e+00 2.000791633922701873e+00 2.413262520563775659e+00 1.336716253911121033e+00
1.215712322477584539e+00 2.588239818458337727e+00 2.007596733296875602e+00 2.418181734891617474e+00 1.320901552416924973e+00
1.244019102903584084e+00 2.595644745807770715e+00 2.015549998633213491e+00 2.421918826461276542e+00 1.308314110976394495e+00
1.272181292882059722e+00 2.590075915278275076e+00 2.020489599405593584e+00 2.408009294096666864e+00 1.304424413829376128e+00
1.274496008841805805e+00 2.565678054319571633e+00 2.021526932236494822e+00 2.380074973229060920e+00 1.310225285211315427e+00
1.267281763528556704e+00 2.533321891900616407e+00 2.026538532627876421e+00 2.358349154748006882e+00 1.315429340249185008e+00
1.258747584580352186e+00 2.495116763456699971e+00 2.032056603981128085e+00 2.342450893717284988e+00 1.318329115324105016e+00
1.251833864718023159e+00 2.453830633373776493e+00 2.033437536288118075e+00 2.328200162833989229e+00 1.319611018936906577e+00
1.247911268336793889e+00 2.413214340191219165e+00 2.028445237434491677e+00 2.313194544501741667e+00 1.321200535792851793e+00
1.247221219024456484e+00 2.376773731251251132e+00 2.017991063239454430e+00 2.297305032665441615e+00 1.324997980325624880e+00
1.247929700535836295e+00 2.343172056792242053e+00 2.006973028424984484e+00 2.281975404342180713e+00 1.333754314136547103e+00
1.244649077574890406e+00 2.314817781129595353e+00 2.005725941958893088e+00 2.272539485054898556e+00 1.353028988705473168e+00
1.236854464726246938e+00 2.298400917087587647e+00 2.016819328148346635e+00 2.269728485215662950e+00 1.373985943374446350e+00
1.239768328003012954e+00 2.295367895754399701e+00 2.038885618763719876e+00 2.277866886543601588e+00 1.385298966379471031e+00
1.244421480985833828e+00 2.285448275703555687e+00 2.059870504355223009e+00 2.276515727265467692e+00 1.399566980155804830e+00
1.247262428255885958e+00 2.271012640772164026e+00 2.078111341826737402e+00 2.267265760543102804e+00 1.415168653356688067e+00
1.245212780705437838e+00 2.244429767694953615e+00 2.091308400914452470e+00 2.259932603301483933e+00 1.430994242546933526e+00
1.239043305398779715e+00 2.228105781759218029e+00 2.110143827159566055e+00 2.259770946833290051e+00 1.445526242761967506e+00
1.239196098743653884e+00 2.247340024840259076e+00 2.131263480359227191e+00 2.259353270767823219e+00 1.450392131342680635e+00
1.246244293217289911e+00 2.249656578792682993e+00 2.145811556970122158e+00 2.242185663365428017e+00 1.459216448730123128e+00
1.256067207653556617e+00 2.227163710264341567e+00 2.137572214157859918e+00 2.235174515223948610e+00 1.478309538696395808e+00
1.265988229914793983e+00 2.215457380133097676e+00 2.139559715819215668e+00 2.230770728573624684e+00 1.502602048555195635e+00
1.274422080321057971e+00 2.204012360569936657e+00 2.144010550203328425e+00 2.225587565415691138e+00 1.526855736506811168e+00
1.282849161906117530e+00 2.192523768230925096e+00 2.147946558304453912e+00 2.220323169801516450e+00 1.551183045063395438e+00
1.291424580953058898e+00 2.181261884115462735e+00 2.151473279152226858e+00 2.215161584900758207e+00 1.575591522531697874e+00
1.300000000000000044e+00 2.169999999999999929e+00 2.154999999999999805e+00 2.209999999999999964e+00 1.600000000000000089e+00
