8.699999999999999956e-01 2.740000000000000213e+00 1.850000000000000089e+00 2.629999999999999893e+00 1.350000000000000089e+00
9.045611996593437842e-01 2.751683736255657653e+00 1.864012174596500593e+00 2.611631794374885462e+00 1.346737301298261746e+00
9.391223993186875729e-01 2.763367472511314649e+00 1.878024349193001097e+00 2.593263588749771031e+00 1.343474602596523182e+00
9.736835989780313616e-01 2.775051208766971644e+00 1.892036523789501379e+00 2.574895383124656600e+00 1.340211903894784840e+00
1.008373845152643167e+00 2.785338171640285854e+00 1.905787977819822121e+00 2.555988367200098033e+00 1.337280479431417479e+00
1.043476551723944379e+00 2.791671584224554081e+00 1.918590523700864026e+00 2.535810499326849765e+00 1.335219639119217039e+00
1.078388163687514556e+00 2.790309658814263738e+00 1.930675810055313635e+00 2.514087340810415849e+00 1.334298588691466003e+00
1.111996345204097958e+00 2.777929058135308882e+00 1.940647496211876266e+00 2.490456590335456077e+00 1.337239420852008642e+00
1.142845950819070033e+00 2.754810161298706372e+00 1.947868559862199866e+00 2.466476880708780239e+00 1.344647456108317485e+00
1.172610276142517449e+00 2.723051583303385925e+00 1.955354119343210684e+00 2.444781318146441507e+00 1.350200208936511714e+00
1.202041823352271832e+00 2.685443826591400462e+00 1.964941562397733321e+00 2.429408424213256534e+00 1.344689523179947610e+00
1.226981240905319792e+00 2.648278896130426663e+00 1.974434102345272501e+00 2.422392432531541573e+00 1.327174177495552776e+00
1.247176506882530900e+00 2.609780905556362995e+00 1.983358172890171245e+00 2.416842976142729249e+00 1.306079164088283173e+00
1.262804095835045715e+00 2.562739026756875038e+00 1.992670426268146944e+00 2.403471632673694902e+00 1.290463683805695094e+00
1.270314813477872118e+00 2.510733330777675576e+00 2.001386112231795078e+00 2.380390814120034282e+00 1.287267477670540172e+00
1.271123746377431196e+00 2.461502137402848955e+00 2.010690337727373045e+00 2.354268362414376980e+00 1.292552569391806072e+00
1.269324315126750591e+00 2.416524509082351280e+00 2.024238523373221188e+00 2.329191047141087267e+00 1.300730034137997926e+00
1.266545805338931352e+00 2.376851211878163284e+00 2.042857924087001287e+00 2.306927742745251475e+00 1.310376234849268684e+00
1.261788111360736986e+00 2.341326058904301455e+00 2.063227764306299061e+00 2.286858075270526758e+00 1.322778362371235472e+00
1.253892067402711197e+00 2.309383798914836028e+00 2.081868745293883993e+00 2.266966053668344472e+00 1.339184812011162240e+00
1.244741767124661669e+00 2.287559883106978997e+00 2.099435007034755163e+00 2.246596294263854876e+00 1.359901110589978090e+00
1.240240023290615889e+00 2.287764449867829342e+00 2.115616445714129323e+00 2.229658543865602027e+00 1.386570753825545621e+00
1.242951867890314199e+00 2.299203991517791756e+00 2.123143070548428213e+00 2.222356782241657669e+00 1.418952310481321089e+00
1.249890831175895389e+00 2.297190324362218927e+00 2.130341959471610203e+00 2.224508444484938785e+00 1.452151800017010164e+00
1.266692212395388095e+00 2.278242956468600866e+00 2.122924676563891389e+00 2.220998281388692153e+00 1.481017644006884737e+00
1.275176181929282393e+00 2.250807425090644465e+00 2.129943299110137911e+00 2.217965219081223349e+00 1.510900896458023279e+00
1.283450787952854943e+00 2.223871616727095990e+00 2.138295532740091875e+00 2.215310146054148888e+00 1.540600597638682290e+00
1.291725393976427494e+00 2.196935808363547959e+00 2.146647766370045840e+00 2.212655073027074426e+00 1.570300298819341078e+00
1.300000000000000044e+00 2.169999999999999929e+00 2.154999999999999805e+00 2.209999999999999964e+00 1.600000000000000089e+00
