8.699999999999999956e-01 2.740000000000000213e+00 1.850000000000000089e+00 2.629999999999999893e+00 1.350000000000000089e+00
9.060912877533174870e-01 2.750401016416377242e+00 1.862157078260025633e+00 2.607247835584417750e+00 1.345434331075040513e+00
9.421825755066350894e-01 2.760802032832754271e+00 1.874314156520051178e+00 2.584495671168835162e+00 1.340868662150080937e+00
9.782738632599525808e-01 2.771203049249130856e+00 1.886471234780076722e+00 2.561743506753253019e+00 1.336302993225121583e+00
1.014365151013270072e+00 2.781604065665507886e+00 1.898628313040102267e+00 2.538991342337670432e+00 1.331737324300162006e+00
1.050343607154720749e+00 2.792563697349816909e+00 1.911656843853386745e+00 2.516629815629441325e+00 1.329532337840241052e+00
1.084470448833280365e+00 2.801852950249454022e+00 1.927451869016138186e+00 2.495806466383769351e+00 1.335430573377138330e+00
1.113183491718953144e+00 2.789804011995075328e+00 1.946136706153618556e+00 2.474510799236623981e+00 1.345260401687291552e+00
1.146301669874609575e+00 2.774114135168082917e+00 1.960830606798102060e+00 2.451143349488844603e+00 1.347923121109422917e+00
1.179782761440019145e+00 2.747056609049832954e+00 1.977065518598358551e+00 2.436326436526798922e+00 1.350990676153250636e+00
1.207707976890326940e+00 2.720995455895034443e+00 1.999080946377169710e+00 2.431659353232628273e+00 1.342125765314758246e+00
1.231019600902796718e+00 2.704449693940126132e+00 2.020577919383080179e+00 2.430949616876646679e+00 1.322106065035354439e+00
1.253595953274766472e+00 2.682756079559505569e+00 2.036805742170291200e+00 2.428092492526215729e+00 1.296880682484152558e+00
1.272275298961738077e+00 2.628656401226657113e+00 2.031579295764695647e+00 2.421476284390824851e+00 1.279428015806198138e+00
1.273046111262363667e+00 2.565625071317124473e+00 2.016138742103854575e+00 2.412383039910312554e+00 1.278051500827904530e+00
1.269975094230227697e+00 2.501893459857583490e+00 2.008423797023099588e+00 2.392358570383460670e+00 1.279238793530810492e+00
1.269369098994024059e+00 2.447179524701072140e+00 2.009143986259743553e+00 2.364701863336133858e+00 1.290925609732619384e+00
1.274517596524527452e+00 2.408060535704219518e+00 2.025886299709230620e+00 2.342321078730938755e+00 1.308564753557315496e+00
1.280270811574461209e+00 2.381866028018110537e+00 2.048623414416872901e+00 2.320314893345316598e+00 1.324169826053216426e+00
1.273473354333948038e+00 2.360027219812500743e+00 2.061855724881444196e+00 2.292982583409435726e+00 1.347975006864265302e+00
1.255949723304146337e+00 2.331296122758049538e+00 2.059837811224392023e+00 2.272432110866465571e+00 1.375082021665450682e+00
1.242358646796039467e+00 2.300186823542183401e+00 2.071057742037491156e+00 2.246513020114040859e+00 1.396289511468627342e+00
1.241497417381881574e+00 2.300730484988922075e+00 2.097908454505581943e+00 2.223619812972929655e+00 1.408210915388557360e+00
1.253289807228201935e+00 2.275794878641427932e+00 2.121628845186730228e+00 2.213869957398650445e+00 1.427523738890760230e+00
1.263031031329295173e+00 2.253170691051962660e+00 2.133965361762321322e+00 2.205993583302286343e+00 1.459517655615276244e+00
1.274324427115304470e+00 2.227338095978772081e+00 2.145102258882985335e+00 2.203236451636098270e+00 1.491622645078070519e+00
1.283555221281965197e+00 2.206468617954433942e+00 2.149668891500936763e+00 2.203901418338597207e+00 1.527255213424206115e+00
1.291777610640982621e+00 2.188234308977217157e+00 2.152334445750468284e+00 2.206950709169298808e+00 1.563627606712103102e+00
1.300000000000000044e+00 2.169999999999999929e+00 2.154999999999999805e+00 2.209999999999999964e+00 1.600000000000000089e+00
