8.699999999999999956e-01 2.740000000000000213e+00 1.850000000000000089e+00 2.629999999999999893e+00 1.350000000000000089e+00
9.064318803976492145e-01 2.740684917536022169e+00 1.860614623903930731e+00 2.601141465240268236e+00 1.350170005301270848e+00
9.428637607952984334e-01 2.741369835072043681e+00 1.871229247807861151e+00 2.572282930480536578e+00 1.350340010602541829e+00
9.792956411929475413e-01 2.742054752608065638e+00 1.881843871711791794e+00 2.543424395720804920e+00 1.350510015903812810e+00
1.015801219691173429e+00 2.741827343163810937e+00 1.892252536803875618e+00 2.514540387630888496e+00 1.349928666655434206e+00
1.053055117701598320e+00 2.740721250416666255e+00 1.905974396858843400e+00 2.490313709378859208e+00 1.345829016067983552e+00
1.087253125558726996e+00 2.734454092301533024e+00 1.926442058798721435e+00 2.470536176931386496e+00 1.343143731172195654e+00
1.105974668118476778e+00 2.693408054204734725e+00 1.945474261753275869e+00 2.453778431942022831e+00 1.347771542465765471e+00
1.112401937454327028e+00 2.727245477273453567e+00 1.965868973581467172e+00 2.447805066081205627e+00 1.339161963439607472e+00
1.140453668257616737e+00 2.748976402233652916e+00 1.987225765663659605e+00 2.440807649585574168e+00 1.354145092698210373e+00
1.181121290721004247e+00 2.765529403912679207e+00 1.997745762034847328e+00 2.427915691295325473e+00 1.361332660945503870e+00
1.224110525233351288e+00 2.756290039730257213e+00 2.000651797387078101e+00 2.419945391475005092e+00 1.352742367475575858e+00
1.243585893576530710e+00 2.708811492464593407e+00 1.999348197047157161e+00 2.409749928869323377e+00 1.333316963388268439e+00
1.252655588085618721e+00 2.653339945452116044e+00 1.993655973909851609e+00 2.401029157066403297e+00 1.315988058114660131e+00
1.254767898732661591e+00 2.592180133631189154e+00 1.980146449349088567e+00 2.395322725376683781e+00 1.309751879382706985e+00
1.256466357356854857e+00 2.535899702262501609e+00 1.983922103748176013e+00 2.368589384977137779e+00 1.314704332904750750e+00
1.257693003968261669e+00 2.491073379318543335e+00 1.986107271864696155e+00 2.332745214712197868e+00 1.307177703523748180e+00
1.257050491286973104e+00 2.445938091168448292e+00 1.993065875012404176e+00 2.298693322158696706e+00 1.298647028457927233e+00
1.250539531053236342e+00 2.396296826457865237e+00 2.008621883489542181e+00 2.272975936239345796e+00 1.297124389317823923e+00
1.248000086925146634e+00 2.343610839759419751e+00 2.025182312847664701e+00 2.278224539786062763e+00 1.310337967430586170e+00
1.244818812063626545e+00 2.312302723280131200e+00 2.038799560362315688e+00 2.271341864630298968e+00 1.337347554914249947e+00
1.249719243078660558e+00 2.317682934469964984e+00 2.033847154962112214e+00 2.257441699654823442e+00 1.368783592246545222e+00
1.251080251672919808e+00 2.312653545830390733e+00 2.049891950034464116e+00 2.241981857336575068e+00 1.396445741729005263e+00
1.250831636286106940e+00 2.301677674948516827e+00 2.079107100307770128e+00 2.222391256043452668e+00 1.410672728867249592e+00
1.251924286598334657e+00 2.297265752990375720e+00 2.112987827643332928e+00 2.205590009150036224e+00 1.416593605691819580e+00
1.249592365391945625e+00 2.272001401678098720e+00 2.136260623597105557e+00 2.199884145613163700e+00 1.429315950598771146e+00
1.244364889096448268e+00 2.257305774020864408e+00 2.107069209316789760e+00 2.200073865127376571e+00 1.445839687092860704e+00
1.249906493753776271e+00 2.236763819392359576e+00 2.102982634600193190e+00 2.199181848101110504e+00 1.478323578018402973e+00
1.262063776845296026e+00 2.219726638592446566e+00 2.115173712957883367e+00 2.201570847474503712e+00 1.509093361001961897e+00
1.274709184563530773e+00 2.203151092394964206e+00 2.128449141971922476e+00 2.204380564983002611e+00 1.539395574001308109e+00
1.287354592281765520e+00 2.186575546197481845e+00 2.141724570985961140e+00 2.207190282491501065e+00 1.569697787000654099e+00
1.300000000000000044e+00 2.169999999999999929e+00 2.154999999999999805e+00 2.209999999999999964e+00 1.600000000000000089e+00
