8.699999999999999956e-01 2.740000000000000213e+00 1.850000000000000089e+00 2.629999999999999893e+00 1.350000000000000089e+00
8.998299842314754216e-01 2.738955409615972503e+00 1.861869816537920608e+00 2.603602690314869239e+00 1.357316339598202415e+00
9.296599684629509586e-01 2.737910819231944792e+00 1.873739633075841127e+00 2.577205380629738585e+00 1.364632679196404963e+00
9.594899526944264956e-01 2.736866228847917082e+00 1.885609449613761424e+00 2.550808070944607486e+00 1.371949018794607289e+00
9.893199369259019216e-01 2.735821638463889371e+00 1.897479266151681943e+00 2.524410761259476832e+00 1.379265358392809615e+00
1.019193529032286660e+00 2.734795399390929305e+00 1.909291357513235976e+00 2.497965692413537830e+00 1.386443700230049147e+00
1.049397310214248646e+00 2.733506793288219772e+00 1.920962258615545926e+00 2.471555383270542805e+00 1.392895747649405935e+00
1.080750299369062528e+00 2.731502985765962066e+00 1.935844091353226437e+00 2.449549541001175168e+00 1.389872605936696814e+00
1.104043529308114557e+00 2.750511716411199625e+00 1.949647371043397692e+00 2.434472811356352295e+00 1.371228851434914020e+00
1.132431279606857633e+00 2.739758889975495659e+00 1.963614687473913545e+00 2.442263314515812134e+00 1.353326153436852808e+00
1.137948125292023160e+00 2.708594012066209977e+00 1.972710942531943346e+00 2.437181327911275286e+00 1.379823429424010817e+00
1.169493586353568482e+00 2.693512695092107556e+00 1.985035798113709671e+00 2.439012822892392407e+00 1.396316769223805210e+00
1.207464731962273996e+00 2.689268017298124924e+00 1.987650816350837957e+00 2.442137430240757467e+00 1.380544439531048440e+00
1.236659955908397279e+00 2.661135917753492119e+00 1.985587475396654256e+00 2.430747821192292157e+00 1.362504027090769787e+00
1.252100656186485139e+00 2.621222650374306795e+00 1.990078261157035122e+00 2.415035683562834823e+00 1.343121727278107080e+00
1.259014989686876751e+00 2.576738733250375724e+00 1.991669298328783144e+00 2.401536998838471604e+00 1.322279493451091970e+00
1.256093662463927618e+00 2.529161486887447463e+00 1.984706394229681869e+00 2.385621223975713967e+00 1.306666138337313265e+00
1.252324419615961082e+00 2.486016161951835279e+00 1.986083953534877100e+00 2.360074333807562041e+00 1.293330692500372470e+00
1.256803540706554534e+00 2.452633126505810779e+00 1.994227371344439614e+00 2.333886225908342382e+00 1.274368106867167061e+00
1.261596942090701834e+00 2.421438043720577138e+00 2.005537656619540865e+00 2.307538418659908608e+00 1.255865320789264938e+00
1.264458745278748131e+00 2.396540083800046794e+00 2.027288442548643044e+00 2.282356918757770359e+00 1.246650589611241644e+00
1.262387934280339019e+00 2.373788651349491907e+00 2.043581288895929493e+00 2.269797960411202187e+00 1.271566559397435237e+00
1.259980445798502213e+00 2.347716685193824482e+00 2.039691780663295706e+00 2.269322763280233968e+00 1.303769384673165943e+00
1.259519251289387576e+00 2.308217433996745171e+00 2.040148052810622836e+00 2.253048996323814723e+00 1.324216024162728322e+00
1.258095664984132611e+00 2.288185079670465250e+00 2.059724076370802237e+00 2.222461906670732734e+00 1.326514016803237217e+00
1.253173672243388381e+00 2.267901686841871101e+00 2.081620315088940298e+00 2.207931769878790806e+00 1.347930945391808022e+00
1.248085379119659777e+00 2.252314449448914235e+00 2.103964656976469172e+00 2.198367645029422945e+00 1.371959278703010598e+00
1.248320499457598487e+00 2.241214083934871759e+00 2.128421533712479441e+00 2.195690609059578247e+00 1.395689976910622798e+00
1.257897205775464489e+00 2.233718848672687329e+00 2.144511104381275679e+00 2.199522535096905429e+00 1.425773357222476667e+00
1.265687412737814821e+00 2.227822342360548546e+00 2.145864652977429010e+00 2.194052198673650977e+00 1.461527702731923117e+00
1.272098246555588119e+00 2.215217143845925385e+00 2.143173820063740465e+00 2.194996158729386693e+00 1.497043047635043145e+00
1.281019131312787662e+00 2.200585754072247990e+00 2.146137663094361603e+00 2.199494730325179059e+00 1.531687067601894103e+00
1.290509565656393853e+00 2.185292877036124182e+00 2.150568831547180704e+00 2.204747365162589290e+00 1.565843533800947096e+00
1.300000000000000044e+00 2.169999999999999929e+00 2.154999999999999805e+00 2.209999999999999964e+00 1.600000000000000089e+00
