8.699999999999999956e-01 2.740000000000000213e+00 1.850000000000000089e+00 2.629999999999999893e+00 1.350000000000000089e+00
8.909810002986036093e-01 2.736495260520970696e+00 1.862306596704121464e+00 2.612428633804711353e+00 1.353060374627147233e+00
9.119620005972071120e-01 2.732990521041941179e+00 1.874613193408242839e+00 2.594857267609422813e+00 1.356120749254294378e+00
9.329430008958106146e-01 2.729485781562912106e+00 1.886919790112363993e+00 2.577285901414134273e+00 1.359181123881441522e+00
9.539240011944142283e-01 2.725981042083883032e+00 1.899226386816485368e+00 2.559714535218845732e+00 1.362241498508588666e+00
9.749050014930177310e-01 2.722476302604853515e+00 1.911532983520606743e+00 2.542143169023557636e+00 1.365301873135735589e+00
9.958860017916213447e-01 2.718971563125823998e+00 1.923839580224728119e+00 2.524571802828269096e+00 1.368362247762882733e+00
1.016867002090224847e+00 2.715466823646794925e+00 1.936146176928849272e+00 2.507000436632980556e+00 1.371422622390029877e+00
1.037957187491242550e+00 2.712332970218295447e+00 1.948367292889035873e+00 2.489298513125113299e+00 1.374219448934527854e+00
1.059820350078256368e+00 2.711176447287571456e+00 1.959182178170431721e+00 2.470291240839580738e+00 1.374077574613731922e+00
1.080539329595024300e+00 2.709416226856837362e+00 1.966048511229464335e+00 2.451488618819675835e+00 1.366002621588931376e+00
1.096114905130158856e+00 2.707704862175024374e+00 1.977448575990933710e+00 2.440032869348926603e+00 1.353153764784916557e+00
1.102285993025527544e+00 2.726943459686123283e+00 1.994885678542402507e+00 2.441744047191456879e+00 1.347011830953273703e+00
1.097866556704359287e+00 2.707856672876772564e+00 1.983833864988725715e+00 2.440763248571107269e+00 1.351966569519101657e+00
1.097409552250495635e+00 2.671943883578804524e+00 1.973849299247404598e+00 2.436151158679825901e+00 1.360557819744270258e+00
1.101944867206317680e+00 2.641559108411460244e+00 1.968519995614746776e+00 2.432672304391327422e+00 1.375162131459510828e+00
1.108447777573804194e+00 2.615462231631332291e+00 1.965759179273266266e+00 2.429158773561424400e+00 1.391734121030365978e+00
1.114249258345048510e+00 2.586267971676565747e+00 1.962783646570725127e+00 2.423660018868372568e+00 1.406951727257756302e+00
1.116712404264051495e+00 2.549398115391285913e+00 1.957856198677721427e+00 2.414110625893115980e+00 1.416704601360255333e+00
1.113609740260180336e+00 2.510232836092313846e+00 1.955162334634350296e+00 2.397833140081487180e+00 1.416544685215822108e+00
1.112193655332033515e+00 2.477911008333654408e+00 1.956675708057254548e+00 2.378165063100620813e+00 1.408426649856249657e+00
1.117035347650960908e+00 2.449591489528635702e+00 1.961052382254965920e+00 2.360294248158766095e+00 1.397342923280649352e+00
1.123844960067917009e+00 2.421999589408385667e+00 1.969852554657626431e+00 2.347087698866736627e+00 1.385861793682387377e+00
1.131884670062234255e+00 2.391327663304807505e+00 1.982042272465162958e+00 2.336851553166578555e+00 1.378530910980158675e+00
1.146225029377143434e+00 2.359993033336634571e+00 1.989939191349213266e+00 2.324925213314659622e+00 1.384387417010849664e+00
1.162983268352100641e+00 2.339174691943313178e+00 1.991474863752050961e+00 2.312801799765485722e+00 1.397695374117066791e+00
1.180885053454019618e+00 2.321071564714299651e+00 1.993865156376803283e+00 2.300042146271854993e+00 1.410880196210515303e+00
1.198653585004005206e+00 2.302565334293254384e+00 1.999719628889341516e+00 2.287112283493222709e+00 1.422999393057214457e+00
1.213024425091728364e+00 2.286268772043265063e+00 2.011383640659971217e+00 2.275573945542695764e+00 1.434692934260421548e+00
1.220659735422617631e+00 2.274021327765000766e+00 2.028812872928214883e+00 2.267977230538909872e+00 1.445307359983449835e+00
1.222855049378607228e+00 2.255997908137235886e+00 2.044061772123763276e+00 2.262976219892822716e+00 1.458396706658186437e+00
1.224490790412425367e+00 2.244082107415120042e+00 2.043162014696915385e+00 2.251071419285145758e+00 1.469267698746762996e+00
1.231455894149829478e+00 2.250057579433823118e+00 2.062910220327128119e+00 2.237458426761043118e+00 1.465770865843458060e+00
1.240272926475146198e+00 2.249017118669234705e+00 2.081188276351162880e+00 2.220508860595019840e+00 1.466392833876845270e+00
1.246994900941430728e+00 2.248055515727042764e+00 2.097921298554624059e+00 2.207902935029864455e+00 1.477038700557548045e+00
1.250486849700485292e+00 2.244638917726453631e+00 2.109747524406054175e+00 2.204644445228973737e+00 1.494052682558708822e+00
1.254786875282463132e+00 2.219963774411610746e+00 2.118035943364468210e+00 2.213264302916237991e+00 1.508876508360074808e+00
1.261752505849263573e+00 2.198804256951054192e+00 2.128602838936331842e+00 2.215077961533640227e+00 1.524185986485281585e+00
1.270190243553791509e+00 2.185831522273268934e+00 2.135715880333948213e+00 2.215962207810072915e+00 1.542629919894481283e+00
1.279723762049016944e+00 2.178804334510737295e+00 2.142166474121261377e+00 2.214497039397366418e+00 1.561741555092339251e+00
1.289820984912939172e+00 2.174156428035999511e+00 2.148547501146598648e+00 2.212280671718171110e+00 1.580879396972719286e+00
1.300000000000000044e+00 2.169999999999999929e+00 2.154999999999999805e+00 2.209999999999999964e+00 1.600000000000000089e+00
