8.699999999999999956e-01 2.740000000000000213e+00 1.850000000000000089e+00 2.629999999999999893e+00 1.350000000000000089e+00
8.905081658553031243e-01 2.734860622850484368e+00 1.858423739934575769e+00 2.609351858929127133e+00 1.350507624831286169e+00
9.110163317106062530e-01 2.729721245700968524e+00 1.866847479869151449e+00 2.588703717858254372e+00 1.351015249662572471e+00
9.315244975659092708e-01 2.724581868551452679e+00 1.875271219803727130e+00 2.568055576787381611e+00 1.351522874493858550e+00
9.520326634212123995e-01 2.719442491401936834e+00 1.883694959738302588e+00 2.547407435716508850e+00 1.352030499325144852e+00
9.725517794717957187e-01 2.714274943000151374e+00 1.892133099546187136e+00 2.526786267874943093e+00 1.352526159874652301e+00
9.931493391819861127e-01 2.708923153087565705e+00 1.900692287343500375e+00 2.506373872863086660e+00 1.352917519741506425e+00
1.013993515098048581e+00 2.703031759162853209e+00 1.909733769833039219e+00 2.486755157987718512e+00 1.352895415805865476e+00
1.035137922595194437e+00 2.696619293655706961e+00 1.920136944111243471e+00 2.469204042275641164e+00 1.351813331330819379e+00
1.055210722659699174e+00 2.693329482992465884e+00 1.933748338415813839e+00 2.455583175361477632e+00 1.349006322755483822e+00
1.071451441020626616e+00 2.694689475214569363e+00 1.949926767400188776e+00 2.442210529170742994e+00 1.350732339256752290e+00
1.085878596156562459e+00 2.684427204439884029e+00 1.961511853530924610e+00 2.429035253830960084e+00 1.360495428093461356e+00
1.099573253547168505e+00 2.651565378659458627e+00 1.959260665201327356e+00 2.420755079241077468e+00 1.361705358760624263e+00
1.109165004948392319e+00 2.615387301255935437e+00 1.955328538375152858e+00 2.414973170166133443e+00 1.368802185105167490e+00
1.115379575862587958e+00 2.586296297239602637e+00 1.953194607835343932e+00 2.408015568730085043e+00 1.382138805629982814e+00
1.116658756030473709e+00 2.556955126771559783e+00 1.953119153710500600e+00 2.397411748690117861e+00 1.395225774456914758e+00
1.111566937106995390e+00 2.523447100292533385e+00 1.958196316405016235e+00 2.382251922304813974e+00 1.400559315968001206e+00
1.110985189863114675e+00 2.487994201436499964e+00 1.963873293769156758e+00 2.371862395827060599e+00 1.393090994128364901e+00
1.120144454723578598e+00 2.449211395750643394e+00 1.966175797166831662e+00 2.366499937205444049e+00 1.387936764919659005e+00
1.131641996583908849e+00 2.411719575592351283e+00 1.966290991245982056e+00 2.358498007891361326e+00 1.392291996118051989e+00
1.137265885596087323e+00 2.390135982062525866e+00 1.977633801971257821e+00 2.340909207443142126e+00 1.398633221287685968e+00
1.135345246539615882e+00 2.386097714204084674e+00 1.997006111230426262e+00 2.326253427045112510e+00 1.401016274695409569e+00
1.138859034669823522e+00 2.375938240884256203e+00 2.015427570124456391e+00 2.311848020422385463e+00 1.404641196001086945e+00
1.149838321302784294e+00 2.357773202766153542e+00 2.031432074214805539e+00 2.298487013303308846e+00 1.406185488321731292e+00
1.162769778827996703e+00 2.333941738406170696e+00 2.045397485722086017e+00 2.287062896868610640e+00 1.407530472167809021e+00
1.175780130546316471e+00 2.312297660702287594e+00 2.060122015575847065e+00 2.275355444765020163e+00 1.408642262322856720e+00
1.187522063338084743e+00 2.298627679962521597e+00 2.077451989949549382e+00 2.263044424386317033e+00 1.409512414421038473e+00
1.196887771086859953e+00 2.295146804873382518e+00 2.096893482264189146e+00 2.251226380637302071e+00 1.410484086355797473e+00
1.206745652847992289e+00 2.294608573502423088e+00 2.116312162047653267e+00 2.239603660129073859e+00 1.411941959920596235e+00
1.224062629760227505e+00 2.283845331953124003e+00 2.131758300421377594e+00 2.228131925566015248e+00 1.414692571493760820e+00
1.238842970112414843e+00 2.263214551735213576e+00 2.134055080079918287e+00 2.214043755273330305e+00 1.425747504147801381e+00
1.232924879475737923e+00 2.250222603136170729e+00 2.122033141973671100e+00 2.200757710137936307e+00 1.437815615510980694e+00
1.234870887431480657e+00 2.241092397107026901e+00 2.104953115873691605e+00 2.206375249937333916e+00 1.449065614338016061e+00
1.244798904005959272e+00 2.238900537674535673e+00 2.093852700778016107e+00 2.207623665136141167e+00 1.464530979626410101e+00
1.261238885370835394e+00 2.249319145290821886e+00 2.093313124423090255e+00 2.209704849953529227e+00 1.480252080572184603e+00
1.267931843996907615e+00 2.241807911164598099e+00 2.096829408767195702e+00 2.210615016879546868e+00 1.499205795813945086e+00
1.272579677760392824e+00 2.229548313020230488e+00 2.104318720492100780e+00 2.210629042433343461e+00 1.516972980083393541e+00
1.277443511446376467e+00 2.217348252651370810e+00 2.113460343820453780e+00 2.210542870407548044e+00 1.534087128585404303e+00
1.282782252582180815e+00 2.205364947429966360e+00 2.123391831051777423e+00 2.210424928582597204e+00 1.550813076675934710e+00
1.288429343565132390e+00 2.193529988326037294e+00 2.133789002129822254e+00 2.210288763513016619e+00 1.567287295192131946e+00
1.294214671782566217e+00 2.181764994163018390e+00 2.144394501064911029e+00 2.210144381756508292e+00 1.583643647596066018e+00
1.300000000000000044e+00 2.169999999999999929e+00 2.154999999999999805e+00 2.209999999999999964e+00 1.600000000000000089e+00
