8.699999999999999956e-01 2.740000000000000213e+00 1.850000000000000089e+00 2.629999999999999893e+00 1.350000000000000089e+00
8.965339864131759429e-01 2.741964727276295477e+00 1.857314208680468814e+00 2.608059003955363497e+00 1.353531008879819142e+00
9.230679728263518902e-01 2.743929454552590741e+00 1.864628417360937540e+00 2.586118007910727101e+00 1.357062017759638195e+00
9.496019592395278375e-01 2.745894181828885561e+00 1.871942626041406044e+00 2.564177011866090705e+00 1.360593026639457470e+00
9.761359456527037848e-01 2.747858909105180825e+00 1.879256834721874769e+00 2.542236015821454309e+00 1.364124035519276523e+00
1.002512948699920470e+00 2.751102018746495403e+00 1.886965732446069799e+00 2.520257063449104162e+00 1.366992889851023740e+00
1.027803129120387515e+00 2.756922594505843982e+00 1.895981295048648985e+00 2.497900631427997009e+00 1.367345402273063781e+00
1.050784503842373763e+00 2.761754553455882277e+00 1.907668611810983128e+00 2.476199234074696331e+00 1.363390097012316504e+00
1.072205918951886661e+00 2.763379648078521988e+00 1.923350940000114750e+00 2.458735995422994147e+00 1.358194309416210110e+00
1.095784886284402182e+00 2.756416845861432652e+00 1.939766169408815744e+00 2.446562224082138304e+00 1.353709837764061730e+00
1.123290560509644376e+00 2.739565581641160819e+00 1.951965255791242138e+00 2.437364386910562786e+00 1.349747344413060324e+00
1.151862288723028982e+00 2.716621614257959116e+00 1.960496793930481374e+00 2.429260861081724787e+00 1.345045204711741826e+00
1.178801060161500436e+00 2.691470598480794063e+00 1.969280011071810055e+00 2.422151562547260717e+00 1.338043620227415742e+00
1.203071760952117319e+00 2.668405958647505738e+00 1.980811139031804613e+00 2.416478189591809489e+00 1.328434395351792752e+00
1.224054829534579003e+00 2.649010093500863583e+00 1.996039490229066793e+00 2.411371947810855509e+00 1.318141251576868678e+00
1.240533994784698280e+00 2.628176885189031697e+00 2.014023414244468846e+00 2.403465881636926760e+00 1.310035443726630389e+00
1.251577227162705919e+00 2.596047173193316127e+00 2.028870634136762163e+00 2.388744054331968680e+00 1.305748224833916282e+00
1.257232620131212730e+00 2.552810785974921615e+00 2.034195914909923797e+00 2.370079312940438498e+00 1.305437933300823028e+00
1.260337352078170436e+00 2.506119291187328457e+00 2.036409116699467337e+00 2.352328310390408017e+00 1.307998537463502808e+00
1.262400653896420977e+00 2.460253061848294287e+00 2.042294474899012613e+00 2.336272115761119483e+00 1.312676081632607961e+00
1.263202986629621272e+00 2.418085583918883952e+00 2.052652711278857289e+00 2.320645108520300592e+00 1.318251035703311258e+00
1.262368958114566286e+00 2.389924064135024118e+00 2.068377480646734323e+00 2.300852755501471947e+00 1.322811589847656233e+00
1.260011677447251843e+00 2.386995455416318634e+00 2.086478744482815895e+00 2.286520207483296652e+00 1.336128552013546855e+00
1.255404652290950329e+00 2.367464832817847586e+00 2.089313562407064229e+00 2.281161041224431418e+00 1.358069006674591295e+00
1.249385144462650032e+00 2.340995726409227817e+00 2.075234539235196962e+00 2.274740353307025398e+00 1.373611543462614160e+00
1.242693762322809148e+00 2.314135968513336472e+00 2.061213036208816796e+00 2.264214853661280280e+00 1.388718778918041075e+00
1.237119109167273079e+00 2.284624563858749013e+00 2.061630837563781071e+00 2.252903327478617879e+00 1.407916605374872399e+00
1.232721155534177715e+00 2.253548897231471226e+00 2.071056509690818448e+00 2.240821610719296419e+00 1.424464216102879321e+00
1.224874086549581076e+00 2.237099182690694743e+00 2.074855138692902834e+00 2.224340467605343985e+00 1.442903413312797145e+00
1.231789525659581885e+00 2.240156868736945306e+00 2.095750257072129585e+00 2.234567168537596960e+00 1.454651966788858219e+00
1.242276114688148247e+00 2.221591764058508556e+00 2.114855003515324405e+00 2.240827186561843654e+00 1.465675918391460497e+00
1.252778785545729967e+00 2.196097256162676814e+00 2.121589269178716375e+00 2.246461799467839526e+00 1.485605802759835337e+00
1.259328075564254190e+00 2.187359760720974933e+00 2.125600745940447567e+00 2.249495009861775419e+00 1.510337301376252217e+00
1.267309039474962207e+00 2.183405096338324469e+00 2.131938144965538129e+00 2.245554001329462590e+00 1.534589925932031473e+00
1.277442552182309177e+00 2.179103638288395040e+00 2.139296258786674176e+00 2.235948846206228691e+00 1.557291508201530617e+00
1.288520684622448620e+00 2.174620688801514934e+00 2.147066817663569882e+00 2.223605989764628976e+00 1.578927736486977151e+00
1.300000000000000044e+00 2.169999999999999929e+00 2.154999999999999805e+00 2.209999999999999964e+00 1.600000000000000089e+00
