8.699999999999999956e-01 2.740000000000000213e+00 1.850000000000000089e+00 2.629999999999999893e+00 1.350000000000000089e+00
8.966814676142956797e-01 2.739552149935046366e+00 1.859743976820935618e+00 2.608430821045415460e+00 1.350154835756886218e+00
9.233629352285913638e-01 2.739104299870092518e+00 1.869487953641871147e+00 2.586861642090830582e+00 1.350309671513772125e+00
9.500444028428871590e-01 2.738656449805138671e+00 1.879231930462806677e+00 2.565292463136246148e+00 1.350464507270658032e+00
9.767682715073885413e-01 2.738330320940746354e+00 1.888969108358678151e+00 2.543769138602067770e+00 1.350741535711584174e+00
1.003745627298511245e+00 2.738891496925850433e+00 1.898613154602972530e+00 2.522498332634660834e+00 1.351523885746876763e+00
1.031270057004211704e+00 2.741725215147686079e+00 1.908341127523450975e+00 2.502176575684278426e+00 1.353152506829472301e+00
1.059598394578884717e+00 2.748363998416645693e+00 1.918277183392117724e+00 2.483910700484747824e+00 1.356037267823253289e+00
1.086460666764982097e+00 2.757520820399147699e+00 1.930556598510055899e+00 2.468007453466215306e+00 1.361289619055961131e+00
1.104127550105134414e+00 2.746757798048432342e+00 1.949291331330297972e+00 2.452281762214663097e+00 1.364662079083609258e+00
1.121517574143147122e+00 2.715525094842104803e+00 1.961329596299818068e+00 2.434928973730414725e+00 1.363638600974882209e+00
1.149377397575650273e+00 2.697362857133532632e+00 1.967519480941700927e+00 2.417780398788816676e+00 1.368632791237804236e+00
1.181508875656590352e+00 2.693740078594993648e+00 1.973331307348918484e+00 2.406577299558234184e+00 1.376800943395366961e+00
1.216345168940554666e+00 2.692099333995807697e+00 1.981602494148154925e+00 2.401994623523096006e+00 1.378485255851122471e+00
1.243066946997640088e+00 2.681629952483550738e+00 1.994110453739471822e+00 2.403766562034210796e+00 1.367190190394184768e+00
1.252955098642700271e+00 2.662800943924275021e+00 2.008193347999005507e+00 2.406193835692665761e+00 1.349118118601995153e+00
1.258702651230627190e+00 2.635459508941157214e+00 2.021578996229953518e+00 2.398660954444735260e+00 1.332745302159459522e+00
1.265057781730320352e+00 2.597726351302654280e+00 2.028086700890856964e+00 2.378228293089676093e+00 1.325475324767587226e+00
1.269969247228630138e+00 2.555108051738482100e+00 2.030414744627404122e+00 2.356894173154174155e+00 1.326217289829260570e+00
1.270592121092526394e+00 2.512022315473046330e+00 2.036154403300605154e+00 2.337089724277684244e+00 1.329592187556104976e+00
1.267298897140573644e+00 2.469819828333959411e+00 2.043753933521939459e+00 2.317939404428939199e+00 1.333366774964554580e+00
1.261475499729364236e+00 2.426245778918808327e+00 2.049064738694683196e+00 2.299318308332716221e+00 1.337168779623794768e+00
1.254965835546475450e+00 2.381076292722488663e+00 2.051527085130798511e+00 2.282924119240822058e+00 1.343244219877608225e+00
1.249975554023811553e+00 2.338699977221641468e+00 2.054930729424567115e+00 2.270694995895536916e+00 1.355394351661343810e+00
1.247553721196822618e+00 2.305623494063957946e+00 2.061741264165019238e+00 2.261935727083870251e+00 1.373110796040197812e+00
1.245524820944557298e+00 2.278319329067539645e+00 2.067981841032557000e+00 2.252601359137760717e+00 1.393136847690780611e+00
1.240578520503823556e+00 2.251295905745209769e+00 2.065004900266417920e+00 2.245379162996754108e+00 1.413807909125737838e+00
1.235227469473727746e+00 2.226098495037760916e+00 2.066379363044233308e+00 2.246453405669306846e+00 1.435787844092383025e+00
1.232594415593552428e+00 2.206695857148199824e+00 2.075587001458399250e+00 2.242970742317678123e+00 1.456753580959819550e+00
1.246186492514118838e+00 2.202798949805206963e+00 2.096597717408358097e+00 2.234127806044817977e+00 1.466934037339909347e+00
1.254927225872763952e+00 2.197169266878616689e+00 2.113317918471416590e+00 2.228499511294776969e+00 1.485059564944697375e+00
1.263781061918928472e+00 2.191546843412819356e+00 2.125225516813745497e+00 2.224028617650641859e+00 1.506572983367963525e+00
1.272812783355488531e+00 2.186067585448088213e+00 2.134034648228366748e+00 2.220218880748252577e+00 1.529474073889739216e+00
1.281873670813866273e+00 2.180686545755952110e+00 2.141361723408239826e+00 2.216736703938563924e+00 1.552881509412858296e+00
1.290936835406933270e+00 2.175343272877976020e+00 2.148180861704119593e+00 2.213368351969281722e+00 1.576440754706429193e+00
1.300000000000000044e+00 2.169999999999999929e+00 2.154999999999999805e+00 2.209999999999999964e+00 1.600000000000000089e+00
