8.699999999999999956e-01 2.740000000000000213e+00 1.850000000000000089e+00 2.629999999999999893e+00 1.350000000000000089e+00
8.988262980110791611e-01 2.746220860541918274e+00 1.861090821693526909e+00 2.605762068743172399e+00 1.348105894856320708e+00
9.276525960221584377e-01 2.752441721083836335e+00 1.872181643387053729e+00 2.581524137486344905e+00 1.346211789712641105e+00
9.564788940332376033e-01 2.758662581625754395e+00 1.883272465080580549e+00 2.557286206229517411e+00 1.344317684568961724e+00
9.855593504951007944e-01 2.763749259241442324e+00 1.894109674250959552e+00 2.533007062738680482e+00 1.342635192354956430e+00
1.015527035724641314e+00 2.763427154740787373e+00 1.903905286951109943e+00 2.508747610453495369e+00 1.342099921607247337e+00
1.045274237405564355e+00 2.756558876271287595e+00 1.914162928345155779e+00 2.485192616450710101e+00 1.344007423750306129e+00
1.076775609624708530e+00 2.755553624233911147e+00 1.927520855999217630e+00 2.467546256552123562e+00 1.344439352078992789e+00
1.108142126841149322e+00 2.760518454364561336e+00 1.944712572999037770e+00 2.458940156715843983e+00 1.344374394347501500e+00
1.140168685278033278e+00 2.757368821879230048e+00 1.961790257804770787e+00 2.452820410952535113e+00 1.346997936986144451e+00
1.173389012617153337e+00 2.741770511630659435e+00 1.974646175153627281e+00 2.444841654477906356e+00 1.350684886381666283e+00
1.206195528978222242e+00 2.718977130139222265e+00 1.985520615686953594e+00 2.435748380851522121e+00 1.350581777596404853e+00
1.235424723183408569e+00 2.694182755112540129e+00 1.998513598471523212e+00 2.427947230955208369e+00 1.342517366782332910e+00
1.257750811057404050e+00 2.668288517656408398e+00 2.012195747033758586e+00 2.423601564642722916e+00 1.325516874128085165e+00
1.271894105013500642e+00 2.629957668627610268e+00 2.021264945632448295e+00 2.419882790490230029e+00 1.306124171862662831e+00
1.275312862893410060e+00 2.577290431187432063e+00 2.019350520966567863e+00 2.408491683371591918e+00 1.297672901677508372e+00
1.272343743869761123e+00 2.530260839873647694e+00 2.012752387752018368e+00 2.385073537023662649e+00 1.294634040002160091e+00
1.269952100795732397e+00 2.496624244694439110e+00 2.015449589333262459e+00 2.353795705954063511e+00 1.285045220212611028e+00
1.269229559523544770e+00 2.466940973094126299e+00 2.025232154850554966e+00 2.321699714587096786e+00 1.276556247806587940e+00
1.268215164401561124e+00 2.426636392449707635e+00 2.029909036191364091e+00 2.296445100946716611e+00 1.286354926743725535e+00
1.269091125716355073e+00 2.384758125943174267e+00 2.030297931953271462e+00 2.285238868065019524e+00 1.307762170271344893e+00
1.273142540518704013e+00 2.344053101864238098e+00 2.036742445899711651e+00 2.275582779121551269e+00 1.329256042822647643e+00
1.276137548060681581e+00 2.311909353186393901e+00 2.052353050920506572e+00 2.261053149211126545e+00 1.347365478736441302e+00
1.273776931503026955e+00 2.290947160898699320e+00 2.073258956229524941e+00 2.243098594629810982e+00 1.362094514804606638e+00
1.266656091535143691e+00 2.275472557561911913e+00 2.095505607428768791e+00 2.225054099405028740e+00 1.375702878678945362e+00
1.259393349081805669e+00 2.257865989171550680e+00 2.114844723764320644e+00 2.209175984187110142e+00 1.394305380276840367e+00
1.255682289579537869e+00 2.234976559413424546e+00 2.109954010270489455e+00 2.199659412523146784e+00 1.420160930508857389e+00
1.246762298111356193e+00 2.219215675303804147e+00 2.088402805271466267e+00 2.193579526596187712e+00 1.432300926896476145e+00
1.251327154828119737e+00 2.205061482771480286e+00 2.109655062863618369e+00 2.196871703741088755e+00 1.452667505378820278e+00
1.260326505687977328e+00 2.188495752633613733e+00 2.113697887272708797e+00 2.204312518865890969e+00 1.482544912345035826e+00
1.270072413060507444e+00 2.178587528596564127e+00 2.118240588292375381e+00 2.207647972059013419e+00 1.513468778221614297e+00
1.279943461788119130e+00 2.174240104573674337e+00 2.128657529843741791e+00 2.208309973034278784e+00 1.543176059732256800e+00
1.289971730894059476e+00 2.172120052286837133e+00 2.141828764921871020e+00 2.209154986517139374e+00 1.571588029866128444e+00
1.300000000000000044e+00 2.169999999999999929e+00 2.154999999999999805e+00 2.209999999999999964e+00 1.600000000000000089e+00
