8.699999999999999956e-01 2.740000000000000213e+00 1.850000000000000089e+00 2.629999999999999893e+00 1.350000000000000089e+00
8.916930593912730796e-01 2.737915494353432067e+00 1.860811370384497065e+00 2.612845181445734077e+00 1.349081186950551681e+00
9.133861187825461636e-01 2.735830988706863920e+00 1.871622740768994264e+00 2.595690362891468261e+00 1.348162373901103495e+00
9.350791781738192476e-01 2.733746483060295773e+00 1.882434111153491241e+00 2.578535544337202445e+00 1.347243560851655086e+00
9.567722375650923317e-01 2.731661977413727627e+00 1.893245481537988217e+00 2.561380725782936629e+00 1.346324747802206678e+00
9.784652969563654157e-01 2.729577471767159480e+00 1.904056851922485194e+00 2.544225907228670813e+00 1.345405934752758492e+00
1.000174605517060389e+00 2.727581868615778227e+00 1.914890533709370679e+00 2.527107593253291817e+00 1.344527470470606723e+00
1.022009540870559841e+00 2.726326151941357523e+00 1.925904968502203385e+00 2.510300179651808072e+00 1.343984794886245115e+00
1.044032954530835777e+00 2.727655476256040767e+00 1.937564573436260984e+00 2.494636563884042868e+00 1.344661060711042966e+00
1.064573736019926775e+00 2.733215760841390729e+00 1.950825076033500638e+00 2.480856193532847698e+00 1.347804434262595663e+00
1.082411511233306367e+00 2.746892134195966229e+00 1.964908769063616667e+00 2.470322838779204666e+00 1.353746223350777544e+00
1.100963159676019210e+00 2.780031027145738687e+00 1.965169444561759793e+00 2.463146896192530022e+00 1.357672561753537899e+00
1.091590236198171970e+00 2.763971790707160370e+00 1.971615055020915941e+00 2.452157430604267052e+00 1.370480818969181280e+00
1.092105132198994744e+00 2.724776441496065793e+00 1.983393068445135965e+00 2.451304403786690234e+00 1.373938553914261673e+00
1.098355845034121092e+00 2.687052964525284082e+00 1.992559969128627317e+00 2.444883904376614403e+00 1.366638387138869870e+00
1.103537355385726837e+00 2.651845000938704455e+00 1.997922024181183254e+00 2.425749530568922285e+00 1.367326426990980393e+00
1.107784505746663539e+00 2.622368041966232965e+00 1.996873492725976584e+00 2.406797466422508691e+00 1.376747971150944716e+00
1.111443171325895207e+00 2.593504623433735556e+00 1.991595339079288651e+00 2.390972571558085846e+00 1.387636587423764389e+00
1.114064347583669790e+00 2.559297190445894543e+00 1.982684882807515203e+00 2.378557012031102147e+00 1.395813743179947330e+00
1.117671950875465114e+00 2.517780015648226843e+00 1.972814748629087012e+00 2.372240077271228653e+00 1.398595029758100905e+00
1.123470964696389629e+00 2.472253405299894347e+00 1.967323320324519731e+00 2.368545281281024373e+00 1.396557495220930312e+00
1.123950705042812359e+00 2.429069051153697867e+00 1.964669744231029691e+00 2.357034490540208083e+00 1.392112891902003602e+00
1.115573654470551457e+00 2.393631936398065818e+00 1.962762673660911172e+00 2.338128274230228953e+00 1.391449605965291214e+00
1.108909325541930890e+00 2.365050403609386009e+00 1.968726314087934748e+00 2.320193886928634264e+00 1.400055676054722698e+00
1.110611399496437945e+00 2.339297102713839394e+00 1.979524725684731035e+00 2.305828305668574885e+00 1.410012356495994323e+00
1.120724241631091189e+00 2.311377779903070362e+00 1.992495572405907689e+00 2.293918349355402952e+00 1.415431556474069819e+00
1.139224794042748234e+00 2.294610049063100288e+00 2.008000382605986012e+00 2.286262861878207264e+00 1.417241539676528994e+00
1.160262163376740041e+00 2.286897147748277348e+00 2.023486746743836218e+00 2.280954146875189714e+00 1.421065014814004712e+00
1.181070934168014119e+00 2.279099885251987256e+00 2.037691538590066909e+00 2.275233611871067652e+00 1.427712632433772999e+00
1.201889244830285586e+00 2.270583621685063225e+00 2.050503765449635196e+00 2.268782730279898185e+00 1.435842126671800667e+00
1.222542970294275388e+00 2.258595233468666308e+00 2.060390996478425940e+00 2.262400234495121065e+00 1.446144184435050883e+00
1.237599809533445505e+00 2.240358058098553151e+00 2.069393015701390670e+00 2.255808702269947119e+00 1.458780061948596218e+00
1.240036928773470715e+00 2.223610546959562839e+00 2.087109524866734844e+00 2.244735723533341165e+00 1.464919704060401173e+00
1.240699056104406450e+00 2.231910628868116753e+00 2.106530283394082659e+00 2.239044223436509995e+00 1.460974938433631687e+00
1.248082829989657583e+00 2.237636457898847908e+00 2.117283319263728369e+00 2.239438796452277725e+00 1.476931268952777376e+00
1.255062604057820108e+00 2.228968074879924544e+00 2.122898114923660096e+00 2.235817475909195551e+00 1.494658603027406940e+00
1.262568502794740422e+00 2.219299395003071051e+00 2.128406564584935268e+00 2.231543973300182504e+00 1.512194159364241841e+00
1.270062530242464405e+00 2.209455405850342835e+00 2.133736802885850548e+00 2.227240650724219062e+00 1.529753496827327197e+00
1.277546897681848259e+00 2.199591554387757331e+00 2.139052602164388084e+00 2.222930488043164399e+00 1.547315122620495309e+00
1.285031265121232114e+00 2.189727702925171382e+00 2.144368401442925176e+00 2.218620325362109735e+00 1.564876748413663643e+00
1.292515632560616190e+00 2.179863851462585433e+00 2.149684200721462712e+00 2.214310162681054628e+00 1.582438374206831977e+00
1.300000000000000044e+00 2.169999999999999929e+00 2.154999999999999805e+00 2.209999999999999964e+00 1.600000000000000089e+00
