8.699999999999999956e-01 2.740000000000000213e+00 1.850000000000000089e+00 2.629999999999999893e+00 1.350000000000000089e+00
8.935635833636162983e-01 2.732459166483189428e+00 1.863028507561140357e+00 2.609901688753173410e+00 1.356609413588992119e+00
9.171271667272326011e-01 2.724918332966378198e+00 1.876057015122280403e+00 2.589803377506347370e+00 1.363218827177984149e+00
9.406907500908489039e-01 2.717377499449566969e+00 1.889085522683420670e+00 2.569705066259520887e+00 1.369828240766976180e+00
9.642556673864098871e-01 2.709838242309544842e+00 1.902114241514732962e+00 2.549606524092474125e+00 1.376434614751636865e+00
9.879429855641994607e-01 2.702461333434687418e+00 1.915161504652569624e+00 2.529475312934709841e+00 1.382740209401774667e+00
1.012178994904580742e+00 2.695925268794486573e+00 1.928263605233310862e+00 2.509181585435143358e+00 1.387488925513679083e+00
1.037232298852941659e+00 2.691791521572431289e+00 1.941091771616467732e+00 2.488389287047944265e+00 1.387510684845941311e+00
1.059122436083963725e+00 2.688228570576779219e+00 1.950884418054535274e+00 2.464034333471391669e+00 1.380162126248028587e+00
1.068987955051026395e+00 2.670087063373803193e+00 1.952859838548465232e+00 2.433164044158080408e+00 1.375377105662274335e+00
1.064801882936450950e+00 2.633273634505005845e+00 1.946507163100668514e+00 2.413757479736923006e+00 1.381045754504785839e+00
1.063190455156211467e+00 2.594386631930301057e+00 1.948426369938640823e+00 2.424834699236041669e+00 1.394373310862513371e+00
1.076433709318779242e+00 2.610436758261812429e+00 1.965861188238621438e+00 2.418207660755511412e+00 1.408035926976957342e+00
1.108168341520890721e+00 2.608722506229174343e+00 1.976951409812337079e+00 2.421508123512527089e+00 1.401319556198187488e+00
1.133930666127918485e+00 2.630391399930126717e+00 1.985723848785509338e+00 2.432707947578833796e+00 1.391265987867430276e+00
1.158976035199206223e+00 2.652047031972231572e+00 1.993204301481171115e+00 2.436032916730341391e+00 1.376555918518306054e+00
1.184640494580335046e+00 2.667080159401510553e+00 1.997493068213354261e+00 2.435287361525448002e+00 1.358468374800374967e+00
1.210733684872618454e+00 2.676030746788970127e+00 1.999619143770732022e+00 2.433408562671174558e+00 1.339056517213516928e+00
1.237415473157845280e+00 2.680600448885641640e+00 2.002637686624452851e+00 2.432846594108552196e+00 1.319808138386004526e+00
1.262504293198940974e+00 2.675504495695690821e+00 2.012699481568884785e+00 2.434985816440122353e+00 1.302769210053958293e+00
1.275088182134974435e+00 2.647092123298952604e+00 2.030043889696285131e+00 2.433975932440227030e+00 1.294164350499948490e+00
1.272596967355286601e+00 2.604680808874582532e+00 2.039645144763050588e+00 2.422223014295050270e+00 1.295358456253330681e+00
1.265882629170544060e+00 2.565244697036440868e+00 2.040837534945312282e+00 2.402450960830693205e+00 1.299901619243776008e+00
1.259718011216707456e+00 2.530128068678275000e+00 2.040793798340198695e+00 2.378401233779574575e+00 1.304561528866321485e+00
1.254321153828465540e+00 2.495490226010166346e+00 2.041174432144840623e+00 2.353591502083033138e+00 1.308399162294822560e+00
1.248932339246684453e+00 2.458242741314976776e+00 2.040162058572040582e+00 2.330923277037393770e+00 1.311934556211433289e+00
1.243862141851737046e+00 2.417772404154897359e+00 2.037562435632373603e+00 2.312326860753219471e+00 1.317140954150295418e+00
1.240342621344902252e+00 2.375441976767113772e+00 2.035208249245522349e+00 2.298603490055310505e+00 1.326146355859608494e+00
1.238269635938373359e+00 2.334989707053250374e+00 2.034323571570507472e+00 2.288992799385149102e+00 1.340221967883579834e+00
1.235811729798129255e+00 2.303506998335642653e+00 2.036035299614748606e+00 2.283070021883423451e+00 1.361117842149934809e+00
1.233525879326585972e+00 2.288044385010832737e+00 2.044539982138835477e+00 2.282170862438828163e+00 1.386439200086969636e+00
1.234506745303349584e+00 2.278130774707645134e+00 2.061983667731124736e+00 2.283415291902506805e+00 1.407849775032987916e+00
1.238171415746442072e+00 2.261722271450078647e+00 2.081941458153325542e+00 2.280849891998379064e+00 1.425050000932511551e+00
1.240530080969297622e+00 2.243298087609927105e+00 2.100749602956310635e+00 2.270289858645230918e+00 1.441079671712360621e+00
1.240976147284891695e+00 2.228689345793137822e+00 2.122431066505100716e+00 2.255824360424038666e+00 1.451250713077932186e+00
1.249565155222114088e+00 2.215529684193961124e+00 2.132533088801356502e+00 2.250582916718031790e+00 1.474955901574341421e+00
1.260618421927017563e+00 2.214899289045661135e+00 2.128160139012309049e+00 2.241047717087062185e+00 1.500605490433988276e+00
1.270426046807832776e+00 2.207195789049265500e+00 2.130438422220621852e+00 2.232593466902772494e+00 1.526721048772640144e+00
1.280103030770930239e+00 2.195864956509567811e+00 2.137849698381014907e+00 2.224886793343225033e+00 1.551590229111941888e+00
1.290051515385465253e+00 2.182932478254783870e+00 2.146424849190507356e+00 2.217443396671612277e+00 1.575795114555970988e+00
1.300000000000000044e+00 2.169999999999999929e+00 2.154999999999999805e+00 2.209999999999999964e+00 1.600000000000000089e+00
