8.699999999999999956e-01 2.740000000000000213e+00 1.850000000000000089e+00 2.629999999999999893e+00 1.350000000000000089e+00
8.950272294441811161e-01 2.739829655905397843e+00 1.860588245944575947e+00 2.611859214066623025e+00 1.347795024356369442e+00
9.200544588883621255e-01 2.739659311810795916e+00 1.871176491889152027e+00 2.593718428133246157e+00 1.345590048712738573e+00
9.450816883325431350e-01 2.739488967716193546e+00 1.881764737833727885e+00 2.575577642199869288e+00 1.343385073069107927e+00
9.701089177767241445e-01 2.739318623621591620e+00 1.892352983778303743e+00 2.557436856266492420e+00 1.341180097425477280e+00
9.953058153157779975e-01 2.738725242055567666e+00 1.903236776171097100e+00 2.539778159245776212e+00 1.339244827022569195e+00
1.020922249192761644e+00 2.736435805863416171e+00 1.915219993963500844e+00 2.523970383359719794e+00 1.338273459385223241e+00
1.045708714967942043e+00 2.730878485642056042e+00 1.928909324261385505e+00 2.509782146356435817e+00 1.337679866026200370e+00
1.066285460263305618e+00 2.716757731673386189e+00 1.941459461319860136e+00 2.492290589570727910e+00 1.333524857294536625e+00
1.076357790478980503e+00 2.690567043218118570e+00 1.952344312238679436e+00 2.472109337964506270e+00 1.337226719881943415e+00
1.079351756646688587e+00 2.677623650901809871e+00 1.968972518787275972e+00 2.455107802029481867e+00 1.348440508341334221e+00
1.079436467808066569e+00 2.651359814470694687e+00 1.980307756564546606e+00 2.442498140005554319e+00 1.362421771652982061e+00
1.078068405087127646e+00 2.619600304913364042e+00 1.984065427668817438e+00 2.434823846077259102e+00 1.378781849178185137e+00
1.080996446151620383e+00 2.637950302734784813e+00 1.981326510252728434e+00 2.443142760628149723e+00 1.396932387126716524e+00
1.086094385791873451e+00 2.674604980648184416e+00 1.976743879983967833e+00 2.449157331081300182e+00 1.391511759314994601e+00
1.088531740963002203e+00 2.635036269463009617e+00 1.973616239089680091e+00 2.432956872307263652e+00 1.390859619875378428e+00
1.087189554499310873e+00 2.596398420302854504e+00 1.972276483237823674e+00 2.419895437735950505e+00 1.400414240066730320e+00
1.086387745388611270e+00 2.559987525325198465e+00 1.972600405552047853e+00 2.402368111595075462e+00 1.408426069183234430e+00
1.088995434208646751e+00 2.527562782120083007e+00 1.977586480704391914e+00 2.380085108713716924e+00 1.412011147859996374e+00
1.097619711385475982e+00 2.498634399101862247e+00 1.984993784922144622e+00 2.358150212133999446e+00 1.408087942560222405e+00
1.110069247305297546e+00 2.468791189920898521e+00 1.987586372201974871e+00 2.343276469429334874e+00 1.396100644987864570e+00
1.123978031568181102e+00 2.441849466294653936e+00 1.986139619095724118e+00 2.335807118034394669e+00 1.379889682405046614e+00
1.143918049011207305e+00 2.423205174280157248e+00 1.988121311961321247e+00 2.330410331017369163e+00 1.363280248482049872e+00
1.169041510045019328e+00 2.412531166031413488e+00 1.994093081580493365e+00 2.324374982631395969e+00 1.349368528991427896e+00
1.195228414863118704e+00 2.403797719485802897e+00 2.001278658574071390e+00 2.317323927240027892e+00 1.336943993530119945e+00
1.220573139197991930e+00 2.387391186667272791e+00 2.009116088694236968e+00 2.308642185589189211e+00 1.328105364773489949e+00
1.235496823609926853e+00 2.356657372025511510e+00 2.016445440609697659e+00 2.299367090785565448e+00 1.337699132262114565e+00
1.235401912072538133e+00 2.332471450112155065e+00 2.020983511962846535e+00 2.293836431141370369e+00 1.357635259903589686e+00
1.233277075744117823e+00 2.312559945196813072e+00 2.028452236230806172e+00 2.288268623719870831e+00 1.377877759223587573e+00
1.233502595987197692e+00 2.298109620739940073e+00 2.043314419330604537e+00 2.281686387116212522e+00 1.395256005488902717e+00
1.236147845867060724e+00 2.292860831453622517e+00 2.064910119406539124e+00 2.275153448897257125e+00 1.406814068927161987e+00
1.239430320755261050e+00 2.291818156571051812e+00 2.088763596677844614e+00 2.268225452872921100e+00 1.413610768235807447e+00
1.241949864150537763e+00 2.286570263812381931e+00 2.112409562219999870e+00 2.259254202417821045e+00 1.419141259297252988e+00
1.243667277372240143e+00 2.270701920655767037e+00 2.132801318070735253e+00 2.248183550069582370e+00 1.427258959189663612e+00
1.245942137078040135e+00 2.243434494614314545e+00 2.142234321472422209e+00 2.238250734131762343e+00 1.442692907477297171e+00
1.250524424204118912e+00 2.219495002970856223e+00 2.140508347015503077e+00 2.232948446086413519e+00 1.462829073878379793e+00
1.257734964359329188e+00 2.205271035926444245e+00 2.139058387041305132e+00 2.229463016055769131e+00 1.485248469778439606e+00
1.265908079551928189e+00 2.196364500407783193e+00 2.141043184337672489e+00 2.225707537493550436e+00 1.508220938355795848e+00
1.274304699137508656e+00 2.189213621488208084e+00 2.144008708236841976e+00 2.221830997607705083e+00 1.531216900799150515e+00
1.282833216774730722e+00 2.182642516911589503e+00 2.147517624335748554e+00 2.217901852961413844e+00 1.554162107067762921e+00
1.291416608387365272e+00 2.176321258455794716e+00 2.151258812167874179e+00 2.213950926480706904e+00 1.577081053533881505e+00
1.300000000000000044e+00 2.169999999999999929e+00 2.154999999999999805e+00 2.209999999999999964e+00 1.600000000000000089e+00
