8.699999999999999956e-01 2.740000000000000213e+00 1.850000000000000089e+00 2.629999999999999893e+00 1.350000000000000089e+00
8.907989848558932611e-01 2.734614350435959462e+00 1.860567621779564362e+00 2.610390344738932278e+00 1.350273953278195993e+00
9.115979697117865266e-01 2.729228700871918267e+00 1.871135243559128636e+00 2.590780689477864662e+00 1.350547906556391897e+00
9.323969545676797921e-01 2.723843051307877516e+00 1.881702865338692909e+00 2.571171034216797047e+00 1.350821859834587801e+00
9.531959394235731686e-01 2.718457401743836765e+00 1.892270487118257183e+00 2.551561378955729431e+00 1.351095813112783706e+00
9.739949242794664341e-01 2.713071752179796015e+00 1.902838108897821456e+00 2.531951723694661816e+00 1.351369766390979610e+00
9.947939091353596996e-01 2.707686102615754820e+00 1.913405730677385730e+00 2.512342068433594200e+00 1.351643719669175514e+00
1.015612512504505460e+00 2.702296283375194896e+00 1.923925873756870741e+00 2.492704992338660386e+00 1.351912237707299846e+00
1.037093446406146757e+00 2.696770216541497511e+00 1.932557698218213993e+00 2.472097837268534715e+00 1.351968971370029804e+00
1.059801508244285984e+00 2.693689192107056041e+00 1.938799474519680155e+00 2.451336199694542639e+00 1.349737673442697572e+00
1.085107859961759180e+00 2.692092044469568179e+00 1.949322970994164406e+00 2.439051483619897098e+00 1.349089552310251738e+00
1.088752293087940082e+00 2.666821543811117134e+00 1.961630358196704726e+00 2.432150775552821109e+00 1.355603414253709449e+00
1.085586002168501984e+00 2.631171900443086908e+00 1.964014139181571750e+00 2.419846643003703779e+00 1.361920243566364208e+00
1.094104372693563976e+00 2.600375881393161226e+00 1.961345255387691555e+00 2.407590054663907964e+00 1.371138515360170285e+00
1.105398669110362109e+00 2.570077543625561400e+00 1.965411941576189037e+00 2.396208270606717594e+00 1.379835588526305390e+00
1.111594788661806943e+00 2.536910584473456076e+00 1.973598251631028422e+00 2.386466420439260272e+00 1.386828620501290965e+00
1.110703779303154892e+00 2.498962217366076821e+00 1.979172147896644862e+00 2.378376924676207871e+00 1.391805371779788913e+00
1.110949593247053890e+00 2.459408784398738668e+00 1.974556172053393288e+00 2.370830156160952829e+00 1.393134251957685255e+00
1.116107024090328137e+00 2.420052962929975404e+00 1.969881249044685534e+00 2.362662465496773834e+00 1.393976927684571043e+00
1.121874183478819287e+00 2.383119822286894784e+00 1.969917314814161546e+00 2.348537517401989128e+00 1.392330522223917733e+00
1.124434541913340357e+00 2.353577617607878647e+00 1.974598294593592041e+00 2.327922357485126881e+00 1.387716634726231302e+00
1.131515083605896699e+00 2.331863107661049206e+00 1.987224132513250252e+00 2.308141346908859859e+00 1.385632816722685901e+00
1.143446112648752733e+00 2.319256751313533815e+00 2.002685532829494797e+00 2.296717664729523101e+00 1.393701975954325212e+00
1.157339331040571739e+00 2.312456029417427672e+00 2.013394709303385710e+00 2.290291369418151923e+00 1.407770402159024270e+00
1.173349034702348082e+00 2.307941804220871695e+00 2.020741867364074462e+00 2.285477530035842531e+00 1.422959852030467376e+00
1.190981719090411284e+00 2.302981595159367956e+00 2.029815991285937038e+00 2.280183182560409527e+00 1.436701746414787761e+00
1.208515357279657199e+00 2.294433097259566345e+00 2.044537708337641924e+00 2.271585121397284635e+00 1.444827322025172167e+00
1.222162787056758182e+00 2.279023626065523001e+00 2.060379257392550567e+00 2.256671397762922915e+00 1.445999551574715269e+00
1.222761758815302358e+00 2.273620736540955534e+00 2.076055105717745874e+00 2.237834633007830476e+00 1.438109496887784111e+00
1.227550527930497903e+00 2.279850073520233611e+00 2.097043006779066410e+00 2.228182544365529427e+00 1.433110731360525802e+00
1.234450458972806475e+00 2.283963244573398388e+00 2.118429179216922975e+00 2.218857799271476861e+00 1.429551277039114110e+00
1.242551205060930641e+00 2.271861465893232346e+00 2.132266914077845854e+00 2.206539819870667607e+00 1.432214636886079084e+00
1.243835424815253443e+00 2.252219379737663729e+00 2.118362023465142130e+00 2.203123059145796425e+00 1.444412228468249682e+00
1.245535892480343687e+00 2.246137291432818817e+00 2.107404640122470418e+00 2.201516155967953914e+00 1.460911929840422285e+00
1.248980346457012169e+00 2.244066148852929654e+00 2.106394773299594902e+00 2.201083906528661149e+00 1.479980419826532945e+00
1.253523606030236603e+00 2.238347006151644170e+00 2.112248512742876283e+00 2.200912076198005440e+00 1.498347357768169852e+00
1.259196611508818453e+00 2.231847080173519959e+00 2.118748436688387748e+00 2.200096104674706510e+00 1.516379781184159281e+00
1.266513795994893332e+00 2.222379845151537747e+00 2.124561438990510975e+00 2.200644352812342941e+00 1.534080910495941197e+00
1.274758380516204159e+00 2.210448518184707112e+00 2.131232115198259169e+00 2.202477528022292574e+00 1.551072875181598754e+00
1.283221687750030870e+00 2.197266454661032320e+00 2.138889582759637698e+00 2.204899066608112523e+00 1.567515519956419912e+00
1.291610843875015346e+00 2.183633227330516124e+00 2.146944791379818973e+00 2.207449533304056466e+00 1.583757759978210000e+00
1.300000000000000044e+00 2.169999999999999929e+00 2.154999999999999805e+00 2.209999999999999964e+00 1.600000000000000089e+00
