8.699999999999999956e-01 2.740000000000000213e+00 1.850000000000000089e+00 2.629999999999999893e+00 1.350000000000000089e+00
8.969826185594915735e-01 2.733186594063170993e+00 1.860623701854738021e+00 2.609571437395664439e+00 1.353973204943690556e+00
9.239652371189832625e-01 2.726373188126342217e+00 1.871247403709476176e+00 2.589142874791329429e+00 1.357946409887381023e+00
9.509359729528699123e-01 2.719579627510279263e+00 1.881858555945656430e+00 2.568670716340744953e+00 1.361904207134111866e+00
9.778812197401209882e-01 2.712828353564475492e+00 1.892442920641605353e+00 2.548105924750836415e+00 1.365829183183487894e+00
1.004781471564144324e+00 2.706150823178222531e+00 1.902980420455053778e+00 2.527380432435784030e+00 1.369696953789285798e+00
1.031605721983887891e+00 2.699595374831754047e+00 1.913439918678595530e+00 2.506391238534591448e+00 1.373470108062395445e+00
1.057145082456561802e+00 2.690250068699631569e+00 1.923172454911965090e+00 2.483288248113949770e+00 1.376050840374677620e+00
1.074584515454370948e+00 2.671828492594820581e+00 1.929974538925267602e+00 2.455832057545655367e+00 1.371943031377020006e+00
1.082448583671689502e+00 2.654395802872711041e+00 1.939317191247683203e+00 2.436542311965685492e+00 1.356783658323906128e+00
1.079060559278315123e+00 2.616623033208000049e+00 1.941280542752368277e+00 2.425111998158795412e+00 1.361269137113613192e+00
1.077245050956054495e+00 2.579724718216819923e+00 1.941685278421383831e+00 2.418051180930510746e+00 1.376654939440335346e+00
1.091340426080916526e+00 2.610941285050791372e+00 1.948723609895389952e+00 2.428998122748316835e+00 1.366346799547666802e+00
1.105586359293940557e+00 2.637801812343361085e+00 1.956773762441587738e+00 2.427396984307440331e+00 1.349991459231266955e+00
1.101371080809770087e+00 2.610406863844491276e+00 1.952381500049318541e+00 2.405620471779442493e+00 1.343159515542729832e+00
1.095249415097650836e+00 2.570287610972184833e+00 1.944608203776782229e+00 2.388171480358163734e+00 1.345253201334029702e+00
1.097052048278471803e+00 2.536892388614991667e+00 1.934005719920579791e+00 2.380733748371539171e+00 1.358295423550333725e+00
1.108773694747001493e+00 2.519521961308857971e+00 1.927866914646951368e+00 2.385910436392653988e+00 1.377999607135375282e+00
1.125124467960757491e+00 2.514880413485544697e+00 1.940490714066537503e+00 2.392356409672099726e+00 1.394414215044869065e+00
1.131509396157538649e+00 2.513778091539647264e+00 1.965858214651692970e+00 2.390425200140446016e+00 1.399047909247441046e+00
1.131513089863395161e+00 2.496227587834867645e+00 1.989496402694103327e+00 2.380286592003012291e+00 1.398952631475759878e+00
1.130490156828593218e+00 2.461237186095623031e+00 2.001373886909716848e+00 2.359189774289241814e+00 1.399125319122485056e+00
1.134300222164954963e+00 2.425593757938428574e+00 2.009193673865668384e+00 2.335395166142866241e+00 1.402100526983315110e+00
1.144344327305082398e+00 2.392032155545920080e+00 2.019520751242793732e+00 2.314482762406411709e+00 1.406253531573789628e+00
1.158253132736211333e+00 2.358671822887668856e+00 2.030816489023061777e+00 2.296881705904231463e+00 1.409846143335748980e+00
1.174048190315345241e+00 2.324101445577089198e+00 2.040737799044418210e+00 2.280258101769101486e+00 1.412496780452161316e+00
1.191224871606654467e+00 2.289464382055884428e+00 2.048239761678896986e+00 2.262511489417673438e+00 1.415119035881089893e+00
1.208120620793133426e+00 2.262566689007131426e+00 2.057377316914661858e+00 2.241814026076042410e+00 1.422208051283349262e+00
1.202347233582793606e+00 2.265518292599817851e+00 2.079429003920162611e+00 2.241378877838383854e+00 1.424511582439339730e+00
1.189360308168902591e+00 2.274913546981168544e+00 2.102574507297561457e+00 2.249257692424122546e+00 1.420561215691035883e+00
1.181443819297381070e+00 2.277476411112475674e+00 2.091579146986330073e+00 2.246151646797093449e+00 1.431824834927538870e+00
1.195921196315598678e+00 2.266011585062993827e+00 2.071672261759410993e+00 2.235438024043926664e+00 1.440039974939500755e+00
1.213402687914556743e+00 2.243822205460307195e+00 2.054170532938710103e+00 2.221681949956083812e+00 1.442087825587093475e+00
1.234257648193960222e+00 2.238504908107372238e+00 2.050679803406975754e+00 2.199983797898863447e+00 1.454504694949081856e+00
1.245704491382796819e+00 2.256344986864171620e+00 2.069861909249313570e+00 2.187755929081523831e+00 1.463887295681067791e+00
1.248750056679179599e+00 2.253281534722920032e+00 2.088285546664387482e+00 2.190129177970110863e+00 1.480295017541952252e+00
1.254171676863241602e+00 2.232760097148085432e+00 2.100846421283928400e+00 2.193621293592882271e+00 1.498382904611417654e+00
1.266199481220654954e+00 2.222006121861977768e+00 2.112110029437883174e+00 2.193799560802702775e+00 1.518251958877971264e+00
1.275314536902975027e+00 2.209427066909385839e+00 2.121602088284884502e+00 2.196169109637304828e+00 1.539259094399495043e+00
1.283464115193864163e+00 2.196613309083927934e+00 2.132316309939450427e+00 2.200547870966187425e+00 1.559782613079423896e+00
1.291732057596931993e+00 2.183306654541964154e+00 2.143658154969724894e+00 2.205273935483093695e+00 1.579891306539711771e+00
1.300000000000000044e+00 2.169999999999999929e+00 2.154999999999999805e+00 2.209999999999999964e+00 1.600000000000000089e+00
