8.699999999999999956e-01 2.740000000000000213e+00 1.850000000000000089e+00 2.629999999999999893e+00 1.350000000000000089e+00
8.939009798377958171e-01 2.740415502538440684e+00 1.862164632174085899e+00 2.611994773223056399e+00 1.351517828816605205e+00
9.178019596755916387e-01 2.740831005076881155e+00 1.874329264348171487e+00 2.593989546446113348e+00 1.353035657633210542e+00
9.417029395133875713e-01 2.741246507615321626e+00 1.886493896522257296e+00 2.575984319669169853e+00 1.354553486449815658e+00
9.656039193511833929e-01 2.741662010153762097e+00 1.898658528696342884e+00 2.557979092892226358e+00 1.356071315266420996e+00
9.895048991889792145e-01 2.742077512692202568e+00 1.910823160870428694e+00 2.539973866115283307e+00 1.357589144083026111e+00
1.013405879026775036e+00 2.742493015230643039e+00 1.922987793044514282e+00 2.521968639338339813e+00 1.359106972899631449e+00
1.037214764917071985e+00 2.742572850086346214e+00 1.935278035091847482e+00 2.503964423006551421e+00 1.360391828676397186e+00
1.060624830597651780e+00 2.740834986410384921e+00 1.947822392890700804e+00 2.485745284514319309e+00 1.360760750170386668e+00
1.082137983545790050e+00 2.733455066971182124e+00 1.959236149124089055e+00 2.465339194746877460e+00 1.358097268448787975e+00
1.094345251257484497e+00 2.704739534061862294e+00 1.967591219955287407e+00 2.452011600682286740e+00 1.350140048221564859e+00
1.098269382758079615e+00 2.670287103869016576e+00 1.975166883955838948e+00 2.439949069360867195e+00 1.358096930179408579e+00
1.096889184077681323e+00 2.648394712880446811e+00 1.971951158439321672e+00 2.432757687748334341e+00 1.375940108348465696e+00
1.093594067855502727e+00 2.619958625731813040e+00 1.962694763812104837e+00 2.432788330786408437e+00 1.390692788182807949e+00
1.091459011321753936e+00 2.584861061740962196e+00 1.955286297716632093e+00 2.432197396698767111e+00 1.403266182621861757e+00
1.093031019461658149e+00 2.546186874210610629e+00 1.948723166296729703e+00 2.427645570250142271e+00 1.413365573553212906e+00
1.098229558915761128e+00 2.506989645070557771e+00 1.941875877537986073e+00 2.415764275153195584e+00 1.418560691071101720e+00
1.103291594265935149e+00 2.468514923603456257e+00 1.935646221470715522e+00 2.399339920704834928e+00 1.420154064400795502e+00
1.106594180648538428e+00 2.431144362294381356e+00 1.932000478994081227e+00 2.379885263536721585e+00 1.418431962302183491e+00
1.111230980725420814e+00 2.404243445759868703e+00 1.934850901099235188e+00 2.358021434824543405e+00 1.409394121529759403e+00
1.120116519203778971e+00 2.394411889466532717e+00 1.947489443901258221e+00 2.339455215495959362e+00 1.398203779377125811e+00
1.133358180042891128e+00 2.404970289450056864e+00 1.966398894622689797e+00 2.331101808722370716e+00 1.394101948118012135e+00
1.136168154398205399e+00 2.427063717962328226e+00 1.958744840564573986e+00 2.340763567760309360e+00 1.394230142221609015e+00
1.140797325494983028e+00 2.384736281801111080e+00 1.960658348967309728e+00 2.328379062218663531e+00 1.395416899858352711e+00
1.147789867275028852e+00 2.356586912428161984e+00 1.975306708700717895e+00 2.313378476315126164e+00 1.400192195689683228e+00
1.154554931190710620e+00 2.338035536214501331e+00 1.993170044887553782e+00 2.298824297477512602e+00 1.406914426315797773e+00
1.161858729831617865e+00 2.323945519134252180e+00 2.012080275685056652e+00 2.284724548350401729e+00 1.413878296794221168e+00
1.171903838190309743e+00 2.312292273565793366e+00 2.031532132529261681e+00 2.270912260787432579e+00 1.419325020889061095e+00
1.187148213785264250e+00 2.303929069901700988e+00 2.050627650501116950e+00 2.257571904204329183e+00 1.421897093183685623e+00
1.207494910245838549e+00 2.299046917727909367e+00 2.067220724426627410e+00 2.243386968757507205e+00 1.424271240602258182e+00
1.226917973168660136e+00 2.293420987978849190e+00 2.075551774826985607e+00 2.224676927258477654e+00 1.434929548981847436e+00
1.240132292991946494e+00 2.284740232551330408e+00 2.062228065508846075e+00 2.210353390687575192e+00 1.446389880285376739e+00
1.238352499073297253e+00 2.267796592417878454e+00 2.062637279683193547e+00 2.206188084684138850e+00 1.466116743975828252e+00
1.238214753104109001e+00 2.243755524286016545e+00 2.068184610949136193e+00 2.207273034264845446e+00 1.482001136000589137e+00
1.241328269258863859e+00 2.241848878727736860e+00 2.090438028436987672e+00 2.212127168188087634e+00 1.477672037651495351e+00
1.242658980890213760e+00 2.232492789864072957e+00 2.107456906519007855e+00 2.213686163788068928e+00 1.492207401673204981e+00
1.247456443159399075e+00 2.211332928785200380e+00 2.115073834267483743e+00 2.212847401515881440e+00 1.509916562429355569e+00
1.262980452139703225e+00 2.195599445062577981e+00 2.116188419989880387e+00 2.212760245315165353e+00 1.527656687696374416e+00
1.270514620021447216e+00 2.196619982866233833e+00 2.117305072386199694e+00 2.213710885413908258e+00 1.548654305878414128e+00
1.280253264851497041e+00 2.188442811881218031e+00 2.129076044847973304e+00 2.212638184587938373e+00 1.566322022570864725e+00
1.290126632425748543e+00 2.179221405940608758e+00 2.142038022423986554e+00 2.211319092293969391e+00 1.583161011285432407e+00
1.300000000000000044e+00 2.169999999999999929e+00 2.154999999999999805e+00 2.209999999999999964e+00 1.600000000000000089e+00
