8.699999999999999956e-01 2.740000000000000213e+00 1.850000000000000089e+00 2.629999999999999893e+00 1.350000000000000089e+00
8.910291891665785835e-01 2.730687659349455565e+00 1.860693121760185864e+00 2.609659421974171334e+00 1.349359016737310180e+00
9.120583783331571714e-01 2.721375318698910473e+00 1.871386243520371639e+00 2.589318843948342774e+00 1.348718033474620492e+00
9.330875674997357594e-01 2.712062978048365824e+00 1.882079365280557415e+00 2.568978265922514215e+00 1.348077050211930583e+00
9.541167566663143473e-01 2.702750637397820732e+00 1.892772487040743190e+00 2.548637687896685655e+00 1.347436066949240674e+00
9.751459458328929353e-01 2.693438296747276084e+00 1.903465608800928743e+00 2.528297109870857096e+00 1.346795083686550765e+00
9.961751349994715232e-01 2.684125956096731436e+00 1.914158730561114519e+00 2.507956531845028536e+00 1.346154100423861077e+00
1.017950523257210804e+00 2.676754650174422157e+00 1.925117173068549015e+00 2.488235552197497480e+00 1.345762942759107794e+00
1.041780250473511416e+00 2.677144481205854909e+00 1.936891628455435388e+00 2.471517124473333826e+00 1.346848615304740759e+00
1.065570366210449871e+00 2.689514945114106936e+00 1.945910459819812477e+00 2.456045318271036670e+00 1.351596412129298708e+00
1.084871011082378045e+00 2.705993471620491420e+00 1.948638621902587520e+00 2.444269820274000526e+00 1.363895302034341395e+00
1.093286058758109913e+00 2.692491403787682813e+00 1.946186283345513468e+00 2.441113430742786417e+00 1.381291378147775140e+00
1.095649857219749279e+00 2.661165345235997126e+00 1.944460567063407641e+00 2.436682233105406326e+00 1.395120420945088924e+00
1.097970529887058122e+00 2.624333101795814471e+00 1.945326745002113000e+00 2.429172894591980381e+00 1.405371079866728268e+00
1.101870092697265102e+00 2.585797032363728487e+00 1.947445257487702808e+00 2.419057553302531804e+00 1.412894919808018512e+00
1.106587493610607265e+00 2.546567200551084653e+00 1.949518455173946840e+00 2.406476025375063443e+00 1.417693699391717521e+00
1.110478265208005189e+00 2.507135864965110095e+00 1.950829639217396272e+00 2.391618724541807683e+00 1.418667528245030729e+00
1.113579967894635425e+00 2.469801413446045313e+00 1.951229676087777642e+00 2.375275070367515173e+00 1.414303362038767276e+00
1.119952809208957678e+00 2.438301753806670469e+00 1.953485322531419044e+00 2.359351566065741590e+00 1.404775140165204661e+00
1.125692009949605499e+00 2.414321977386323148e+00 1.965390850967372538e+00 2.341659185179358893e+00 1.397479191790033548e+00
1.129066886478959475e+00 2.399600551659206271e+00 1.984426176953349996e+00 2.325751592608911622e+00 1.396656801625116850e+00
1.133903610996288780e+00 2.396057889567209109e+00 2.006924267075294477e+00 2.317545117796891319e+00 1.398682713956145074e+00
1.143672613286164097e+00 2.395011438554529803e+00 2.029226520453729865e+00 2.312209453930730518e+00 1.400919277374413463e+00
1.156674778565292216e+00 2.379462458974634487e+00 2.047629531384102197e+00 2.302123060983219727e+00 1.404110775754890073e+00
1.168803886689395943e+00 2.354900483328489447e+00 2.062217419427843534e+00 2.289138804512709235e+00 1.408073598784522984e+00
1.178841049815722020e+00 2.329797613034886972e+00 2.076911393782987503e+00 2.275389906551919417e+00 1.412465147160943069e+00
1.187944653760829583e+00 2.307826737620431778e+00 2.093345580272739870e+00 2.261323254582893849e+00 1.416151878414855236e+00
1.202449750285411234e+00 2.291060676964330689e+00 2.108325619176115495e+00 2.244853704002921280e+00 1.419809609302907782e+00
1.220917625764209813e+00 2.280830569516536510e+00 2.110497521999975756e+00 2.228840776600165885e+00 1.431679865976838828e+00
1.230172748459311016e+00 2.278401765297831449e+00 2.104468113896353909e+00 2.225077168875175371e+00 1.450064598257401860e+00
1.236944671287723008e+00 2.275450480931788366e+00 2.096972737270374143e+00 2.221632578596739460e+00 1.468665907370767076e+00
1.240151567773215557e+00 2.266870234978026755e+00 2.090018329869168134e+00 2.218257155189089502e+00 1.487392381381505535e+00
1.250001394444068659e+00 2.232099980123435579e+00 2.092896985161393442e+00 2.214037423345984301e+00 1.495422686417078095e+00
1.256338363631985144e+00 2.228508482678361879e+00 2.095977652992972562e+00 2.210634977148262514e+00 1.476049014290236938e+00
1.259803957706797872e+00 2.230268111772949702e+00 2.117078037640261368e+00 2.207520988402186912e+00 1.470734697356864240e+00
1.262240573334630689e+00 2.225461965672598463e+00 2.130561687038830421e+00 2.206051619749908710e+00 1.487067845636837138e+00
1.265077761906483467e+00 2.213897898759558558e+00 2.137827972235232465e+00 2.204241225031903895e+00 1.505490092540336056e+00
1.270210620984856931e+00 2.200718712576257285e+00 2.144698021380603059e+00 2.202692545244798072e+00 1.523622701139122571e+00
1.277810042843874783e+00 2.190100788514796282e+00 2.151133698592934795e+00 2.202592064237033131e+00 1.541920067730724764e+00
1.285788776350170970e+00 2.182643094481812707e+00 2.154563348261810507e+00 2.204361520670856223e+00 1.561022840100050768e+00
1.292974003152473461e+00 2.176259339602762299e+00 2.155020350182243138e+00 2.207114046388007900e+00 1.580498230585931640e+00
1.300000000000000044e+00 2.169999999999999929e+00 2.154999999999999805e+00 2.209999999999999964e+00 1.600000000000000089e+00
