8.699999999999999956e-01 2.740000000000000213e+00 1.850000000000000089e+00 2.629999999999999893e+00 1.350000000000000089e+00
8.929851334533054352e-01 2.742148952853854293e+00 1.862545395563270922e+00 2.613373509781292903e+00 1.351225545766788994e+00
9.159702669066108749e-01 2.744297905707708374e+00 1.875090791126541534e+00 2.596747019562585468e+00 1.352451091533577898e+00
9.389554003599164256e-01 2.746446858561562454e+00 1.887636186689812368e+00 2.580120529343878477e+00 1.353676637300366803e+00
9.619405338132218652e-01 2.748595811415416534e+00 1.900181582253083201e+00 2.563494039125171042e+00 1.354902183067155708e+00
9.849256672665273049e-01 2.750744764269271059e+00 1.912726977816353813e+00 2.546867548906464052e+00 1.356127728833944612e+00
1.007922992247105576e+00 2.752832030067084546e+00 1.925220960941214088e+00 2.530180337524873035e+00 1.357376953798606012e+00
1.031018535396133418e+00 2.754350091067179207e+00 1.937233987579366490e+00 2.512944263760110264e+00 1.358843423280012175e+00
1.054196170159421797e+00 2.753088752406352313e+00 1.947688217610198613e+00 2.494116612433821878e+00 1.361066057092560566e+00
1.075954924610098784e+00 2.741639606504877591e+00 1.955348269084768553e+00 2.473761419778925941e+00 1.364648982322853366e+00
1.091429385230617388e+00 2.711666303657175092e+00 1.960709770176592981e+00 2.456900198089938314e+00 1.366661213036678424e+00
1.102534932613088658e+00 2.682673686653867406e+00 1.968710588945630890e+00 2.444151589171279948e+00 1.358349743083771655e+00
1.101384226454651394e+00 2.649925473287030542e+00 1.969224856063579221e+00 2.431019660190629317e+00 1.365273851099038538e+00
1.096802728794035620e+00 2.628167957481376327e+00 1.957098550410458770e+00 2.422278376229963559e+00 1.378489140062122642e+00
1.095378255097253284e+00 2.596856513080210149e+00 1.948386325169486621e+00 2.414814163357470456e+00 1.390468489340242142e+00
1.098529238970026300e+00 2.561115045315129457e+00 1.938712609932335296e+00 2.407301031543084502e+00 1.398834785903015909e+00
1.104030194354848726e+00 2.523205657707380922e+00 1.929009384971524632e+00 2.398590749883883433e+00 1.403700337386602381e+00
1.108050439997272374e+00 2.482963993037714978e+00 1.921588538114023637e+00 2.387190733613495652e+00 1.404763209359493725e+00
1.106657931738559419e+00 2.442508872467246572e+00 1.920747196208689056e+00 2.378097733241360423e+00 1.396863393573575696e+00
1.109553901919536179e+00 2.420931888807344112e+00 1.939713911501733001e+00 2.372379206841341404e+00 1.390554675629211978e+00
1.115673584994599787e+00 2.430481186094545443e+00 1.962095229342993852e+00 2.367313889262327109e+00 1.391770250173629098e+00
1.111517750076121525e+00 2.436787568752215805e+00 1.980565849916347876e+00 2.354507801011183066e+00 1.389613368239377200e+00
1.108701247387472444e+00 2.401246642528338526e+00 1.971232732251551489e+00 2.341318668304217088e+00 1.386326697016768694e+00
1.119572605063856141e+00 2.369796878846531119e+00 1.959950729262807112e+00 2.333571983655220894e+00 1.392447480024503026e+00
1.133777232458839546e+00 2.346317227249103965e+00 1.960329160575208229e+00 2.321156386037077635e+00 1.405041852293941629e+00
1.146554336220500403e+00 2.329598853733911845e+00 1.970358670164666703e+00 2.305663023737004380e+00 1.416733458480797569e+00
1.159117420405252563e+00 2.312184572211690270e+00 1.982943050551532638e+00 2.289976498473164312e+00 1.426240130849069754e+00
1.172997134159771804e+00 2.292761032782587360e+00 1.996223370819645293e+00 2.276121627129838121e+00 1.434509323862906083e+00
1.187787623883543420e+00 2.273059372059683447e+00 2.011805716124931198e+00 2.265964767452401940e+00 1.440489731779702964e+00
1.198475588814422732e+00 2.259213932328675511e+00 2.032079626521352100e+00 2.258473000159484378e+00 1.441333028100173941e+00
1.201949187552503684e+00 2.259937005908573493e+00 2.052585119692950322e+00 2.244607984980611093e+00 1.439761323958800965e+00
1.216477841096800461e+00 2.260427124548825883e+00 2.064316960123997458e+00 2.222158716925540123e+00 1.446606586572648956e+00
1.234429966253184352e+00 2.253310518253922812e+00 2.076307199231632428e+00 2.207913574571796822e+00 1.455627373184768869e+00
1.239786672634166642e+00 2.256436242910356160e+00 2.095236959276963518e+00 2.206975491174143489e+00 1.467149884845922569e+00
1.241436699546620170e+00 2.244359038897401515e+00 2.109643204117646498e+00 2.208123381082759629e+00 1.480191394913329628e+00
1.252824599172669195e+00 2.222411338014329107e+00 2.101725077932898866e+00 2.208637915198249146e+00 1.494077426217996329e+00
1.267868257745146998e+00 2.216488695434311484e+00 2.106991015663052913e+00 2.206259183192663009e+00 1.511274371828255081e+00
1.274727432282567019e+00 2.206442485102619422e+00 2.115657465081549837e+00 2.207039829788603580e+00 1.529235429899900689e+00
1.281045574211925331e+00 2.197331863826964327e+00 2.125493098811162440e+00 2.207779872341452787e+00 1.546926572424925705e+00
1.287363716141283643e+00 2.188221242551309675e+00 2.135328732540775043e+00 2.208519914894301550e+00 1.564617714949950500e+00
1.293681858070641955e+00 2.179110621275654580e+00 2.145164366270387202e+00 2.209259957447150757e+00 1.582308857474975294e+00
1.300000000000000044e+00 2.169999999999999929e+00 2.154999999999999805e+00 2.209999999999999964e+00 1.600000000000000089e+00
