8.699999999999999956e-01 2.740000000000000213e+00 1.850000000000000089e+00 2.629999999999999893e+00 1.350000000000000089e+00
8.915535665408861332e-01 2.735820176358795042e+00 1.859414215105818613e+00 2.613482789075605606e+00 1.351452325568571977e+00
9.131071330817721599e-01 2.731640352717589426e+00 1.868828430211637359e+00 2.596965578151211762e+00 1.352904651137143865e+00
9.346606996226581865e-01 2.727460529076384255e+00 1.878242645317455883e+00 2.580448367226817474e+00 1.354356976705715754e+00
9.562142661635443242e-01 2.723280705435179083e+00 1.887656860423274630e+00 2.563931156302423187e+00 1.355809302274287420e+00
9.777970443560041192e-01 2.719276091292615494e+00 1.897083870864173516e+00 2.547434752286157789e+00 1.357220963368709121e+00
9.994782636615264781e-01 2.716026859971303331e+00 1.906538296525438936e+00 2.530977820210664753e+00 1.358466990776733274e+00
1.021131445216703959e+00 2.714399836052245440e+00 1.916024159825468365e+00 2.514333767646292905e+00 1.359334256806647989e+00
1.042016490462383205e+00 2.714676044714917857e+00 1.925842954840222720e+00 2.497012134594116528e+00 1.359546744027098075e+00
1.060429063836023644e+00 2.715164507976767894e+00 1.937503659275604528e+00 2.479273392243899643e+00 1.358773148576357670e+00
1.073492343172908647e+00 2.712758765100918623e+00 1.953317920008931008e+00 2.464072448634077261e+00 1.356930894879182059e+00
1.083400969396323132e+00 2.700105401411319050e+00 1.969785299624168928e+00 2.450819544764997637e+00 1.358560086643628928e+00
1.084544412952309855e+00 2.670328375220149653e+00 1.960975558221725423e+00 2.444384612815040381e+00 1.362896203341739554e+00
1.089193914448530753e+00 2.634232465828732384e+00 1.965410627714005543e+00 2.438248587722142258e+00 1.368078715318712169e+00
1.105184406742645953e+00 2.607804617260847557e+00 1.973272859684314762e+00 2.426310960090942714e+00 1.371021835552529877e+00
1.111179897796998217e+00 2.576041753911067822e+00 1.964875939206649491e+00 2.412353944374149961e+00 1.374364739130071511e+00
1.112016063973955360e+00 2.544140366122032759e+00 1.954583398296520835e+00 2.402009560617891726e+00 1.379717051311841525e+00
1.112962197844612033e+00 2.508519413140565923e+00 1.948976413342966119e+00 2.391266833355721655e+00 1.385333936745719363e+00
1.114349260878803261e+00 2.472615941947684970e+00 1.952969994562761658e+00 2.377507243652331681e+00 1.388538585183691998e+00
1.114648575061118363e+00 2.442106120839671934e+00 1.963433090625499977e+00 2.362715657495436883e+00 1.389758306785032538e+00
1.115421480896245043e+00 2.410143139515232402e+00 1.972605531669879841e+00 2.348197254630927322e+00 1.392250751744280812e+00
1.125272990758084735e+00 2.376810301300080752e+00 1.975752137850098844e+00 2.334418434185724589e+00 1.395790120041940252e+00
1.144352288304574250e+00 2.353870520952908496e+00 1.982953945779275973e+00 2.321821879614260009e+00 1.398364005024858026e+00
1.161126077987826299e+00 2.341203566103355449e+00 1.997269179059513400e+00 2.310568158036845343e+00 1.401315036414969128e+00
1.175781788953213169e+00 2.329429739246462905e+00 2.011927703288789449e+00 2.297773050406256345e+00 1.405541150601307576e+00
1.188000288344473354e+00 2.318260799049626897e+00 2.026983794436763464e+00 2.284174114545485246e+00 1.410850093134484728e+00
1.198299677382840933e+00 2.307564232601488019e+00 2.042127498894136028e+00 2.270499111409962634e+00 1.417431697794944379e+00
1.211417767890742514e+00 2.292805018478099477e+00 2.052143461008185010e+00 2.256113175808944327e+00 1.426514767712744103e+00
1.220354756386821116e+00 2.270041964391254830e+00 2.046878190735372360e+00 2.245930437991699335e+00 1.438481340604747638e+00
1.221457068600681151e+00 2.247555840890652412e+00 2.054897088741094890e+00 2.242218950849404813e+00 1.452125630547649315e+00
1.232094603765474528e+00 2.233819895065205952e+00 2.071848569787045680e+00 2.238295404983818848e+00 1.458951287915480677e+00
1.240502840157096553e+00 2.230957337207141844e+00 2.090675834399339905e+00 2.228448508029873043e+00 1.462973836027577246e+00
1.236753469828344887e+00 2.231187385388813560e+00 2.099440191080833795e+00 2.212220468279736174e+00 1.474260265949897786e+00
1.243262246696122064e+00 2.240055225956601781e+00 2.083301578588875547e+00 2.209083438574793057e+00 1.483658302895805470e+00
1.243418396880348720e+00 2.231901827904436697e+00 2.078269838737447195e+00 2.213100823574536413e+00 1.500519438686549911e+00
1.245470078517247892e+00 2.225105025104306300e+00 2.085157829383703643e+00 2.215488163038546787e+00 1.517551690520697605e+00
1.250091193801023737e+00 2.218391375569797486e+00 2.095504002514751996e+00 2.215919454745419959e+00 1.533174026864632555e+00
1.256986909970910338e+00 2.210557404883189747e+00 2.107048659690635262e+00 2.214924607168147208e+00 1.547742545657335045e+00
1.265806275444085749e+00 2.201542171963098760e+00 2.119117587274082837e+00 2.213150601341998591e+00 1.561443434538667852e+00
1.276158860404418949e+00 2.191591761462036381e+00 2.131328012205547573e+00 2.211297934329047088e+00 1.574520433846747558e+00
1.287664692364380414e+00 2.180995903235352085e+00 2.143374508075122087e+00 2.210050421182419012e+00 1.587280831918387758e+00
1.300000000000000044e+00 2.169999999999999929e+00 2.154999999999999805e+00 2.209999999999999964e+00 1.600000000000000089e+00
