8.699999999999999956e-01 2.740000000000000213e+00 1.850000000000000089e+00 2.629999999999999893e+00 1.350000000000000089e+00
8.926954233221766621e-01 2.734924018395359369e+00 1.859844526698570144e+00 2.609578864441399748e+00 1.353576533257448755e+00
9.153908466443533287e-01 2.729848036790718524e+00 1.869689053397139977e+00 2.589157728882800047e+00 1.357153066514897644e+00
9.380862699665299953e-01 2.724772055186077679e+00 1.879533580095710033e+00 2.568736593324199902e+00 1.360729599772346310e+00
9.607816932887067729e-01 2.719696073581436391e+00 1.889378106794280088e+00 2.548315457765599756e+00 1.364306133029795198e+00
9.835193981691441323e-01 2.714740050570327856e+00 1.899235764439397567e+00 2.527910953860411425e+00 1.367816146679310840e+00
1.006615446840398276e+00 2.710870042519244461e+00 1.909198984813262223e+00 2.507688470957823323e+00 1.370767337483785431e+00
1.030509583746649582e+00 2.710571367955599609e+00 1.919362772139747708e+00 2.488235320739955903e+00 1.372811111983373911e+00
1.054339327867771070e+00 2.713514329870393205e+00 1.929608275859103106e+00 2.469011603552224710e+00 1.375264290123614508e+00
1.075622439733893598e+00 2.705341153229884998e+00 1.938742363021144000e+00 2.449171253256540837e+00 1.381029597488045102e+00
1.093768837655018977e+00 2.673228187500466202e+00 1.944225109654854844e+00 2.436674803957834534e+00 1.381337456361581228e+00
1.106848035292778087e+00 2.638178472701693700e+00 1.948387786986002235e+00 2.423037705611584602e+00 1.373793793386111295e+00
1.113198889259805258e+00 2.597003116022347236e+00 1.948892634467963125e+00 2.408832616337222898e+00 1.375853791362871670e+00
1.116897888362796243e+00 2.558729521698926312e+00 1.945122267772757541e+00 2.398511149899354766e+00 1.385996556953912551e+00
1.117604851516070807e+00 2.520628912283272349e+00 1.937777216626651144e+00 2.386891613960415715e+00 1.394728101379802965e+00
1.110085609027719133e+00 2.487579813369182435e+00 1.930897410376134271e+00 2.369488611158353741e+00 1.390577220202263486e+00
1.098850542590750212e+00 2.488067772744394279e+00 1.933773705713010660e+00 2.357335660517221765e+00 1.374233712713707423e+00
1.093585720165869857e+00 2.512506668283181366e+00 1.946037317932471922e+00 2.355247513528658132e+00 1.360810379700663431e+00
1.100510546797780709e+00 2.529852846586759352e+00 1.966450665830153710e+00 2.358573399629623868e+00 1.362314534957654644e+00
1.112669398291069589e+00 2.517627253750843952e+00 1.979187644701402293e+00 2.360745343539852659e+00 1.376801637220528951e+00
1.123618127285610502e+00 2.492003008816550125e+00 1.990707366433287495e+00 2.359635507639189278e+00 1.389721795316966046e+00
1.133540067280016661e+00 2.461344479035090238e+00 2.006615616312189321e+00 2.353667191624661648e+00 1.393077106626846584e+00
1.144429882398782850e+00 2.433090869750616836e+00 2.022492449296344752e+00 2.343648156903737512e+00 1.389437946717331673e+00
1.157508368219781758e+00 2.404853417036548979e+00 2.035393454918496658e+00 2.329323235684418236e+00 1.384607328739909216e+00
1.170963072404143102e+00 2.374524635564442931e+00 2.044248034961033689e+00 2.310627070976626563e+00 1.381222252086643287e+00
1.182706442975133276e+00 2.342313882242566869e+00 2.049203874327446773e+00 2.288727153758073118e+00 1.380921631395125582e+00
1.191172028151872730e+00 2.310516591837297629e+00 2.049870599190473541e+00 2.265864616132385656e+00 1.386252286731737726e+00
1.195419895151682121e+00 2.286204495259893221e+00 2.046148674609649554e+00 2.247777901319359728e+00 1.399519715958440269e+00
1.207210413066122978e+00 2.271359531895584816e+00 2.051366836538963678e+00 2.238150390901164855e+00 1.415679497131322240e+00
1.223322777986985743e+00 2.269239293960529480e+00 2.071180182126589386e+00 2.232460083114994998e+00 1.420176551465403225e+00
1.233227550248249482e+00 2.262513501043140529e+00 2.087281455895993343e+00 2.217689521394202501e+00 1.430768943662820147e+00
1.237420547648318214e+00 2.251279865275097158e+00 2.089939573680906548e+00 2.203724424845538987e+00 1.448884894406915036e+00
1.245093851779019989e+00 2.247807434113396230e+00 2.101704771876334643e+00 2.194515121325326668e+00 1.465453750175446546e+00
1.247158039986386191e+00 2.253555302853214037e+00 2.110823526153628116e+00 2.195744977985578661e+00 1.454797404885933565e+00
1.243887810243863967e+00 2.256548842949965383e+00 2.103828406338152046e+00 2.200005934439274835e+00 1.473875824148185298e+00
1.246682374594717757e+00 2.252906843306607509e+00 2.105974215629305757e+00 2.200454203006702691e+00 1.494505911766456752e+00
1.251629349425731341e+00 2.246082961532155142e+00 2.111639059718681821e+00 2.201153035584782369e+00 1.514324717363668027e+00
1.258371580534700218e+00 2.236286457642846504e+00 2.120175669439321453e+00 2.202390523043383119e+00 1.532896346202035964e+00
1.266878013822535731e+00 2.223507285352229967e+00 2.130494834225275191e+00 2.203856206682391239e+00 1.550133321168930101e+00
1.276852839605629342e+00 2.207995980803362457e+00 2.140609758616585534e+00 2.205537064139436065e+00 1.566729003795362729e+00
1.287974846866263512e+00 2.190052309147760834e+00 2.148920286312542505e+00 2.207556773129716987e+00 1.583346515900435403e+00
1.300000000000000044e+00 2.169999999999999929e+00 2.154999999999999805e+00 2.209999999999999964e+00 1.600000000000000089e+00
