8.699999999999999956e-01 2.740000000000000213e+00 1.850000000000000089e+00 2.629999999999999893e+00 1.350000000000000089e+00
9.007564701608344881e-01 2.753541174157859039e+00 1.862155934437444094e+00 2.601447702201516776e+00 1.350277437002726622e+00
9.351764293297814001e-01 2.775095372870249655e+00 1.878987956108926660e+00 2.587471374127015000e+00 1.350396979291042410e+00
9.632722462906843086e-01 2.769300634275399187e+00 1.874479747280608954e+00 2.555320446900658293e+00 1.345357196084512319e+00
9.771546260614136781e-01 2.770266692997528590e+00 1.912909726203198657e+00 2.558615688636979080e+00 1.336797017222579376e+00
1.010016714259225568e+00 2.749635871474592541e+00 1.935916288711559075e+00 2.562728336193205170e+00 1.334252283337930001e+00
1.037800581970953040e+00 2.739163344894638641e+00 1.968129892690816840e+00 2.557252084134925774e+00 1.335898572196063672e+00
1.060487636345271767e+00 2.727003191675062777e+00 2.002999520119545185e+00 2.546426841665167640e+00 1.337126984098778948e+00
1.080397555005804922e+00 2.717413270006006520e+00 2.039520709119950759e+00 2.533909578124131645e+00 1.335591947605020646e+00
1.100271916183709120e+00 2.713049183730025682e+00 2.076260699522392450e+00 2.521166715348161169e+00 1.331990836605043693e+00
1.122827972433051213e+00 2.716011960039367956e+00 2.111782986729478839e+00 2.509431835801736899e+00 1.328917641402108885e+00
1.155081087208134960e+00 2.718567469387773272e+00 2.138929803625205128e+00 2.498676323156079349e+00 1.331024228606159765e+00
1.192609985974186770e+00 2.702871997858425690e+00 2.154491408621016291e+00 2.489001145224548850e+00 1.334077422996391649e+00
1.223328654066391685e+00 2.670853798983123362e+00 2.172936409252219203e+00 2.480715882026178765e+00 1.331041672198347792e+00
1.242294468165054067e+00 2.631807213219551578e+00 2.198709497120960865e+00 2.470789963536295542e+00 1.328716345292332734e+00
1.248598991450876383e+00 2.596806614651637979e+00 2.232672246374723279e+00 2.460564573993051951e+00 1.329890118021351153e+00
1.255914863380962476e+00 2.550683567258403173e+00 2.254990886080464385e+00 2.446883288928905831e+00 1.337194448102822397e+00
1.264769061767253788e+00 2.496829487537365999e+00 2.249672723455012235e+00 2.434530060119497463e+00 1.346614566583056449e+00
1.272532736058144875e+00 2.444090589307956307e+00 2.237790605882564510e+00 2.419031416875284446e+00 1.352650229567119000e+00
1.276837276926990450e+00 2.396826705152446557e+00 2.228512715314941328e+00 2.392008476413851170e+00 1.355807047298582590e+00
1.279864280490606854e+00 2.359033075279455272e+00 2.218341557732463887e+00 2.359160633494541859e+00 1.364388652179866934e+00
1.285344265268307806e+00 2.335409511824165119e+00 2.212786385794431876e+00 2.321187481004244102e+00 1.377747787020118908e+00
1.291384974047434797e+00 2.326943902942580245e+00 2.213264005082637542e+00 2.279115776736186927e+00 1.390985485100622920e+00
1.296678939541046072e+00 2.324936920821006225e+00 2.206484883089524285e+00 2.241648616475216738e+00 1.409743661363873635e+00
1.301266120854675634e+00 2.322750409429172436e+00 2.184837258254214820e+00 2.223831755764787310e+00 1.434381335866250495e+00
1.266922461466309269e+00 2.307473309389849181e+00 2.165819869216092375e+00 2.219910832337728568e+00 1.428645938752660438e+00
1.245376801435905678e+00 2.299399944064353551e+00 2.143297359105204247e+00 2.209988434302744054e+00 1.449979669952309980e+00
1.232780726638635471e+00 2.305544900590019264e+00 2.133305385709166835e+00 2.197954606904133801e+00 1.479391723688081584e+00
1.223584603696333595e+00 2.320698487354159845e+00 2.133319432041766106e+00 2.184267739792375096e+00 1.509252179311768804e+00
1.214022460594174957e+00 2.333883192291478892e+00 2.136954073772779239e+00 2.170911843442278499e+00 1.539267118653644850e+00
1.203220958243047090e+00 2.334463679012209969e+00 2.144172750761272006e+00 2.164961201149453451e+00 1.570640353191930183e+00
1.201249834659526838e+00 2.327585373575033145e+00 2.156434225986424202e+00 2.182718269246592069e+00 1.599714400000603387e+00
1.208415099873805687e+00 2.305417427062248503e+00 2.176934910257879885e+00 2.189515101825728394e+00 1.625175606977407705e+00
1.220708237290709652e+00 2.262486194086588132e+00 2.195745426021877833e+00 2.170528714172443863e+00 1.627530379235138547e+00
1.240789422100756711e+00 2.223055541688996328e+00 2.176624140249915573e+00 2.188060167389216826e+00 1.631350233805094918e+00
1.270902488962417642e+00 2.197260442157226379e+00 2.164978543058123872e+00 2.198405957916844677e+00 1.615987674035409549e+00
1.300000000000000044e+00 2.169999999999999929e+00 2.154999999999999805e+00 2.209999999999999964e+00 1.600000000000000089e+00
