8.699999999999999956e-01 2.740000000000000213e+00 1.850000000000000089e+00 2.629999999999999893e+00 1.350000000000000089e+00
9.300210997784451594e-01 2.735953271186525981e+00 1.853463811333562639e+00 2.602535800467428384e+00 1.339720230149273661e+00
9.831079405826852469e-01 2.763714906660501125e+00 1.878242224469323540e+00 2.577686147028594998e+00 1.345950656471682771e+00
1.032296913781506342e+00 2.754876405384289573e+00 1.904547662988818724e+00 2.569019236579909382e+00 1.321291636399478220e+00
1.068864026948819879e+00 2.776596690418191571e+00 1.955562474909061210e+00 2.559760678688998592e+00 1.317480417313388941e+00
1.104418711726564917e+00 2.800325593112479083e+00 2.007780757979068298e+00 2.550426767088943780e+00 1.315199003861965643e+00
1.140013846635769212e+00 2.801979036212342677e+00 2.060473017250504135e+00 2.534929997561559567e+00 1.311097714248791846e+00
1.171554606352551486e+00 2.835326414554423469e+00 2.091171620467823455e+00 2.540840493097515917e+00 1.339304408368403365e+00
1.208089466617620067e+00 2.832811397182477542e+00 2.143613299747594070e+00 2.543574296924105305e+00 1.350760191825577161e+00
1.243181085751661419e+00 2.811482856017800458e+00 2.195640454210185055e+00 2.542737062269487591e+00 1.340486943391902885e+00
1.236299203773667088e+00 2.730635207537960074e+00 2.217700093666891359e+00 2.512739001430105645e+00 1.341948851344142879e+00
1.254545354989673456e+00 2.663729265184565875e+00 2.252980824697901063e+00 2.489712724060822779e+00 1.330247210184140272e+00
1.273144425375442923e+00 2.584997848703172618e+00 2.256370510907776517e+00 2.454645127701472695e+00 1.339549164155674932e+00
1.293584588357518550e+00 2.505625270856776776e+00 2.263570591211243155e+00 2.431143554374996185e+00 1.358388954548916949e+00
1.313412196057276660e+00 2.420874236741347385e+00 2.260860616200930373e+00 2.409084567310220137e+00 1.372913652644716098e+00
1.313645490731765397e+00 2.349964784507888371e+00 2.219381085259643616e+00 2.393953382817265219e+00 1.366654088678481260e+00
1.300900368027728238e+00 2.315621629667682146e+00 2.161442230298990630e+00 2.381466807891847282e+00 1.364124049682049922e+00
1.303267230779502572e+00 2.325748475550959427e+00 2.128417699167478361e+00 2.329470681127851162e+00 1.377470703049460843e+00
1.310819651419617538e+00 2.315331608075800851e+00 2.119112209819144610e+00 2.264670761934473475e+00 1.373204694560118622e+00
1.303674492062672385e+00 2.276144843170953891e+00 2.125930475936792519e+00 2.205062523770541016e+00 1.364721996531566672e+00
1.283973849030971115e+00 2.294329455833698628e+00 2.134349238912665925e+00 2.181697212824495136e+00 1.398465192553468794e+00
1.260915924968883051e+00 2.328878913902630021e+00 2.128934699986241519e+00 2.186571935359520324e+00 1.441058082775450000e+00
1.236975334456022146e+00 2.362134384428209444e+00 2.119422548319787936e+00 2.195602239469710337e+00 1.482988515868531643e+00
1.200500881463995473e+00 2.379098808470399895e+00 2.120639907761654008e+00 2.203311956627250989e+00 1.520502789216259254e+00
1.214236100174694855e+00 2.324030590818960018e+00 2.125583784004732024e+00 2.205082814699004690e+00 1.560042428236194656e+00
1.217915153646181414e+00 2.275429912795460918e+00 2.117700671208909036e+00 2.218060422859776448e+00 1.601197958680264266e+00
1.253593218937540943e+00 2.206642829851880983e+00 2.128912234160714956e+00 2.221537866787017812e+00 1.622244096411705527e+00
1.300000000000000044e+00 2.169999999999999929e+00 2.154999999999999805e+00 2.209999999999999964e+00 1.600000000000000089e+00
