8.699999999999999956e-01 2.740000000000000213e+00 1.850000000000000089e+00 2.629999999999999893e+00 1.350000000000000089e+00
8.914046963791170120e-01 2.751325265894707606e+00 1.865749072523488872e+00 2.607824504109236496e+00 1.349039130412742704e+00
9.161541812745881419e-01 2.762339503750969261e+00 1.882563865222556032e+00 2.590425388004538032e+00 1.347216316546334225e+00
9.470490628331720284e-01 2.756383150126727966e+00 1.885924065953959117e+00 2.578358796535994202e+00 1.337402362807625256e+00
9.781697545101736280e-01 2.740391345825700764e+00 1.891300650064946742e+00 2.568689406143959353e+00 1.329257062368286002e+00
1.003262856753546650e+00 2.737795301517006230e+00 1.912738213114635988e+00 2.559796528371844460e+00 1.330224554848523200e+00
1.020792935443197491e+00 2.745210321086836380e+00 1.939973380895896327e+00 2.552942074359008107e+00 1.334662920953795684e+00
1.033996892131159973e+00 2.756932803055197834e+00 1.969622370575773829e+00 2.549390660200462566e+00 1.335229231356292123e+00
1.047747640853053497e+00 2.750255985440144713e+00 1.997294832715493573e+00 2.539693704766494253e+00 1.329940390222045243e+00
1.064552232742209892e+00 2.745871441329864382e+00 2.023388623014202636e+00 2.527098952576882329e+00 1.325172624938200316e+00
1.086181581422392295e+00 2.749405325197062488e+00 2.047805410436755569e+00 2.517135070798081742e+00 1.321841841020269914e+00
1.113896134541736638e+00 2.747723037623362785e+00 2.068584638672220866e+00 2.513526657838479839e+00 1.319806264773217164e+00
1.139872055723692768e+00 2.720326784762187700e+00 2.082752462627755818e+00 2.513849559894616004e+00 1.320730259767765924e+00
1.158210781813549861e+00 2.679703809315998164e+00 2.095495715767546230e+00 2.508860789622947340e+00 1.322462698591648111e+00
1.176544307378952992e+00 2.645694313609003423e+00 2.110676795812944206e+00 2.495980121160598753e+00 1.323637584336523343e+00
1.197248678036675340e+00 2.618398618249889953e+00 2.124074018241278949e+00 2.478038820308542611e+00 1.325167966977851997e+00
1.220026882853807670e+00 2.590803204909791990e+00 2.131056346790864975e+00 2.459535150642737200e+00 1.329856197269290163e+00
1.243301419085180770e+00 2.561790631104682969e+00 2.137332823632330125e+00 2.447352897144488004e+00 1.340160856134141820e+00
1.262837904659085186e+00 2.534533244324950196e+00 2.151637188554207825e+00 2.439991457621576210e+00 1.352824710799267027e+00
1.278179798832031366e+00 2.509833397513502540e+00 2.171688063066808727e+00 2.429813121508980878e+00 1.363627181567243829e+00
1.289626885041819992e+00 2.487132664476902733e+00 2.194033916634678061e+00 2.414792004141947945e+00 1.371485551767827271e+00
1.293109304399330695e+00 2.460597420825000547e+00 2.211858845923098116e+00 2.392931912981994369e+00 1.377853896367768671e+00
1.280043690961995440e+00 2.437375066957287562e+00 2.204507439219347997e+00 2.368674480099514312e+00 1.381973651447497842e+00
1.263165153087886683e+00 2.424217093358771447e+00 2.194323288192979060e+00 2.340631613656322330e+00 1.384605211183787210e+00
1.252760981843490828e+00 2.412062739988992455e+00 2.201176972457731917e+00 2.309340581017067073e+00 1.388526022901328538e+00
1.245568735445674591e+00 2.408803815573920648e+00 2.212033816884002135e+00 2.276857128130375330e+00 1.392054797598959004e+00
1.239937486601686789e+00 2.437644791989022064e+00 2.208611229048957902e+00 2.249401402586271193e+00 1.394879566405004878e+00
1.237851335274451570e+00 2.456404570543105237e+00 2.189744829317726182e+00 2.237287019532727683e+00 1.412158144169082918e+00
1.239160705753397540e+00 2.450912181704680837e+00 2.183698356112295791e+00 2.232195042489528714e+00 1.438605013630156026e+00
1.245989989809897391e+00 2.457331583137134512e+00 2.184261999893292838e+00 2.239241565935912615e+00 1.464737775877145820e+00
1.254442115602081298e+00 2.468362953267666526e+00 2.186003692854676217e+00 2.250558300429609027e+00 1.489238438131320397e+00
1.263130592614860381e+00 2.479981668578656873e+00 2.187815050431476394e+00 2.262565311793953260e+00 1.513429165361551920e+00
1.271796037340188201e+00 2.489495588910381585e+00 2.188204900777929396e+00 2.273738135082718159e+00 1.538129485017177167e+00
1.279073675078898908e+00 2.489105498983071207e+00 2.183871274394403095e+00 2.280304510008100749e+00 1.564117607503716645e+00
1.281402992651421435e+00 2.467428258465159008e+00 2.171604010610073576e+00 2.275204521829681248e+00 1.585937872866580056e+00
1.278260688067641926e+00 2.428973252181483300e+00 2.156162425790886239e+00 2.259273182276511527e+00 1.589483472642012840e+00
1.273534461211681013e+00 2.386884274828194208e+00 2.144088788039715254e+00 2.243447414554023300e+00 1.583839990888438631e+00
1.268612219499729798e+00 2.341344275143688591e+00 2.138243995768997596e+00 2.229136014317135484e+00 1.576225535174195835e+00
1.273166008822509410e+00 2.297419194220054361e+00 2.149317227251942519e+00 2.222779610897521074e+00 1.583233824596358641e+00
1.277241623643470936e+00 2.257247942867995683e+00 2.135911886676743698e+00 2.218751610816173780e+00 1.596582973196289501e+00
1.288565621700133779e+00 2.209409282557316168e+00 2.135208717558253255e+00 2.207301950669536161e+00 1.597800774566538129e+00
1.300000000000000044e+00 2.169999999999999929e+00 2.154999999999999805e+00 2.209999999999999964e+00 1.600000000000000089e+00
