8.699999999999999956e-01 2.740000000000000213e+00 1.850000000000000089e+00 2.629999999999999893e+00 1.350000000000000089e+00
8.950835234741584268e-01 2.729165880635651575e+00 1.844258469838953918e+00 2.600329922961506668e+00 1.343934604946277478e+00
9.173856822044571535e-01 2.719568515172415601e+00 1.851897559396562087e+00 2.570844557377125472e+00 1.334168282409170292e+00
9.367811663238887476e-01 2.728624541180188157e+00 1.875940223164303422e+00 2.550056746050407774e+00 1.327653007508443395e+00
9.699331586227775137e-01 2.741338088495825165e+00 1.890893847863907684e+00 2.545698246731123326e+00 1.332864995916683393e+00
1.006090607295922146e+00 2.745037099590453611e+00 1.897710466819337638e+00 2.542776972865261165e+00 1.343235232340747043e+00
1.039627822599419993e+00 2.744360782476474192e+00 1.914550152845032605e+00 2.538703210596459314e+00 1.350833155090533255e+00
1.056090405323850900e+00 2.743721394101513500e+00 1.947681272034382349e+00 2.537966404279579535e+00 1.347558439487423598e+00
1.065055032294504489e+00 2.753407110384786805e+00 1.982538523311374146e+00 2.543744440632663917e+00 1.340841315056083616e+00
1.078717660337799256e+00 2.781090458408756572e+00 2.012149669410206787e+00 2.551279666498500909e+00 1.340165121490928923e+00
1.094186848767582987e+00 2.795452271863004601e+00 2.045306268920213277e+00 2.548772794137591724e+00 1.341254025622124146e+00
1.111096164083328564e+00 2.792446981700329900e+00 2.077795954210396534e+00 2.537888221359851482e+00 1.343107030267698843e+00
1.130196482775115641e+00 2.778922963306509786e+00 2.106961860623253635e+00 2.523442524156792377e+00 1.343399528884322569e+00
1.159263172386802765e+00 2.757109475076138683e+00 2.114255816564196255e+00 2.509426886753492791e+00 1.337036540266986373e+00
1.188250733709145024e+00 2.729220278416765399e+00 2.127582874584589945e+00 2.502341726945791489e+00 1.333778504860747338e+00
1.200728101378446766e+00 2.691559055758752095e+00 2.152607836084077686e+00 2.494554226499272609e+00 1.331965020172567016e+00
1.216510913039745123e+00 2.647903048676642168e+00 2.168608709482131580e+00 2.485728382677339976e+00 1.325325153835458014e+00
1.238729805180392107e+00 2.606014742234933124e+00 2.177856980862490577e+00 2.475410521415190246e+00 1.319041357213719845e+00
1.258014738636190621e+00 2.567235568591904382e+00 2.194183612210764522e+00 2.460177750655738738e+00 1.317908637766957325e+00
1.260061733348158963e+00 2.529385005753791660e+00 2.219732721080747151e+00 2.445754195157067823e+00 1.319836489020592030e+00
1.266527289360534159e+00 2.492322946074899459e+00 2.235898513369863672e+00 2.433430166527214222e+00 1.335549160821782655e+00
1.280630869175747311e+00 2.470708142672186192e+00 2.237931870605329721e+00 2.418200454540685662e+00 1.357701629013728262e+00
1.287070758966246453e+00 2.463917061917837881e+00 2.226958169824180267e+00 2.388620102809093204e+00 1.374223963836830320e+00
1.270402529876516251e+00 2.452879526207160321e+00 2.213779073718496360e+00 2.354870451270319354e+00 1.373262413870934173e+00
1.252278854472022473e+00 2.441302609726260453e+00 2.193923617884441235e+00 2.327571601200231655e+00 1.379810623877145703e+00
1.233659326775283560e+00 2.433932299207338890e+00 2.174668132384858676e+00 2.300239939749258333e+00 1.388152864944467213e+00
1.216388529162945265e+00 2.448456322683069342e+00 2.165856622653698604e+00 2.278068464615468081e+00 1.405669614855288296e+00
1.214960093465308422e+00 2.426391176679647987e+00 2.169602392870331187e+00 2.281072454786217563e+00 1.429454616681042012e+00
1.228091453572543568e+00 2.392896698184743709e+00 2.160233300067660345e+00 2.285746832566474929e+00 1.448812551759512068e+00
1.247248920721924614e+00 2.425313784037181453e+00 2.153127508727409989e+00 2.277411910994559197e+00 1.466836544806227494e+00
1.261296412642383569e+00 2.461199061888903472e+00 2.152491122198998408e+00 2.268466509649333940e+00 1.486286042046669031e+00
1.271588848407805727e+00 2.475415732792480838e+00 2.155192362885679724e+00 2.263519968270735205e+00 1.512858636527318890e+00
1.277538546757843729e+00 2.466317247029981452e+00 2.158825604749887717e+00 2.262360060071677115e+00 1.540769408941045304e+00
1.288259559403369892e+00 2.434179975481570057e+00 2.173093816746482609e+00 2.244251261440447731e+00 1.544574900085769364e+00
1.291925949936457485e+00 2.398143723906691172e+00 2.176936070380934396e+00 2.213113271155562334e+00 1.550186357368223078e+00
1.293943611889120104e+00 2.351321757201669360e+00 2.181538208572047388e+00 2.191686620316911416e+00 1.557616222806856188e+00
1.286802211928439910e+00 2.324749565333712464e+00 2.173925492330995635e+00 2.202423571202319685e+00 1.579044330237858507e+00
1.278573849428893183e+00 2.309412117300237988e+00 2.159163036638239053e+00 2.221608711469924557e+00 1.599950251460638739e+00
1.272399211762534232e+00 2.281829722381223391e+00 2.134836609253355721e+00 2.231309523776459525e+00 1.607820981938464566e+00
1.277279419801972793e+00 2.260183121209691670e+00 2.132707319729907347e+00 2.210874660127041924e+00 1.586238631134512689e+00
1.289224674810264037e+00 2.211491919078866442e+00 2.144372908221291674e+00 2.199938453762125157e+00 1.584539183141229657e+00
1.300000000000000044e+00 2.169999999999999929e+00 2.154999999999999805e+00 2.209999999999999964e+00 1.600000000000000089e+00
