8.699999999999999956e-01 2.740000000000000213e+00 1.850000000000000089e+00 2.629999999999999893e+00 1.350000000000000089e+00
8.998979904267339069e-01 2.755616680295408738e+00 1.857817958604663033e+00 2.616318767723657235e+00 1.343488059709349036e+00
9.280625678280196578e-01 2.747031475849520010e+00 1.871883050260707559e+00 2.599078411369980746e+00 1.341239089403722051e+00
9.623525887062791551e-01 2.751664237053936368e+00 1.862362438012400645e+00 2.595945808496419982e+00 1.344663505022854588e+00
9.961393253038248741e-01 2.745570099058877833e+00 1.874752704152172766e+00 2.594766505359503039e+00 1.347884676087406364e+00
1.015186794958603089e+00 2.728846809113127492e+00 1.896649378152779786e+00 2.578271907024088705e+00 1.346980227361620042e+00
1.027006884149228583e+00 2.715559368921927508e+00 1.917719701987997905e+00 2.554753967571935735e+00 1.341580881475067599e+00
1.042346861268961256e+00 2.701330310618587305e+00 1.939198187950786911e+00 2.535428012871509651e+00 1.334410905861497021e+00
1.060861630832812486e+00 2.683467966480849842e+00 1.960601108650428470e+00 2.520838876677461204e+00 1.327568348943361398e+00
1.079884986052067841e+00 2.662995974526854326e+00 1.982531515726873694e+00 2.508266952299654129e+00 1.322365677017231400e+00
1.097515540140360235e+00 2.646971056446135062e+00 2.008591376153540331e+00 2.497706222392158892e+00 1.320350482875895626e+00
1.109081163279289184e+00 2.647594554227053809e+00 2.039240945305380581e+00 2.492725057560606583e+00 1.325132947350167845e+00
1.122733115772813761e+00 2.651062666579278471e+00 2.068985095306683064e+00 2.494220466386877000e+00 1.332913441183625203e+00
1.144894042593820993e+00 2.649040275681685763e+00 2.094876799148763347e+00 2.500453164769677716e+00 1.336882189329088755e+00
1.170925816387072604e+00 2.648310824472877467e+00 2.117920818341598732e+00 2.509242404428990714e+00 1.336839120909004697e+00
1.197800879034995880e+00 2.651263519866376761e+00 2.139833651304795747e+00 2.518822724395229251e+00 1.335622175656113519e+00
1.225445229164286332e+00 2.652379833849594970e+00 2.161728545978355953e+00 2.524347308079895491e+00 1.332662976468562910e+00
1.244747019404129684e+00 2.638825851654823751e+00 2.181179845795525374e+00 2.513092123030578495e+00 1.323982882943313566e+00
1.254133516625497213e+00 2.608055547434095178e+00 2.192212637769202388e+00 2.492158671976056450e+00 1.316486068489160166e+00
1.258911053073879849e+00 2.572522513181313641e+00 2.189953731545958071e+00 2.469840860196355514e+00 1.321040157772705115e+00
1.255117867722006730e+00 2.557594809370845823e+00 2.182295308965510383e+00 2.446668379894417544e+00 1.336988729450208968e+00
1.247537629923696656e+00 2.559015502113251461e+00 2.181003226819304697e+00 2.423338184322195943e+00 1.355235984099208535e+00
1.241108294257689870e+00 2.561361861529311224e+00 2.183656048471813271e+00 2.400354813202008497e+00 1.373859385974129044e+00
1.236516016190415623e+00 2.566224371310844798e+00 2.190338037832103346e+00 2.378987476521699840e+00 1.392882220152604766e+00
1.238436766910652187e+00 2.584253722074516535e+00 2.202925250240229893e+00 2.364334391699681515e+00 1.411011422225021850e+00
1.245674482283037676e+00 2.606142137037012141e+00 2.207278053659351258e+00 2.336403871440768665e+00 1.419823453290407045e+00
1.248543563790085020e+00 2.592846697507747322e+00 2.222169606286783949e+00 2.309413907196535387e+00 1.430902786918133440e+00
1.250368311684705525e+00 2.581138387973567649e+00 2.243303811621980337e+00 2.289426804607943566e+00 1.442217429650492821e+00
1.259382722472883076e+00 2.576919028708843928e+00 2.226717453849757611e+00 2.261043051026849771e+00 1.444608177354101297e+00
1.265384497807313879e+00 2.549972111882027104e+00 2.215373548719888674e+00 2.240834665492852373e+00 1.457394989288221865e+00
1.271016253840266730e+00 2.522022567219235789e+00 2.204834252623367075e+00 2.221332441963682847e+00 1.470538917122678368e+00
1.276012684761576921e+00 2.492035368824734309e+00 2.194628031800200052e+00 2.202816954640529179e+00 1.483390027634379438e+00
1.279100009721672038e+00 2.457111928622194075e+00 2.184258577868597229e+00 2.189104098909153695e+00 1.495366636244902514e+00
1.280302534523375391e+00 2.418998715289140566e+00 2.170610559649190474e+00 2.197346845632891288e+00 1.505380254525607420e+00
1.283228487666806528e+00 2.395287418239015587e+00 2.153577793277130503e+00 2.220946142446273530e+00 1.511190015335761361e+00
1.286816572632448752e+00 2.348537478412407342e+00 2.151652407800210387e+00 2.228858934800358238e+00 1.515383913639937852e+00
1.291973986005357400e+00 2.304029728025300372e+00 2.162923286000414613e+00 2.236360209524381748e+00 1.514879606037933701e+00
1.293686084675269576e+00 2.261886414578302862e+00 2.168868318692338093e+00 2.224417796556781290e+00 1.522129512695284737e+00
1.291227731889734276e+00 2.240077114010986303e+00 2.159724493074170582e+00 2.208276313991003548e+00 1.539788566326710129e+00
1.288900593765915481e+00 2.223140498097721629e+00 2.149558776330580567e+00 2.209220682468505004e+00 1.561336145235631134e+00
1.290553221551062446e+00 2.197741445608099475e+00 2.150045813820814722e+00 2.216447706701718090e+00 1.581588863191012884e+00
1.300000000000000044e+00 2.169999999999999929e+00 2.154999999999999805e+00 2.209999999999999964e+00 1.600000000000000089e+00
