8.699999999999999956e-01 2.740000000000000213e+00 1.850000000000000089e+00 2.629999999999999893e+00 1.350000000000000089e+00
8.914485846773969602e-01 2.734330512030715088e+00 1.851091126468187742e+00 2.589873472251011499e+00 1.352931658453961683e+00
9.286774250956824073e-01 2.739212971463705681e+00 1.847859579478410508e+00 2.563986998017783403e+00 1.352282621499703019e+00
9.636144698170310274e-01 2.770456030067280917e+00 1.863309923210634267e+00 2.565538777360556466e+00 1.348216123413550571e+00
9.926564301842160098e-01 2.777742982381555148e+00 1.895275652089146501e+00 2.568318826582931536e+00 1.346204648881273114e+00
1.016008878416177152e+00 2.774484685870424627e+00 1.931890092024277861e+00 2.568618256919153353e+00 1.346494160959510911e+00
1.033647271323241634e+00 2.759878851439658387e+00 1.969082687791960051e+00 2.560074839567087146e+00 1.345467927972024302e+00
1.052521989989687157e+00 2.734651692792693378e+00 2.000453118812453468e+00 2.548721846829074433e+00 1.336713663279971209e+00
1.074169034192162142e+00 2.725851896012581932e+00 2.035352498870698579e+00 2.539332856401798733e+00 1.331043845508540047e+00
1.096796983248510049e+00 2.722702696777490772e+00 2.071011427098710556e+00 2.529552127246537552e+00 1.327311799713540852e+00
1.119415839375905275e+00 2.721051088531077244e+00 2.106618991649524819e+00 2.518401386282584919e+00 1.325945185758206968e+00
1.131676353562457216e+00 2.708974336980012332e+00 2.116182523771179547e+00 2.497773774592871643e+00 1.345835904678393646e+00
1.143218142840385809e+00 2.655414576573643437e+00 2.103084740355805060e+00 2.485915002200961510e+00 1.335133981064097863e+00
1.175675639090982383e+00 2.628252367964332148e+00 2.125395001937627981e+00 2.477055516246659206e+00 1.332460579458792482e+00
1.207305815997377740e+00 2.618610698938800940e+00 2.155120451745832888e+00 2.471511836510265070e+00 1.334046010999952347e+00
1.245083687113027082e+00 2.622915495820837162e+00 2.178469093215714469e+00 2.469954116348205719e+00 1.330509390519146740e+00
1.254366356028525642e+00 2.608508053557341277e+00 2.207108861534929467e+00 2.442763677599168126e+00 1.336649172796366081e+00
1.259170741237146007e+00 2.557500581222248659e+00 2.215169622008736905e+00 2.421658415742101056e+00 1.349084206582509715e+00
1.265260568635947269e+00 2.500722319072214095e+00 2.217375831253534546e+00 2.404706493220096331e+00 1.359378095930497965e+00
1.274226916428809364e+00 2.445340217176638298e+00 2.229315833805939562e+00 2.386277099121213219e+00 1.362402477496123865e+00
1.280131213267643009e+00 2.407275797372477655e+00 2.222171848576262931e+00 2.358810206125763198e+00 1.379186673306587396e+00
1.291522942645389582e+00 2.384552231006239698e+00 2.213942819334522749e+00 2.332971623924268378e+00 1.402068238013169488e+00
1.304595277384981600e+00 2.357691436158039444e+00 2.210833991921279384e+00 2.303451649627152875e+00 1.421109870394731578e+00
1.311055600470422577e+00 2.325245203201162791e+00 2.208182421340910029e+00 2.265538061670593795e+00 1.426973844365690303e+00
1.310350549235219653e+00 2.310215209637948686e+00 2.195273978837861240e+00 2.225030625422065089e+00 1.422831816889089662e+00
1.300770580193101544e+00 2.292906836481961363e+00 2.172492117078587803e+00 2.211409277382407890e+00 1.439390216741331496e+00
1.286239431338332739e+00 2.318141868177541198e+00 2.178400948919725799e+00 2.211774103279002368e+00 1.467289348531136906e+00
1.282007435670840634e+00 2.319928919331060158e+00 2.180395669107916934e+00 2.210119497499049235e+00 1.500647340212631686e+00
1.269062430760305116e+00 2.325425441924800385e+00 2.184770772061458644e+00 2.211267660275877844e+00 1.532650172078245498e+00
1.255485876046198213e+00 2.329962682378207361e+00 2.189249450307211298e+00 2.212175142163050889e+00 1.564419939712872853e+00
1.232465756821718772e+00 2.320734194919336080e+00 2.194475756912759756e+00 2.208947268663809194e+00 1.592379304595058054e+00
1.204843144841400537e+00 2.313773883856716118e+00 2.179130336205882923e+00 2.190368070282498802e+00 1.608935551547225451e+00
1.202354460482899512e+00 2.259579982770702600e+00 2.171376753407115778e+00 2.195875015639102479e+00 1.624712044396785071e+00
1.224157958470038610e+00 2.207497457453878376e+00 2.167383066996463548e+00 2.187639292323938722e+00 1.616917729199873310e+00
1.260830172848648401e+00 2.198824803886624046e+00 2.155298662208979366e+00 2.197610271938016169e+00 1.601752338927471486e+00
1.300000000000000044e+00 2.169999999999999929e+00 2.154999999999999805e+00 2.209999999999999964e+00 1.600000000000000089e+00
