8.699999999999999956e-01 2.740000000000000213e+00 1.850000000000000089e+00 2.629999999999999893e+00 1.350000000000000089e+00
8.912935578563738748e-01 2.767798541943850221e+00 1.846309039212184810e+00 2.619274542690925411e+00 1.367235869001129478e+00
9.218260122495929298e-01 2.770641124301143066e+00 1.845023266790002392e+00 2.598774180385889032e+00 1.359437128213663692e+00
9.375108955267121846e-01 2.762333313594372619e+00 1.853224272934082650e+00 2.581785672862794367e+00 1.338606159399307050e+00
9.612766709578220992e-01 2.761868422931606393e+00 1.874473770024982056e+00 2.565036357942829248e+00 1.337334304642499472e+00
9.859710023822024771e-01 2.770562846275752555e+00 1.899387571275734876e+00 2.559795386569278186e+00 1.340349098329213451e+00
1.014511415757600066e+00 2.783543298208801531e+00 1.919017331005473226e+00 2.570027059775354950e+00 1.338973033675661339e+00
1.045626496003748684e+00 2.787587883118078480e+00 1.937446036972587882e+00 2.579549401399870767e+00 1.342898388680439314e+00
1.064674262850553887e+00 2.776676448486375293e+00 1.960402910595668846e+00 2.565046594174112293e+00 1.348394135089683754e+00
1.077619382354081168e+00 2.758305693713600348e+00 1.984217288244220612e+00 2.546192571295221363e+00 1.349931161078227193e+00
1.094176038440782817e+00 2.738040947327509578e+00 2.008264428612529517e+00 2.531418815478769790e+00 1.347988723313851445e+00
1.113128617708800450e+00 2.719690873077980964e+00 2.030837007092860524e+00 2.517241773474458100e+00 1.341508367847130012e+00
1.130766589049218895e+00 2.703136798282020248e+00 2.053942371102788211e+00 2.502989188262649822e+00 1.333353353480764003e+00
1.142151607989438489e+00 2.697221561274197654e+00 2.083136354106250643e+00 2.495172891165530871e+00 1.326905579783983047e+00
1.148955606112290528e+00 2.710401122764444004e+00 2.113696419771994517e+00 2.495391217988268906e+00 1.322021088444925718e+00
1.159526861253343144e+00 2.721427072208889797e+00 2.144140240948582576e+00 2.497869659166409129e+00 1.316756640823701030e+00
1.176934354074340217e+00 2.707566438544412701e+00 2.169745135134276026e+00 2.489899780221553893e+00 1.316449642829085942e+00
1.202259255013022887e+00 2.685057041019832891e+00 2.185131610739623920e+00 2.473595966049848549e+00 1.317971375159504799e+00
1.229000362812084690e+00 2.651518775240834902e+00 2.183810641756172899e+00 2.460683859121025385e+00 1.319655039881844738e+00
1.243332740957759475e+00 2.606536985341332713e+00 2.171148935168033312e+00 2.454810863867805004e+00 1.322284180791535979e+00
1.246161557586032753e+00 2.554759488957551561e+00 2.172024384802710095e+00 2.447776467916829457e+00 1.327075879496505184e+00
1.249571512014949093e+00 2.511076220847794360e+00 2.175706367518878359e+00 2.435060466673392376e+00 1.340405233582332434e+00
1.258796205579329808e+00 2.474728309086222211e+00 2.173278406990665879e+00 2.421826633550500762e+00 1.357702131112419774e+00
1.274786194108230797e+00 2.441273355882483287e+00 2.176233153322223224e+00 2.408143995494926415e+00 1.373784981587658383e+00
1.296947245024323125e+00 2.409364228126560370e+00 2.191453458484642791e+00 2.399212075310204639e+00 1.380974437504986607e+00
1.293108775545565248e+00 2.372965941897835496e+00 2.184168128804772735e+00 2.383490056469454554e+00 1.387371723342348151e+00
1.274683759140705863e+00 2.360699276408590563e+00 2.163290834814703523e+00 2.366016285627718041e+00 1.396901990295474683e+00
1.260498961989219069e+00 2.345832380851000210e+00 2.145124750569568750e+00 2.345101402854581796e+00 1.408694899379644427e+00
1.251475424876379083e+00 2.336709129552437592e+00 2.132425467944204733e+00 2.319912824605709467e+00 1.422339669069465184e+00
1.246550705171994622e+00 2.348388949447019591e+00 2.135578816432580851e+00 2.288495230716726780e+00 1.431692933695322356e+00
1.244580448514598148e+00 2.382646176512197567e+00 2.147379827999551516e+00 2.266537912474934746e+00 1.435806217732868983e+00
1.253998462429559702e+00 2.416515807680110317e+00 2.150272111892466143e+00 2.258965011116291777e+00 1.454797599871066272e+00
1.267077051884732075e+00 2.431603299623696035e+00 2.142591499054900872e+00 2.257073307677381457e+00 1.479446467363494166e+00
1.278022568290271055e+00 2.438531069092817471e+00 2.132740515288817029e+00 2.255233802613877625e+00 1.504907249282004145e+00
1.282355686263497052e+00 2.433549028931818015e+00 2.125685899330708395e+00 2.253094545379543678e+00 1.531764989159239532e+00
1.274994380052445031e+00 2.414657764341055834e+00 2.127666878441739406e+00 2.246327069039693036e+00 1.556998844793984871e+00
1.269676915270272488e+00 2.397688499533142448e+00 2.140150181991104628e+00 2.231899006215788628e+00 1.578615402564970793e+00
1.269565756148492763e+00 2.367439029675140194e+00 2.146402756651710320e+00 2.226238861410838599e+00 1.600906911282614642e+00
1.272146574997064850e+00 2.313472381068493178e+00 2.146252416044318156e+00 2.230676930612273345e+00 1.605008380421535819e+00
1.274107385726608532e+00 2.262847972426297538e+00 2.153038911567701330e+00 2.223527935317031190e+00 1.612608277863549100e+00
1.283068267273868690e+00 2.210036336116998790e+00 2.148480508079941398e+00 2.221743509047759968e+00 1.611265395254093402e+00
1.300000000000000044e+00 2.169999999999999929e+00 2.154999999999999805e+00 2.209999999999999964e+00 1.600000000000000089e+00
