8.699999999999999956e-01 2.740000000000000213e+00 1.850000000000000089e+00 2.629999999999999893e+00 1.350000000000000089e+00
8.981487308923398194e-01 2.733978984562014602e+00 1.869950319277175588e+00 2.611935704325638152e+00 1.349103632797699737e+00
9.286142678740452183e-01 2.723697621877038788e+00 1.875684931339754558e+00 2.588731551680310883e+00 1.346071583967868968e+00
9.571775936010828989e-01 2.739249376436970085e+00 1.893441523699046503e+00 2.576704660560851678e+00 1.351250549304029436e+00
9.756545921616944783e-01 2.761240040798112805e+00 1.916122615772588800e+00 2.563735750519771983e+00 1.341871013910291399e+00
1.001752366358745316e+00 2.765142464598344674e+00 1.943168029671326513e+00 2.556614823220283661e+00 1.344090718139743679e+00
1.034990103324423538e+00 2.774213487104467468e+00 1.960791726892034070e+00 2.546216493562521777e+00 1.342403235889291002e+00
1.066313909816765770e+00 2.787816258024725435e+00 1.982056240086367715e+00 2.541604566679141364e+00 1.342990439542253611e+00
1.090490297044151902e+00 2.787990144563061268e+00 2.010686146688036580e+00 2.534688895955337973e+00 1.342415214611812679e+00
1.118339410754194851e+00 2.787758896130866137e+00 2.034192383679976235e+00 2.522008347608190260e+00 1.344647963665787538e+00
1.138143085553353862e+00 2.782688726095980947e+00 2.060724217056656205e+00 2.522274988111949501e+00 1.333322904416234689e+00
1.134734002555140231e+00 2.790578638132074740e+00 2.091869708436026265e+00 2.514948391287636920e+00 1.322619021380838200e+00
1.145912374699052050e+00 2.775145660277904991e+00 2.121911003345266167e+00 2.505916523380658845e+00 1.318864222365100813e+00
1.173903259373548114e+00 2.736997115118278145e+00 2.129747603337673212e+00 2.506354937938462424e+00 1.325108560540743996e+00
1.200162327829826792e+00 2.704721294247225405e+00 2.144373549204214857e+00 2.505728633408940809e+00 1.334585176428666919e+00
1.220438708258376970e+00 2.696111320966138702e+00 2.175598542722931850e+00 2.503618605033705702e+00 1.337647555832482293e+00
1.243939852550793423e+00 2.703535862380901378e+00 2.204170509126750499e+00 2.507864713404758028e+00 1.331353308388385503e+00
1.257252635131130170e+00 2.668244355748970342e+00 2.227440663890866812e+00 2.506215450554195812e+00 1.320682887422665264e+00
1.268218804467346139e+00 2.620853655552180861e+00 2.240427193060006150e+00 2.494262784528653132e+00 1.317366208996888721e+00
1.278118207450245958e+00 2.571966319098283993e+00 2.248250419138449807e+00 2.478378910428257420e+00 1.319198224380027984e+00
1.284188792144113966e+00 2.522756068245836314e+00 2.252064883107697479e+00 2.461505206095804699e+00 1.325734949878784041e+00
1.297655249198173211e+00 2.488548152127294077e+00 2.254022814591999158e+00 2.443085372005991296e+00 1.341173071865811472e+00
1.303669052910137349e+00 2.462784204270188404e+00 2.252082423279789580e+00 2.416622716636761758e+00 1.358340346747411997e+00
1.304895688118961949e+00 2.432622507845147108e+00 2.249366084467392390e+00 2.389689252716732604e+00 1.373983499151786969e+00
1.305018939034425340e+00 2.400093171835505412e+00 2.245470125885037582e+00 2.363299182741339877e+00 1.388703940624230970e+00
1.303968675381066866e+00 2.375360025929889041e+00 2.222976885236002786e+00 2.349615238819895424e+00 1.390277037078313960e+00
1.291782753453668331e+00 2.376281498193285824e+00 2.194172775059428648e+00 2.336205691632176951e+00 1.382962270722115639e+00
1.276728217190459924e+00 2.379074023444494035e+00 2.194241255795401635e+00 2.300149804797141595e+00 1.380607057429662055e+00
1.264261150436134296e+00 2.375687432617632489e+00 2.194613024345831942e+00 2.263169742266826656e+00 1.379093172321334215e+00
1.252066926058668761e+00 2.355587576103649550e+00 2.184374443671770472e+00 2.232685138403153413e+00 1.388861860455444130e+00
1.243835503020989997e+00 2.340605947846414736e+00 2.171101060065375510e+00 2.221428572953730640e+00 1.414963405596388668e+00
1.240863112454116290e+00 2.349089387878587676e+00 2.165064907705416264e+00 2.221879088431840454e+00 1.445978778222239303e+00
1.238547276874363945e+00 2.365002243891895173e+00 2.162475845596920632e+00 2.223647102372814377e+00 1.476444174774282025e+00
1.232981086700664308e+00 2.370610386475331399e+00 2.159044625633447012e+00 2.222424417529223373e+00 1.507634153722801518e+00
1.229537564988245180e+00 2.341713187103034777e+00 2.150753898197952374e+00 2.213811914708115225e+00 1.531931338882082771e+00
1.239498347222001584e+00 2.308303097845687102e+00 2.144712227808425631e+00 2.205585972342468448e+00 1.554855696630958795e+00
1.256094762021818356e+00 2.293406066046162373e+00 2.146718757220845042e+00 2.201307925923994269e+00 1.582040814062918299e+00
1.271419833285929446e+00 2.289332105031736564e+00 2.152819502269164520e+00 2.198466236515840500e+00 1.610767540287767918e+00
1.285907086714449754e+00 2.291315981861521411e+00 2.154677159557865984e+00 2.199178827498334599e+00 1.640099517276671248e+00
1.298654500745360485e+00 2.245050114268648311e+00 2.166942957988543306e+00 2.201173796129942684e+00 1.643266647992670082e+00
1.291849357839773393e+00 2.202379903240943015e+00 2.164881699208915045e+00 2.201629491935117144e+00 1.623141239122452006e+00
1.300000000000000044e+00 2.169999999999999929e+00 2.154999999999999805e+00 2.209999999999999964e+00 1.600000000000000089e+00
