8.699999999999999956e-01 2.740000000000000213e+00 1.850000000000000089e+00 2.629999999999999893e+00 1.350000000000000089e+00
9.486128082312677012e-01 2.754916961395222685e+00 1.856045317847962117e+00 2.590259074825019603e+00 1.337927942350313426e+00
1.021888373015561902e+00 2.766065281699914724e+00 1.903434260269660339e+00 2.581478744229657618e+00 1.341306264993854747e+00
1.052572331987440268e+00 2.767679836516828029e+00 1.932452389048578301e+00 2.574810801512589897e+00 1.336029614019815348e+00
1.066842526163063853e+00 2.774284198547796176e+00 1.953454750953184327e+00 2.570875329896313843e+00 1.334085127385828073e+00
1.081348846149784215e+00 2.783718565789743415e+00 1.979897859874050869e+00 2.566640888097889484e+00 1.333652609106593667e+00
1.175401811824067888e+00 2.794385654261260843e+00 2.139115638397097729e+00 2.526472648268162757e+00 1.335432633677993586e+00
1.192069389994141471e+00 2.786843691048999982e+00 2.158235200563254352e+00 2.516310783008390839e+00 1.333253216587978462e+00
1.204628667190820845e+00 2.774881644154839400e+00 2.164539574407148059e+00 2.508102704704753716e+00 1.329871811863353459e+00
1.248139427438999638e+00 2.751104904898498127e+00 2.184564523838392613e+00 2.504117436118251216e+00 1.323548860355821422e+00
1.274336266989598565e+00 2.681207542492339169e+00 2.227184420539999099e+00 2.498035934904085487e+00 1.315806913696724978e+00
1.285446794674716120e+00 2.631191185279941447e+00 2.247508985914432600e+00 2.484971804885669044e+00 1.323765842350354660e+00
1.292785762295323160e+00 2.571031306375343384e+00 2.250950161476306111e+00 2.462094532966782268e+00 1.344443667949665633e+00
1.293392715939030824e+00 2.511479463764596520e+00 2.226058822245764013e+00 2.440457998890681601e+00 1.361382469459491373e+00
1.293933207928197771e+00 2.379594835762028460e+00 2.174387106504850120e+00 2.409732960595655449e+00 1.377931701059239789e+00
1.288262669949113981e+00 2.336342689002443240e+00 2.183632521949230298e+00 2.399609110320534811e+00 1.382943473868486040e+00
1.282223845773201809e+00 2.310738290027218422e+00 2.182785404711897748e+00 2.368877610440310644e+00 1.393107983493790059e+00
1.288916083487882558e+00 2.311087610742613929e+00 2.182364365669526407e+00 2.329684553287461046e+00 1.385460843637425610e+00
1.311853855824198112e+00 2.320889648628367219e+00 2.165334191901137295e+00 2.212283698556242850e+00 1.351587003152702637e+00
1.293371985678948732e+00 2.321353797117598372e+00 2.149273775622002614e+00 2.196368269281130381e+00 1.374193893008240908e+00
1.277098485847890430e+00 2.358237551979738722e+00 2.156191324579674884e+00 2.199989395724996744e+00 1.403854816529324312e+00
1.260752030429942439e+00 2.376530933839323456e+00 2.149581351147644703e+00 2.202289598781167701e+00 1.430870304844359397e+00
1.199306272100383541e+00 2.376628699248030774e+00 2.100179423205275953e+00 2.198323808584739414e+00 1.510349925236874835e+00
1.190848812273755941e+00 2.358074541016695669e+00 2.103055111559045454e+00 2.203113055187968961e+00 1.545284952045648419e+00
1.199989998292798399e+00 2.328828088112012029e+00 2.129207422667867888e+00 2.206720025582567413e+00 1.620405398796544771e+00
1.215545291466493483e+00 2.302775364142437109e+00 2.136772300387551837e+00 2.210756631515826243e+00 1.623380104077988717e+00
1.232311261334075203e+00 2.270664728618247086e+00 2.140434880399627815e+00 2.204173009486708690e+00 1.617948219966524936e+00
1.280319713959078731e+00 2.184091599287566243e+00 2.148829193930419379e+00 2.187457204274375844e+00 1.599781470330540190e+00
1.300000000000000044e+00 2.169999999999999929e+00 2.154999999999999805e+00 2.209999999999999964e+00 1.600000000000000089e+00
