8.699999999999999956e-01 2.740000000000000213e+00 1.850000000000000089e+00 2.629999999999999893e+00 1.350000000000000089e+00
8.873856795167504030e-01 2.749655516065863115e+00 1.869649292829753229e+00 2.613722280897131434e+00 1.341651519722930397e+00
9.070817071609389437e-01 2.749499266328684577e+00 1.890980753158182370e+00 2.599122863792850069e+00 1.337316650797341744e+00
9.250050900952262456e-01 2.751564222068263010e+00 1.915022268351801893e+00 2.588116517396499283e+00 1.337187262101882324e+00
9.523225919095319458e-01 2.753516576012518868e+00 1.931405125348478968e+00 2.576485670778073889e+00 1.340377472774589629e+00
9.837244321892557597e-01 2.747329474463192422e+00 1.940037373957931077e+00 2.562697556929134812e+00 1.342388977304028952e+00
1.014932480089105749e+00 2.738855263533615414e+00 1.950111677226529006e+00 2.549925674199985615e+00 1.342472701913114408e+00
1.044320456934546115e+00 2.732181201307760432e+00 1.965149783656892968e+00 2.540567639720557214e+00 1.341391651791753681e+00
1.071319197244657184e+00 2.727083263602543717e+00 1.984011318021996262e+00 2.534688328033281923e+00 1.339722543468763849e+00
1.095612316061340019e+00 2.723433603333251796e+00 2.005493087470878955e+00 2.530555360486947958e+00 1.337504709078126686e+00
1.114321763953574074e+00 2.723122569762325362e+00 2.029847985620640838e+00 2.525579657437027947e+00 1.333148747706198067e+00
1.121272670331065147e+00 2.723411630311217468e+00 2.055274223671281320e+00 2.515408244150346917e+00 1.324496850651031954e+00
1.124741788722854130e+00 2.709940481873108098e+00 2.077367224876470075e+00 2.497023099187651418e+00 1.318695059927506019e+00
1.143542627164984449e+00 2.686242953314014414e+00 2.088838848077596566e+00 2.485567785331716184e+00 1.326608047756717035e+00
1.168633086409775368e+00 2.661981888537220620e+00 2.097508694241183136e+00 2.479188701845241649e+00 1.337638340329674769e+00
1.192114423339298845e+00 2.637286292329583226e+00 2.108337487543828548e+00 2.470033886406157730e+00 1.347381513753155291e+00
1.212458662193550030e+00 2.614674648009526869e+00 2.124737340549411435e+00 2.459831272495990540e+00 1.354767639256497347e+00
1.232855711279791988e+00 2.600468068500621843e+00 2.145273816960397983e+00 2.455161241845758013e+00 1.362416099170697947e+00
1.245441760170093115e+00 2.599499010318301551e+00 2.134941266595497655e+00 2.455934709294512075e+00 1.372113339872251148e+00
1.262359123773260539e+00 2.574661099830111155e+00 2.124557090323399233e+00 2.451887126018770235e+00 1.360329581858812364e+00
1.281887285096240614e+00 2.547324653145814910e+00 2.140121622623651465e+00 2.439240380508074235e+00 1.360101565131922152e+00
1.295016348077549395e+00 2.514355409436209055e+00 2.149719280473861183e+00 2.420161467276625178e+00 1.363960183493849510e+00
1.283692941861604542e+00 2.489408103241923964e+00 2.135308298294258389e+00 2.397567109471814728e+00 1.364773016425748997e+00
1.261389338226981849e+00 2.503457609298378461e+00 2.128408699521987302e+00 2.375481467966213067e+00 1.362523468171728647e+00
1.248254843610674403e+00 2.532941161202321823e+00 2.142314618777337643e+00 2.356322787338134717e+00 1.363138860830667598e+00
1.242130843018897091e+00 2.554420723231005663e+00 2.158796775527514811e+00 2.332437874807452793e+00 1.365223026531024564e+00
1.241107017655783240e+00 2.554945581671264954e+00 2.170002766848063036e+00 2.299562463876358542e+00 1.367820040590481678e+00
1.241559662761023031e+00 2.535972799850657822e+00 2.173371317754190457e+00 2.270168225650118110e+00 1.378219454457438653e+00
1.244559391254651315e+00 2.514312993431785603e+00 2.172461750439930839e+00 2.254067049570013914e+00 1.399106291941423885e+00
1.252374433395029740e+00 2.499419122511155056e+00 2.172105253893737320e+00 2.246941506640266262e+00 1.423865324025854084e+00
1.263146080769597557e+00 2.487402012207571733e+00 2.172263292934969225e+00 2.242116893138803579e+00 1.448799842587424447e+00
1.271701584405225516e+00 2.470423410654530638e+00 2.168646158491086773e+00 2.238601194181399023e+00 1.473153100882305111e+00
1.272970608484378818e+00 2.448875780686278425e+00 2.159642232311818066e+00 2.238140448790655768e+00 1.496180860492572817e+00
1.269709407830880821e+00 2.428839057025474979e+00 2.150091861275693184e+00 2.238101005112450359e+00 1.519346865053540885e+00
1.267812115835441400e+00 2.405015139416520675e+00 2.143789414675524974e+00 2.234625103922709410e+00 1.542279155448483818e+00
1.266357900440350015e+00 2.370828324323927205e+00 2.141713921629748718e+00 2.232419015135109763e+00 1.561530917593131562e+00
1.264764304321956523e+00 2.330688391417143457e+00 2.142896454698829167e+00 2.229735027946817549e+00 1.576794513822270094e+00
1.263965855433651475e+00 2.291167265107314499e+00 2.142839776285451414e+00 2.228027221086891441e+00 1.592764668146433360e+00
1.264747378615618478e+00 2.249507191731674016e+00 2.141386552156408385e+00 2.223109807154194151e+00 1.606361616348210175e+00
1.269889393517337428e+00 2.241120758633047494e+00 2.130557509560963236e+00 2.205535406258327225e+00 1.595577439519609175e+00
1.282240308426368491e+00 2.201473326491725224e+00 2.140168446885377662e+00 2.199516591094834439e+00 1.603189810407851912e+00
1.300000000000000044e+00 2.169999999999999929e+00 2.154999999999999805e+00 2.209999999999999964e+00 1.600000000000000089e+00
