8.699999999999999956e-01 2.740000000000000213e+00 1.850000000000000089e+00 2.629999999999999893e+00 1.350000000000000089e+00
9.103939660930960853e-01 2.754857900350828004e+00 1.845580137470164805e+00 2.584128797014920487e+00 1.354038559535131858e+00
9.465294697964142800e-01 2.741607165771811516e+00 1.831432728858272574e+00 2.547565491417468131e+00 1.353730425352022371e+00
9.550684838379753794e-01 2.781528371983125858e+00 1.831392964038959237e+00 2.564244907101853599e+00 1.348635577535645336e+00
9.708703779774622289e-01 2.795282947834602183e+00 1.881914905463542009e+00 2.569542878847292044e+00 1.345387987129440965e+00
9.873233989699583546e-01 2.785387229199672632e+00 1.907978985521697757e+00 2.571141136900687130e+00 1.344946147839724215e+00
1.032643523052022561e+00 2.760963061782498951e+00 1.965073616277097202e+00 2.569784014846598907e+00 1.344184077821703127e+00
1.054123906075613792e+00 2.742296292614987863e+00 1.985193528861674439e+00 2.560783694199374239e+00 1.339940194502951210e+00
1.073972524907848669e+00 2.722917545326047239e+00 2.005605691737542440e+00 2.544688896301249059e+00 1.335197132146449528e+00
1.081958018048248871e+00 2.718360654847416402e+00 2.017773735169535509e+00 2.539763759943017618e+00 1.335018557908705272e+00
1.115719632853618970e+00 2.734578896893805400e+00 2.096644800521849650e+00 2.521989358508069490e+00 1.327609062064764922e+00
1.122213056539734133e+00 2.739120251510824389e+00 2.112830287959500897e+00 2.518550005142223380e+00 1.325648088507509481e+00
1.149167996697455951e+00 2.694924487989994510e+00 2.120363767380657016e+00 2.493630235117459737e+00 1.329799445728390817e+00
1.178515015486010231e+00 2.654558880403707466e+00 2.129685777539350511e+00 2.482733749210620733e+00 1.339983939045728656e+00
1.193119812021073756e+00 2.641452690789413804e+00 2.143532278366400146e+00 2.477026825265413290e+00 1.336796759537759893e+00
1.238009999789417392e+00 2.583891466630674483e+00 2.190915129633604685e+00 2.449465973218397874e+00 1.319334505600882501e+00
1.246420646667946830e+00 2.543098240950020461e+00 2.201237244046568176e+00 2.432762583567132264e+00 1.324507454638247372e+00
1.254987849383911280e+00 2.500000768857531419e+00 2.212483739270935335e+00 2.417257049791731394e+00 1.338261979710678951e+00
1.260441408418975451e+00 2.471716606225687674e+00 2.215966027271970340e+00 2.409392982876704004e+00 1.347937892497903078e+00
1.282520847807236741e+00 2.360999528079051668e+00 2.212650804872697385e+00 2.371359590792187610e+00 1.392780318307402343e+00
1.289699067386909981e+00 2.354176561823395630e+00 2.206458419735798593e+00 2.347680492594890644e+00 1.405378645488420952e+00
1.301470496998097026e+00 2.341012858969464094e+00 2.208273656972375765e+00 2.311755629232414400e+00 1.415856498014239406e+00
1.318903058860525501e+00 2.307633147980427957e+00 2.211561169610642974e+00 2.236549675484375221e+00 1.416639260202376960e+00
1.312086355125265946e+00 2.303112345782345471e+00 2.198387170953672420e+00 2.208293495522401617e+00 1.393924620737754472e+00
1.298270011061544604e+00 2.302158514361992037e+00 2.160682915712307306e+00 2.202737489938067839e+00 1.404502416986573632e+00
1.282767234462168782e+00 2.299579883678767978e+00 2.154845417319407819e+00 2.208246076783394241e+00 1.424891299708040737e+00
1.269364628003714079e+00 2.330820273975234169e+00 2.162475890613934748e+00 2.227542731702905066e+00 1.457834460955498956e+00
1.267775970906699801e+00 2.335414096990871879e+00 2.163006957885105219e+00 2.229274683934013179e+00 1.468045995572074380e+00
1.262107571112608406e+00 2.339706606855127990e+00 2.165965665173301691e+00 2.230511235765764155e+00 1.493091780090257226e+00
1.250365098670107145e+00 2.335535948067255951e+00 2.172476432274217384e+00 2.228003227921044882e+00 1.533808641096265024e+00
1.222516440343853095e+00 2.304263986564867306e+00 2.183582072133781971e+00 2.215487674619535330e+00 1.619403730088397664e+00
1.205189503631188597e+00 2.281334147925214495e+00 2.179557297567339624e+00 2.204105884804124837e+00 1.625992880367886251e+00
1.204647520237713376e+00 2.233938797780575580e+00 2.178772648879136575e+00 2.183665543028561640e+00 1.622183096512966438e+00
1.206634711809141614e+00 2.214759485196315936e+00 2.180041124800919938e+00 2.178665443057033801e+00 1.629640812065701772e+00
1.229310300788195587e+00 2.178660818700798973e+00 2.173062368597884930e+00 2.180479962513219405e+00 1.634975073956432157e+00
1.246338944063176468e+00 2.176177866131003835e+00 2.168510802235156465e+00 2.187549374894544929e+00 1.626693593350420519e+00
1.300000000000000044e+00 2.169999999999999929e+00 2.154999999999999805e+00 2.209999999999999964e+00 1.600000000000000089e+00
