8.699999999999999956e-01 2.740000000000000213e+00 1.850000000000000089e+00 2.629999999999999893e+00 1.350000000000000089e+00
9.015347759775023118e-01 2.720882770525906658e+00 1.863398317466266718e+00 2.607493770774761188e+00 1.344749200215544782e+00
9.315736870983768458e-01 2.697247997690503496e+00 1.873062756454841660e+00 2.583508015497345767e+00 1.339055458625581840e+00
9.630991650973272922e-01 2.688890175031969587e+00 1.868271216258226453e+00 2.554531605911036785e+00 1.341920250843743556e+00
9.993005410598670979e-01 2.698776899899583803e+00 1.882756978442179152e+00 2.548390705829433500e+00 1.352315541413337652e+00
1.021794218197753290e+00 2.714361461080210702e+00 1.916706244556551253e+00 2.553295233017930599e+00 1.345690950072405023e+00
1.042159013263529443e+00 2.737041229551079091e+00 1.950564061974222163e+00 2.558142821807656286e+00 1.338459198292627716e+00
1.055837211642943085e+00 2.781605521161170103e+00 1.976281056513590650e+00 2.558299022469738393e+00 1.334834244246896340e+00
1.075810552138001697e+00 2.800631965318145955e+00 2.009785331457305091e+00 2.544940617225626589e+00 1.334427139476843882e+00
1.099710773130524011e+00 2.803208036854747842e+00 2.044107967936426018e+00 2.531991236982432447e+00 1.330667025594701736e+00
1.123951900532152992e+00 2.805396010165946308e+00 2.079373787627034620e+00 2.522783593436801919e+00 1.326114202373975592e+00
1.146259351463246645e+00 2.801246938730966640e+00 2.117204611313158846e+00 2.519232164230837068e+00 1.324204188382058334e+00
1.162086126014298948e+00 2.759373387911400854e+00 2.141579691290284249e+00 2.515815453592753492e+00 1.324253233280225039e+00
1.179399541221342940e+00 2.705964150272759827e+00 2.144782347586783988e+00 2.506572352172723228e+00 1.325289043699491076e+00
1.208623691076525120e+00 2.689633534724276132e+00 2.174130907521221179e+00 2.503647672177184980e+00 1.327135006855523658e+00
1.233989265265741153e+00 2.692235189261150463e+00 2.210152958416893743e+00 2.505518745062294883e+00 1.327824641955854812e+00
1.257201289178456527e+00 2.694484664728740597e+00 2.247573139035075496e+00 2.508667753277008750e+00 1.325255790391578925e+00
1.280463585243819535e+00 2.675848768281388956e+00 2.277898839347066495e+00 2.512251125850001987e+00 1.314031117766958356e+00
1.298462942374359663e+00 2.627580727835294283e+00 2.268585226673833333e+00 2.511484536876942286e+00 1.306062302854001489e+00
1.297978349573108314e+00 2.585942711379809023e+00 2.237620889739347252e+00 2.503608325246010846e+00 1.309914149740990741e+00
1.286871974353341663e+00 2.546057335306115998e+00 2.209937297329946926e+00 2.490446807311518462e+00 1.314620561722290581e+00
1.288371076664406090e+00 2.506899046758434224e+00 2.198586233065012774e+00 2.465229361672940378e+00 1.325975776225872149e+00
1.299846779003579478e+00 2.477015231184567678e+00 2.208085658776079985e+00 2.434735505810208700e+00 1.338753939531483361e+00
1.309006444987714790e+00 2.438583398140359293e+00 2.218251736139415176e+00 2.405562933990252006e+00 1.347265675281118735e+00
1.319408464374058232e+00 2.396583208438789470e+00 2.227796874736780008e+00 2.378882910571257003e+00 1.354427613938548713e+00
1.324287112793787857e+00 2.366527487160995147e+00 2.238249388099451842e+00 2.346879131102127758e+00 1.366443874245209855e+00
1.315442045439577656e+00 2.350758008456105497e+00 2.240603169330344979e+00 2.310468451065535778e+00 1.380075713733159848e+00
1.305146101772226341e+00 2.356461207589593876e+00 2.231047740795167655e+00 2.271228172779021115e+00 1.390412208189226950e+00
1.293626028972854280e+00 2.363770535451845234e+00 2.210866136610621258e+00 2.235443023034832333e+00 1.398329070057564127e+00
1.280051167219109942e+00 2.363938966589336665e+00 2.182967751374268239e+00 2.206609581766177275e+00 1.406278490177741203e+00
1.261957929265271616e+00 2.350613178948798510e+00 2.161252147964144665e+00 2.195864707474983302e+00 1.426313281219077078e+00
1.249118246419933076e+00 2.331800699284664713e+00 2.163082465589207359e+00 2.201919243274884419e+00 1.453620852618622061e+00
1.240418541608815373e+00 2.317068800497452674e+00 2.166258557775365468e+00 2.196725482134940233e+00 1.482489730005971396e+00
1.231651902727423309e+00 2.306210906178113973e+00 2.168113724783343965e+00 2.188574851184382553e+00 1.511405458339923902e+00
1.221002783870980934e+00 2.314603593015610805e+00 2.159656723791019584e+00 2.174293323060004557e+00 1.538451607107486074e+00
1.204174391690882695e+00 2.316532997617636536e+00 2.163551869236223890e+00 2.189605836888643964e+00 1.564553957941732465e+00
1.197055591615150849e+00 2.285567041062811722e+00 2.163172172246595970e+00 2.183169077754170129e+00 1.590142485632662472e+00
1.197963436221875178e+00 2.249065415324763784e+00 2.169493486307675134e+00 2.168197076113417054e+00 1.612032776265554634e+00
1.223189959488703682e+00 2.230310967657808785e+00 2.170601589544663756e+00 2.199206584737515957e+00 1.606344717867566052e+00
1.253947814672901950e+00 2.254169079739510639e+00 2.188119161710292193e+00 2.214367333154279915e+00 1.609122552716620191e+00
1.286451475239366538e+00 2.218039592770573609e+00 2.176361109719357589e+00 2.212296707709400234e+00 1.606732029940589390e+00
1.300000000000000044e+00 2.169999999999999929e+00 2.154999999999999805e+00 2.209999999999999964e+00 1.600000000000000089e+00
