8.699999999999999956e-01 2.740000000000000213e+00 1.850000000000000089e+00 2.629999999999999893e+00 1.350000000000000089e+00
8.989943286591689509e-01 2.746953089253197700e+00 1.842956846315251473e+00 2.613032194259441887e+00 1.349843021113183772e+00
9.265137047123512826e-01 2.747663813747768025e+00 1.838969846650666762e+00 2.592854189853066149e+00 1.347756272990140225e+00
9.556088192512675050e-01 2.754740829167429794e+00 1.846949330978527648e+00 2.578208459106739792e+00 1.342385822764266656e+00
9.826328966711916912e-01 2.765359762930646337e+00 1.864526865997399252e+00 2.571204137582368432e+00 1.337347347158834410e+00
1.007251009502690309e+00 2.773828522858318379e+00 1.886711365179690958e+00 2.566352536341544699e+00 1.334257670787818428e+00
1.028050940433772320e+00 2.777647162672981729e+00 1.912563053439776617e+00 2.560555089085379876e+00 1.332242283016486617e+00
1.045428600088381454e+00 2.769666266295667700e+00 1.938422393554309231e+00 2.549442924436965185e+00 1.331066688251736352e+00
1.061305258909906124e+00 2.749629189145667674e+00 1.959290433241809959e+00 2.533862996214938157e+00 1.330962549850811305e+00
1.078241533823951714e+00 2.730831446686976083e+00 1.981665510567054866e+00 2.520597121922012462e+00 1.330640345887877052e+00
1.094943073513064746e+00 2.722812566045195837e+00 2.009296690773142657e+00 2.513991557749271966e+00 1.329050561135544983e+00
1.109623514497546148e+00 2.723669422471867829e+00 2.039129767018234674e+00 2.512674114133766068e+00 1.326662653579932405e+00
1.123966928760974149e+00 2.722773860559045911e+00 2.069240571303112119e+00 2.510455345822907525e+00 1.325495389808032609e+00
1.139301735883449629e+00 2.713929815826456426e+00 2.097326964494876211e+00 2.503162113080299456e+00 1.326979401894268218e+00
1.155727573613142933e+00 2.699383157738722172e+00 2.122856713475853585e+00 2.493081349403027502e+00 1.328455843777894607e+00
1.173461384446466083e+00 2.679169731031141755e+00 2.145393418184301293e+00 2.482239325491099713e+00 1.329003369589064842e+00
1.194534400950293174e+00 2.655407159813848672e+00 2.164079515982467505e+00 2.472756268508561561e+00 1.328366066097722342e+00
1.218744112320224504e+00 2.630829742891901191e+00 2.179413979286599190e+00 2.465137371526602283e+00 1.326484652474839265e+00
1.241150671105178072e+00 2.599681674495079697e+00 2.188620640477246582e+00 2.455087406347596257e+00 1.324210470110793958e+00
1.253387721144546774e+00 2.560923345820423691e+00 2.186307213842883623e+00 2.440281315001507245e+00 1.325247277855376549e+00
1.257509747219928808e+00 2.523803638887436307e+00 2.178332391723907246e+00 2.425362599264448082e+00 1.334024898936544634e+00
1.261761148785415454e+00 2.489618922516594335e+00 2.174089253667146338e+00 2.414376139176296565e+00 1.348996980006703428e+00
1.271064660801397572e+00 2.461084965251934431e+00 2.180876873101578628e+00 2.405770119154207354e+00 1.366122383057545076e+00
1.281614016367749187e+00 2.450939142381877822e+00 2.199239196550896835e+00 2.394065927003793615e+00 1.382353070710525156e+00
1.283702311323815515e+00 2.449661455023278478e+00 2.215636001600732818e+00 2.376966271260072983e+00 1.399721754887132796e+00
1.275242169747822008e+00 2.450256605609443028e+00 2.222812075538521448e+00 2.357254716767481550e+00 1.418076938684765143e+00
1.259965924475414445e+00 2.457004301176048067e+00 2.224409454904433314e+00 2.336012507793210347e+00 1.433473571583103290e+00
1.242645608328577289e+00 2.475622856267371219e+00 2.221847582332709514e+00 2.312084610850596800e+00 1.440093097331693439e+00
1.237484394049924497e+00 2.503816466803290730e+00 2.207505002368673086e+00 2.290414865344669426e+00 1.442209393225670100e+00
1.251520808362016401e+00 2.519787134932806261e+00 2.190232825927326488e+00 2.281979554903974527e+00 1.457829272130329201e+00
1.265826634661393335e+00 2.521423657983393962e+00 2.180238603801342379e+00 2.279350616672486396e+00 1.479492547445216299e+00
1.275068459240024099e+00 2.508936878196137421e+00 2.172508295424135483e+00 2.277740862605448058e+00 1.502173613473816394e+00
1.278222427520934623e+00 2.483900878121222178e+00 2.164788359237697524e+00 2.274794736207889301e+00 1.522713934966851035e+00
1.277476376847602291e+00 2.452407735096697294e+00 2.157142658470264429e+00 2.270111646672990258e+00 1.540617292255292758e+00
1.275945259780469021e+00 2.419010938231296315e+00 2.149610362120472296e+00 2.264487093463971590e+00 1.557389319544114636e+00
1.276247250014595158e+00 2.387483235568446105e+00 2.140396259046286609e+00 2.258462816997744760e+00 1.574601851546411968e+00
1.279586172161985003e+00 2.364077873693798182e+00 2.128532156919378249e+00 2.251274914755684087e+00 1.593836044494449489e+00
1.286147037832246376e+00 2.337128712467995140e+00 2.132541260796358973e+00 2.240394131402964284e+00 1.612057334082217519e+00
1.291614533064168402e+00 2.292150336806781930e+00 2.141447179723224625e+00 2.234983911997157957e+00 1.609276881281778371e+00
1.288644390268786299e+00 2.252489665215455794e+00 2.137571344134534090e+00 2.229984849753908982e+00 1.596260003362787394e+00
1.294807171661864098e+00 2.213368643464386665e+00 2.149407286853044052e+00 2.221054397319634166e+00 1.604684733645320271e+00
1.300000000000000044e+00 2.169999999999999929e+00 2.154999999999999805e+00 2.209999999999999964e+00 1.600000000000000089e+00
