8.699999999999999956e-01 2.740000000000000213e+00 1.850000000000000089e+00 2.629999999999999893e+00 1.350000000000000089e+00
9.304986774898559299e-01 2.749766316104056418e+00 1.856214919300774424e+00 2.600312028806173625e+00 1.348460985189802841e+00
9.851744310572370100e-01 2.731798485091821771e+00 1.866582992412366249e+00 2.571974375121221179e+00 1.330019308162485814e+00
1.020712761637961430e+00 2.753422969113222152e+00 1.905886765334568356e+00 2.552265568084618241e+00 1.323787916236211393e+00
1.049390771803999645e+00 2.752416270166521350e+00 1.952402212412721383e+00 2.546162807705638187e+00 1.327704028937560121e+00
1.077105083305241351e+00 2.753023343400018863e+00 1.999347921252579319e+00 2.545182194972983147e+00 1.333556365471004757e+00
1.104613569301745146e+00 2.756827121728350427e+00 2.046319954478421188e+00 2.544466411672067441e+00 1.339494676496781889e+00
1.134402275852629982e+00 2.766686878479457157e+00 2.092027099173677129e+00 2.536964709288684006e+00 1.343948378939044952e+00
1.170869522994247625e+00 2.752396801777603486e+00 2.133773919373783023e+00 2.524320999461222570e+00 1.346635488022835281e+00
1.208816842081772869e+00 2.697833872482697792e+00 2.160257245661402425e+00 2.502310629174467227e+00 1.343389579439277171e+00
1.238125773211575353e+00 2.621534011625492600e+00 2.166637495656301482e+00 2.473986003547232748e+00 1.334070202440619024e+00
1.259899752132811468e+00 2.541829689064513786e+00 2.165583351852044203e+00 2.443568901385130054e+00 1.320560433017869961e+00
1.277603711727914426e+00 2.468108782263532142e+00 2.166004816445146641e+00 2.407641021969041617e+00 1.301235188428965239e+00
1.289982757765472332e+00 2.406174199116097867e+00 2.164219270236261483e+00 2.360963239055679619e+00 1.279487816213488616e+00
1.292387049012672096e+00 2.348759218030429530e+00 2.151594737849223282e+00 2.305862879637659901e+00 1.283455422067903973e+00
1.290431146585207856e+00 2.315841293673271295e+00 2.140476100564974615e+00 2.269324740969627996e+00 1.324703711188225386e+00
1.295788900635798546e+00 2.305813627640555641e+00 2.140527963830305413e+00 2.234995767521709809e+00 1.372595886589640823e+00
1.300901136719250006e+00 2.331792414954857673e+00 2.143356565502159583e+00 2.185850133359784397e+00 1.409926975203990906e+00
1.286655105813313105e+00 2.362098999599109739e+00 2.118871856905824469e+00 2.167272111506423737e+00 1.450711013219456724e+00
1.267075290065942994e+00 2.359195980272715154e+00 2.091038945271875615e+00 2.176642033113319386e+00 1.493522238005967839e+00
1.245549628295572031e+00 2.312681934051146193e+00 2.083474223041545059e+00 2.177739463224375616e+00 1.537601449742905801e+00
1.247924861054257928e+00 2.220710297466606864e+00 2.091077459294748753e+00 2.173318813779875125e+00 1.549842257406480073e+00
1.274824401067540469e+00 2.227517898735614121e+00 2.125180841944211085e+00 2.188700697327536915e+00 1.582503839125591449e+00
1.300000000000000044e+00 2.169999999999999929e+00 2.154999999999999805e+00 2.209999999999999964e+00 1.600000000000000089e+00
