8.699999999999999956e-01 2.740000000000000213e+00 1.850000000000000089e+00 2.629999999999999893e+00 1.350000000000000089e+00
8.975268593256228167e-01 2.716675662955423398e+00 1.844853292169120307e+00 2.600236206190505328e+00 1.346580408036802901e+00
9.248296879438461238e-01 2.695254797443663364e+00 1.852834738391653246e+00 2.571876695583232841e+00 1.338835196328701738e+00
9.590365015432031903e-01 2.667442596013927414e+00 1.861689130592071306e+00 2.556155859727227586e+00 1.343347066915007604e+00
9.863087555483835978e-01 2.686170992425719994e+00 1.887921641617946289e+00 2.553582548513590122e+00 1.333628240860858849e+00
1.008296562983243660e+00 2.712988488578151003e+00 1.918438394802916891e+00 2.556665283779610665e+00 1.325312989638268268e+00
1.034596968893048752e+00 2.745316174532186349e+00 1.944662953500532643e+00 2.559913370779381303e+00 1.323766419715530329e+00
1.054398385671678984e+00 2.779495121344514708e+00 1.973897738283830527e+00 2.562266475452928294e+00 1.329748463314801343e+00
1.082136276860352186e+00 2.801043950771793245e+00 2.002908308527878045e+00 2.557290696987659206e+00 1.334583393969332565e+00
1.112835475444019728e+00 2.808316470233946482e+00 2.032117916093457932e+00 2.548310291093714763e+00 1.337951770413275732e+00
1.140656251894041073e+00 2.800821833609785649e+00 2.063691210548652677e+00 2.538020643030120205e+00 1.340383417965603563e+00
1.154243053696529575e+00 2.760179527434366342e+00 2.088495123285789123e+00 2.526888454858455813e+00 1.334632910053014099e+00
1.167274245163874680e+00 2.715882133934282017e+00 2.110817425152247573e+00 2.517886887103459426e+00 1.324930518950563130e+00
1.188811643374494409e+00 2.695932739054067717e+00 2.143428418681391889e+00 2.508930503039012994e+00 1.317953287162450193e+00
1.209642530790991710e+00 2.685222370277990489e+00 2.178952827674729420e+00 2.500126063020928324e+00 1.311393111870490236e+00
1.230288666385484841e+00 2.677629925953185275e+00 2.216148935296700984e+00 2.495443385842689210e+00 1.306370623819177013e+00
1.252278226119768245e+00 2.663914036441689781e+00 2.252452289157274912e+00 2.492743843835702577e+00 1.305542546831544026e+00
1.274557434022814295e+00 2.623895761312313279e+00 2.273352169708006354e+00 2.486872121827537807e+00 1.310944717552339434e+00
1.283546217925941146e+00 2.572553938075307745e+00 2.256941407951758904e+00 2.484357012697574696e+00 1.318108802858490636e+00
1.287701618559306871e+00 2.526644525935573427e+00 2.230007268154287736e+00 2.482900046081552237e+00 1.325110933507636535e+00
1.296639610124227682e+00 2.479050760146284116e+00 2.214072783763310071e+00 2.466078687011015624e+00 1.333332855302678421e+00
1.307607970251958296e+00 2.443518590036331872e+00 2.222971596201745559e+00 2.435611877146560467e+00 1.341371551108715199e+00
1.318855319943487370e+00 2.407679713564959911e+00 2.239299153450648561e+00 2.408334617055815308e+00 1.350434808349891380e+00
1.327889340017348818e+00 2.364988931784642645e+00 2.253462945421487618e+00 2.385867715087675478e+00 1.361289515621225465e+00
1.328305515431331685e+00 2.326588858633122481e+00 2.250615368343836575e+00 2.354731286556249970e+00 1.370749702184948626e+00
1.321533987615352235e+00 2.345298976590915352e+00 2.240241881216230801e+00 2.318474050336985393e+00 1.380131647048125521e+00
1.310498589247319767e+00 2.370405487578946868e+00 2.232257038468159926e+00 2.283681255696721646e+00 1.391665995319789850e+00
1.295740874497442130e+00 2.385650100922953598e+00 2.217613104316843220e+00 2.247906795056450857e+00 1.400035380500469051e+00
1.281697974679204322e+00 2.380492323940380128e+00 2.192615660283357304e+00 2.215654148864250050e+00 1.405406420018550095e+00
1.269259918415841959e+00 2.355099235511485034e+00 2.169106062727233386e+00 2.192278603472403997e+00 1.418672692024860016e+00
1.257439142179877178e+00 2.331185603233381531e+00 2.168100613090931272e+00 2.179408941656272969e+00 1.444853489417051495e+00
1.247850312945934181e+00 2.312856135907528810e+00 2.169258262042047303e+00 2.175754778403466982e+00 1.474515178490640732e+00
1.238364278944304120e+00 2.295344554027681117e+00 2.168765058090467157e+00 2.174287937485963162e+00 1.504477843851530716e+00
1.227629863399419152e+00 2.276894164824239120e+00 2.166129750110779462e+00 2.172404998922227382e+00 1.533987642498469084e+00
1.215209156023272730e+00 2.262520384575181787e+00 2.163002520029396081e+00 2.166480632600640721e+00 1.563436141700648374e+00
1.216546104896537361e+00 2.303960592107448857e+00 2.173242161204619549e+00 2.161411081577264692e+00 1.555145446887276517e+00
1.208759738065379619e+00 2.340455354967676538e+00 2.182797685308289548e+00 2.171468289559596698e+00 1.570145198244988993e+00
1.211109923713864056e+00 2.300298305484229644e+00 2.182592202368546896e+00 2.182163972052189038e+00 1.593086059396470411e+00
1.223245766257278433e+00 2.259975922273354421e+00 2.183203934804093027e+00 2.196039333390072290e+00 1.613306219809610198e+00
1.246301489052111355e+00 2.222091820229267878e+00 2.185986277889121254e+00 2.207464124633258251e+00 1.629260884781364771e+00
1.276572345311266510e+00 2.183224861603180411e+00 2.176960888038776076e+00 2.204860583803841756e+00 1.620452884882686018e+00
1.300000000000000044e+00 2.169999999999999929e+00 2.154999999999999805e+00 2.209999999999999964e+00 1.600000000000000089e+00
