8.699999999999999956e-01 2.740000000000000213e+00 1.850000000000000089e+00 2.629999999999999893e+00 1.350000000000000089e+00
9.021997491449551543e-01 2.760617172804835651e+00 1.840656118930595220e+00 2.620199362525998943e+00 1.344551193692020030e+00
9.305288319899751581e-01 2.775154813255804598e+00 1.844546275863653717e+00 2.599113231697010029e+00 1.339646403647568151e+00
9.393139093191702482e-01 2.803806355457371335e+00 1.868216130695449895e+00 2.581673578564554372e+00 1.337905354579837613e+00
9.512015377632296875e-01 2.794511167862910206e+00 1.894760073435475922e+00 2.563629406888174866e+00 1.330057282981841116e+00
9.826166011885992813e-01 2.768968773514998372e+00 1.905475162035071390e+00 2.556625661653743720e+00 1.329423896990522103e+00
1.013265391643117797e+00 2.744234064098146852e+00 1.919872331112042918e+00 2.551550071665478647e+00 1.331279054078518653e+00
1.039123001027869364e+00 2.721632673606190433e+00 1.941335358609777906e+00 2.544477374612121423e+00 1.330913208220819044e+00
1.061386215355988094e+00 2.705193047656219818e+00 1.967595429483281144e+00 2.536641934668392384e+00 1.328551611854883907e+00
1.080254062746887067e+00 2.698428250774326465e+00 1.997554658503390312e+00 2.529129315681802215e+00 1.325115098701417304e+00
1.095480238897389880e+00 2.704370589394264890e+00 2.029556611840673597e+00 2.522435054985924019e+00 1.322120532166948248e+00
1.108998625330507970e+00 2.720176747455553379e+00 2.061211772305802548e+00 2.516381246959387585e+00 1.321471861760622701e+00
1.124665575820895658e+00 2.735324212841351965e+00 2.091979883434050613e+00 2.509639013983358424e+00 1.322915118913445598e+00
1.145217811330574431e+00 2.738796014576303506e+00 2.120872562634447345e+00 2.500448099298862914e+00 1.323712784903907203e+00
1.169953030646306180e+00 2.728051628725220112e+00 2.144327218753194320e+00 2.488071186844504457e+00 1.322580492000259511e+00
1.195071530634822743e+00 2.708778288157900782e+00 2.163508180977512296e+00 2.473179656499097767e+00 1.322351989532098093e+00
1.214730902784571409e+00 2.682331367226239660e+00 2.184161707147839859e+00 2.458282878597223942e+00 1.325677236050624819e+00
1.228484435533780728e+00 2.640803298693894963e+00 2.200114532724158245e+00 2.449308365415328925e+00 1.332756478794872912e+00
1.242876669177844118e+00 2.591332535616452937e+00 2.203311088318367972e+00 2.449364041197583663e+00 1.340573987956735103e+00
1.262175550357008458e+00 2.546192942150252492e+00 2.206152598088083394e+00 2.451441957521112158e+00 1.350153526793397063e+00
1.282838483185650968e+00 2.510937673734361830e+00 2.217042766186576586e+00 2.447201432249724640e+00 1.363813789924142483e+00
1.301257635551193115e+00 2.479828158110251035e+00 2.229188735724160875e+00 2.435180688562220475e+00 1.378404180220969222e+00
1.313248140262678332e+00 2.439196807078671370e+00 2.227959055879908057e+00 2.416857557481551400e+00 1.387370329052135087e+00
1.305928892943315489e+00 2.404279701451264906e+00 2.206946631651429236e+00 2.400481755553403040e+00 1.387621840724743816e+00
1.283084054720424083e+00 2.392081399146458676e+00 2.188150659713421931e+00 2.380877306787872794e+00 1.390006425811544988e+00
1.263840225504415216e+00 2.402618200985477070e+00 2.188230155394197851e+00 2.352108244075237664e+00 1.396502268440243277e+00
1.249912863826020182e+00 2.420932430462735319e+00 2.194187861903143855e+00 2.323844205453017953e+00 1.405533978522512495e+00
1.237197032053513279e+00 2.445031780849170833e+00 2.198369472153388848e+00 2.300648172360852506e+00 1.420760543419866684e+00
1.227883029500628886e+00 2.472432269728388921e+00 2.202598563605210558e+00 2.284765437076722083e+00 1.441404967456636488e+00
1.237711791973154840e+00 2.500342344145607854e+00 2.203136806730040309e+00 2.270642350937107423e+00 1.462598273203100652e+00
1.249490819766206684e+00 2.509636264155379326e+00 2.195116127674524797e+00 2.270566838597058101e+00 1.489870877565687479e+00
1.258954457638854940e+00 2.513708631895787526e+00 2.186379748503133769e+00 2.271863974764896543e+00 1.517864213884856595e+00
1.265534540138496533e+00 2.516887826768228198e+00 2.175584293066159525e+00 2.271856454519589175e+00 1.545896070632837072e+00
1.269079113016597038e+00 2.513747312739483597e+00 2.160076866007551111e+00 2.269925040974427599e+00 1.572618617575211264e+00
1.272911244089048877e+00 2.489030088317334855e+00 2.144826521014945087e+00 2.264072222126546574e+00 1.595500235566072567e+00
1.278410834892010683e+00 2.439940456240652811e+00 2.143530489877355727e+00 2.255803855787320789e+00 1.607753916102389935e+00
1.276794131090022155e+00 2.387795628843423223e+00 2.143186381313300970e+00 2.256123135512460465e+00 1.618891800851021356e+00
1.281064338177698936e+00 2.353669241741962903e+00 2.127603108875300020e+00 2.233218204305443155e+00 1.620398290466431357e+00
1.285246357171172527e+00 2.307550609410445652e+00 2.122907492659019013e+00 2.229528818436852688e+00 1.636066269865549039e+00
1.289889036053958549e+00 2.254988741845831868e+00 2.132876798619911085e+00 2.224545705505575732e+00 1.631776345956508001e+00
1.294943405692183136e+00 2.212160294394229787e+00 2.143947264385158036e+00 2.217315313281064348e+00 1.616128524783270848e+00
1.300000000000000044e+00 2.169999999999999929e+00 2.154999999999999805e+00 2.209999999999999964e+00 1.600000000000000089e+00
