8.699999999999999956e-01 2.740000000000000213e+00 1.850000000000000089e+00 2.629999999999999893e+00 1.350000000000000089e+00
9.125955706415120883e-01 2.744333893652441070e+00 1.854970205969350916e+00 2.591460383287623070e+00 1.334782617815477579e+00
9.629765628889923601e-01 2.720372921417234302e+00 1.859113542771579031e+00 2.564816773221329615e+00 1.328819953331926706e+00
9.823698055168341714e-01 2.715285435549728454e+00 1.871093249094960109e+00 2.562775697018448096e+00 1.328265057626811352e+00
9.928945441632401891e-01 2.717855568786861742e+00 1.886447431939410668e+00 2.567366228231484193e+00 1.328989486565601563e+00
1.010367050374903819e+00 2.729797080151817212e+00 1.914234597857866760e+00 2.571520026283736104e+00 1.330636651426723382e+00
1.037445189587799410e+00 2.751091200398284808e+00 1.953750585156639685e+00 2.564750852685113269e+00 1.332923983942146506e+00
1.043585126334445334e+00 2.755977322692323650e+00 1.962589632746040147e+00 2.562730651817871852e+00 1.333431491257311308e+00
1.066223694653966270e+00 2.761044801261615778e+00 1.998589490127705925e+00 2.547661792315039975e+00 1.332190243838171639e+00
1.074844933198677133e+00 2.759380967338923796e+00 2.013417029222094090e+00 2.540652871365303156e+00 1.330865460517619114e+00
1.093923243147330915e+00 2.742806495900894426e+00 2.047322093520246966e+00 2.523588942766796350e+00 1.326603767146690815e+00
1.110682119074344776e+00 2.727634474792023145e+00 2.073526125003633425e+00 2.511714271940094889e+00 1.325074088670686434e+00
1.121832780713106770e+00 2.717540080089037691e+00 2.089372019960543003e+00 2.505356994272639692e+00 1.325131780016625349e+00
1.138559122701445769e+00 2.696374725650846571e+00 2.115705931016229613e+00 2.498646025436512375e+00 1.325930271254977422e+00
1.142821896190905129e+00 2.657727298725562903e+00 2.143222501725290385e+00 2.494136920546644376e+00 1.323144150043512379e+00
1.211849454063213427e+00 2.658961102278248223e+00 2.185251384408800845e+00 2.479050205572170373e+00 1.328194966171061253e+00
1.239767834124503976e+00 2.664407531712662092e+00 2.209380537973458125e+00 2.472291635403719656e+00 1.328984648385302947e+00
1.257364946216783963e+00 2.665897320162591289e+00 2.228034365432213004e+00 2.467345179120599585e+00 1.329261108731591312e+00
1.272253069089742672e+00 2.658740405626278225e+00 2.247954896020830873e+00 2.463324215052413724e+00 1.329220583763312424e+00
1.280694889838345008e+00 2.617240062046200855e+00 2.261467499761031785e+00 2.461740143281751170e+00 1.328502156504111742e+00
1.285098054158289038e+00 2.532445596963818879e+00 2.243314161554904373e+00 2.452675325558702379e+00 1.330971183796366031e+00
1.290807924016565078e+00 2.503543067813658318e+00 2.238677673728134643e+00 2.445438311714430046e+00 1.334809509319773824e+00
1.301568293725205550e+00 2.460070879531352617e+00 2.234857438182576761e+00 2.433757620783915332e+00 1.342484798375679356e+00
1.307725898004759912e+00 2.436402084287324410e+00 2.233549528102921400e+00 2.426967555588624315e+00 1.347697538667604666e+00
1.312594814650035246e+00 2.416620918108780991e+00 2.232807683331371695e+00 2.420304615752441713e+00 1.353422928096755795e+00
1.315430571963596140e+00 2.400855536424190806e+00 2.233307374742670159e+00 2.410261666368035627e+00 1.360798116094890764e+00
1.311289861776836485e+00 2.371781879527667058e+00 2.243231754021043578e+00 2.344850360719933136e+00 1.394405706734334061e+00
1.306821574238835604e+00 2.369703783751921033e+00 2.239095179200521368e+00 2.316781937430117289e+00 1.401701104025693256e+00
1.302990405023411125e+00 2.369807096390027290e+00 2.229817064264256743e+00 2.298563153197756392e+00 1.406215866719878083e+00
1.290787127599308359e+00 2.375738788466604134e+00 2.204155395984655819e+00 2.263765645221050171e+00 1.419735959219455834e+00
1.273694976297514270e+00 2.353729313111212029e+00 2.179459685474234742e+00 2.209708012769077801e+00 1.432075602964652195e+00
1.254301996101450545e+00 2.344933223745446327e+00 2.170209794632448563e+00 2.175445179820145736e+00 1.435916164432964548e+00
1.229584532661339047e+00 2.350323801530034729e+00 2.174145801547457513e+00 2.173657982554750845e+00 1.505470300387859783e+00
1.223556324972334686e+00 2.349359074987323659e+00 2.175253569194214087e+00 2.174559041325037523e+00 1.526248874193013805e+00
1.217196483373098381e+00 2.341684468590387258e+00 2.177806696390623742e+00 2.175639346686411013e+00 1.548001522336618807e+00
1.207834438207756156e+00 2.304718974868068759e+00 2.167908212751332719e+00 2.174186299221628094e+00 1.559390617293904713e+00
1.208226582435824703e+00 2.268621006119928563e+00 2.151166713343783510e+00 2.169182157890635843e+00 1.566755387767175378e+00
1.210698716960042054e+00 2.224747538324349350e+00 2.146339684507964307e+00 2.171765614024644186e+00 1.589250453287277765e+00
1.240425801698105346e+00 2.204363446445945840e+00 2.139165562423444467e+00 2.189447713963735609e+00 1.623717163214793091e+00
1.262712332884409205e+00 2.196903502924984597e+00 2.140191663275920142e+00 2.196326285208561657e+00 1.614663896856463499e+00
1.300000000000000044e+00 2.169999999999999929e+00 2.154999999999999805e+00 2.209999999999999964e+00 1.600000000000000089e+00
