8.699999999999999956e-01 2.740000000000000213e+00 1.850000000000000089e+00 2.629999999999999893e+00 1.350000000000000089e+00
9.178939309966286375e-01 2.713696377384758218e+00 1.864788416569681306e+00 2.581155023984643915e+00 1.323895236916247775e+00
9.767549578508556429e-01 2.719570733256158501e+00 1.912642164124801925e+00 2.575911469891984940e+00 1.313131882083895308e+00
1.037468965776259244e+00 2.727354489698273099e+00 1.957260764831792121e+00 2.553895051770283864e+00 1.313982517032015407e+00
1.090600914618528927e+00 2.704902796075842719e+00 2.006023948607002616e+00 2.535389108332509522e+00 1.321468706006805105e+00
1.136530854403446700e+00 2.690056726803980336e+00 2.063027411139874534e+00 2.526094677463014193e+00 1.328728890001428242e+00
1.180192785336607653e+00 2.696081272032026188e+00 2.121813466351697652e+00 2.523901415071520660e+00 1.339417172099379494e+00
1.229281402019466896e+00 2.702728950819108356e+00 2.177421610537029206e+00 2.521567846125852164e+00 1.351142758071463890e+00
1.274766334181663074e+00 2.657562160978705901e+00 2.222183134207226463e+00 2.512556932474866223e+00 1.343336129603552198e+00
1.294978485484095998e+00 2.588087498031955036e+00 2.200926147303243319e+00 2.490570690801659826e+00 1.318479426473631699e+00
1.298362911461597990e+00 2.550155048040537498e+00 2.145537154782455325e+00 2.453843045440217363e+00 1.310270167082280501e+00
1.302936715687130098e+00 2.518382423441409834e+00 2.093855085590251353e+00 2.411092167079069704e+00 1.325796940592693041e+00
1.287292735783391207e+00 2.478891110323579117e+00 2.088188246055786568e+00 2.349484501617799648e+00 1.301739459619037476e+00
1.276866663526047940e+00 2.441584788936238759e+00 2.110775354673207538e+00 2.303904344859550868e+00 1.264414740560406258e+00
1.311010146931044673e+00 2.385304325085646049e+00 2.095213309710531213e+00 2.256292724021570884e+00 1.255846866467354994e+00
1.343531931949693670e+00 2.362584530365672730e+00 2.081160889927885727e+00 2.231689320655033448e+00 1.304236996260062176e+00
1.355022577524666705e+00 2.332814084297464508e+00 2.096443019318884993e+00 2.237257613114354893e+00 1.358112400789214247e+00
1.323562506227665914e+00 2.319074207625691386e+00 2.143785628958097877e+00 2.239529287919324485e+00 1.392493516353295213e+00
1.314115718328445981e+00 2.284243987321097347e+00 2.152083352601568578e+00 2.204983062475915023e+00 1.441444665333631914e+00
1.310061877580174672e+00 2.245622221566200505e+00 2.152847354873043351e+00 2.181293332550262587e+00 1.493774783964380681e+00
1.305240384659327013e+00 2.205892497156188181e+00 2.153834630321283861e+00 2.179947996766332441e+00 1.548759516898682964e+00
1.300000000000000044e+00 2.169999999999999929e+00 2.154999999999999805e+00 2.209999999999999964e+00 1.600000000000000089e+00
