8.699999999999999956e-01 2.740000000000000213e+00 1.850000000000000089e+00 2.629999999999999893e+00 1.350000000000000089e+00
8.954869740487262364e-01 2.754157127201300348e+00 1.862858683086533906e+00 2.612642996167618747e+00 1.339528255258954248e+00
9.207390095865995994e-01 2.760199755794502163e+00 1.855669114776042905e+00 2.590189891489023566e+00 1.328096679340707853e+00
9.411326189607720494e-01 2.721693342145307781e+00 1.852464475356171869e+00 2.579761697115470653e+00 1.321478553188658145e+00
9.709299195967857621e-01 2.707146793501134407e+00 1.869998075532289805e+00 2.572839605589735790e+00 1.324283848580502188e+00
1.001705136566207299e+00 2.715299320759743118e+00 1.888703057530063401e+00 2.572079700327426721e+00 1.328713417100747973e+00
1.031179138061352640e+00 2.728795496932821418e+00 1.907922462317678702e+00 2.572253300435074053e+00 1.333016911690357187e+00
1.052500190809995351e+00 2.743841022281963582e+00 1.931172109395065783e+00 2.558016447479230848e+00 1.337216104377346504e+00
1.068665310847173089e+00 2.749729560143754803e+00 1.957839421494710797e+00 2.539222319071821055e+00 1.336884535528839679e+00
1.086781329476572688e+00 2.747091615148578025e+00 1.986212248089892274e+00 2.528605984819074060e+00 1.331640441002968744e+00
1.106272713962559440e+00 2.741860514664532733e+00 2.014716948055921275e+00 2.521445775799715516e+00 1.326812912622070018e+00
1.125651509675303252e+00 2.737596867144181267e+00 2.043705535892583747e+00 2.512966175093089394e+00 1.326878943014584422e+00
1.142946537014886577e+00 2.735595499704645661e+00 2.073638908006839365e+00 2.504466224652559525e+00 1.330162183138433596e+00
1.159040454447049839e+00 2.729924696035411102e+00 2.104298841809638443e+00 2.496616231975299804e+00 1.331683445557616530e+00
1.175782519411427307e+00 2.715658881379152678e+00 2.133454153630924388e+00 2.489670246770715689e+00 1.330304016602634753e+00
1.194246346834348049e+00 2.694515073945544792e+00 2.159824782844899982e+00 2.483632828314668473e+00 1.328444895589754537e+00
1.213585173298106223e+00 2.669273301926168962e+00 2.183794442551269199e+00 2.476426114493579966e+00 1.327852765290412185e+00
1.231454719555077126e+00 2.640253934503600242e+00 2.205319459662747672e+00 2.465033398068106951e+00 1.328921315287861393e+00
1.246495422249219054e+00 2.606778782876552736e+00 2.222586895657129524e+00 2.448670538293155285e+00 1.331281334868196886e+00
1.260667816886451353e+00 2.568883457464003151e+00 2.232639499022904594e+00 2.429658240269838121e+00 1.333617016149111878e+00
1.276042255812604553e+00 2.528933754836419023e+00 2.234868632620381046e+00 2.410729340532542064e+00 1.335279502492842107e+00
1.289719512694358361e+00 2.489381644608253730e+00 2.232811405783767800e+00 2.390211800237560524e+00 1.338654785351659937e+00
1.294841531070374030e+00 2.454793973697769083e+00 2.227269100797413692e+00 2.364984686448529771e+00 1.346709369126801281e+00
1.289007386779191799e+00 2.432044327369880410e+00 2.215946397417216662e+00 2.337866385682060510e+00 1.358510875422487718e+00
1.276517087634672087e+00 2.420243210029264791e+00 2.199849876826923900e+00 2.313042497629408611e+00 1.371536520811933890e+00
1.261286597431639400e+00 2.412101197409288300e+00 2.181770414678823933e+00 2.291404133673578425e+00 1.385184251726194526e+00
1.246972364018410273e+00 2.399499235096504535e+00 2.164200001449458455e+00 2.271470682440422273e+00 1.399948525049986348e+00
1.238334786214644323e+00 2.383008711612440766e+00 2.149286770270029567e+00 2.250000169367415204e+00 1.416458682488722420e+00
1.238369336846835367e+00 2.376235940947013070e+00 2.137632912283364828e+00 2.227473237152399754e+00 1.436250148428682483e+00
1.245342865035410584e+00 2.382404022191242809e+00 2.129565640968658080e+00 2.210511413296674110e+00 1.458989729960609827e+00
1.254951953454757518e+00 2.388253338239620494e+00 2.125545615348784612e+00 2.198479997715080625e+00 1.483545735084536243e+00
1.264022455136223799e+00 2.389259922554893834e+00 2.127520579826484681e+00 2.187696815331816147e+00 1.508781038375845318e+00
1.270336684732392030e+00 2.390715599491205712e+00 2.137071293542982531e+00 2.179882784394552520e+00 1.533855724543316867e+00
1.272697316723468974e+00 2.396298398058744894e+00 2.151865166505982252e+00 2.180171282045314296e+00 1.558080394867794816e+00
1.272481251668163171e+00 2.394893013083625455e+00 2.163147854890107080e+00 2.191084975724309380e+00 1.582389880308078034e+00
1.272878061478624145e+00 2.361846954839818657e+00 2.153954543555134382e+00 2.201247074556844208e+00 1.597750499343490116e+00
1.263505972760323282e+00 2.325207148189801121e+00 2.131725241952174166e+00 2.202514224616272553e+00 1.597072996907348053e+00
1.261834206105454159e+00 2.297773068274579611e+00 2.143944721018283595e+00 2.209515840837990908e+00 1.617562815292906908e+00
1.259583612455094537e+00 2.249579142226422857e+00 2.143097824421270836e+00 2.202941958989031779e+00 1.626369865979352181e+00
1.259682053633865539e+00 2.200094965205664277e+00 2.138600266554487650e+00 2.194475582030952943e+00 1.624731813038662764e+00
1.275930363287307134e+00 2.207357485832555977e+00 2.146681042042274612e+00 2.208855959444206096e+00 1.603759675756227576e+00
1.300000000000000044e+00 2.169999999999999929e+00 2.154999999999999805e+00 2.209999999999999964e+00 1.600000000000000089e+00
