8.699999999999999956e-01 2.740000000000000213e+00 1.850000000000000089e+00 2.629999999999999893e+00 1.350000000000000089e+00
8.994126868620775372e-01 2.756505674142564200e+00 1.844531477280647369e+00 2.609760901283584733e+00 1.347938019026468037e+00
9.256609944566334125e-01 2.753114924620942983e+00 1.847132549969579207e+00 2.583717165960588869e+00 1.343527326249730258e+00
9.541600666965447397e-01 2.756410514273108792e+00 1.862259876880926202e+00 2.571956323481146001e+00 1.354065709835047038e+00
9.691563052357716757e-01 2.788302180682991072e+00 1.880874137456687079e+00 2.574835126206578284e+00 1.341669964113253011e+00
9.987272821575269299e-01 2.797173848529288964e+00 1.900486504083120698e+00 2.569201766355971639e+00 1.338652356063061211e+00
1.027575453199679245e+00 2.782256029733507940e+00 1.917126181946430474e+00 2.556534376456907953e+00 1.338460413052762865e+00
1.050841281044326392e+00 2.757943366208602143e+00 1.935984897199648946e+00 2.543018744988491786e+00 1.338287240701086844e+00
1.064027156876417024e+00 2.736522755624730241e+00 1.961049069179123139e+00 2.527377847165867220e+00 1.337851185458141856e+00
1.084336149467015176e+00 2.717939224036776125e+00 1.984996736924283800e+00 2.515468965268266466e+00 1.335786608338379144e+00
1.105036959249856343e+00 2.714484317440910566e+00 2.012188485225451018e+00 2.512264200793301594e+00 1.329584968651008392e+00
1.120492957403603329e+00 2.703896241302713666e+00 2.041073212017737060e+00 2.505852456506091119e+00 1.323228221560463824e+00
1.126573705493203459e+00 2.694813425487541103e+00 2.072614473615893349e+00 2.496048165983276501e+00 1.324587888207277020e+00
1.131600316139700579e+00 2.698126716480141241e+00 2.105639916231324626e+00 2.489469461886664181e+00 1.325579902792937581e+00
1.145827189036589200e+00 2.715541308681736155e+00 2.132910250105209293e+00 2.498451391483715867e+00 1.329083708002434472e+00
1.171334670568817460e+00 2.730465828482997459e+00 2.153240010911987579e+00 2.511290784983723157e+00 1.327911290842910486e+00
1.161560539876995257e+00 2.718546042735354717e+00 2.131259482715752274e+00 2.500491705816917154e+00 1.325562718302290222e+00
1.172929138295229379e+00 2.682118224139937279e+00 2.118849271345305763e+00 2.483085883841592345e+00 1.322148326798052498e+00
1.199147433991767597e+00 2.649356640952635011e+00 2.126754888182885495e+00 2.473028075594583708e+00 1.319969200533023246e+00
1.226016458726636893e+00 2.617511656155925071e+00 2.139182223917110104e+00 2.464777440506515926e+00 1.318700523707247552e+00
1.247260841530560604e+00 2.580199930132814234e+00 2.153439540708449229e+00 2.456012681061956471e+00 1.320327801645142518e+00
1.258220959478564271e+00 2.537485829402503335e+00 2.168171988287897367e+00 2.447157287026588524e+00 1.327315911687944938e+00
1.265290998727517380e+00 2.495328818722100550e+00 2.179706465574898111e+00 2.439340183220224390e+00 1.340761995057575762e+00
1.276252772993641482e+00 2.459134803789933432e+00 2.188918428315680842e+00 2.427406860491574392e+00 1.356771630165695131e+00
1.287039988339331753e+00 2.441480402534453198e+00 2.199207510664760168e+00 2.403039900673856977e+00 1.370976910951619887e+00
1.286694236803681335e+00 2.442536196541377880e+00 2.207188392072239935e+00 2.372087875918662991e+00 1.383926262789405115e+00
1.275687109646090889e+00 2.442081809844499851e+00 2.211258184194360155e+00 2.340251520442595989e+00 1.394742820393865435e+00
1.256293369344066324e+00 2.443719569712980100e+00 2.214020138317609909e+00 2.310648304343368320e+00 1.403085026220149079e+00
1.240250698559944631e+00 2.462975970742735665e+00 2.210700914504908354e+00 2.284747345277510888e+00 1.414484364221788137e+00
1.232319518135669867e+00 2.467191129402417360e+00 2.194872386709436185e+00 2.270922403048953875e+00 1.434919488031255685e+00
1.231631665536167430e+00 2.461196128874629352e+00 2.180720319992989875e+00 2.283806300856149996e+00 1.458408008399024069e+00
1.242060416543512291e+00 2.450208707820798359e+00 2.166893557389035774e+00 2.275918863216544352e+00 1.481976440791737737e+00
1.257143667384864605e+00 2.439437691658630669e+00 2.156990315240300049e+00 2.262404354945345197e+00 1.504407163713800122e+00
1.271350714301495710e+00 2.427465063405747081e+00 2.149150986995170154e+00 2.252460384442254160e+00 1.528699072337867282e+00
1.281227239819535901e+00 2.414305098580250775e+00 2.141561922720194300e+00 2.245858928529449905e+00 1.554749047025958397e+00
1.284517766266811023e+00 2.404107697753285589e+00 2.133125308053906100e+00 2.240610186223244593e+00 1.582074699347002511e+00
1.279467804823728017e+00 2.401401183479626944e+00 2.131075971482415010e+00 2.242529879374208779e+00 1.610798164502127650e+00
1.281257326070719627e+00 2.365860127910536015e+00 2.133834651176328201e+00 2.248206872349708174e+00 1.630216985814467723e+00
1.283631198574179511e+00 2.313037037104840099e+00 2.134219904337165019e+00 2.240297935860886991e+00 1.625106320301242802e+00
1.286018248821947818e+00 2.262027576267110707e+00 2.135358086599575600e+00 2.230804558416255023e+00 1.617344803838591583e+00
1.290571773892323471e+00 2.213035351389211147e+00 2.141596316784951881e+00 2.220105887121479160e+00 1.609291601086124235e+00
1.300000000000000044e+00 2.169999999999999929e+00 2.154999999999999805e+00 2.209999999999999964e+00 1.600000000000000089e+00
