8.699999999999999956e-01 2.740000000000000213e+00 1.850000000000000089e+00 2.629999999999999893e+00 1.350000000000000089e+00
9.077471790600530888e-01 2.774998292441003045e+00 1.885418157834467090e+00 2.594423667504603070e+00 1.330315989242294217e+00
9.539418419013494521e-01 2.745618778299863116e+00 1.902756652162696627e+00 2.547738992983903383e+00 1.316142934744650717e+00
1.008603294510618253e+00 2.710007834814289751e+00 1.939737738546382539e+00 2.548421347119904201e+00 1.305458198168820250e+00
1.055669934390888409e+00 2.695605005145299771e+00 1.990086242673470229e+00 2.547853497624214203e+00 1.309970017908382411e+00
1.101602655642405892e+00 2.684862964753428116e+00 2.039856178364435557e+00 2.538732694966407522e+00 1.321671490344239697e+00
1.151869780875310667e+00 2.691763909325382453e+00 2.087491432279874992e+00 2.527774739531333470e+00 1.327776393405221800e+00
1.195460429864772633e+00 2.702049633786065552e+00 2.140166923128384191e+00 2.521907411830830892e+00 1.333311678678166912e+00
1.231228449178447315e+00 2.684143870355536698e+00 2.195569227091400677e+00 2.512788246531014735e+00 1.338001496466334039e+00
1.259497884466425743e+00 2.616374570429301549e+00 2.215664184861112052e+00 2.480019458058436932e+00 1.328449056373675052e+00
1.290884614814569842e+00 2.554133117793708774e+00 2.212047387807068333e+00 2.435438411434945216e+00 1.316660928656978591e+00
1.306586957213623279e+00 2.487734950025208835e+00 2.190643523850091867e+00 2.391112913239082260e+00 1.316070891804383303e+00
1.301600028117449126e+00 2.434772062071952625e+00 2.154010409474852228e+00 2.350654889786137236e+00 1.299471601916240449e+00
1.314476928586613358e+00 2.405641090896301737e+00 2.121025036911575956e+00 2.299882084963553730e+00 1.276096461479125699e+00
1.339382319939447452e+00 2.365261481426997658e+00 2.111946645835926617e+00 2.242432125531713893e+00 1.290012685146770144e+00
1.327878269330050376e+00 2.315457757908898628e+00 2.144939201571905318e+00 2.228087530391617221e+00 1.331316529275432092e+00
1.308327267285133821e+00 2.301332456192652032e+00 2.157225485375558360e+00 2.227189017678736782e+00 1.392538042533342679e+00
1.310690927681787743e+00 2.281667061403402919e+00 2.140044204086414936e+00 2.178895052300968249e+00 1.435827492488008117e+00
1.294007018223488181e+00 2.261979277086546336e+00 2.114909538008048262e+00 2.169455044172935221e+00 1.492750374500833477e+00
1.266416754893000540e+00 2.254518171067703136e+00 2.093189800663501021e+00 2.184653386611540515e+00 1.548365812171564215e+00
1.242837918692003774e+00 2.244218186096904155e+00 2.089893186254535351e+00 2.192545788441107923e+00 1.610300210315744662e+00
1.266526724119259484e+00 2.187289921364932166e+00 2.119997949426866146e+00 2.202135117927858321e+00 1.645664857672146209e+00
1.300000000000000044e+00 2.169999999999999929e+00 2.154999999999999805e+00 2.209999999999999964e+00 1.600000000000000089e+00
