8.699999999999999956e-01 2.740000000000000213e+00 1.850000000000000089e+00 2.629999999999999893e+00 1.350000000000000089e+00
9.144150914250034345e-01 2.755030901177707214e+00 1.860882222480854997e+00 2.606513208241198143e+00 1.341065541254733207e+00
9.529996479776805529e-01 2.767941640879945986e+00 1.883320546646313209e+00 2.577237647982910662e+00 1.338870972443451990e+00
9.671554136104563160e-01 2.772544146380039098e+00 1.893367923740452374e+00 2.565327520050526111e+00 1.338853978155147839e+00
9.880044194687678250e-01 2.760752624150859091e+00 1.913465818420007292e+00 2.554599639509706144e+00 1.342910795303134286e+00
1.019950756439140571e+00 2.733135034580339351e+00 1.953041050648653743e+00 2.555866377133573231e+00 1.350086206197892436e+00
1.032755958631720761e+00 2.732482987105268268e+00 1.971382902147971183e+00 2.556861231014681657e+00 1.349745624679670186e+00
1.046809184916795088e+00 2.736834513242669686e+00 1.996236538927482318e+00 2.553066755024603118e+00 1.345426990200754069e+00
1.051474004989896738e+00 2.737889658474522925e+00 2.005001450208607761e+00 2.551044313372853978e+00 1.343726135816671663e+00
1.106790418536443221e+00 2.701822519112645704e+00 2.090794743970143976e+00 2.509026557749839625e+00 1.345640749221246324e+00
1.132096127038089373e+00 2.682249610069803225e+00 2.112633867836464230e+00 2.496791111707283850e+00 1.345020505247017217e+00
1.151743611116182509e+00 2.667309516715367756e+00 2.122130556915396760e+00 2.491536227682871196e+00 1.343213749397433876e+00
1.172196143752588959e+00 2.654750645359354788e+00 2.134738857643377230e+00 2.487497726389100716e+00 1.341080277454792080e+00
1.196428991022496557e+00 2.646697775936819763e+00 2.165985927445232662e+00 2.479712215779063200e+00 1.339529573737970658e+00
1.248313121454755592e+00 2.581074374631569412e+00 2.189051090178963932e+00 2.422987513579710317e+00 1.365478082919405534e+00
1.259160130745729189e+00 2.553739497701430050e+00 2.187203783445556216e+00 2.406501343819592353e+00 1.373300992697759293e+00
1.268910243214693256e+00 2.509731154506209094e+00 2.193260803847471241e+00 2.394563654338111913e+00 1.375210325840963588e+00
1.274812985990354086e+00 2.458601786805952649e+00 2.208045829716125397e+00 2.391841486693705221e+00 1.371744870941368433e+00
1.271888560650888067e+00 2.396727808966113482e+00 2.201329174002720546e+00 2.383230091233339731e+00 1.370450021211409020e+00
1.269218767460370323e+00 2.368446689997980137e+00 2.188741511518131233e+00 2.370841984764644472e+00 1.372250200632287420e+00
1.270499772964172269e+00 2.352410884538106650e+00 2.183670047594088892e+00 2.354720336786092272e+00 1.373992991467728686e+00
1.276492404834020711e+00 2.340255426247151771e+00 2.186412447443696117e+00 2.321668975699893167e+00 1.375815326276847994e+00
1.275906850116867330e+00 2.321604621246564637e+00 2.182545220358357518e+00 2.238507546754826105e+00 1.387011288861293767e+00
1.250377324631767983e+00 2.317230970047186034e+00 2.163928352640631658e+00 2.196903160597284632e+00 1.425685902953468309e+00
1.243268321475869298e+00 2.302617856387512152e+00 2.161607277601259369e+00 2.186093638651180004e+00 1.436057057897606182e+00
1.237884984565145841e+00 2.302911294467750558e+00 2.160391883485514253e+00 2.179001787153570291e+00 1.446497876646706926e+00
1.226287056384672169e+00 2.308082790341323243e+00 2.157982173432650086e+00 2.164182840805137786e+00 1.470015432731869520e+00
1.219329152570068686e+00 2.316427278570903692e+00 2.157907715442290097e+00 2.155631303976337954e+00 1.486910065272317727e+00
1.210493004519396010e+00 2.370273018866529302e+00 2.173810481325432420e+00 2.146530108483949650e+00 1.539739382247043764e+00
1.209796641160661324e+00 2.389895460034845875e+00 2.176440689298368980e+00 2.146429932861014134e+00 1.558329913656604226e+00
1.211858000323236650e+00 2.389679509741631236e+00 2.195486788165994074e+00 2.152421713381722945e+00 1.569438870117346951e+00
1.220090284951202975e+00 2.360657889704112833e+00 2.201115563970826194e+00 2.166701340792496211e+00 1.580993831026518359e+00
1.226294042548090601e+00 2.314711592972838794e+00 2.200493101884825276e+00 2.178465405150074918e+00 1.593735730449080457e+00
1.227626808656001600e+00 2.264591819815501061e+00 2.201986256453675406e+00 2.183409134218222025e+00 1.598199539733804908e+00
1.229246300592945040e+00 2.254611663857966963e+00 2.198169198460128815e+00 2.185766912014186936e+00 1.598509323353910050e+00
1.242854229630105722e+00 2.203842248715700780e+00 2.174056997960060134e+00 2.199663890558991142e+00 1.600110750602304233e+00
1.262345497799306715e+00 2.191936591075392737e+00 2.164519601361297507e+00 2.204460293450654529e+00 1.600190252945762115e+00
1.300000000000000044e+00 2.169999999999999929e+00 2.154999999999999805e+00 2.209999999999999964e+00 1.600000000000000089e+00
