8.699999999999999956e-01 2.740000000000000213e+00 1.850000000000000089e+00 2.629999999999999893e+00 1.350000000000000089e+00
9.065215734359821642e-01 2.778242461992822321e+00 1.855962458501503320e+00 2.609673467974740646e+00 1.343316407373661647e+00
9.345947050838216974e-01 2.803697855005272466e+00 1.875518744762604273e+00 2.581003824450028628e+00 1.340134671109724396e+00
9.621702684773136838e-01 2.796358346669722827e+00 1.907262395126398946e+00 2.565661702637161312e+00 1.340136700940595338e+00
9.947738861125815513e-01 2.770683924142449239e+00 1.934996230029424780e+00 2.558695168033047196e+00 1.340387507439776194e+00
1.030461372533902908e+00 2.739905699361059099e+00 1.958324460788245513e+00 2.551889781452367334e+00 1.340781751142237965e+00
1.065599946912159313e+00 2.716628966801176492e+00 1.983166662705905026e+00 2.539906397386266779e+00 1.339796238191018007e+00
1.096854368221291676e+00 2.708228264725779155e+00 2.011614222458501633e+00 2.522831657634704072e+00 1.336453006588848025e+00
1.124404628925756544e+00 2.710355876896583194e+00 2.043165105947582383e+00 2.506635769298636962e+00 1.332044865434664382e+00
1.149677877999992104e+00 2.719711060335517683e+00 2.077882666013382895e+00 2.498792768780675022e+00 1.328536233028041691e+00
1.177983208322973097e+00 2.729482541784286731e+00 2.111730930335036227e+00 2.500607258270906019e+00 1.327993351138454958e+00
1.214372163084892486e+00 2.722325792162333613e+00 2.139051441976592471e+00 2.499844782442152358e+00 1.333932281319763602e+00
1.246786077752550570e+00 2.706706486341027951e+00 2.169009201688231414e+00 2.494063307806930752e+00 1.337302780461063323e+00
1.263297189265597753e+00 2.656523163588704772e+00 2.186921222472174797e+00 2.473723148424968432e+00 1.328214142438462364e+00
1.269562456251261295e+00 2.595591498742029657e+00 2.175922612624072716e+00 2.448613243747720158e+00 1.333262994685857405e+00
1.273789919392097847e+00 2.532102030776161694e+00 2.175189780364664927e+00 2.421655267212652340e+00 1.333575153063199403e+00
1.282684794326839128e+00 2.467291817858864089e+00 2.180783102267997986e+00 2.398289993233257089e+00 1.330577859890136772e+00
1.296215150537849636e+00 2.409780931460368425e+00 2.176000495481948960e+00 2.381831456063791652e+00 1.349788149194629527e+00
1.296566577042323809e+00 2.412083035174752865e+00 2.165587622147327362e+00 2.337575126102870993e+00 1.363129180803220208e+00
1.294757027731764598e+00 2.406753660688688790e+00 2.157769787816037343e+00 2.291959558639061090e+00 1.374477051635121905e+00
1.287644442079876050e+00 2.389284699927026079e+00 2.147680993275852046e+00 2.249679244247417831e+00 1.388053051070957000e+00
1.270876447069595683e+00 2.370750599601923359e+00 2.146841139680130794e+00 2.248980675182602251e+00 1.423898314979468394e+00
1.257991139112781376e+00 2.385853576938525844e+00 2.154281766505443674e+00 2.251854884876536733e+00 1.461466216100676396e+00
1.246860311076504191e+00 2.398612005212512610e+00 2.151694612393727724e+00 2.251785516660828268e+00 1.500350720815889716e+00
1.236826226931505790e+00 2.407644349105571902e+00 2.148599382533454172e+00 2.250395966108763357e+00 1.539703135761921748e+00
1.236285694450255379e+00 2.385946512642937112e+00 2.149847236308827014e+00 2.240102423276058907e+00 1.577351928152485261e+00
1.237341884793783153e+00 2.359455549877876201e+00 2.167570792149472680e+00 2.232723919938904622e+00 1.610508155121102458e+00
1.224716331291290983e+00 2.374154767375993735e+00 2.186977333559011694e+00 2.230459905540949528e+00 1.643514976236602365e+00
1.233024618661932914e+00 2.337690449505606782e+00 2.157528443336559576e+00 2.219935788338422977e+00 1.626467305943108510e+00
1.243853737845988627e+00 2.264715060639809874e+00 2.149702590724144713e+00 2.219341645999707957e+00 1.630614795070390421e+00
1.264031879385554724e+00 2.198559639499922280e+00 2.145939938472832154e+00 2.210198689265679306e+00 1.622267524984290166e+00
1.300000000000000044e+00 2.169999999999999929e+00 2.154999999999999805e+00 2.209999999999999964e+00 1.600000000000000089e+00
