8.699999999999999956e-01 2.740000000000000213e+00 1.850000000000000089e+00 2.629999999999999893e+00 1.350000000000000089e+00
8.978099398717152013e-01 2.723602809709512407e+00 1.858660010327198853e+00 2.611989222033696656e+00 1.338144710283718286e+00
9.243175588500841533e-01 2.710441668524583125e+00 1.863290718475069108e+00 2.588121058230685723e+00 1.329254375450929171e+00
9.529585312209341019e-01 2.730682783322482265e+00 1.865464490515640117e+00 2.565733011307428590e+00 1.330858090947633299e+00
9.792143714566826640e-01 2.736166819273387230e+00 1.888783193172639763e+00 2.557856615710911274e+00 1.339325633021327455e+00
1.005657006622796557e+00 2.749054405503387422e+00 1.914533111519959752e+00 2.559480334391635470e+00 1.343101986854592145e+00
1.030744127058156767e+00 2.772446362736806780e+00 1.937689046126358283e+00 2.566532663011170445e+00 1.345994434357968839e+00
1.061941143015687095e+00 2.764391129889740117e+00 1.957340650564737716e+00 2.569935296911946221e+00 1.353999674593061586e+00
1.076689982846642968e+00 2.730382881724277677e+00 1.977286688412695170e+00 2.553883242426759903e+00 1.354060424647841154e+00
1.089062858303548431e+00 2.717060959291734079e+00 2.003525860216126109e+00 2.535250180920123775e+00 1.348588197200164984e+00
1.102702912392631740e+00 2.717225245578501092e+00 2.030053535106898899e+00 2.517499226128474099e+00 1.340160632215957603e+00
1.114457448049032351e+00 2.725036329177481065e+00 2.060282361806641926e+00 2.505997073440413114e+00 1.332848041086648561e+00
1.121223044057024998e+00 2.715667605253390793e+00 2.093550672984145322e+00 2.500108608878514715e+00 1.334890726440340902e+00
1.132342200107107733e+00 2.711786729467636992e+00 2.127269669057961554e+00 2.496922319409158764e+00 1.334606117960143168e+00
1.155578737547368284e+00 2.736175159172047344e+00 2.146479170399292702e+00 2.503848707699583898e+00 1.326927526210500030e+00
1.188097091525463833e+00 2.739774791742541904e+00 2.165867293279683636e+00 2.507436337238385882e+00 1.323009236440181091e+00
1.212655544476068048e+00 2.714557632184614988e+00 2.187320580884762666e+00 2.502105649996471559e+00 1.325286930991628198e+00
1.228108696194863958e+00 2.675731599131605520e+00 2.204488220003994581e+00 2.488360737138158196e+00 1.328584416006533431e+00
1.237712232011673352e+00 2.633435911989954636e+00 2.213245671812352988e+00 2.467583122090720504e+00 1.330884848130776899e+00
1.248548481781464936e+00 2.591227040595427411e+00 2.219485861139229854e+00 2.446423850097323882e+00 1.335759150059703249e+00
1.266262066629759264e+00 2.550614092773765496e+00 2.227238537522212347e+00 2.430150999754005170e+00 1.343189390253235915e+00
1.291084779130808657e+00 2.510423584235315531e+00 2.230853092116743763e+00 2.417877470513955629e+00 1.347855653036423185e+00
1.311997809340171628e+00 2.464497153785270012e+00 2.228612261572244790e+00 2.407028496776525195e+00 1.351496787085148643e+00
1.322882951999103440e+00 2.417594187426730379e+00 2.229855440618028872e+00 2.397355496556009768e+00 1.362791336862261726e+00
1.320324836866745288e+00 2.383602915792487398e+00 2.235201978518189581e+00 2.385691863876100882e+00 1.382346917870949321e+00
1.298738111141331197e+00 2.374180380316869954e+00 2.231318130716654302e+00 2.368280670300331625e+00 1.398908811256522444e+00
1.271316962069377388e+00 2.380200792067168614e+00 2.214492594650653956e+00 2.349682423989514657e+00 1.403968858696275746e+00
1.249351999538667934e+00 2.382264767361507385e+00 2.191443846010415974e+00 2.330245852081506364e+00 1.403327402000936752e+00
1.235341363170460838e+00 2.379259955771948487e+00 2.168532858516662554e+00 2.305810652186106147e+00 1.402179822768942818e+00
1.228908752313288000e+00 2.400935450271083571e+00 2.150734783577743503e+00 2.293592178314925789e+00 1.414018516513644297e+00
1.232558882520248034e+00 2.406474875985757045e+00 2.150435584788567667e+00 2.300022884801913747e+00 1.441406154132957251e+00
1.238680911930142736e+00 2.406142871065793720e+00 2.153259234397369326e+00 2.294361217432205446e+00 1.469016549703642704e+00
1.246290671861178367e+00 2.403604379061890839e+00 2.157616801998745615e+00 2.285274736358321235e+00 1.495743058544051429e+00
1.254395253671142241e+00 2.397987957908461532e+00 2.159695532170194276e+00 2.274121889238638339e+00 1.521934476372028611e+00
1.262627739783459324e+00 2.386456833474053241e+00 2.154488153044230803e+00 2.259855754155625007e+00 1.546215141448177954e+00
1.266456505699823820e+00 2.355292055406142282e+00 2.141225878513524972e+00 2.240972349221326265e+00 1.561036437243907615e+00
1.260025139604787459e+00 2.302839650443890829e+00 2.141371928594794749e+00 2.229238677625724474e+00 1.566635894325697498e+00
1.259027925581293728e+00 2.274648848886628105e+00 2.144646845156933157e+00 2.228468713050440808e+00 1.591298147937005414e+00
1.264818441814729022e+00 2.286378324219052516e+00 2.155277401212789101e+00 2.236390367115134836e+00 1.616721493614836636e+00
1.288818066375459148e+00 2.267676036716973265e+00 2.172109318932635702e+00 2.220230054937753383e+00 1.622668361815918781e+00
1.296905542273016465e+00 2.219621461741888346e+00 2.161453407036036722e+00 2.209751131331581853e+00 1.613663015702915926e+00
1.300000000000000044e+00 2.169999999999999929e+00 2.154999999999999805e+00 2.209999999999999964e+00 1.600000000000000089e+00
