8.699999999999999956e-01 2.740000000000000213e+00 1.850000000000000089e+00 2.629999999999999893e+00 1.350000000000000089e+00
9.109918856651633146e-01 2.755218767025604976e+00 1.879484400514005449e+00 2.599478229558390030e+00 1.327313567149735141e+00
9.540869257478754584e-01 2.757609313039860677e+00 1.922454324620849198e+00 2.577947645700141788e+00 1.320732872767446109e+00
1.003516036645002441e+00 2.725121503865449046e+00 1.952497353491445820e+00 2.555953688824168513e+00 1.315205070577455837e+00
1.050411760845313625e+00 2.765706727448507429e+00 1.983605807573959545e+00 2.559696743304708200e+00 1.325606070188568797e+00
1.095274721654224015e+00 2.758644580571331328e+00 2.028035657154705351e+00 2.547972608442515607e+00 1.329419805381958808e+00
1.136655736636928538e+00 2.747239039213009271e+00 2.074540107302157210e+00 2.533886063216537643e+00 1.332449665375975423e+00
1.161183686108392177e+00 2.739354033913142139e+00 2.129217955521895078e+00 2.517713521665744025e+00 1.339039675869432733e+00
1.191354392582606003e+00 2.687750211887076635e+00 2.169499389440216586e+00 2.500410483572297338e+00 1.339374939384357921e+00
1.227687247254908742e+00 2.650856946139976245e+00 2.214325985636870886e+00 2.493111161226932992e+00 1.344916290492534916e+00
1.274643372843861311e+00 2.601995499309937010e+00 2.241638395272273598e+00 2.481267272055299511e+00 1.351143000303483666e+00
1.306280430626437505e+00 2.526708682306888942e+00 2.228746691858157547e+00 2.462998245920632989e+00 1.344627771568883023e+00
1.312644359858263998e+00 2.447573477404112463e+00 2.203292512094373379e+00 2.442193687648558598e+00 1.339841838771196558e+00
1.304032331719028104e+00 2.380951023035115188e+00 2.176641161302860006e+00 2.404522887385242669e+00 1.340008325047024940e+00
1.305081632859731666e+00 2.355169635163721686e+00 2.152012205334912665e+00 2.342357561607245398e+00 1.346738695039078726e+00
1.306204827554121817e+00 2.314837327573266101e+00 2.134898870986843722e+00 2.281191544826734141e+00 1.352495318975337257e+00
1.298631199928502511e+00 2.257786629839337866e+00 2.120687517345356987e+00 2.233418139896754084e+00 1.364082529733904980e+00
1.306828541391312104e+00 2.265003585942599873e+00 2.136072450902397168e+00 2.194166621527329220e+00 1.403904640790782699e+00
1.318636820737898230e+00 2.291645753541772912e+00 2.151027969318831445e+00 2.162368951690331276e+00 1.443469189053010693e+00
1.303601371805551246e+00 2.302301531547412239e+00 2.146495664951328930e+00 2.164817791416422388e+00 1.492082218987258013e+00
1.273209591266003970e+00 2.293296647217891504e+00 2.129243960773625322e+00 2.189905636212987616e+00 1.531042157024857575e+00
1.244662125314638157e+00 2.285077221496794930e+00 2.111598350816887848e+00 2.211930623124770623e+00 1.571485048708469501e+00
1.236963932813791134e+00 2.285825116847296279e+00 2.093603492575162761e+00 2.203304795016707729e+00 1.619218763259025140e+00
1.269169773984335503e+00 2.210769494916309696e+00 2.113569554676563378e+00 2.200921438375875727e+00 1.618341126203349800e+00
1.300000000000000044e+00 2.169999999999999929e+00 2.154999999999999805e+00 2.209999999999999964e+00 1.600000000000000089e+00
