8.699999999999999956e-01 2.740000000000000213e+00 1.850000000000000089e+00 2.629999999999999893e+00 1.350000000000000089e+00
9.021408317590250414e-01 2.745544697272227719e+00 1.869038605709054224e+00 2.609899322814414724e+00 1.350836716540032345e+00
9.337007809557438254e-01 2.752359576099283167e+00 1.888139999039120331e+00 2.588907542662528982e+00 1.351649263370187315e+00
9.542452409129600355e-01 2.738270914664185263e+00 1.895344248721517744e+00 2.552721781913768417e+00 1.342792987935777393e+00
9.744612247227273372e-01 2.748691178439556460e+00 1.926189455920046756e+00 2.549971065066794829e+00 1.345891662812507494e+00
1.007392492012637364e+00 2.758464411198896737e+00 1.942357337325620437e+00 2.559996603965074335e+00 1.355214126981625800e+00
1.035408713707109962e+00 2.733143159652120957e+00 1.962942104229213225e+00 2.563626928087877843e+00 1.356809259943934087e+00
1.055621030992398346e+00 2.716430512887883619e+00 1.992190804289633910e+00 2.571329578525315185e+00 1.348677729006788173e+00
1.060813429204918723e+00 2.673189769906242574e+00 2.000258118553740694e+00 2.561639077204402870e+00 1.359218937183370279e+00
1.073528895678329764e+00 2.657872111923211822e+00 2.032382484331974659e+00 2.542788196443981796e+00 1.358497722360748838e+00
1.087312804558022261e+00 2.661407172703810886e+00 2.066521957274213950e+00 2.529918942040421115e+00 1.350752256522908201e+00
1.102447983276726218e+00 2.669185669960307372e+00 2.099208062695672616e+00 2.518889915884936048e+00 1.340909514396707802e+00
1.126767470383900349e+00 2.674554298003082753e+00 2.123894437440008609e+00 2.507690204098547593e+00 1.327363150550678439e+00
1.144243702291797948e+00 2.680357113224256960e+00 2.157101665711338434e+00 2.499587744806536449e+00 1.321846177494914620e+00
1.171418085756364968e+00 2.682698387266252205e+00 2.185331408616438154e+00 2.498828859290154636e+00 1.323984847582373447e+00
1.204880092389964075e+00 2.669550309365305907e+00 2.205816362420692567e+00 2.491035455786556163e+00 1.326447878266704850e+00
1.234689958858490311e+00 2.647654243223800385e+00 2.225370488895946686e+00 2.477068550032066607e+00 1.329723380692579005e+00
1.258421248846867346e+00 2.612621626381695705e+00 2.240319467194737513e+00 2.460243931812384321e+00 1.335007108147537647e+00
1.275369464799635866e+00 2.566603543263048071e+00 2.243008736778067114e+00 2.445864585932778112e+00 1.344599101323032508e+00
1.283848732735600962e+00 2.519957741410882690e+00 2.231881342151121661e+00 2.433617043875395236e+00 1.357046006812672845e+00
1.285888288947472979e+00 2.474454429725756022e+00 2.214395947928085917e+00 2.420583744460384157e+00 1.367326405525008504e+00
1.288583126850962435e+00 2.424346017197392733e+00 2.209721427438759545e+00 2.400671701255611801e+00 1.374301800554517783e+00
1.289899028077983179e+00 2.381046104398582663e+00 2.218878145656693945e+00 2.372843102882721489e+00 1.381632550981092056e+00
1.281831951248276757e+00 2.350737866610393745e+00 2.219702616708340237e+00 2.336652409609127456e+00 1.391971498660567796e+00
1.269482221693821522e+00 2.332212337291414528e+00 2.206932529406000931e+00 2.298375841767323458e+00 1.401381969833428220e+00
1.258714166708529980e+00 2.321104976024652711e+00 2.190938590167672562e+00 2.258047858567759913e+00 1.408645224501717585e+00
1.248709137322425278e+00 2.317263492279661996e+00 2.178444357420012967e+00 2.215495755888606144e+00 1.417246844946508544e+00
1.238875216476560404e+00 2.315684029858535720e+00 2.169925916855931280e+00 2.178064457882310290e+00 1.433599571993410482e+00
1.230393833374549883e+00 2.309334512686570751e+00 2.163229497307740612e+00 2.154610930299974747e+00 1.458413525597797911e+00
1.221736647147615207e+00 2.304861321821689568e+00 2.157081634293612993e+00 2.138387462111517756e+00 1.485449132761098801e+00
1.213577605897133482e+00 2.294346942911594134e+00 2.149975789367204904e+00 2.122982352647074134e+00 1.512153039371232133e+00
1.208079588709849661e+00 2.266032124123111835e+00 2.143931250296497559e+00 2.111455057223771359e+00 1.536699353979910310e+00
1.211666305154385004e+00 2.259398085393847566e+00 2.147122356181640157e+00 2.119281315522053788e+00 1.564459784984724600e+00
1.219261032425942970e+00 2.268991341598185940e+00 2.168819461311997543e+00 2.154018993087256195e+00 1.572890030062558564e+00
1.224304503969872338e+00 2.237411020542230400e+00 2.176842057088772098e+00 2.181620114199478877e+00 1.589731578241601939e+00
1.234825207266861735e+00 2.194243847222150823e+00 2.175107230091185784e+00 2.185531291299863899e+00 1.607802527329440512e+00
1.266458501226730871e+00 2.163562602441834404e+00 2.165413057709384859e+00 2.195160518050288001e+00 1.612846783837972531e+00
1.300000000000000044e+00 2.169999999999999929e+00 2.154999999999999805e+00 2.209999999999999964e+00 1.600000000000000089e+00
