8.699999999999999956e-01 2.740000000000000213e+00 1.850000000000000089e+00 2.629999999999999893e+00 1.350000000000000089e+00
9.247324553279583359e-01 2.699248406007952461e+00 1.855452407078530541e+00 2.581397196735174315e+00 1.344166781209313655e+00
9.768499693185045407e-01 2.750660698958463435e+00 1.891224259519646012e+00 2.557373247236836455e+00 1.345323952062409401e+00
9.845111362570183600e-01 2.771700194300910081e+00 1.901780198614142270e+00 2.554730075420122759e+00 1.346312253554913241e+00
9.865188628485662692e-01 2.790944288458569567e+00 1.910371573204759255e+00 2.554029868527381453e+00 1.347294292319445308e+00
1.008248032373446179e+00 2.778334926256359694e+00 1.961100351631571037e+00 2.552683987167180035e+00 1.332831667729007519e+00
1.053345331806589513e+00 2.762152559957800957e+00 1.999370160418444176e+00 2.541642779727375512e+00 1.322055560079378189e+00
1.103407267481666842e+00 2.767627799461709337e+00 2.040742537249991440e+00 2.521221423149594631e+00 1.317777998608981482e+00
1.126699769516634309e+00 2.759911814086822623e+00 2.089770957733352752e+00 2.508308762569638084e+00 1.314295155350715394e+00
1.162784700006583405e+00 2.739175168137609084e+00 2.134000255956404413e+00 2.529636604644236897e+00 1.328144188845344242e+00
1.179524192421252504e+00 2.732184713560012579e+00 2.145614546940590284e+00 2.542776418534031801e+00 1.336896052403267143e+00
1.214529205928308819e+00 2.719207598771782752e+00 2.180545845176932396e+00 2.545238371656373566e+00 1.346710370360680420e+00
1.240675934092448918e+00 2.700005110993619173e+00 2.211811678390867009e+00 2.527377910063477451e+00 1.340248258439688867e+00
1.258543803642133696e+00 2.685704264269409780e+00 2.224455224333123038e+00 2.509557434832768053e+00 1.335572323683462015e+00
1.261304868531394119e+00 2.676740654280851395e+00 2.246585321529495083e+00 2.498675451966796413e+00 1.338189484092612069e+00
1.291538050947347083e+00 2.523086875417433372e+00 2.210878197483425289e+00 2.441656028887918772e+00 1.362568063332139312e+00
1.309013752537389053e+00 2.409792821704060728e+00 2.205955258824967569e+00 2.416533729133799824e+00 1.372546664409128869e+00
1.316474979504301590e+00 2.335891630276019981e+00 2.211348013885131802e+00 2.387968374516118431e+00 1.375749886195074767e+00
1.316648837244399628e+00 2.317586026775812158e+00 2.207868407430856106e+00 2.358823532726876504e+00 1.374502936578554602e+00
1.304042605678790157e+00 2.380157649940349618e+00 2.162594408861157724e+00 2.249517144461282925e+00 1.386340584616220228e+00
1.286661387544387303e+00 2.404821824744409753e+00 2.140745400989759073e+00 2.228496394633590061e+00 1.428477403023067360e+00
1.274290108952960798e+00 2.406825630095287938e+00 2.137147057485226931e+00 2.228394369228230421e+00 1.456189502203689479e+00
1.219648534054178945e+00 2.425329893497965017e+00 2.144012491004826160e+00 2.219462767900351796e+00 1.545902774125288870e+00
1.219337026972350024e+00 2.397390913149919811e+00 2.140585755019857039e+00 2.216827565951652979e+00 1.567053892853911057e+00
1.221895036233998200e+00 2.356275533982126191e+00 2.133763036974912985e+00 2.215229605397309509e+00 1.593311955760631449e+00
1.222145058500357040e+00 2.334412470341785451e+00 2.124285432658957085e+00 2.212153121306837722e+00 1.613189257466463467e+00
1.224641147438685795e+00 2.297449189209964882e+00 2.109359567236359645e+00 2.208641889628690347e+00 1.632042351211527187e+00
1.230238571944678005e+00 2.263794036599108939e+00 2.103007442807284910e+00 2.210534301061731544e+00 1.636501649853151052e+00
1.246503799702940007e+00 2.220764740540684290e+00 2.109367548487617317e+00 2.211527853008842914e+00 1.634152702832369908e+00
1.257551737952929738e+00 2.210280898405057926e+00 2.118791479602443850e+00 2.211212323576789540e+00 1.627099548592123579e+00
1.300000000000000044e+00 2.169999999999999929e+00 2.154999999999999805e+00 2.209999999999999964e+00 1.600000000000000089e+00
