8.699999999999999956e-01 2.740000000000000213e+00 1.850000000000000089e+00 2.629999999999999893e+00 1.350000000000000089e+00
8.980965244237416600e-01 2.718013541875658579e+00 1.861932192821133425e+00 2.609758129260930648e+00 1.350123576068527065e+00
9.255252732814088779e-01 2.696111662198584114e+00 1.855227329071469589e+00 2.586971986678421764e+00 1.346732653876796970e+00
9.528870375658924363e-01 2.696404216257847875e+00 1.837805691457627288e+00 2.567299542027114079e+00 1.354334902959306586e+00
9.744595443080837915e-01 2.717362206091305410e+00 1.864819586038380272e+00 2.569850446427285107e+00 1.356146348302149862e+00
9.922502852296437581e-01 2.734074381050240365e+00 1.895720550638646085e+00 2.567444131674192498e+00 1.362983966117643941e+00
1.011762359703690661e+00 2.732852895464753296e+00 1.926486868782354644e+00 2.553988004919700128e+00 1.363006495685576080e+00
1.031653013105523709e+00 2.711983327509396968e+00 1.949337524608091954e+00 2.541805747147921846e+00 1.351732501711039758e+00
1.049711030898955455e+00 2.684415461078020204e+00 1.969929316811534381e+00 2.532799977577355754e+00 1.339937835589612547e+00
1.066312357922129861e+00 2.672079594655954349e+00 2.002918151523306101e+00 2.524926960986173530e+00 1.336702840179997187e+00
1.079824668139494959e+00 2.673975855066199614e+00 2.039218294776947715e+00 2.518953700307323906e+00 1.338981054390349756e+00
1.094235396336232347e+00 2.677232857487947815e+00 2.074944645227569495e+00 2.512677955734234470e+00 1.341640975286194637e+00
1.116240415224994953e+00 2.669245785562637696e+00 2.097466225783246152e+00 2.504804226385992205e+00 1.341873809289474861e+00
1.143042389592880514e+00 2.637686501404946426e+00 2.088003811833632373e+00 2.498559220870268049e+00 1.337036258130923194e+00
1.170095542772266350e+00 2.608862800408392246e+00 2.104024734723552559e+00 2.490843250295608602e+00 1.330746683650774420e+00
1.194930245706912864e+00 2.584473654706608947e+00 2.126048485047780545e+00 2.482334270651465946e+00 1.324842026883801704e+00
1.217172201934050513e+00 2.564627355100077999e+00 2.153983600709098667e+00 2.476041867224803461e+00 1.320584486503161292e+00
1.236625640047270158e+00 2.544943604077160249e+00 2.183177472336272018e+00 2.469800087182231429e+00 1.315578110466199213e+00
1.251923328128153212e+00 2.524772009377106219e+00 2.201185924261241933e+00 2.445844288567224467e+00 1.314190292218922584e+00
1.253808570123228439e+00 2.522557887119741604e+00 2.199067138396720189e+00 2.408965054241221537e+00 1.325474229186812458e+00
1.256589157016617886e+00 2.517881928923687784e+00 2.198803121086099654e+00 2.372377744412888845e+00 1.336136191756140290e+00
1.261007073000097511e+00 2.525044292989998329e+00 2.201988279177908403e+00 2.347020603718741771e+00 1.356227839374847255e+00
1.263131972267157677e+00 2.552127019103274996e+00 2.198284010923682086e+00 2.335365597034489760e+00 1.377488477762452090e+00
1.261975447222893010e+00 2.546465158010587260e+00 2.203204073087265513e+00 2.330368830184053497e+00 1.404138453176762669e+00
1.259586979582476118e+00 2.541317623081241539e+00 2.207309753074726988e+00 2.323722856362067546e+00 1.430550207526590567e+00
1.248404029428440642e+00 2.542396280951469301e+00 2.204998090950307965e+00 2.306098407319689514e+00 1.452409104580790977e+00
1.241877920177892669e+00 2.578576442272415559e+00 2.196455659515408776e+00 2.299649316124064313e+00 1.436868684661949613e+00
1.256171860523237704e+00 2.587371165565993447e+00 2.189271140897207868e+00 2.288214789841805707e+00 1.459930246381244912e+00
1.261028154015163105e+00 2.582332520105823370e+00 2.178956235784839102e+00 2.280651891996116287e+00 1.485373562645204704e+00
1.265736713835295735e+00 2.575076409217318396e+00 2.168929555326553960e+00 2.274933162199618941e+00 1.510959175667193621e+00
1.269245091220557065e+00 2.560904789573003715e+00 2.159927261993195735e+00 2.271120834582232462e+00 1.536208960351241215e+00
1.269143187852660670e+00 2.527802553032394428e+00 2.154018110807640607e+00 2.262785590812752545e+00 1.555571427690312536e+00
1.268395348307088666e+00 2.480793349946045279e+00 2.154249737484187577e+00 2.243574974840214065e+00 1.551521709564737117e+00
1.272832825402667734e+00 2.445123038281770800e+00 2.157371575572298195e+00 2.225645921370866809e+00 1.535090916654039850e+00
1.281265043537035631e+00 2.406052422651404399e+00 2.161519474803614838e+00 2.214546213083712800e+00 1.519091828886333317e+00
1.288166642496961112e+00 2.353343740627778402e+00 2.158471321512455354e+00 2.217039428777051402e+00 1.514233227998453390e+00
1.291274924458120976e+00 2.303625490599153558e+00 2.159023187650585651e+00 2.202499597984310942e+00 1.508624097887261595e+00
1.288286369804506393e+00 2.249037979477385374e+00 2.159559429623186144e+00 2.204030135632152110e+00 1.507120811402481220e+00
1.284548712241285084e+00 2.207076982451954716e+00 2.167033814299003325e+00 2.210320230007130515e+00 1.522023695915678543e+00
1.288700120583485598e+00 2.197042689489802303e+00 2.168011945792539308e+00 2.209141374540774638e+00 1.548596490973559225e+00
1.293872246885595434e+00 2.184424211529597759e+00 2.161542754187055326e+00 2.208738640404954268e+00 1.574474282113909496e+00
1.300000000000000044e+00 2.169999999999999929e+00 2.154999999999999805e+00 2.209999999999999964e+00 1.600000000000000089e+00
