8.699999999999999956e-01 2.740000000000000213e+00 1.850000000000000089e+00 2.629999999999999893e+00 1.350000000000000089e+00
9.035877469597244360e-01 2.759071969765147347e+00 1.851912940540152208e+00 2.617383250703881448e+00 1.345273694384472973e+00
9.320941972295779809e-01 2.761487509740959467e+00 1.847293827013270384e+00 2.595331569901866864e+00 1.336646184813987226e+00
9.434010715060592300e-01 2.728878404131596103e+00 1.838343182461459335e+00 2.572656119942572595e+00 1.329130271481465009e+00
9.538135291257534565e-01 2.684465571516793325e+00 1.835009939308174021e+00 2.554633390530820503e+00 1.325126568128420113e+00
9.790554710761064650e-01 2.660202856074021405e+00 1.849196065561669933e+00 2.539805548815694536e+00 1.325306911377529762e+00
1.006360052538325611e+00 2.668648453589502978e+00 1.872942794582738602e+00 2.533244426134959149e+00 1.328268122131816886e+00
1.030600319845661472e+00 2.688042011434800926e+00 1.898378658046034673e+00 2.531404045582053008e+00 1.329887714884379513e+00
1.047675161110284359e+00 2.712785063301943467e+00 1.926447323869938000e+00 2.534888456970669779e+00 1.329850169613622013e+00
1.059068607984862576e+00 2.731287494982893804e+00 1.958868170014150367e+00 2.538208907830927785e+00 1.330656776387926898e+00
1.071842493368733162e+00 2.738758774137571184e+00 1.992607906339242563e+00 2.535169920556416656e+00 1.332153437618558200e+00
1.088713270761567653e+00 2.744283880972589351e+00 2.024533902108013983e+00 2.528035700876378744e+00 1.331362630148147375e+00
1.106409722481375146e+00 2.752000397989050828e+00 2.055846912493710210e+00 2.521681557733915557e+00 1.327755995899544184e+00
1.121397957865451156e+00 2.743687451205435224e+00 2.085769195822023914e+00 2.516848692636690643e+00 1.319088538044001169e+00
1.138073850439081713e+00 2.709713105908440944e+00 2.086893219809116573e+00 2.496304120354003508e+00 1.316779773980262913e+00
1.159766766531324267e+00 2.687234950521264487e+00 2.108562842927867109e+00 2.480987855819195786e+00 1.315747666992965526e+00
1.181493302625046926e+00 2.664821683925276741e+00 2.130777244197397113e+00 2.466454498536437168e+00 1.314867858491633790e+00
1.204432077484023367e+00 2.637764929985449314e+00 2.148623827428433497e+00 2.451130294660947229e+00 1.314201528528275542e+00
1.229260691426177443e+00 2.602734418169481589e+00 2.155393895552330186e+00 2.437215902387803723e+00 1.314827732885787803e+00
1.245200569120207712e+00 2.585960376678805961e+00 2.182258750718010010e+00 2.440314451745553725e+00 1.324642693846004304e+00
1.247456809432109903e+00 2.538997342132995882e+00 2.178472272348485728e+00 2.441356153614106184e+00 1.337918869147864287e+00
1.256776325347038537e+00 2.491605908902406963e+00 2.177709152583930052e+00 2.437076982487341503e+00 1.350954377917370275e+00
1.273654268528583211e+00 2.454002251082445518e+00 2.190347599700098513e+00 2.427482720648663772e+00 1.362267793828037199e+00
1.290978021651117302e+00 2.421421440841009520e+00 2.207358096168877015e+00 2.413504284937714850e+00 1.371405424531670469e+00
1.290566442951146087e+00 2.398891804296690466e+00 2.207871106878301237e+00 2.386494426498020793e+00 1.383553492924172845e+00
1.274014613594248946e+00 2.403331471824701637e+00 2.194230227633656050e+00 2.359789163699395509e+00 1.394459021778502450e+00
1.258808012945235699e+00 2.413570658383704881e+00 2.184988495911971196e+00 2.331760925399775086e+00 1.406930021733605152e+00
1.245576521502820055e+00 2.430263504673774833e+00 2.180187053644589756e+00 2.305767552746379678e+00 1.422941400261010125e+00
1.239448964120587249e+00 2.454390798988383082e+00 2.183366217087175709e+00 2.284314864125220002e+00 1.442794906496516205e+00
1.239992390820043866e+00 2.471835736965223962e+00 2.184828784321713790e+00 2.266702948711833088e+00 1.467766836651584361e+00
1.249462918399969480e+00 2.499994612597598476e+00 2.174061291720062350e+00 2.249418583902866864e+00 1.480631772406980406e+00
1.255921796239558574e+00 2.511252111360302131e+00 2.161448099263955758e+00 2.243236821430744765e+00 1.507921703069234454e+00
1.260816879895276132e+00 2.497436590092050324e+00 2.158035947740112981e+00 2.241645911934984081e+00 1.537591983546914509e+00
1.264418168719499302e+00 2.472617933553336034e+00 2.156927589005657619e+00 2.241614575408243493e+00 1.565139087908081761e+00
1.270059267303075501e+00 2.456589760779831266e+00 2.144966003041740343e+00 2.238232968341621554e+00 1.592633783253920576e+00
1.274900380257107280e+00 2.425741825233777682e+00 2.126539333767784257e+00 2.237218214847568110e+00 1.612693892436157128e+00
1.276280116423209599e+00 2.379402537680573637e+00 2.113021521883785780e+00 2.239996068494682468e+00 1.624205519057528191e+00
1.273962203145664551e+00 2.337739259302010542e+00 2.118399211481382771e+00 2.237375103167306811e+00 1.640594412808296543e+00
1.272943457936030365e+00 2.302712927037791513e+00 2.130804221198046466e+00 2.233568434966449523e+00 1.621242980479122187e+00
1.280219793857122479e+00 2.253816176801497040e+00 2.145280154814003026e+00 2.233646240802806826e+00 1.622244850798771232e+00
1.288737392072858645e+00 2.202702025301366273e+00 2.148460376200116428e+00 2.227090015224109099e+00 1.617404444628875115e+00
1.300000000000000044e+00 2.169999999999999929e+00 2.154999999999999805e+00 2.209999999999999964e+00 1.600000000000000089e+00
