8.699999999999999956e-01 2.740000000000000213e+00 1.850000000000000089e+00 2.629999999999999893e+00 1.350000000000000089e+00
9.091580313734520802e-01 2.772943053576503392e+00 1.855915615320973933e+00 2.612844899921892505e+00 1.350538020235919179e+00
9.485266925823757633e-01 2.791257415535370434e+00 1.874562847233068208e+00 2.597841193449820896e+00 1.351785560949678278e+00
9.772790714998158546e-01 2.758296452234494822e+00 1.882192479712193833e+00 2.569611368337467283e+00 1.346274018848502285e+00
9.994405939632369229e-01 2.717058948903154469e+00 1.909066070712426955e+00 2.557001775829995438e+00 1.342710594079336239e+00
1.023838225658581846e+00 2.688148947151904444e+00 1.940294346329637598e+00 2.547622651201950195e+00 1.335206407282253815e+00
1.051957846005128427e+00 2.692077503370008174e+00 1.972682379489948401e+00 2.544755426998020820e+00 1.323873688074917343e+00
1.079768786757772103e+00 2.722609666985469801e+00 2.002554047989535846e+00 2.548053122990757480e+00 1.320143753782047291e+00
1.109219372640799284e+00 2.737543501104960697e+00 2.035429988181740590e+00 2.546701134920317244e+00 1.324692072050671410e+00
1.138711762569917463e+00 2.744232736063997979e+00 2.068953517450347501e+00 2.543131583352424396e+00 1.331670756223373386e+00
1.145394524029577532e+00 2.719048376211421481e+00 2.096434943451949806e+00 2.517721457217735548e+00 1.326664777875509404e+00
1.179985964315479974e+00 2.672287878292781027e+00 2.093810193068676551e+00 2.511436987762951656e+00 1.320350228692147354e+00
1.215920596545577492e+00 2.645343210302583348e+00 2.116134499823619119e+00 2.500564632810430510e+00 1.322557616602731301e+00
1.241608333470373138e+00 2.622586242341348850e+00 2.148649129362687038e+00 2.488830710278183922e+00 1.325941044435840599e+00
1.251857195724673133e+00 2.609701022041831742e+00 2.189175699295478061e+00 2.477158593377118745e+00 1.329445983192913960e+00
1.253047594404130383e+00 2.588140256149371599e+00 2.223621388900308915e+00 2.458901250866277977e+00 1.334359741868860638e+00
1.263638924799984409e+00 2.524523449417200638e+00 2.217955717697710050e+00 2.442700656693339578e+00 1.341685106552713114e+00
1.272172138138846664e+00 2.462236455375312882e+00 2.201560926172835053e+00 2.431936242477452659e+00 1.348469243830139774e+00
1.274755083961534696e+00 2.402147513847985749e+00 2.190922894702669765e+00 2.412777195263475782e+00 1.358716129813457574e+00
1.282810314647515826e+00 2.354557801626161240e+00 2.189849901207517657e+00 2.382774049029177998e+00 1.372102246955864580e+00
1.298860234524776613e+00 2.325939539035680959e+00 2.188439597472338072e+00 2.346306667304215221e+00 1.385707794864702969e+00
1.305694580797778670e+00 2.309787254773488119e+00 2.180488561709555295e+00 2.305656160457709714e+00 1.400392308882258963e+00
1.306642589905002261e+00 2.304184142765065779e+00 2.170669016812664776e+00 2.264458828336502805e+00 1.415569199413884816e+00
1.290316125705843531e+00 2.330253351921187210e+00 2.168828276710101477e+00 2.238984838015960488e+00 1.440029314698113350e+00
1.267324360297649832e+00 2.346908387419781583e+00 2.172452732159042554e+00 2.242234779537111589e+00 1.471123281136254901e+00
1.246947396633595329e+00 2.344338030382259852e+00 2.175919781083078597e+00 2.234913343221780035e+00 1.504034072725841220e+00
1.227472389676348197e+00 2.329821354250917409e+00 2.176825442685882184e+00 2.228025770446868226e+00 1.536637901916184434e+00
1.218092589084082800e+00 2.311861389089704844e+00 2.170894386530623610e+00 2.225105444236483709e+00 1.571264947142913426e+00
1.226148681902960780e+00 2.341931297597287021e+00 2.165088510937334121e+00 2.227885734357571312e+00 1.603422417513379106e+00
1.229427986984769960e+00 2.399733104845751974e+00 2.174729914088287419e+00 2.235582098716362598e+00 1.595229045098703891e+00
1.231057223529878897e+00 2.358318184435598930e+00 2.165345075547747022e+00 2.219338129368781942e+00 1.619122951357006901e+00
1.263664337165795848e+00 2.327252980588927489e+00 2.140553457789021508e+00 2.226274035859741485e+00 1.614061110294219059e+00
1.291902934509748579e+00 2.292315972843823157e+00 2.128463408236132004e+00 2.231631135730224980e+00 1.593461898139942212e+00
1.300352066172081988e+00 2.226024073503098943e+00 2.132379436033547293e+00 2.217624796007508170e+00 1.587738013579965912e+00
1.300000000000000044e+00 2.169999999999999929e+00 2.154999999999999805e+00 2.209999999999999964e+00 1.600000000000000089e+00
