8.699999999999999956e-01 2.740000000000000213e+00 1.850000000000000089e+00 2.629999999999999893e+00 1.350000000000000089e+00
9.181633993936264559e-01 2.748833955059162282e+00 1.864019101542458756e+00 2.587740558800050383e+00 1.336874778044901513e+00
9.700775649262864953e-01 2.731495916565165771e+00 1.892352828242839013e+00 2.562029301095537281e+00 1.323216011795535829e+00
1.018117823644611786e+00 2.749926209331817528e+00 1.938652798345378736e+00 2.551990364626989027e+00 1.320774002410443515e+00
1.067882236862938594e+00 2.755931919049025680e+00 1.986102342406129484e+00 2.548540344012133474e+00 1.327001692964431045e+00
1.121236536779367299e+00 2.772226364720106417e+00 2.028723581099160622e+00 2.547477515890767208e+00 1.329250254388693930e+00
1.157704482506401567e+00 2.775273784583292880e+00 2.088595571580033727e+00 2.546027286461072681e+00 1.329390692950678687e+00
1.181713609856468894e+00 2.761214183086633689e+00 2.153739730412679521e+00 2.542913741036467279e+00 1.326268977836515761e+00
1.208992179467681227e+00 2.742380613505428499e+00 2.215763783783931906e+00 2.535745725944501316e+00 1.319616908438035807e+00
1.241436666811413403e+00 2.716311389154999034e+00 2.272099308029673637e+00 2.520070265605046878e+00 1.315108418991738803e+00
1.278921612646910067e+00 2.660541593245295822e+00 2.303510523149668199e+00 2.502093029311337702e+00 1.324175264672208918e+00
1.307752617770019166e+00 2.588218027586928205e+00 2.296211902983479547e+00 2.485450346085137152e+00 1.341224007390513062e+00
1.323535186327955859e+00 2.518797240469097254e+00 2.271758394382876745e+00 2.453912453699192309e+00 1.351584718308288746e+00
1.326294713683436877e+00 2.455046238598655339e+00 2.235761145760495783e+00 2.420343869786325985e+00 1.358764134908519994e+00
1.320006984027598085e+00 2.384840840009540219e+00 2.205311268165259797e+00 2.393258572580830190e+00 1.371234613077440434e+00
1.295269468341539332e+00 2.312610364217840164e+00 2.190071227414718269e+00 2.372082382724939098e+00 1.385365103358643601e+00
1.288698518901432166e+00 2.273796249044329532e+00 2.165598692297562966e+00 2.315104487240787989e+00 1.382904505049038946e+00
1.295644825749194595e+00 2.256068704429322391e+00 2.141884173190664153e+00 2.252936260722264272e+00 1.389328538522702328e+00
1.304527909543331754e+00 2.261974856913620435e+00 2.131034475764006508e+00 2.186165220811393084e+00 1.393217085030369118e+00
1.309189088916747457e+00 2.343296642920894346e+00 2.157232763697355615e+00 2.184255053927837142e+00 1.406036867319366834e+00
1.297055494226320826e+00 2.381688753376241419e+00 2.151015403811101123e+00 2.205754882366784297e+00 1.443716960563955931e+00
1.270585769194070735e+00 2.378228645446186285e+00 2.127870774318886937e+00 2.224889444064848121e+00 1.481103343998003474e+00
1.259120719389618559e+00 2.390217852021483846e+00 2.124627811457822091e+00 2.235444439646027348e+00 1.525338199923753413e+00
1.244858254305039047e+00 2.354239763648194206e+00 2.101685995441592514e+00 2.239522250153278105e+00 1.563655772371661090e+00
1.240066826266450484e+00 2.283324971255760616e+00 2.092180147013298797e+00 2.233529706657864988e+00 1.592047614104502795e+00
1.262989877743282197e+00 2.218741377564608541e+00 2.113078930671346445e+00 2.213526903394025247e+00 1.612870278409673119e+00
1.300000000000000044e+00 2.169999999999999929e+00 2.154999999999999805e+00 2.209999999999999964e+00 1.600000000000000089e+00
