8.699999999999999956e-01 2.740000000000000213e+00 1.850000000000000089e+00 2.629999999999999893e+00 1.350000000000000089e+00
8.917688669286237824e-01 2.747190623996648817e+00 1.870130598094317476e+00 2.610138541582060601e+00 1.351288615498339230e+00
9.035856339295254003e-01 2.755862507542352180e+00 1.894848186946328283e+00 2.588990348354596627e+00 1.348381246969436065e+00
9.271032336637428095e-01 2.788137493607330875e+00 1.904270523401357718e+00 2.586295431517514842e+00 1.338451533787738290e+00
9.631912037961234407e-01 2.784141618805836771e+00 1.905349144282624030e+00 2.590263717955656908e+00 1.333459477176600849e+00
9.884627727897167260e-01 2.768623658894501904e+00 1.924154995090403109e+00 2.578429443004936594e+00 1.328896593822397776e+00
1.016062906237154007e+00 2.758840353773267751e+00 1.942926003954966285e+00 2.565668578211967699e+00 1.329506947023991081e+00
1.031228802636384501e+00 2.762690553228546619e+00 1.968356293427105941e+00 2.551077384582635332e+00 1.336825862498467687e+00
1.036144690934767576e+00 2.781929144523226594e+00 1.998844183422302967e+00 2.550958378496378742e+00 1.339436223455336306e+00
1.048825746250297897e+00 2.795303213937982090e+00 2.028761956541203837e+00 2.547196202842695101e+00 1.335363213748779199e+00
1.068592374214854201e+00 2.781204372402011238e+00 2.046461701170556147e+00 2.530135098758941492e+00 1.328080263750370138e+00
1.089228771844407140e+00 2.751033953970350332e+00 2.051173888004513834e+00 2.509622435159003295e+00 1.321449761252010191e+00
1.112719437772887732e+00 2.725585856489287195e+00 2.066135511515357237e+00 2.495138158353531921e+00 1.322609400142658265e+00
1.135983080599248574e+00 2.699254556364304669e+00 2.084172206715613651e+00 2.487492154209894224e+00 1.330479360188868032e+00
1.161919571309736554e+00 2.675573244787371241e+00 2.102395820086806033e+00 2.480717160443354441e+00 1.335705528803151632e+00
1.187079557393026397e+00 2.668137723636991865e+00 2.126983990233596078e+00 2.477409603292236806e+00 1.338764011975471568e+00
1.213906775905612356e+00 2.654495316791949833e+00 2.149348844828967042e+00 2.475828037427320272e+00 1.340965925202921794e+00
1.239681344640227056e+00 2.618935043243498573e+00 2.161204373516186994e+00 2.477041014976256950e+00 1.343170887228444910e+00
1.245744347220994142e+00 2.566089604360068499e+00 2.154582265256475004e+00 2.472572811421734684e+00 1.349714009186129271e+00
1.248518111347751702e+00 2.518084703135258007e+00 2.150200508724601889e+00 2.455720764023866298e+00 1.356319352615651619e+00
1.265087657619996531e+00 2.493066301221545711e+00 2.164000626787863091e+00 2.432059317824938560e+00 1.360312520840489148e+00
1.284247626074131343e+00 2.488068903201179349e+00 2.186667635416862598e+00 2.413644670938809966e+00 1.365164301984817863e+00
1.297600014055903639e+00 2.508830995373847905e+00 2.213429693266762754e+00 2.402363345800426764e+00 1.369664219624923573e+00
1.290980641189908962e+00 2.552837960018026209e+00 2.225705558018197472e+00 2.388986176642990511e+00 1.369938065579085595e+00
1.269446038378819086e+00 2.572252096739985117e+00 2.211605326811614258e+00 2.367720485250820683e+00 1.364800609132662546e+00
1.248922407673016099e+00 2.578793197045942343e+00 2.196668979384657661e+00 2.344460571301061780e+00 1.358414462635524789e+00
1.242210204849130140e+00 2.583214874689129470e+00 2.194641339022998405e+00 2.314757635066490238e+00 1.368277559335535409e+00
1.250275504014866979e+00 2.575481897293419031e+00 2.199474565400574289e+00 2.296524084245588515e+00 1.388348287005044090e+00
1.247912663678707901e+00 2.539937074760312719e+00 2.194822045219400941e+00 2.276282916676703572e+00 1.402565133568372202e+00
1.249247907639621902e+00 2.509352588525208816e+00 2.183706758126227943e+00 2.261430973638575370e+00 1.419466932960872896e+00
1.256616359642098502e+00 2.494498756149869489e+00 2.163369007321578330e+00 2.253942300427050238e+00 1.438709887592751535e+00
1.264910964017776696e+00 2.482557422594958485e+00 2.142153148796666962e+00 2.247831436276210848e+00 1.457839574041074560e+00
1.271639264194573737e+00 2.464482366360990717e+00 2.126446542665294981e+00 2.241512207920119959e+00 1.479101267523921237e+00
1.273951883240595606e+00 2.438675111044542376e+00 2.121821265880745155e+00 2.241085729323236908e+00 1.502858290170113520e+00
1.271743719158897168e+00 2.405795622695280134e+00 2.124684873730483314e+00 2.246897250027545923e+00 1.524535043503904230e+00
1.268279443835189868e+00 2.363768857882454277e+00 2.127812390176925472e+00 2.249990543156028533e+00 1.542549477159680826e+00
1.266516003091407772e+00 2.321720949879774842e+00 2.132987067503878009e+00 2.242434447716009416e+00 1.559532242679718239e+00
1.266941357918210054e+00 2.297616505024483669e+00 2.143540882479214815e+00 2.226875805016667709e+00 1.579640003294468631e+00
1.270129400873881043e+00 2.280094928948763755e+00 2.150533926835922038e+00 2.211434273945910967e+00 1.602045597687405731e+00
1.275832834667127269e+00 2.243549505867381999e+00 2.146894951433763410e+00 2.211920894364435064e+00 1.620731396843534178e+00
1.281165215064338447e+00 2.215779097990786095e+00 2.147331487241713965e+00 2.219210878612851268e+00 1.598838402872320374e+00
1.300000000000000044e+00 2.169999999999999929e+00 2.154999999999999805e+00 2.209999999999999964e+00 1.600000000000000089e+00
