8.699999999999999956e-01 2.740000000000000213e+00 1.850000000000000089e+00 2.629999999999999893e+00 1.350000000000000089e+00
8.900145428008414683e-01 2.747719475243378007e+00 1.866724101463622443e+00 2.609819901496349459e+00 1.343773492406501235e+00
9.128580228557652276e-01 2.745052426044703786e+00 1.878355508059007528e+00 2.588313588637544349e+00 1.335485804422447798e+00
9.390240320073841573e-01 2.760042672434393385e+00 1.878353450001703395e+00 2.568700242266237943e+00 1.327492681112395934e+00
9.654958018443917656e-01 2.740088284634848215e+00 1.867883983210619991e+00 2.554948463105957135e+00 1.329637462162177153e+00
9.896427850534432746e-01 2.739065771818490536e+00 1.887917374960962125e+00 2.548142606927678244e+00 1.333732427258046860e+00
1.008908093325512345e+00 2.748638283696409168e+00 1.912611253976353121e+00 2.543845225291425649e+00 1.336742020410041087e+00
1.029382170629722371e+00 2.748870570187371243e+00 1.936752426008125916e+00 2.550981298837238231e+00 1.336794595831918508e+00
1.054725411715610406e+00 2.743597704190113173e+00 1.957697954224342229e+00 2.547298749223533054e+00 1.337305634970445078e+00
1.068188629823401126e+00 2.751405352011329519e+00 1.981691471014075168e+00 2.533153587079595592e+00 1.341893200793416785e+00
1.084989418049346899e+00 2.745793484950565411e+00 2.004119770058665484e+00 2.517167789824183988e+00 1.340394997398306032e+00
1.104870174015573525e+00 2.748287216957357781e+00 2.028409918708951931e+00 2.512413287147669205e+00 1.336824010225795334e+00
1.124400481198929436e+00 2.758041237691754688e+00 2.052998855643820786e+00 2.515131910917251634e+00 1.333652061416122248e+00
1.143543221205873373e+00 2.768266851670562190e+00 2.077808058462730756e+00 2.519059910593396623e+00 1.330909121822992258e+00
1.159596793329397801e+00 2.760879459412754588e+00 2.103835019624526570e+00 2.516062047838312665e+00 1.331379615160247054e+00
1.164016573818831723e+00 2.720973325681683708e+00 2.110126968750270393e+00 2.502738254439005772e+00 1.334300605856661992e+00
1.172227409738287651e+00 2.695967057849536275e+00 2.130269882584292507e+00 2.491683658941611590e+00 1.325931967382897980e+00
1.187964694319927794e+00 2.656038500855200102e+00 2.142846982587774729e+00 2.483665006019753374e+00 1.321341982593581044e+00
1.205090697963242308e+00 2.614771961924892363e+00 2.151478836716533394e+00 2.472829158850786690e+00 1.320291119036034466e+00
1.222976464934796059e+00 2.576966478315043663e+00 2.160188970915030371e+00 2.460452656000916782e+00 1.324904311726345707e+00
1.242230943840247903e+00 2.551528791486117331e+00 2.169784559824960546e+00 2.448071982900051680e+00 1.340085384065177854e+00
1.262952029652477659e+00 2.533146679376757415e+00 2.178716110257551630e+00 2.436296937275558516e+00 1.357418643485855947e+00
1.282019326879261234e+00 2.499925249222201273e+00 2.181913729757180231e+00 2.422955989565727108e+00 1.368295703085631310e+00
1.287920553023314651e+00 2.454063274465008160e+00 2.174513573695975310e+00 2.410707489991203989e+00 1.374000808424310494e+00
1.281056185701084260e+00 2.410985153902448275e+00 2.163261610245266198e+00 2.397928568400680582e+00 1.379390577091275993e+00
1.267784705543495427e+00 2.380845599100215537e+00 2.151405496278847806e+00 2.378151078393913043e+00 1.386335331242850133e+00
1.254367089365365784e+00 2.371416837992234239e+00 2.140198629225781524e+00 2.351099233248310050e+00 1.395402480658401556e+00
1.243246603403076245e+00 2.376056397641499007e+00 2.134118109227566951e+00 2.320964629911737021e+00 1.405661009045700460e+00
1.237737598567437258e+00 2.390565183367091784e+00 2.131008899257714528e+00 2.292722790248865383e+00 1.419865604612126075e+00
1.242110489185668687e+00 2.409475481798412311e+00 2.128148666287642321e+00 2.273885709863312954e+00 1.441844607425035951e+00
1.253047497661412546e+00 2.425307529727144917e+00 2.124050455458903031e+00 2.265449925632185835e+00 1.467472894987800647e+00
1.262988200898283342e+00 2.445584954080461060e+00 2.122082809657675817e+00 2.255874001464869938e+00 1.491728162633937593e+00
1.269310372144559995e+00 2.472635317090691842e+00 2.133031589816510643e+00 2.254691684185410328e+00 1.512104864993046860e+00
1.269495117913292281e+00 2.453962084834317103e+00 2.140973643864339859e+00 2.257917390167643035e+00 1.537776034627874600e+00
1.270212599749484417e+00 2.412732102818048840e+00 2.146432741925851317e+00 2.250591648283142288e+00 1.554674692652161960e+00
1.270407578844692909e+00 2.374693570387783392e+00 2.146939791150884069e+00 2.247415870026990614e+00 1.575319401982192558e+00
1.271582157755239306e+00 2.339356840736223742e+00 2.143323743777149737e+00 2.245823615982406984e+00 1.597181036438736434e+00
1.276615696696364655e+00 2.304898843556248966e+00 2.145343853775916187e+00 2.236779603353661106e+00 1.617916509180205686e+00
1.274578150195395443e+00 2.278682400745935865e+00 2.158852210110235870e+00 2.219495910281920281e+00 1.633443080338909281e+00
1.277770648722226010e+00 2.231183587278099179e+00 2.149264841471337117e+00 2.214008151663642288e+00 1.640163911854148893e+00
1.288595302953186472e+00 2.188414258376291333e+00 2.148196009847151977e+00 2.210353142669212456e+00 1.625407540329080636e+00
1.300000000000000044e+00 2.169999999999999929e+00 2.154999999999999805e+00 2.209999999999999964e+00 1.600000000000000089e+00
