8.699999999999999956e-01 2.740000000000000213e+00 1.850000000000000089e+00 2.629999999999999893e+00 1.350000000000000089e+00
9.064327652938162228e-01 2.765504405478132810e+00 1.849687835937430025e+00 2.599846447341869649e+00 1.355436727354735194e+00
9.455156941003337590e-01 2.782685847369457122e+00 1.863568434650354266e+00 2.576119249631530383e+00 1.348172137952358574e+00
9.637685058172194008e-01 2.767093139093062870e+00 1.868411204431905892e+00 2.558164971434205182e+00 1.345764170194353015e+00
9.714524077725210649e-01 2.746569509015949428e+00 1.873816759696969036e+00 2.548024411491277785e+00 1.346187262034002297e+00
9.829502239774063899e-01 2.729712192329678544e+00 1.888254276943591048e+00 2.539623158338859987e+00 1.345015525786988242e+00
1.016850848605056701e+00 2.740381121595577785e+00 1.942168987015810755e+00 2.544369250018481132e+00 1.348454619799043241e+00
1.037524275991298595e+00 2.750038855303855723e+00 1.974385322895523931e+00 2.547289966234651981e+00 1.351018160661488610e+00
1.077812886806613690e+00 2.744788850608681496e+00 2.026195145810907761e+00 2.527590339955728016e+00 1.343527113988186583e+00
1.092533075280037513e+00 2.739658755898040976e+00 2.044075504117836228e+00 2.517366163447092298e+00 1.339113357581848796e+00
1.105462714816384695e+00 2.732612448329454935e+00 2.061128643270231819e+00 2.507588182863902393e+00 1.334077396552502348e+00
1.119093653055265980e+00 2.717978635383220265e+00 2.087839783547310812e+00 2.499930687024650489e+00 1.329960143464785416e+00
1.125931091687546015e+00 2.706196948305964245e+00 2.104770083251323420e+00 2.497331941791877341e+00 1.329325526494208987e+00
1.155990725532223706e+00 2.656360897208820848e+00 2.127082106554055052e+00 2.488755055369216151e+00 1.332071278107799461e+00
1.166870948401013575e+00 2.640095171687456777e+00 2.130890611463335027e+00 2.485692994334169903e+00 1.332917173131360045e+00
1.213855527997432571e+00 2.577172406272560501e+00 2.130246394696388545e+00 2.468399509262247715e+00 1.339854468743742588e+00
1.228810186549299965e+00 2.556356694828342047e+00 2.129814244331016848e+00 2.462245474793419042e+00 1.342607556055069207e+00
1.247328541696596016e+00 2.518079131777977153e+00 2.133597541825242416e+00 2.450921450787632239e+00 1.347588437653368221e+00
1.253053104077568536e+00 2.503301345173841064e+00 2.135815832830130656e+00 2.446614724271793495e+00 1.349411137318355713e+00
1.258988914113456703e+00 2.477858741106109264e+00 2.141606601634359563e+00 2.439542339524302328e+00 1.352201443583669116e+00
1.276257242168815198e+00 2.400899870126805169e+00 2.166648733522383630e+00 2.390208604432189077e+00 1.374369893915622143e+00
1.287722145907949756e+00 2.376212173652076931e+00 2.176460843727829886e+00 2.359738243553202164e+00 1.386533440337638368e+00
1.302701877918712281e+00 2.367700347428100205e+00 2.183507570886807692e+00 2.327054243321873273e+00 1.396721269654110920e+00
1.316589884936879784e+00 2.368851702795605974e+00 2.188405711542654508e+00 2.297096910063630482e+00 1.403840070517402561e+00
1.308645068364063357e+00 2.336562034410904598e+00 2.173074504257781481e+00 2.245788447204066340e+00 1.415340475998165815e+00
1.267596256819119471e+00 2.308976618425189642e+00 2.156291041966814426e+00 2.214376040907408250e+00 1.472860778506114521e+00
1.251169265029072220e+00 2.312739463100021098e+00 2.154825051892787169e+00 2.206531386610659951e+00 1.503143080327447922e+00
1.241638034517839495e+00 2.312409750867200575e+00 2.160729255857389841e+00 2.199316611877402128e+00 1.525269045312447780e+00
1.269410149041614533e+00 2.320155407208701615e+00 2.175414836577231004e+00 2.216490901669009972e+00 1.510001163458780216e+00
1.255344930704476614e+00 2.328745610117162634e+00 2.160378910887924775e+00 2.217218858733108533e+00 1.505578041710639470e+00
1.242478335387383614e+00 2.308283647157537644e+00 2.155017425856127211e+00 2.205375587105191215e+00 1.525761121369773043e+00
1.226172543382470836e+00 2.252007575469677114e+00 2.152985738733477650e+00 2.204762346012139052e+00 1.565349312833024920e+00
1.230205440870488776e+00 2.226595542693400098e+00 2.180488160996793656e+00 2.190115180733878564e+00 1.573489714129139294e+00
1.255433397759855962e+00 2.207143580954237017e+00 2.181639537169708820e+00 2.184315025396731169e+00 1.571038075696653991e+00
1.271047417279882907e+00 2.193684944232607403e+00 2.173737241392142305e+00 2.191310851383747593e+00 1.579252438303451633e+00
1.300000000000000044e+00 2.169999999999999929e+00 2.154999999999999805e+00 2.209999999999999964e+00 1.600000000000000089e+00
