8.699999999999999956e-01 2.740000000000000213e+00 1.850000000000000089e+00 2.629999999999999893e+00 1.350000000000000089e+00
8.912255907308459513e-01 2.730128823344403877e+00 1.844584995150774231e+00 2.588488682686346465e+00 1.343956611342919105e+00
9.235258298155173406e-01 2.717685863327466311e+00 1.832449773317040398e+00 2.562734549557626806e+00 1.328140037000083762e+00
9.484015068558496742e-01 2.731131168695481559e+00 1.861538422368777423e+00 2.542217259677407970e+00 1.333575181702331136e+00
9.798579042055695076e-01 2.730342588289162098e+00 1.898567790172524195e+00 2.547777018203461363e+00 1.336465326777382057e+00
1.015481816054607078e+00 2.722261671102494507e+00 1.930446822898646664e+00 2.559074254739731380e+00 1.336765372355874559e+00
1.045418251580871649e+00 2.720628055388945032e+00 1.968722972242922475e+00 2.563029353643314856e+00 1.339362270112942621e+00
1.065755766243902336e+00 2.729844832237583230e+00 2.009965802178293792e+00 2.551151230774212131e+00 1.338675381379120344e+00
1.084126353975211510e+00 2.745684777829247913e+00 2.045514008375028059e+00 2.527952817363439575e+00 1.334410866337906842e+00
1.113508332064330197e+00 2.760937362907839088e+00 2.076578161650660004e+00 2.507898107846110669e+00 1.331096925162187583e+00
1.156721873078404350e+00 2.753618885693953633e+00 2.096414162085485255e+00 2.496017678708784882e+00 1.328400704232423513e+00
1.187031498212988812e+00 2.715307000372548796e+00 2.115526457508710934e+00 2.478111856368148125e+00 1.327775731125659053e+00
1.209328001968516642e+00 2.719625744004895651e+00 2.156847512908639519e+00 2.475134316550776425e+00 1.329875415620760615e+00
1.228830513058761120e+00 2.732086580760372474e+00 2.199792719102257266e+00 2.477355417493793066e+00 1.327759575677863513e+00
1.240627123008028354e+00 2.686658584518204940e+00 2.211584467305699242e+00 2.479085143599965235e+00 1.327257344445754494e+00
1.239920139382866271e+00 2.630503107042132971e+00 2.188895895680336601e+00 2.471432086582871168e+00 1.332174787254941206e+00
1.246313763076277503e+00 2.573410691127569372e+00 2.180825206640717440e+00 2.452425462576937498e+00 1.338518832006533543e+00
1.257547485531656850e+00 2.522457933995615242e+00 2.187916885211314888e+00 2.425891676752140125e+00 1.345543887657671078e+00
1.269996700883210261e+00 2.468114367749391302e+00 2.190679575055438200e+00 2.403376448636496576e+00 1.352230181272806142e+00
1.278793484730242902e+00 2.411498338583483392e+00 2.178138094824300097e+00 2.388803838112158573e+00 1.358621276873203554e+00
1.306943926865927308e+00 2.384374334919641125e+00 2.194826397269877383e+00 2.378039563496892494e+00 1.379424936704106042e+00
1.316206246435956517e+00 2.382477354270222225e+00 2.200286740048850387e+00 2.343406591888021140e+00 1.401770494166982406e+00
1.307644550177457177e+00 2.377829301853811916e+00 2.179804369685612198e+00 2.308334327059213376e+00 1.419051998628052536e+00
1.291765340005788687e+00 2.363827252108809063e+00 2.158444790938482072e+00 2.270994193912200032e+00 1.426203875064138149e+00
1.278870363802290466e+00 2.351489957444865553e+00 2.144737237355036630e+00 2.231238785561932225e+00 1.431801136480310044e+00
1.276394378107639671e+00 2.337086724713136832e+00 2.131562879103106045e+00 2.215028470378256120e+00 1.462306041769974474e+00
1.266643501500084312e+00 2.323249314557946477e+00 2.134697142440714401e+00 2.215461838005126083e+00 1.496358644354838896e+00
1.257109222037597895e+00 2.323580950455511829e+00 2.148010674535790088e+00 2.221823282386246490e+00 1.529663359955232949e+00
1.243947295731348213e+00 2.333989283949175153e+00 2.158163045111815226e+00 2.226977088047480180e+00 1.562670949234339357e+00
1.230789701210735609e+00 2.344395980779187205e+00 2.168272882921375100e+00 2.232127251169515159e+00 1.595687179799863742e+00
1.223003762488779955e+00 2.320218348720411328e+00 2.152613516571153518e+00 2.228457018868262196e+00 1.620927371918442716e+00
1.238048424972308048e+00 2.267401429188970585e+00 2.136435728830551550e+00 2.217470065304688376e+00 1.609655469213146839e+00
1.270291565604204642e+00 2.218729957363301697e+00 2.137493595560367332e+00 2.210498104532706787e+00 1.601846256060099893e+00
1.300000000000000044e+00 2.169999999999999929e+00 2.154999999999999805e+00 2.209999999999999964e+00 1.600000000000000089e+00
