8.699999999999999956e-01 2.740000000000000213e+00 1.850000000000000089e+00 2.629999999999999893e+00 1.350000000000000089e+00
8.999437557463340065e-01 2.720483114106098554e+00 1.856690659346473149e+00 2.611402884490674481e+00 1.344426238947056040e+00
9.266369491189545560e-01 2.711322609778409110e+00 1.856329567486592946e+00 2.586919636160516234e+00 1.333254958051970140e+00
9.463694786652898649e-01 2.747036639995740437e+00 1.871021120803661786e+00 2.585223064842243623e+00 1.331075022947280750e+00
9.714024846134142743e-01 2.756437025579361322e+00 1.900275655618020920e+00 2.588590236174224568e+00 1.328260724600011988e+00
1.000636350035862598e+00 2.765743816496737395e+00 1.925231971194962588e+00 2.586218001749900797e+00 1.328666864308244877e+00
1.031943098280282856e+00 2.758140671230580487e+00 1.944745471464425890e+00 2.575467420162981025e+00 1.332705177141498609e+00
1.059962934157822279e+00 2.737119082942759185e+00 1.957168695009380510e+00 2.557029647026765051e+00 1.335697171368855463e+00
1.081914552622935233e+00 2.713491014296053105e+00 1.967337909498704906e+00 2.531805191218724715e+00 1.337116066771538492e+00
1.103783219731313547e+00 2.695462544873825195e+00 1.986231712592644527e+00 2.509229051152557233e+00 1.336034510199323844e+00
1.127326701524318686e+00 2.690555794893859431e+00 2.015522118094787540e+00 2.499089761099643425e+00 1.331951877757473701e+00
1.145086276325329111e+00 2.702192907684673795e+00 2.049521378494202128e+00 2.495938832139581898e+00 1.329274456168971774e+00
1.156142058292386254e+00 2.720547597138404772e+00 2.084393223865026012e+00 2.501634327097088217e+00 1.332537918137302491e+00
1.169963906708895385e+00 2.738721814585603376e+00 2.115605674253528079e+00 2.514484566999550808e+00 1.338604404599041953e+00
1.192321547094929102e+00 2.751303778075572026e+00 2.144939986205784521e+00 2.524176791206376169e+00 1.341566528392877267e+00
1.216919295231729148e+00 2.747877331518687072e+00 2.175413280962041007e+00 2.523988762405031228e+00 1.341577820488898620e+00
1.232517074782837785e+00 2.721747512319560247e+00 2.202962292888024809e+00 2.512538354103476479e+00 1.340987176055986607e+00
1.235713900951581401e+00 2.678857376231665199e+00 2.214135647171270982e+00 2.494130752746898771e+00 1.341704044270360274e+00
1.242422683058112209e+00 2.645329018221844741e+00 2.239043932015519545e+00 2.480441241894024706e+00 1.346677265087265596e+00
1.254848824278097297e+00 2.609952781992070925e+00 2.256448813753166860e+00 2.463142097511730189e+00 1.354511340073812464e+00
1.276339853111951861e+00 2.577460396605684156e+00 2.260703648974594859e+00 2.442635334076867615e+00 1.352167610478962390e+00
1.294725784717012385e+00 2.542798440239662838e+00 2.262664909908531641e+00 2.424353555151319561e+00 1.340034606285449126e+00
1.305461241732143840e+00 2.506014933914893827e+00 2.270150066138115541e+00 2.406202221269989838e+00 1.325163880706124120e+00
1.301125429771365472e+00 2.471567678963481285e+00 2.266265557611559345e+00 2.381688673389879440e+00 1.327972998283938333e+00
1.284318319880083381e+00 2.455548087907477139e+00 2.244896615388287220e+00 2.369231577724389748e+00 1.347776016408788635e+00
1.266178913498664738e+00 2.443340391380972587e+00 2.220789749611498110e+00 2.360853697897951520e+00 1.367166892130545097e+00
1.249081957419698963e+00 2.433680168148340872e+00 2.197056648175873761e+00 2.348804268485932045e+00 1.386720157159939237e+00
1.235840032208664008e+00 2.423590365693888860e+00 2.177837301605288545e+00 2.327625326096845360e+00 1.406129705888380821e+00
1.229326844402584884e+00 2.410439466293413435e+00 2.170114905879959366e+00 2.297317704396394600e+00 1.423753114291015143e+00
1.229600582542829557e+00 2.400751648578090869e+00 2.175687488591699026e+00 2.265570574559703676e+00 1.441816467496972010e+00
1.234775062352025055e+00 2.398331509698646613e+00 2.187805656513046149e+00 2.239432789484190334e+00 1.464377963422161644e+00
1.243177025239401878e+00 2.394613422418342630e+00 2.199514476050981493e+00 2.220297946918142085e+00 1.491351805483135617e+00
1.251427182796744253e+00 2.391644364171659820e+00 2.207638380926670418e+00 2.206153941653419270e+00 1.521610775763193146e+00
1.256620213416099752e+00 2.392414094216763765e+00 2.212713018920609898e+00 2.192721316274587551e+00 1.553185279342966352e+00
1.246253935260902557e+00 2.417845727981053461e+00 2.199559844934551034e+00 2.186396872405416580e+00 1.576501717352573273e+00
1.253657674982927794e+00 2.443307026023228357e+00 2.177530169444768404e+00 2.190134588343453093e+00 1.587687763880972103e+00
1.269948131505691302e+00 2.406188871812742658e+00 2.179094421188143560e+00 2.194719593842383354e+00 1.605542284492605276e+00
1.269437043348178085e+00 2.361428008237875797e+00 2.190969615075024635e+00 2.205977105119452109e+00 1.615415104640554933e+00
1.269390337679326297e+00 2.309462850893416519e+00 2.184344558823517968e+00 2.209188075909530369e+00 1.618121319144809167e+00
1.278068090163026804e+00 2.262067151938376597e+00 2.170884414015975317e+00 2.209354559583841748e+00 1.622213323387625916e+00
1.286663380592672157e+00 2.216461944950367080e+00 2.166690161884063048e+00 2.209468917184060910e+00 1.606685071721559499e+00
1.300000000000000044e+00 2.169999999999999929e+00 2.154999999999999805e+00 2.209999999999999964e+00 1.600000000000000089e+00
