8.699999999999999956e-01 2.740000000000000213e+00 1.850000000000000089e+00 2.629999999999999893e+00 1.350000000000000089e+00
9.009451329709488032e-01 2.770828528045490291e+00 1.840632326660610607e+00 2.608693488293798435e+00 1.352337749679405565e+00
9.354711838054958761e-01 2.766554334908827073e+00 1.849024952696108004e+00 2.583184492618757488e+00 1.348206933806638474e+00
9.642964958357322924e-01 2.753741747689362640e+00 1.874665515030301099e+00 2.572209747884555142e+00 1.341227029245377622e+00
9.922830182093548279e-01 2.741493673382714213e+00 1.902513044894614369e+00 2.561898965970586861e+00 1.336550749552280593e+00
1.016991247006289179e+00 2.726431122497395609e+00 1.931451497916415683e+00 2.548401943198038921e+00 1.332910099403627369e+00
1.037055378399784900e+00 2.712463356451871643e+00 1.963734804637697451e+00 2.536111640859500138e+00 1.329744892957418267e+00
1.054802715855622131e+00 2.705761519929209324e+00 1.999018615461865434e+00 2.528063672671977624e+00 1.328185211968264889e+00
1.072459465894023634e+00 2.707927923066798748e+00 2.034950696293583494e+00 2.522179856029171940e+00 1.328661384959943570e+00
1.092549250912722369e+00 2.708203382533825643e+00 2.069048144571123515e+00 2.511913152330346843e+00 1.329997784764843871e+00
1.117577818699231340e+00 2.685030476850011283e+00 2.092592134274676496e+00 2.494725377317842607e+00 1.330497627761572765e+00
1.147476617617604777e+00 2.652493367084480358e+00 2.109618929535786336e+00 2.480723250100775878e+00 1.329477148721043944e+00
1.181677238191528145e+00 2.633219367179098214e+00 2.130226379663543224e+00 2.474826981183533725e+00 1.326489189135096058e+00
1.215766726761295269e+00 2.626188058977446893e+00 2.154791011008659662e+00 2.474605050284326424e+00 1.323372091216168167e+00
1.244131620075051403e+00 2.602142417049568390e+00 2.179461948830720530e+00 2.471389983046489824e+00 1.327023715130639214e+00
1.258846753777556060e+00 2.552217384265306865e+00 2.177273955629769109e+00 2.455951928823163932e+00 1.331163010386494205e+00
1.266105659219403989e+00 2.498428664530721210e+00 2.167504541769637250e+00 2.437678421964899478e+00 1.336729472103896033e+00
1.276605784734770044e+00 2.444107054916738964e+00 2.171339738633087268e+00 2.422924600772739634e+00 1.345375968323904381e+00
1.286226071146455929e+00 2.394998603531942383e+00 2.184331837336642934e+00 2.407687924683493907e+00 1.356525263372256651e+00
1.291502679369950668e+00 2.357406177696950156e+00 2.197279939855652842e+00 2.381927041061122630e+00 1.370020493531568073e+00
1.296831644815573670e+00 2.340201862951444944e+00 2.199293579456231829e+00 2.345507316666532560e+00 1.384806871829314945e+00
1.303189481098325553e+00 2.339997514057035044e+00 2.189207214929338452e+00 2.306530607645029818e+00 1.397016655937741492e+00
1.305876562421628417e+00 2.345203377322369054e+00 2.176309773614129917e+00 2.272851359742885879e+00 1.414543536778898103e+00
1.298519020665594104e+00 2.340107475563868000e+00 2.168543483843863751e+00 2.259975739040801734e+00 1.441813584380840174e+00
1.284750445195763646e+00 2.325126206250495375e+00 2.162537583820570042e+00 2.257381482965672426e+00 1.469756078039359037e+00
1.268633385102455602e+00 2.310606401370812524e+00 2.158587410171083132e+00 2.252861988452669273e+00 1.497357454691662815e+00
1.252431559702953612e+00 2.304044277299149623e+00 2.162489678200923748e+00 2.243037318322224305e+00 1.524802212622599074e+00
1.237868561363649755e+00 2.300871674835275993e+00 2.174328947096918263e+00 2.228127688061962708e+00 1.550399592368898460e+00
1.225096257382572551e+00 2.286569824653296390e+00 2.180209589999096309e+00 2.204184117014932998e+00 1.573056489106606781e+00
1.215483848991722349e+00 2.287097919452705241e+00 2.150491409267027088e+00 2.196604722929537790e+00 1.577232859757557115e+00
1.219148723421150216e+00 2.307174246532738504e+00 2.128594213394837009e+00 2.218723156556646536e+00 1.594248703325892969e+00
1.256042266744013425e+00 2.316126887799204059e+00 2.111058743480416666e+00 2.210400366876215994e+00 1.592840040711652527e+00
1.286147559020717424e+00 2.275022743522603808e+00 2.116948982271865454e+00 2.205352515361403754e+00 1.601093339987702979e+00
1.294300571396475252e+00 2.222144967545721883e+00 2.135875558226157267e+00 2.202601436332524809e+00 1.607039703226882610e+00
1.300000000000000044e+00 2.169999999999999929e+00 2.154999999999999805e+00 2.209999999999999964e+00 1.600000000000000089e+00
