8.699999999999999956e-01 2.740000000000000213e+00 1.850000000000000089e+00 2.629999999999999893e+00 1.350000000000000089e+00
9.040583377320600134e-01 2.756834918557718339e+00 1.862924543330709781e+00 2.612450991546547030e+00 1.347088752782487742e+00
9.369489300480553506e-01 2.761420037613653733e+00 1.880698240661888843e+00 2.593004831386716447e+00 1.344186474007330601e+00
9.648089727293199802e-01 2.758133883050160495e+00 1.904193346933200415e+00 2.572848591483663405e+00 1.339662357719350716e+00
9.937881569069776377e-01 2.747539552428662546e+00 1.929377474074255083e+00 2.561126829369833047e+00 1.332343746357605774e+00
1.022876936416071691e+00 2.734189856064498159e+00 1.956874060227769441e+00 2.556417931430646995e+00 1.327034988454316444e+00
1.049340933229570227e+00 2.724894651177690363e+00 1.988585063006224063e+00 2.553307411781144953e+00 1.326051948597393615e+00
1.072860792157857679e+00 2.722920780141176333e+00 2.022915604352978569e+00 2.548638356307284081e+00 1.326720440594103989e+00
1.094819558510080171e+00 2.725162431605240521e+00 2.057606271786555752e+00 2.540705759702956534e+00 1.325638862034183463e+00
1.114855556559164462e+00 2.725127387925546874e+00 2.092399313485281631e+00 2.530016869673771485e+00 1.322256260794223648e+00
1.131846359646377032e+00 2.718008601362126520e+00 2.128294862894181350e+00 2.520487816085803523e+00 1.317726636097287241e+00
1.147589516625806549e+00 2.700799979735938550e+00 2.163456551781064885e+00 2.514479928766591765e+00 1.313148751414915161e+00
1.169040153533755344e+00 2.667765134692959172e+00 2.187322625551591404e+00 2.508515710308122593e+00 1.314201552914718185e+00
1.199924543113310538e+00 2.660143050226704720e+00 2.210194391384105117e+00 2.499783246847095519e+00 1.321322686876306163e+00
1.232286005216450153e+00 2.661743034071621494e+00 2.233936234712081692e+00 2.488028157758852554e+00 1.326144971080078117e+00
1.260191290043649825e+00 2.631106069244570911e+00 2.245970849581326867e+00 2.474042293655056568e+00 1.325124445119085781e+00
1.274506574608438303e+00 2.581306267144696687e+00 2.239680381329339998e+00 2.470875571831494533e+00 1.326940052577702867e+00
1.285741666826700325e+00 2.531141443973359717e+00 2.232096087269893392e+00 2.469879078072116041e+00 1.334794580251181362e+00
1.294470123277665863e+00 2.486364647491749569e+00 2.236309174514832243e+00 2.454386041776397853e+00 1.345317906460093083e+00
1.298354263232129435e+00 2.444985762409938701e+00 2.245284504284497551e+00 2.430312101434787930e+00 1.351431182127192265e+00
1.302838327059504975e+00 2.402803516476860413e+00 2.256053848220313185e+00 2.406862760535826151e+00 1.355929570504508686e+00
1.313716570195117894e+00 2.363951679666492556e+00 2.269919911799509471e+00 2.387395829520445378e+00 1.365377768504944189e+00
1.320355486710764525e+00 2.326411562754341134e+00 2.266989699241465761e+00 2.371101272129644055e+00 1.381978230562554311e+00
1.307330517390081770e+00 2.303294225866315159e+00 2.239595578119465635e+00 2.356126660224944214e+00 1.388904506143094464e+00
1.290746169189397552e+00 2.294462374719772768e+00 2.214339735923089414e+00 2.328855292218246831e+00 1.389672792427752102e+00
1.280019002345270884e+00 2.293755304658604111e+00 2.200038272681350993e+00 2.291996476344900557e+00 1.393410944611301883e+00
1.272978451374521036e+00 2.297317549113270463e+00 2.189789981816551823e+00 2.255189260747747060e+00 1.403804661810527543e+00
1.265476066239847652e+00 2.309358510123908026e+00 2.177918567287307372e+00 2.228739734600354350e+00 1.422870977504673951e+00
1.254672132082321534e+00 2.321029000964848432e+00 2.166548207274761051e+00 2.217652458913962565e+00 1.448166009746376881e+00
1.243481143013793089e+00 2.319050210144057989e+00 2.161632943650356520e+00 2.210707968872585472e+00 1.476019763102147220e+00
1.233005196937943637e+00 2.305238990324693038e+00 2.160470399407903752e+00 2.199715197413124379e+00 1.502691942470552267e+00
1.222708264689557511e+00 2.288227616774188622e+00 2.158309800038074044e+00 2.187404445465147340e+00 1.528680273038590220e+00
1.212624994134800405e+00 2.275967432630517706e+00 2.153447341112606495e+00 2.178939868259791357e+00 1.555953761551919889e+00
1.207543240853329758e+00 2.289699710224941676e+00 2.151869535446440551e+00 2.178975881099643352e+00 1.583410126938539886e+00
1.208552942248595663e+00 2.301768354566904762e+00 2.174109708689407228e+00 2.185397264383386773e+00 1.605837000098539580e+00
1.237278579134715617e+00 2.305141144454186275e+00 2.192045535653745159e+00 2.197812728745990096e+00 1.602252596133142859e+00
1.259511010145320409e+00 2.261107489148196148e+00 2.180070915345874383e+00 2.202410453891854303e+00 1.600566359581212073e+00
1.279755505072660116e+00 2.215553744574098261e+00 2.167535457672936872e+00 2.206205226945927134e+00 1.600283179790606081e+00
1.300000000000000044e+00 2.169999999999999929e+00 2.154999999999999805e+00 2.209999999999999964e+00 1.600000000000000089e+00
