8.699999999999999956e-01 2.740000000000000213e+00 1.850000000000000089e+00 2.629999999999999893e+00 1.350000000000000089e+00
8.999508552421028318e-01 2.721744945133494298e+00 1.849017600450676424e+00 2.606653017510728976e+00 1.339926933089724992e+00
9.367635081185107238e-01 2.719616414510160674e+00 1.857372987755451010e+00 2.588370014095740412e+00 1.335754105071810693e+00
9.702636599694468567e-01 2.744389615690967954e+00 1.869452137267082481e+00 2.575881797006210672e+00 1.336357385349286719e+00
9.958278297930946987e-01 2.750132728643824187e+00 1.897089956227874019e+00 2.570357176309977731e+00 1.328397542435651113e+00
1.016703620529973318e+00 2.740251437216119079e+00 1.926107891993695143e+00 2.553798834324469524e+00 1.326263524699724972e+00
1.038051546398011116e+00 2.741661887438059608e+00 1.956628045461768828e+00 2.540906524201251404e+00 1.330783995502530015e+00
1.057049924249640060e+00 2.752564086790569409e+00 1.986634207489618831e+00 2.550397097036837035e+00 1.339573966949252792e+00
1.072479448207077413e+00 2.736631264286427001e+00 2.010864571904682929e+00 2.525264959774824014e+00 1.333504039303293531e+00
1.097843426445859638e+00 2.730143125471146348e+00 2.038608662926572723e+00 2.511501545791888557e+00 1.332148358721366055e+00
1.125334555733786379e+00 2.728683120655857497e+00 2.067232403794685425e+00 2.504815575771131009e+00 1.332813163840714132e+00
1.150855031088917402e+00 2.735442441068293373e+00 2.096818921489248311e+00 2.503464908034298553e+00 1.337729588717797791e+00
1.173403317468966645e+00 2.745233371749365325e+00 2.127904513372195439e+00 2.505068401290602154e+00 1.343131264976962003e+00
1.196311285841875405e+00 2.741908991745733104e+00 2.159215519232418501e+00 2.507778564375051200e+00 1.339409838573248912e+00
1.218437371243638268e+00 2.725980608536025862e+00 2.186190914865717261e+00 2.511417981727733117e+00 1.328245648980620475e+00
1.241144351951355418e+00 2.709076541759858792e+00 2.213198050455348564e+00 2.517888757543029321e+00 1.318308228036201291e+00
1.265066842044353823e+00 2.692618870060800251e+00 2.241985430539314983e+00 2.523513285092534364e+00 1.318742069648094262e+00
1.283146000962832822e+00 2.655013831110581535e+00 2.255739989542905555e+00 2.510731994080841911e+00 1.326903281610448238e+00
1.290340002789359009e+00 2.609779317309395275e+00 2.251449986567813255e+00 2.487107112453327051e+00 1.332224554408992789e+00
1.294713573996977063e+00 2.561634856410166527e+00 2.236284531407125353e+00 2.472800101850121557e+00 1.335870982506800697e+00
1.299570080663319249e+00 2.516912707147180406e+00 2.212868304071614389e+00 2.471604204483678124e+00 1.335655175915750448e+00
1.311406470087148612e+00 2.474053691312779968e+00 2.207000604447722392e+00 2.448196603783009184e+00 1.338155316646272963e+00
1.317142566817823601e+00 2.443069910921713550e+00 2.214304523630589827e+00 2.415894941903723669e+00 1.347506733171321747e+00
1.313641364335852435e+00 2.402136405745682435e+00 2.209757742988064599e+00 2.392958808321218989e+00 1.360330850235836442e+00
1.310451829298566517e+00 2.356477084492601293e+00 2.206302690639771136e+00 2.379076750619963043e+00 1.375278564538298998e+00
1.320123550276651514e+00 2.370252262482439143e+00 2.228069947984964827e+00 2.362607378759626897e+00 1.364770659554879417e+00
1.303331535864286073e+00 2.382727525307631655e+00 2.223407445014326189e+00 2.335127592918032402e+00 1.383181144094396853e+00
1.288161447302259566e+00 2.387870911863656964e+00 2.213874717779952483e+00 2.300526946436247666e+00 1.395427521909365920e+00
1.276743289160903849e+00 2.391051551275699349e+00 2.201364518903258904e+00 2.262581991099219092e+00 1.402401994008907193e+00
1.268133532598146873e+00 2.386784613897408924e+00 2.185388035004333318e+00 2.231628407138518178e+00 1.417882449108660348e+00
1.264070841470356976e+00 2.367447408436319733e+00 2.174468384401512022e+00 2.217615778435845897e+00 1.442486677838906051e+00
1.258810288264702093e+00 2.339084225768093273e+00 2.169425197470690847e+00 2.203367982127714342e+00 1.465906639425321067e+00
1.245900773128324701e+00 2.307875277978360007e+00 2.169089358517517496e+00 2.190057005011904590e+00 1.487360723659912010e+00
1.227849919478007479e+00 2.279228684048002496e+00 2.167396196833702771e+00 2.186721731884694542e+00 1.509667267763699083e+00
1.212566968524249944e+00 2.264770262371337495e+00 2.159588961061610579e+00 2.194490832891544230e+00 1.534967872173393477e+00
1.205517862299058551e+00 2.279019962289944079e+00 2.155163112564898675e+00 2.195981243926481863e+00 1.562679508437868181e+00
1.216852013158627122e+00 2.281207770847299088e+00 2.176850863700558580e+00 2.179164228834053585e+00 1.580745588413960290e+00
1.244303119399852386e+00 2.284360379639097882e+00 2.193115792876415782e+00 2.181201396014393001e+00 1.599303097955286912e+00
1.281434606031019108e+00 2.297737553608874883e+00 2.205329220214010899e+00 2.186658650263065162e+00 1.606601220703083310e+00
1.302193813292983116e+00 2.260242681197655035e+00 2.197718162264680863e+00 2.188508048301960329e+00 1.593882890138826003e+00
1.301547451199953631e+00 2.214305707163402914e+00 2.176603574920970452e+00 2.198677263584440933e+00 1.595745340640788656e+00
1.300000000000000044e+00 2.169999999999999929e+00 2.154999999999999805e+00 2.209999999999999964e+00 1.600000000000000089e+00
