8.699999999999999956e-01 2.740000000000000213e+00 1.850000000000000089e+00 2.629999999999999893e+00 1.350000000000000089e+00
8.994455552177657021e-01 2.752927018747000965e+00 1.845810634933509720e+00 2.608791748193174165e+00 1.346918019686142109e+00
9.218896833903221788e-01 2.763703623899396611e+00 1.857416853277338520e+00 2.584211951813363495e+00 1.340879586450007599e+00
9.438733590981052135e-01 2.764731892779595857e+00 1.877796761661141733e+00 2.564369104290109114e+00 1.338096999413768362e+00
9.723003204379854214e-01 2.769278498714761838e+00 1.899067378241169113e+00 2.556629481013923844e+00 1.335765720905628617e+00
1.005569343360288359e+00 2.763801074569683269e+00 1.915194362723716015e+00 2.551713821269898652e+00 1.333681443966095781e+00
1.033361038553390010e+00 2.746645242075278937e+00 1.935110178660282454e+00 2.545344869685683076e+00 1.333707033504159645e+00
1.053979126832881086e+00 2.723026971464348023e+00 1.958428603418983949e+00 2.537919816118168193e+00 1.333876867417453482e+00
1.072417383407798797e+00 2.701601655579309647e+00 1.983481166489019953e+00 2.529349247288349201e+00 1.331704804657198427e+00
1.090423015068832990e+00 2.691155948660448605e+00 2.011092700038899839e+00 2.521329882165806779e+00 1.327607143570535886e+00
1.107067231975948918e+00 2.694614021869369047e+00 2.040627348088908555e+00 2.516508959600551432e+00 1.324006983559090411e+00
1.124759712545715384e+00 2.703916890359765013e+00 2.069886743206229340e+00 2.515972906816356325e+00 1.322252137334992694e+00
1.147703483045037887e+00 2.706840977509955337e+00 2.096807321875123975e+00 2.517203709839256121e+00 1.321719094668353911e+00
1.174845198707868743e+00 2.697694626729081779e+00 2.119651181931093920e+00 2.513965171699721779e+00 1.321272636921539512e+00
1.200626773492515120e+00 2.679841123807804149e+00 2.138240611712856509e+00 2.501070873675370621e+00 1.320391817010805990e+00
1.220125931879138648e+00 2.654573353684166914e+00 2.151659206356447029e+00 2.479614341638390229e+00 1.320182707639846242e+00
1.233361296595832712e+00 2.616579430508026327e+00 2.159798837577387776e+00 2.460338606783631921e+00 1.324468785103777524e+00
1.244339165756647159e+00 2.571008942734876790e+00 2.165212003623993020e+00 2.455058472206331110e+00 1.334792908602981498e+00
1.255997673762623945e+00 2.525206186793029328e+00 2.170016619549604897e+00 2.453474618448909350e+00 1.346744226877231831e+00
1.268852104775739953e+00 2.480681687934446877e+00 2.175224943383392784e+00 2.446230976291215331e+00 1.357679557127535297e+00
1.284923225142739378e+00 2.441863533797858032e+00 2.184729217484309149e+00 2.435670592056968786e+00 1.368593169879274596e+00
1.302893189759437798e+00 2.430319578955399518e+00 2.200185582686341679e+00 2.417702318495457803e+00 1.382196106379319334e+00
1.292165084535641606e+00 2.421566354942588983e+00 2.191465134880830945e+00 2.387139049432795090e+00 1.383105834776113818e+00
1.275320020604246540e+00 2.429722573602458802e+00 2.190553074616421458e+00 2.355412920686603684e+00 1.383846129108886380e+00
1.257109030846200515e+00 2.454702071148948228e+00 2.195461467141198941e+00 2.329519352656340470e+00 1.387573747844107475e+00
1.237531653313394431e+00 2.476021644639403885e+00 2.199107600531211126e+00 2.305456344400567570e+00 1.398073875417683354e+00
1.222572274046508811e+00 2.481337353193993955e+00 2.195715734982245593e+00 2.283254829792658924e+00 1.417152293952628872e+00
1.215614835867545374e+00 2.472981799254253765e+00 2.188753978624375929e+00 2.267154548034360229e+00 1.441425109552800343e+00
1.214999359596546702e+00 2.460356289931194596e+00 2.184948019893516502e+00 2.257626227393885632e+00 1.468578469956917321e+00
1.222159852695904547e+00 2.452133024186297749e+00 2.184699646125268124e+00 2.252958592109969960e+00 1.496709480424669225e+00
1.236877303790658411e+00 2.454746966242762785e+00 2.182872264594378109e+00 2.251470987684274672e+00 1.523571277897618259e+00
1.253387784642917779e+00 2.468039673785699772e+00 2.172617427194063033e+00 2.251906254592578094e+00 1.547141866423264123e+00
1.264967165245824532e+00 2.475935438243926701e+00 2.152314004992348817e+00 2.251814565771288024e+00 1.567904011061919789e+00
1.269768681488353979e+00 2.447830564933315856e+00 2.137873656336036099e+00 2.251178427446542951e+00 1.586120315292906646e+00
1.268869927834567424e+00 2.435241742555667610e+00 2.143750579174164894e+00 2.263560175414201403e+00 1.609739305641247675e+00
1.270165879237056039e+00 2.456182001026423478e+00 2.143057175463179309e+00 2.266101957844739889e+00 1.631668699708876513e+00
1.276032780863211480e+00 2.413425199321477699e+00 2.151483779556163878e+00 2.247455072840760515e+00 1.634209324485433878e+00
1.280116727767345530e+00 2.365213769903863117e+00 2.159497067054890529e+00 2.237054035893458970e+00 1.627892342683044058e+00
1.285907089437464235e+00 2.316031674559749565e+00 2.163235199338465975e+00 2.232192299960118476e+00 1.618175867787628341e+00
1.292686545047158297e+00 2.269682413537613463e+00 2.160167653931571952e+00 2.234054767743270720e+00 1.604698369524921286e+00
1.296147306357192885e+00 2.218060631450915032e+00 2.159351234028854982e+00 2.225169797068551780e+00 1.601430039996652788e+00
1.300000000000000044e+00 2.169999999999999929e+00 2.154999999999999805e+00 2.209999999999999964e+00 1.600000000000000089e+00
