8.699999999999999956e-01 2.740000000000000213e+00 1.850000000000000089e+00 2.629999999999999893e+00 1.350000000000000089e+00
9.065600258291021118e-01 2.737249091238576071e+00 1.856476925396735034e+00 2.618733201225110996e+00 1.343296208591354235e+00
9.418628427034194672e-01 2.725502308565266762e+00 1.856705246386002983e+00 2.604272483190614107e+00 1.337221000456867870e+00
9.622211080230939073e-01 2.696722501260304661e+00 1.842287956408122707e+00 2.582345683324910546e+00 1.334755503841439594e+00
9.721215087860249904e-01 2.724600182411143212e+00 1.862661431523721101e+00 2.567214400082035830e+00 1.333674189034167012e+00
9.991204439916008262e-01 2.741457256458443403e+00 1.887529345958544713e+00 2.563216703729831014e+00 1.333881238796321256e+00
1.026223162776079834e+00 2.739258837244610501e+00 1.915676955942091864e+00 2.560449061469054932e+00 1.337941884221539812e+00
1.050286965030686304e+00 2.745239115105932548e+00 1.946195791862795232e+00 2.556059654839229811e+00 1.341456151537665065e+00
1.074129021789814953e+00 2.739952658039250810e+00 1.976513767879689798e+00 2.548045075019357064e+00 1.343505049730765899e+00
1.096866853057061331e+00 2.719232496721779579e+00 2.003054306979541455e+00 2.536206970629105051e+00 1.346020030123906031e+00
1.117841745689493571e+00 2.691470399882275100e+00 2.026403352683875170e+00 2.521415337954103553e+00 1.344278016828940769e+00
1.134396825638905426e+00 2.670136340194896540e+00 2.055992705356821659e+00 2.510429259600367224e+00 1.338220182004515424e+00
1.142959585308926496e+00 2.684572243319583773e+00 2.091355897525946972e+00 2.509799017067516846e+00 1.342818459498394290e+00
1.162575113707964514e+00 2.698381097162469100e+00 2.123625936105543843e+00 2.515822907758422211e+00 1.341710505484089877e+00
1.190419984724137681e+00 2.698068629502773597e+00 2.149482418641992520e+00 2.523465847103458781e+00 1.336150464019778772e+00
1.220932655504354925e+00 2.686194871814421958e+00 2.172836629945448017e+00 2.528366367250576285e+00 1.334180684499085112e+00
1.244492690467078333e+00 2.654309888854761379e+00 2.189729605602748208e+00 2.516489238030512610e+00 1.333560768482277892e+00
1.246358773370481732e+00 2.621640255091535199e+00 2.188486113208468531e+00 2.488035264292503435e+00 1.342262518760122481e+00
1.238476987054172307e+00 2.623551489783443991e+00 2.179311054246634516e+00 2.459067804939562230e+00 1.358780049135149826e+00
1.231608897946175230e+00 2.631453731397348506e+00 2.175791564466385442e+00 2.423612991987809107e+00 1.369998890473773434e+00
1.227850607720994969e+00 2.625972931973566293e+00 2.184605341877094986e+00 2.385018302657266442e+00 1.368261732531026675e+00
1.231970531945715264e+00 2.616859209317114576e+00 2.209170090579406942e+00 2.366787263809380537e+00 1.352431814064488647e+00
1.237209118617830894e+00 2.614132052512418536e+00 2.204552255847985531e+00 2.369554006471531693e+00 1.377978295675409415e+00
1.238490323196092868e+00 2.594267034021427776e+00 2.198547398539448583e+00 2.360528001962275191e+00 1.401588859420650479e+00
1.239618083335125798e+00 2.581029271010540693e+00 2.202598878747644040e+00 2.345230670882722634e+00 1.425109544559637342e+00
1.240795715578684177e+00 2.558293523730290620e+00 2.216198198568101407e+00 2.323124291004306841e+00 1.442251947193732731e+00
1.250918415450980037e+00 2.515951411502563406e+00 2.210710224841659688e+00 2.300523162033016877e+00 1.442393857424530079e+00
1.258810631302206939e+00 2.483464997939491159e+00 2.190831409244590855e+00 2.281313011801865631e+00 1.451994702693852224e+00
1.260890422279691503e+00 2.452845037137409534e+00 2.176417077309964032e+00 2.257983327564792919e+00 1.464746736108305303e+00
1.263248402081374566e+00 2.427732342594353110e+00 2.163215188834960223e+00 2.231753249493442670e+00 1.478445016320424354e+00
1.269054460237171389e+00 2.424526692103446734e+00 2.150440002658351890e+00 2.214733030798863300e+00 1.499376774280193558e+00
1.276831485398564947e+00 2.443840919698157865e+00 2.142185780579497933e+00 2.214734791065823050e+00 1.521882920820726293e+00
1.278531768219304254e+00 2.422359325300977861e+00 2.146241691334436208e+00 2.219434877414772522e+00 1.540193261353306031e+00
1.278602162644086659e+00 2.386019076652560411e+00 2.142939384883064236e+00 2.226442345163384573e+00 1.559026053208248053e+00
1.276189231506285049e+00 2.345831892568890797e+00 2.139423634431735444e+00 2.233156500322472482e+00 1.545663085252859448e+00
1.273391637442250035e+00 2.305979142956079198e+00 2.136683558550306117e+00 2.239466501100158879e+00 1.527640651821428719e+00
1.272350431400613324e+00 2.279614900976219882e+00 2.136036380597293949e+00 2.241382673965215400e+00 1.504795141090445876e+00
1.280299293914256786e+00 2.261772353605476127e+00 2.150887872265953238e+00 2.235382821807660125e+00 1.507800991430334747e+00
1.280210208768771007e+00 2.235443462485651178e+00 2.147791360771408087e+00 2.234600976707833198e+00 1.530939832495219921e+00
1.283360608610341291e+00 2.215642953725961650e+00 2.144413706427857669e+00 2.227748390792325672e+00 1.554979415841222457e+00
1.291467620937091443e+00 2.193328020313018101e+00 2.148294834630639194e+00 2.218941337892204047e+00 1.577792883121435397e+00
1.300000000000000044e+00 2.169999999999999929e+00 2.154999999999999805e+00 2.209999999999999964e+00 1.600000000000000089e+00
