8.699999999999999956e-01 2.740000000000000213e+00 1.850000000000000089e+00 2.629999999999999893e+00 1.350000000000000089e+00
8.981926575114675959e-01 2.719874723237327263e+00 1.834676033259455386e+00 2.609170685753169572e+00 1.343520306913470019e+00
9.307250683373528011e-01 2.739382462442963906e+00 1.832035378013817661e+00 2.587612365870534337e+00 1.338381442973293867e+00
9.469806386567292122e-01 2.719531381055241503e+00 1.844292479493551573e+00 2.563244438781069778e+00 1.322966840249889531e+00
9.546325569859758220e-01 2.720344984902144603e+00 1.879322388251714271e+00 2.549394367646651727e+00 1.323775248311869879e+00
9.499031780449779250e-01 2.702625136328586919e+00 1.842404895016490851e+00 2.550543559212304245e+00 1.320347875197184218e+00
9.806434762503926095e-01 2.696342852081804242e+00 1.866924159869659094e+00 2.541936693870560759e+00 1.322796781085432416e+00
1.005337958529416653e+00 2.698189472272836564e+00 1.898249892766935121e+00 2.535293983162379750e+00 1.326097212072603559e+00
1.031680917700792177e+00 2.700681708240109558e+00 1.928268240371700859e+00 2.529907549766399644e+00 1.331091380898300702e+00
1.065966569938587183e+00 2.698800065493954570e+00 1.950669719860102402e+00 2.528627499574917170e+00 1.337413130966414565e+00
1.092250024478092607e+00 2.700987856177803792e+00 1.981123958616933800e+00 2.530972702000214181e+00 1.333808694870052713e+00
1.114536609135847733e+00 2.706040514223800209e+00 2.013530192814587672e+00 2.534133241827019933e+00 1.327717083576018808e+00
1.131710299685868115e+00 2.712116169807514687e+00 2.048806976965707793e+00 2.530616436050471485e+00 1.324218494660951650e+00
1.139851344439849923e+00 2.723485006907687467e+00 2.083204346843486654e+00 2.516087588442766254e+00 1.327918784670241825e+00
1.160360486481194275e+00 2.722470325326794338e+00 2.114627746816895915e+00 2.502091621240584818e+00 1.328120015390017894e+00
1.190448905732542695e+00 2.711230108533894789e+00 2.136958576765531692e+00 2.490407214776186873e+00 1.320432958544890845e+00
1.215672999061544024e+00 2.673959508038019628e+00 2.149958004634036524e+00 2.477253212769578994e+00 1.315703029193188378e+00
1.228645440249644061e+00 2.620992584179371310e+00 2.154542745884102217e+00 2.466149574978902859e+00 1.316921417504463898e+00
1.239107583067141860e+00 2.567871780728184117e+00 2.163903857614251081e+00 2.457116835892213302e+00 1.320907051683736677e+00
1.253712667108393575e+00 2.526199117904248226e+00 2.179602976340454745e+00 2.447443223664972134e+00 1.332881816509371209e+00
1.272297720779166585e+00 2.501084734137580590e+00 2.192591451673695069e+00 2.436847305335990477e+00 1.353037777913991935e+00
1.291688190434353345e+00 2.478261298924264278e+00 2.199462145773063426e+00 2.427260644325766492e+00 1.375636923460513028e+00
1.302326164067758807e+00 2.441640336053313654e+00 2.193248966464799388e+00 2.418803650529398386e+00 1.396171025649071806e+00
1.295331368528764848e+00 2.406431631848080510e+00 2.173552517691568209e+00 2.401080347674577453e+00 1.407866148215004554e+00
1.279647672308363848e+00 2.388946269526842414e+00 2.152792520725595793e+00 2.372990956359452674e+00 1.411935779019397819e+00
1.262473933529160153e+00 2.381389951372528735e+00 2.135583510138738372e+00 2.340676956873629866e+00 1.413569474256178182e+00
1.245161430946618353e+00 2.381205649558073123e+00 2.127468167670276245e+00 2.304473885089319829e+00 1.415209153757609251e+00
1.232071979911211201e+00 2.395782350127578564e+00 2.140852628471577201e+00 2.270366970611607638e+00 1.417564760973955895e+00
1.246443108621360985e+00 2.413878613318175770e+00 2.167411536314660658e+00 2.259692896483825653e+00 1.430600715065499573e+00
1.265802602827951207e+00 2.421503743959652066e+00 2.169525153506308257e+00 2.262095445038675212e+00 1.456941430058320330e+00
1.272155104666690573e+00 2.448835882790717733e+00 2.170873088877666390e+00 2.261491027145422272e+00 1.483176775185935048e+00
1.274273565491770066e+00 2.488217727573002858e+00 2.168000964490663929e+00 2.259404653216116277e+00 1.505326549213050757e+00
1.273495459176726907e+00 2.516992515593151847e+00 2.162847507782116097e+00 2.250550833140785745e+00 1.527728707279915721e+00
1.277680843082195983e+00 2.471729765294935710e+00 2.164582259235328543e+00 2.248950437719095419e+00 1.546554014494947671e+00
1.282944339551427060e+00 2.434993454661305456e+00 2.160411564016068819e+00 2.252264206903095811e+00 1.569387044427681399e+00
1.285094754469188416e+00 2.408696237290273157e+00 2.162291015253176241e+00 2.250020644773060852e+00 1.595848623774553054e+00
1.285091855052472809e+00 2.366436933903947715e+00 2.177642598433245702e+00 2.228946557173873799e+00 1.602456446184003624e+00
1.273656615510618595e+00 2.316212232916273095e+00 2.185787178732649938e+00 2.221439648482941731e+00 1.592384007789238387e+00
1.252261630519200031e+00 2.271640562080701198e+00 2.172551529265327463e+00 2.229592788183635932e+00 1.589309458467602632e+00
1.254015410165089328e+00 2.245825795541083636e+00 2.139734967067418392e+00 2.235426137804270130e+00 1.596282499774195340e+00
1.282451490513014214e+00 2.208265680738179970e+00 2.133151001218557052e+00 2.222976290521171183e+00 1.601115827720908102e+00
1.300000000000000044e+00 2.169999999999999929e+00 2.154999999999999805e+00 2.209999999999999964e+00 1.600000000000000089e+00
