8.699999999999999956e-01 2.740000000000000213e+00 1.850000000000000089e+00 2.629999999999999893e+00 1.350000000000000089e+00
9.289072647249129178e-01 2.733489466892446984e+00 1.856001719404016592e+00 2.602504131359252071e+00 1.334213615045696910e+00
9.818999451651814203e-01 2.745632729608156186e+00 1.877101138942339764e+00 2.565927175978417907e+00 1.326755178562948778e+00
1.035977244062480374e+00 2.781897717681797388e+00 1.908366951910409393e+00 2.551466338416366497e+00 1.324562271518290091e+00
1.077278919621410092e+00 2.797770153506855095e+00 1.961646419391378959e+00 2.553139929439198319e+00 1.324482980103562912e+00
1.116797876836888914e+00 2.811728002163254470e+00 2.016792208211291459e+00 2.556358594416686891e+00 1.325018101047330088e+00
1.155923638747753834e+00 2.832273987792984116e+00 2.070952497682153393e+00 2.559013877339781473e+00 1.329740331929934349e+00
1.181353630308622726e+00 2.803217993818413856e+00 2.129478432817575762e+00 2.547350640889582962e+00 1.328376757366550365e+00
1.193073421073396423e+00 2.745015211222458618e+00 2.179088867121051987e+00 2.522230164841074984e+00 1.327740516033622420e+00
1.215833584491162744e+00 2.715476855036518256e+00 2.236836337227745997e+00 2.501024052994400115e+00 1.327543971887788166e+00
1.246820172540596516e+00 2.656772388674673469e+00 2.279945096185275855e+00 2.482444997656058305e+00 1.331004767971004421e+00
1.261832164154502056e+00 2.569185254890381742e+00 2.265694055751402480e+00 2.462672119113220592e+00 1.345656683866534697e+00
1.270370861180793787e+00 2.488518909579327865e+00 2.235875555820282745e+00 2.441632576221375306e+00 1.362127257538959579e+00
1.277248229112629030e+00 2.407629702210194900e+00 2.204146847758636341e+00 2.416058344298510185e+00 1.372412238513669669e+00
1.285723836509389928e+00 2.327720741591909004e+00 2.183769462417860741e+00 2.378259899174185676e+00 1.367001569236929281e+00
1.309021613120634697e+00 2.275334658193683079e+00 2.213525328615445709e+00 2.333831466334493232e+00 1.364608437350192327e+00
1.316822362259414403e+00 2.263949333275725451e+00 2.205806287377291675e+00 2.266273993455015123e+00 1.368678638658393121e+00
1.306310569840724689e+00 2.276689782559210506e+00 2.164623630511617325e+00 2.212775078459000344e+00 1.373475399957371890e+00
1.291693160160466203e+00 2.297029112525073913e+00 2.125931774330336754e+00 2.166887153006984423e+00 1.387719576900141139e+00
1.283949073841458732e+00 2.335132564631154928e+00 2.146736732435751360e+00 2.198086998026665295e+00 1.425327238991354717e+00
1.273560079631139486e+00 2.349328753894055488e+00 2.139800943318661108e+00 2.225492639980291010e+00 1.470296007080567513e+00
1.262882199327069355e+00 2.348976310296591041e+00 2.127750119537531237e+00 2.248744868169694211e+00 1.516135730574771134e+00
1.259885402818422095e+00 2.284011764555961221e+00 2.109565190272918223e+00 2.239097854702500889e+00 1.552541253055569115e+00
1.264168564885872925e+00 2.233558772682411320e+00 2.124322831977953463e+00 2.249932132840475774e+00 1.594464452217759565e+00
1.275277489964280475e+00 2.189544750280292273e+00 2.136927896809077687e+00 2.243616684074168699e+00 1.636927368403464200e+00
1.300000000000000044e+00 2.169999999999999929e+00 2.154999999999999805e+00 2.209999999999999964e+00 1.600000000000000089e+00
