8.699999999999999956e-01 2.740000000000000213e+00 1.850000000000000089e+00 2.629999999999999893e+00 1.350000000000000089e+00
9.018979464693442916e-01 2.791941323624406834e+00 1.886111918354903771e+00 2.612173226638495827e+00 1.334162386264744038e+00
9.552721736463136715e-01 2.809776177061492408e+00 1.917846839788067470e+00 2.592304262496477385e+00 1.329583050185152437e+00
9.966214999550021547e-01 2.746822031449126733e+00 1.936936339078382030e+00 2.576678343321518128e+00 1.319270613652257840e+00
1.043448153894646069e+00 2.715250199205259563e+00 1.973025684990631134e+00 2.554697534252551083e+00 1.320267376679956417e+00
1.089390520722461009e+00 2.724089736806864614e+00 2.018549510024195470e+00 2.544533732495861678e+00 1.322442320874243293e+00
1.132815657268043896e+00 2.745785420605247218e+00 2.065616998517945557e+00 2.539914876608568406e+00 1.324260069512771754e+00
1.164970638007532200e+00 2.746338837347600759e+00 2.119421593927528491e+00 2.527972608093797202e+00 1.334126979643759592e+00
1.190906430260311843e+00 2.729987858568469594e+00 2.173594982533903153e+00 2.513228368024432502e+00 1.347136675000762729e+00
1.220945180250245787e+00 2.709306651343561523e+00 2.227031139756055822e+00 2.500841668486586400e+00 1.357138276274000077e+00
1.265044147543762154e+00 2.660339147914167146e+00 2.259919435253129105e+00 2.492400818997583034e+00 1.352587747600857426e+00
1.299948022789118696e+00 2.587721298887477595e+00 2.244457793248972433e+00 2.480361133706538102e+00 1.342401260081198755e+00
1.317399216934448170e+00 2.507136688508971645e+00 2.235662669429641092e+00 2.445020544731199230e+00 1.339423901391943117e+00
1.320806385445833619e+00 2.431359001812078979e+00 2.239260090835042405e+00 2.403968782846165553e+00 1.352094694639047301e+00
1.317915975857178790e+00 2.368423301053286245e+00 2.225908904770308006e+00 2.352044445374493975e+00 1.361008487791562027e+00
1.313915623058335536e+00 2.327876369248988997e+00 2.196670593711711028e+00 2.295327182082289141e+00 1.355770508975411515e+00
1.316704556588256692e+00 2.306547300038198411e+00 2.172894478295722909e+00 2.233121205266765941e+00 1.368254699602151847e+00
1.309791579600354527e+00 2.298651090558181398e+00 2.151085229836500190e+00 2.179976356484400135e+00 1.393772226492382194e+00
1.296212505934656756e+00 2.243736491559733093e+00 2.141215891684929318e+00 2.156051948301378030e+00 1.420910597424069666e+00
1.288432144332849472e+00 2.274310711253932027e+00 2.125829021264305396e+00 2.189404775593002395e+00 1.455614482359363082e+00
1.276534337560507160e+00 2.292133581434080636e+00 2.121077419917828166e+00 2.213123464628107051e+00 1.495521874149879249e+00
1.266450495513559371e+00 2.296705749423298748e+00 2.112174782817767937e+00 2.228732737322417723e+00 1.537464759544181270e+00
1.261280497382531784e+00 2.286673517155020097e+00 2.102799706633233345e+00 2.237334692520361656e+00 1.579978761067796000e+00
1.279724004847364593e+00 2.218943105639171964e+00 2.102746249655239819e+00 2.214972741927525579e+00 1.605573035038549534e+00
1.300000000000000044e+00 2.169999999999999929e+00 2.154999999999999805e+00 2.209999999999999964e+00 1.600000000000000089e+00
