8.699999999999999956e-01 2.740000000000000213e+00 1.850000000000000089e+00 2.629999999999999893e+00 1.350000000000000089e+00
8.926375771920754820e-01 2.746857066813733983e+00 1.865871383040868414e+00 2.616777026363051650e+00 1.348850160447240487e+00
9.140732960149883235e-01 2.747079620474493389e+00 1.880953291542305728e+00 2.599914534231568375e+00 1.347697068687190081e+00
9.358888999783587792e-01 2.747493098419271362e+00 1.896760069742868371e+00 2.584510743734922400e+00 1.346322131541704215e+00
9.584506927246518870e-01 2.748226281545387728e+00 1.913486662298427676e+00 2.571752139427266215e+00 1.344806253244099414e+00
9.814134427438304664e-01 2.747054142422351131e+00 1.930908865827362764e+00 2.561204002088699472e+00 1.343133280075361036e+00
1.004249030156425748e+00 2.742786589984844259e+00 1.948717345406052681e+00 2.551859552323729297e+00 1.341072728924387558e+00
1.026593262009988461e+00 2.736668610964672954e+00 1.966723659453090134e+00 2.542720832034198963e+00 1.338282155302170651e+00
1.048302007322105212e+00 2.731417719196878036e+00 1.985057640869197115e+00 2.533289361719025745e+00 1.334561260547368233e+00
1.069183470110353085e+00 2.728600542423448960e+00 2.004112226987282863e+00 2.523932538594924058e+00 1.330171422122496283e+00
1.089071481039128209e+00 2.726151233518550043e+00 2.024328039323357586e+00 2.515496286670915627e+00 1.325952769696782330e+00
1.107833543923962605e+00 2.718188590763958246e+00 2.045424695745383215e+00 2.508314798001459511e+00 1.323082790784494867e+00
1.124645428627299548e+00 2.698809100519113713e+00 2.065049817496811269e+00 2.501610193249384828e+00 1.322418279595290347e+00
1.138460213776674834e+00 2.668407414994755200e+00 2.080139757228332442e+00 2.493847871228957569e+00 1.323477808177083492e+00
1.150002014635337355e+00 2.633038610287014247e+00 2.091090916403332223e+00 2.483747187301789783e+00 1.324682886813593585e+00
1.161364687656685435e+00 2.598645322432530769e+00 2.101526100564223398e+00 2.470993455101436975e+00 1.324850550239311531e+00
1.174555015171718786e+00 2.569869884626480250e+00 2.114833994643318782e+00 2.456715116635204588e+00 1.324129519120254450e+00
1.191642494547772380e+00 2.548115309778785864e+00 2.130550137491330709e+00 2.443561129185652270e+00 1.324847033709653399e+00
1.213515323818668001e+00 2.529653636616323809e+00 2.143688175469499857e+00 2.434580704709520926e+00 1.330516859855120249e+00
1.236352028423793215e+00 2.510693036851860072e+00 2.152073142547003659e+00 2.430076831854587560e+00 1.341014593873565142e+00
1.256724531952424506e+00 2.489191196101950165e+00 2.160627985565992226e+00 2.425629338872362872e+00 1.352933655341670871e+00
1.272184254252158198e+00 2.462855109065947623e+00 2.168772741029688422e+00 2.415116367749073678e+00 1.363957124884908945e+00
1.277465765422570509e+00 2.436241402336051909e+00 2.164835427456613282e+00 2.395451291130405114e+00 1.373035140140948851e+00
1.272983282800490556e+00 2.421823464356973155e+00 2.151545716595403057e+00 2.372295547699469154e+00 1.380937595260007811e+00
1.265297418373947158e+00 2.415918767969258862e+00 2.143067759501363856e+00 2.346381982087980766e+00 1.390888500323600008e+00
1.257589117630458775e+00 2.413210659054271456e+00 2.145026368232430869e+00 2.319379182628042102e+00 1.401868059063185790e+00
1.250754315687836682e+00 2.411859338765601990e+00 2.154689179953447997e+00 2.292425189013333586e+00 1.410435365882848346e+00
1.245059131628500904e+00 2.415105303873453124e+00 2.165522384769585695e+00 2.263747883610027767e+00 1.414058630805317351e+00
1.246082404489737172e+00 2.427110567177151790e+00 2.169101666348541624e+00 2.236917549742445832e+00 1.424049339845737228e+00
1.253499657362011632e+00 2.426219610963253004e+00 2.166006885585824548e+00 2.233114951154979710e+00 1.445442174973718519e+00
1.258395323664595278e+00 2.416845480346623720e+00 2.162626574813018010e+00 2.229779164063178332e+00 1.467596946413766812e+00
1.261197791776258237e+00 2.404076803379593841e+00 2.159516584779446635e+00 2.225662428916693081e+00 1.489469178444474684e+00
1.263789216905478963e+00 2.392224221221378677e+00 2.156656130574233110e+00 2.224741414164316478e+00 1.511696414579527303e+00
1.267182865051199814e+00 2.389064947529541794e+00 2.154716698642819672e+00 2.228837852401028385e+00 1.534452844076465317e+00
1.272104100540528027e+00 2.406538331099856265e+00 2.157808488925786694e+00 2.236145552012525961e+00 1.554345771864271919e+00
1.284007758161050727e+00 2.403358366668774782e+00 2.165532273416442166e+00 2.224679104850472822e+00 1.570227344706742079e+00
1.285325166888243942e+00 2.363109870593798512e+00 2.154422318156563598e+00 2.220469178432967539e+00 1.573959576846893249e+00
1.287646804627154307e+00 2.321106648576555465e+00 2.147804481022913770e+00 2.216967815562805644e+00 1.578979346834961106e+00
1.287596162292740543e+00 2.286144497074634518e+00 2.144873312205765714e+00 2.218710374892886694e+00 1.593402487789484567e+00
1.287758258350245377e+00 2.248919332009831518e+00 2.144533593457086607e+00 2.219701910246314913e+00 1.606398059783753052e+00
1.291529442162382635e+00 2.205555224033515227e+00 2.147890460385917688e+00 2.216710697260471985e+00 1.610470010671808172e+00
1.300000000000000044e+00 2.169999999999999929e+00 2.154999999999999805e+00 2.209999999999999964e+00 1.600000000000000089e+00
