8.699999999999999956e-01 2.740000000000000213e+00 1.850000000000000089e+00 2.629999999999999893e+00 1.350000000000000089e+00
9.023243976947724621e-01 2.744539969555448877e+00 1.844148616179057676e+00 2.617781532754031470e+00 1.356407071960121558e+00
9.346484877957872417e-01 2.750172863124388023e+00 1.849474420699853461e+00 2.602565580017407232e+00 1.356269155762193757e+00
9.640133945336177845e-01 2.737639194376941809e+00 1.856126477974614053e+00 2.587828606460737202e+00 1.349184191705786073e+00
9.872891688400327048e-01 2.730104572518511130e+00 1.873750536217945850e+00 2.573108749215756053e+00 1.340229598529079302e+00
1.007887076301737794e+00 2.724650340982450736e+00 1.898614714593607200e+00 2.562744392298025975e+00 1.335112074806697358e+00
1.028047522312328876e+00 2.714196991689765248e+00 1.924918435453573995e+00 2.555598029636709789e+00 1.333644859039153419e+00
1.047662333514331801e+00 2.700235468920597182e+00 1.951071318220799045e+00 2.549027425996468477e+00 1.333888837421061346e+00
1.066942927418737197e+00 2.687278202287019191e+00 1.977552562069647468e+00 2.541984890755223159e+00 1.334727242334056152e+00
1.086057605862455144e+00 2.680109237639997311e+00 2.004971305171125984e+00 2.534586686091090613e+00 1.336040303692809683e+00
1.104106405630583820e+00 2.682317522004043386e+00 2.033347862225447500e+00 2.527647678059899317e+00 1.338024981264939406e+00
1.119262073886220010e+00 2.694017895685034691e+00 2.062371530587489676e+00 2.522382619427079309e+00 1.340175098888783944e+00
1.132641357955700423e+00 2.708862541584429628e+00 2.091818505556957586e+00 2.517912859397726244e+00 1.340552655745293587e+00
1.153594505420651117e+00 2.710844233479720256e+00 2.118227994033367700e+00 2.512688317888356337e+00 1.338019143192620941e+00
1.180479181970187419e+00 2.701971034179905473e+00 2.139648190723657528e+00 2.514847577293685799e+00 1.335988472167271235e+00
1.193983861093316001e+00 2.707576621857320287e+00 2.168973448355908218e+00 2.522268969905509639e+00 1.333532167230099708e+00
1.220455619728200158e+00 2.701603753937777519e+00 2.190037866282078305e+00 2.527938227386488546e+00 1.329788216589765426e+00
1.241646700914116774e+00 2.667521958522366177e+00 2.196323867409220920e+00 2.520143539305973679e+00 1.322955876015566634e+00
1.245816302966441302e+00 2.626936446674268399e+00 2.190046216383018329e+00 2.502095596518099541e+00 1.319330470524494592e+00
1.243954146749172818e+00 2.593906441651549155e+00 2.185324601069357886e+00 2.477016329696814623e+00 1.324728029763488468e+00
1.242577806345716240e+00 2.586829834035902831e+00 2.189630891263415258e+00 2.451077101184961915e+00 1.340746774418183351e+00
1.242097339215487706e+00 2.599264663721617907e+00 2.196327947358501120e+00 2.427533285882005121e+00 1.357822519224786584e+00
1.238927478217208611e+00 2.616005856580304823e+00 2.198626638747751549e+00 2.397234922460208750e+00 1.367864397274059840e+00
1.235558376589404483e+00 2.630932258393552381e+00 2.203002900205187409e+00 2.369195153014087563e+00 1.381156503548623515e+00
1.237727492953046182e+00 2.632550524122887481e+00 2.211424258594196779e+00 2.359770612853865135e+00 1.404107872749207342e+00
1.240949653777138284e+00 2.618875231220535227e+00 2.216059971140510676e+00 2.353238942684054535e+00 1.427347283455000282e+00
1.243531500170702575e+00 2.586930895460947344e+00 2.213667367077757575e+00 2.340259001319625831e+00 1.443957229705002732e+00
1.246479075393323477e+00 2.548603401892897580e+00 2.208149554373499690e+00 2.322449142384471976e+00 1.453010338366861998e+00
1.250975844948462923e+00 2.510554281976570490e+00 2.198964466047347965e+00 2.302823241265758991e+00 1.457661455539262407e+00
1.255961059387352252e+00 2.478718423151341277e+00 2.181853383447208916e+00 2.282601199626731248e+00 1.457706257870026390e+00
1.262974592738193236e+00 2.453918691554360265e+00 2.163789364949277871e+00 2.260512079469266578e+00 1.463427338080873108e+00
1.272440762898943811e+00 2.434628142167063913e+00 2.150586078770015064e+00 2.241397995832003609e+00 1.478031280351651766e+00
1.282226940405381432e+00 2.421433429419168171e+00 2.142353144694745914e+00 2.229528146928066334e+00 1.498718227353907251e+00
1.287751406638356189e+00 2.414559169864276100e+00 2.140811701665128020e+00 2.225274216919482573e+00 1.522903010334228258e+00
1.284114838262052416e+00 2.395146946366338181e+00 2.144328873797686885e+00 2.223792015343123207e+00 1.545070659288640957e+00
1.278495126087099809e+00 2.347310336107343964e+00 2.145442480703219967e+00 2.225851761399087358e+00 1.539318487806854430e+00
1.277346886607366727e+00 2.306697970280023213e+00 2.148106164999960210e+00 2.228994219757824524e+00 1.525201754678638277e+00
1.285303933676765986e+00 2.264548835713630304e+00 2.158199969460479206e+00 2.240651667415771708e+00 1.522410096534876134e+00
1.290111417432672436e+00 2.225035600247470491e+00 2.163416124059323931e+00 2.236323179656094062e+00 1.536375613948144814e+00
1.289186208693563263e+00 2.193036466301341303e+00 2.158834338861645996e+00 2.225143548864421561e+00 1.553563157753658830e+00
1.292120425588771937e+00 2.176290371082330477e+00 2.155047932923570997e+00 2.216767196779194649e+00 1.576179034140625213e+00
1.300000000000000044e+00 2.169999999999999929e+00 2.154999999999999805e+00 2.209999999999999964e+00 1.600000000000000089e+00
