8.699999999999999956e-01 2.740000000000000213e+00 1.850000000000000089e+00 2.629999999999999893e+00 1.350000000000000089e+00
9.011550858880510440e-01 2.761460422801141679e+00 1.867617721322766489e+00 2.612176706122358194e+00 1.346812813106664786e+00
9.280298688013326469e-01 2.772653203438126823e+00 1.890886421037388132e+00 2.590281075728140259e+00 1.342109555998205250e+00
9.580842184040113674e-01 2.776037263431509139e+00 1.894942484603110211e+00 2.562345835954905393e+00 1.329387607773405477e+00
9.737269675390100021e-01 2.791572785352693042e+00 1.924022394981852679e+00 2.576564966478475327e+00 1.335016759503786954e+00
9.992327148247882596e-01 2.795594015762289608e+00 1.951000474634206006e+00 2.593984735056380053e+00 1.341299699791823175e+00
1.026085345427767859e+00 2.777023189993728547e+00 1.978341914044994709e+00 2.596466502952956112e+00 1.342446017056402097e+00
1.047359470135437842e+00 2.728786046551719302e+00 1.988098683634589525e+00 2.591599918660753232e+00 1.347262205234590171e+00
1.061692868390037292e+00 2.694649222707015124e+00 2.008953068711737178e+00 2.569984232697117399e+00 1.339527120159715201e+00
1.076897586544418139e+00 2.714673610319977559e+00 2.040569217637601795e+00 2.553473191284520993e+00 1.342105362462481688e+00
1.092433597828385672e+00 2.713668765651515713e+00 2.072721566696559936e+00 2.532120634197997155e+00 1.341618646133166282e+00
1.111974987545718774e+00 2.682278321277330235e+00 2.088227422901146824e+00 2.506604881032683974e+00 1.332751411938763120e+00
1.127120508819452249e+00 2.690947517364969510e+00 2.119702737673211157e+00 2.508986929472139860e+00 1.318686356004301841e+00
1.145970544250576761e+00 2.672917430807820516e+00 2.150369576156720086e+00 2.504475839148541993e+00 1.308708672247529181e+00
1.172479313895808284e+00 2.654375868043565401e+00 2.176833826917552450e+00 2.494611937240232002e+00 1.306730316828055294e+00
1.204895868453587315e+00 2.648660786950459034e+00 2.199287143817623580e+00 2.485269823911632425e+00 1.313675582303220013e+00
1.237996026087939905e+00 2.644508828482595053e+00 2.219914167383198578e+00 2.478912662838897774e+00 1.323419944850408925e+00
1.267317728217392636e+00 2.619820860862851930e+00 2.240801348232460022e+00 2.472269144383526740e+00 1.329670561803497630e+00
1.287229609301186795e+00 2.573637717017607685e+00 2.253247410087277025e+00 2.459028436348482227e+00 1.335134536448908227e+00
1.298336878315471621e+00 2.522914953593816012e+00 2.252871975209849165e+00 2.440438678242554005e+00 1.346106561164982729e+00
1.299081573435858283e+00 2.472149716773511585e+00 2.243067474556722729e+00 2.423902303752521803e+00 1.359051838871378148e+00
1.291572137518731234e+00 2.424968397056723735e+00 2.226108475476743287e+00 2.410806458775879069e+00 1.371245501983894721e+00
1.281488565756348841e+00 2.380560590663341802e+00 2.207143130916230600e+00 2.395461324532737635e+00 1.380590887235373376e+00
1.280064321444672970e+00 2.341631331797131566e+00 2.205630815075220852e+00 2.362172665882895650e+00 1.380957703708239670e+00
1.272580530953752120e+00 2.345640255059037393e+00 2.192915566867026378e+00 2.317038289941094398e+00 1.387257265309024712e+00
1.265493712904467216e+00 2.338837275486016942e+00 2.182174377044493685e+00 2.271574462318874943e+00 1.394953670215862251e+00
1.256848499386463924e+00 2.328506701837579573e+00 2.170194901710060797e+00 2.229399019431685947e+00 1.406136713476980882e+00
1.249421878313413226e+00 2.323315819571559526e+00 2.161027906340054372e+00 2.198365101420365342e+00 1.429535387228400234e+00
1.248070835390312938e+00 2.325617306527881567e+00 2.167152264827137298e+00 2.180057034545646477e+00 1.460624696231408670e+00
1.239170349812530159e+00 2.330561475468530208e+00 2.176171849362548816e+00 2.159320750084439133e+00 1.489488953449603414e+00
1.224459387840097779e+00 2.336094040646092829e+00 2.176846003780325223e+00 2.137833490487337951e+00 1.517533934768427795e+00
1.216646130752457644e+00 2.338663080038067665e+00 2.170241091528539279e+00 2.128338261802705578e+00 1.549382029564249752e+00
1.219015395846944072e+00 2.324635776241084972e+00 2.173349764663734973e+00 2.145642580411087685e+00 1.580073988502494808e+00
1.209666127658027168e+00 2.307562716895079635e+00 2.189622337402813645e+00 2.170083896512958965e+00 1.603107777760405916e+00
1.199059323234229923e+00 2.303111845790759560e+00 2.157165317273460836e+00 2.185334551214575427e+00 1.591588579961981997e+00
1.220834190278152320e+00 2.274887606768563053e+00 2.140137912922056795e+00 2.194456614187217269e+00 1.608725691173112260e+00
1.246158524704283010e+00 2.244210825102534113e+00 2.154598537847955075e+00 2.199607906199313234e+00 1.624702725334572495e+00
1.276311735260950542e+00 2.204071532173502934e+00 2.160543202653990580e+00 2.205574932224365181e+00 1.620249178998497408e+00
1.300000000000000044e+00 2.169999999999999929e+00 2.154999999999999805e+00 2.209999999999999964e+00 1.600000000000000089e+00
