8.699999999999999956e-01 2.740000000000000213e+00 1.850000000000000089e+00 2.629999999999999893e+00 1.350000000000000089e+00
8.921018886769593870e-01 2.748666848920361172e+00 1.868551573769826835e+00 2.613294161763505485e+00 1.339211443353692355e+00
9.119191803467767699e-01 2.764352527976046137e+00 1.889979182999194540e+00 2.599132944078949237e+00 1.330538474978417263e+00
9.273518467275981836e-01 2.781362091521204949e+00 1.912896218870698828e+00 2.582165430098553927e+00 1.334719023749818545e+00
9.319552417185623661e-01 2.777774974186092205e+00 1.921667132916916598e+00 2.563572555312878531e+00 1.356288618904205157e+00
9.300258682044152403e-01 2.746483292507519547e+00 1.905018130407768240e+00 2.563474399398252945e+00 1.362507824062461070e+00
9.564666549728276790e-01 2.769609531465692775e+00 1.915295411918758406e+00 2.574014148357674170e+00 1.353559973691445650e+00
9.897360144594438136e-01 2.766985436410743571e+00 1.928648969818340664e+00 2.566575001058332806e+00 1.348897287562769831e+00
1.017941505714369477e+00 2.751543075259035742e+00 1.943942307441841599e+00 2.560759027429177159e+00 1.339496252334649640e+00
1.037575008089331341e+00 2.753468023676687082e+00 1.969785341460204231e+00 2.552746892941507362e+00 1.338449121135360853e+00
1.052747204071693199e+00 2.765981264227304504e+00 1.995040799972911394e+00 2.538506186771550599e+00 1.343021212320335112e+00
1.070480309265565921e+00 2.763486443421284022e+00 2.020386488198884223e+00 2.523572808988868932e+00 1.341263212237642222e+00
1.090894971829869053e+00 2.748762973646159402e+00 2.042412790689437152e+00 2.508344682866092246e+00 1.335903270967348400e+00
1.110396284386235388e+00 2.728605205705385117e+00 2.064036138876337301e+00 2.495551465342462638e+00 1.328373857293067228e+00
1.127935425968189076e+00 2.710082242959000798e+00 2.089501265044028777e+00 2.490054876601494271e+00 1.322906208675343809e+00
1.152849369268597046e+00 2.706508805525927208e+00 2.110171563614779089e+00 2.487932052395047222e+00 1.335089435770087540e+00
1.185052590062308342e+00 2.696583714967511813e+00 2.120348458438917394e+00 2.480038715644791392e+00 1.346445037614441231e+00
1.214574995069157781e+00 2.675079212782534022e+00 2.134442224223659146e+00 2.472498267480329304e+00 1.353556306669364773e+00
1.227244315916063755e+00 2.626144120825129491e+00 2.142809571406557367e+00 2.463219676260755442e+00 1.359331465754769486e+00
1.240368979226531110e+00 2.586550743557008314e+00 2.161886494176510354e+00 2.458857378194352794e+00 1.365224905619564444e+00
1.255208633459815593e+00 2.593054600596773174e+00 2.167549149795936270e+00 2.445062854332415991e+00 1.349153730841262888e+00
1.249955259346551717e+00 2.590911345431172741e+00 2.163658585338887441e+00 2.407868253418138593e+00 1.348856235717923902e+00
1.246462198733748528e+00 2.579366832695861422e+00 2.166859551064064249e+00 2.371563284990659159e+00 1.354215755026263235e+00
1.245914434681626437e+00 2.566580546843839628e+00 2.177156858253125105e+00 2.337830691870546485e+00 1.361995838414892912e+00
1.247006685649413971e+00 2.550460555633264015e+00 2.187536355323045800e+00 2.305668367839256216e+00 1.371807132490051595e+00
1.251688773309478586e+00 2.525108681667309618e+00 2.178327201015475278e+00 2.277363456866626557e+00 1.381878286788972510e+00
1.258245623026204685e+00 2.520907514461530941e+00 2.151350257752672857e+00 2.270493329972599117e+00 1.395420624853414227e+00
1.260785795668265763e+00 2.528445781560163752e+00 2.133051105013796800e+00 2.269185070784795588e+00 1.419311664511359039e+00
1.263171025714196372e+00 2.537383864411284495e+00 2.121896689916839662e+00 2.268612821815175984e+00 1.446591931197032999e+00
1.266149643364350208e+00 2.539205451746878062e+00 2.120229456835452275e+00 2.268029680149280303e+00 1.475907412248203210e+00
1.271972796415660412e+00 2.525803669142088204e+00 2.124697129169117904e+00 2.267181495592468288e+00 1.503809006618587851e+00
1.277486295887954260e+00 2.495563112841605591e+00 2.129123152420731468e+00 2.263458783058028168e+00 1.527894919547226893e+00
1.277456865396032093e+00 2.472944305974154489e+00 2.138224862207583232e+00 2.246041287837543088e+00 1.525064027203939743e+00
1.279975717397627832e+00 2.480197348866453932e+00 2.144210987885717401e+00 2.254619339067422512e+00 1.518709589209405797e+00
1.280431391718172662e+00 2.435150099063364770e+00 2.129837167851909463e+00 2.260242494312157291e+00 1.531184691645235185e+00
1.274875263439041451e+00 2.392411987142902596e+00 2.117507389129247741e+00 2.262754120643483802e+00 1.546380640062116507e+00
1.262819450218981343e+00 2.355093583301136828e+00 2.115549954857642412e+00 2.264414771647480951e+00 1.566022756483675060e+00
1.256368650757694994e+00 2.324552973491232688e+00 2.128311801250939439e+00 2.258371631297279247e+00 1.586005870658753203e+00
1.264169813566029532e+00 2.296538914860086322e+00 2.144992817705795751e+00 2.242931126362511574e+00 1.601911022078283509e+00
1.275192226611473689e+00 2.262323221145775776e+00 2.155449277973243927e+00 2.225432407708352045e+00 1.616158277246756425e+00
1.287253042627882316e+00 2.213102994643452615e+00 2.161766112107351034e+00 2.212468394207582900e+00 1.616262630699748293e+00
1.300000000000000044e+00 2.169999999999999929e+00 2.154999999999999805e+00 2.209999999999999964e+00 1.600000000000000089e+00
