8.699999999999999956e-01 2.740000000000000213e+00 1.850000000000000089e+00 2.629999999999999893e+00 1.350000000000000089e+00
9.271164835202172494e-01 2.761238992887964372e+00 1.861033024364757260e+00 2.603967687875769599e+00 1.349903269447573662e+00
9.820478582633060949e-01 2.752288777849803303e+00 1.876349661168617233e+00 2.582693617746736336e+00 1.333946992923092267e+00
1.026892661020929687e+00 2.738554791429726354e+00 1.915394950714254918e+00 2.564289484562884081e+00 1.325007741644846027e+00
1.064654508599086835e+00 2.740824334565962861e+00 1.963750090411118476e+00 2.548861583692977550e+00 1.319651729674452989e+00
1.100132391840284329e+00 2.750580092686936595e+00 2.013868788849900504e+00 2.534583625889774705e+00 1.315019776497538873e+00
1.136437044804723406e+00 2.763429209351899285e+00 2.062543991298315671e+00 2.523103496213655372e+00 1.323730290322018721e+00
1.171004655722003740e+00 2.779331157758534232e+00 2.112507010042000033e+00 2.534225908467246491e+00 1.330062673096381376e+00
1.204842419274448018e+00 2.807549039903537658e+00 2.161539543932981644e+00 2.543872485277459905e+00 1.336087970390179347e+00
1.240197342348570153e+00 2.818919384700233177e+00 2.212215275916211699e+00 2.543830393058386985e+00 1.344780275268420588e+00
1.255303996553131629e+00 2.750651336097583499e+00 2.223399467837492871e+00 2.514481506716053971e+00 1.342167903783570759e+00
1.263204431278718731e+00 2.686650305279982831e+00 2.258911377763495487e+00 2.491345363974665883e+00 1.327154428233069838e+00
1.281025636857545003e+00 2.609621877908272491e+00 2.285111564062103806e+00 2.468697161713626631e+00 1.332367152384041020e+00
1.299027742052277556e+00 2.528724295170099445e+00 2.289407646368684546e+00 2.446660409343650588e+00 1.349478814628807699e+00
1.311452356224862559e+00 2.452416180541802326e+00 2.271938701496695856e+00 2.423879411021232055e+00 1.367699118961354765e+00
1.313167536876862496e+00 2.396018934761779295e+00 2.224598875698504230e+00 2.403833410637806534e+00 1.371479515356520684e+00
1.303271591363408533e+00 2.358369630196587519e+00 2.170746722444783838e+00 2.388080107866978441e+00 1.365931686819122692e+00
1.295968390101215117e+00 2.325067799707538185e+00 2.142358632442168620e+00 2.337162022502737191e+00 1.376969542404710811e+00
1.296253679772620071e+00 2.308836871894343723e+00 2.138591600780860968e+00 2.273924743005354632e+00 1.386159102414540545e+00
1.292374239132518365e+00 2.288426766444939808e+00 2.128312226754460745e+00 2.212360670348978431e+00 1.392302615176010283e+00
1.267555383528888413e+00 2.278298581931715194e+00 2.110946609124713547e+00 2.182958405581680417e+00 1.427055830864191410e+00
1.240656950670776748e+00 2.293464842902174894e+00 2.108877696371236787e+00 2.187774776011986333e+00 1.469205102043157574e+00
1.217468551413159572e+00 2.321866430365743916e+00 2.112184316403492357e+00 2.194453642647051783e+00 1.510747984463881810e+00
1.209130680817845693e+00 2.354914796224109264e+00 2.104125298257599308e+00 2.208162336774627921e+00 1.552399736373131445e+00
1.213477624753696693e+00 2.305990365707814682e+00 2.098779243534326877e+00 2.218956846394170235e+00 1.592298324483954142e+00
1.222634584680095005e+00 2.243508020483615528e+00 2.101779585707002962e+00 2.225481430047905551e+00 1.627174161773993655e+00
1.253578927120175823e+00 2.166874662340001922e+00 2.124385248560306305e+00 2.215588336991049179e+00 1.623492848143820666e+00
1.300000000000000044e+00 2.169999999999999929e+00 2.154999999999999805e+00 2.209999999999999964e+00 1.600000000000000089e+00
