8.699999999999999956e-01 2.740000000000000213e+00 1.850000000000000089e+00 2.629999999999999893e+00 1.350000000000000089e+00
9.010889459314765926e-01 2.756050878833511852e+00 1.867792435012141761e+00 2.610528053056540454e+00 1.348408666226430075e+00
9.324182687747084586e-01 2.776779968236320340e+00 1.887485396016214567e+00 2.597380551441239138e+00 1.345394369310101368e+00
9.659458984474400545e-01 2.780207789516452088e+00 1.907857553062400457e+00 2.586035945958539806e+00 1.339412825933184337e+00
9.948135272855949118e-01 2.774176851086406881e+00 1.931739375403636938e+00 2.569241247946819406e+00 1.335093464262831819e+00
1.016496015987560897e+00 2.754880229830244609e+00 1.957928897687212677e+00 2.550397674197150355e+00 1.330711433772860275e+00
1.039079026014903206e+00 2.734733144180876430e+00 1.986881969947696280e+00 2.538858045371904737e+00 1.327189708142779256e+00
1.063661530227392404e+00 2.725248899970288186e+00 2.018390475377484616e+00 2.533837440758437864e+00 1.327026710283613076e+00
1.086396874950604996e+00 2.721197201450181069e+00 2.051629138677184994e+00 2.528285340079878374e+00 1.328606819632133895e+00
1.106673565080206867e+00 2.714676344181705669e+00 2.085937741785473865e+00 2.521308483282908242e+00 1.328397215217730576e+00
1.124921383887015569e+00 2.697920121179528508e+00 2.119153064350765892e+00 2.514717701254426174e+00 1.324191711651528047e+00
1.136837843547043869e+00 2.670834022692975651e+00 2.150922877340211592e+00 2.504330366256903417e+00 1.319074660978311275e+00
1.150380725225853329e+00 2.663695271322040092e+00 2.186160628833599073e+00 2.495277167698261245e+00 1.314486040171663817e+00
1.176138496062016703e+00 2.670389538022843290e+00 2.216006216432197196e+00 2.489345536506387013e+00 1.310211657866965140e+00
1.211836375030956425e+00 2.662601305627104509e+00 2.234401002713528595e+00 2.482118477165777382e+00 1.308570090250885443e+00
1.244044593428808021e+00 2.631456154106667444e+00 2.236997811083405008e+00 2.471603524829395493e+00 1.315009766257197343e+00
1.262168203612664019e+00 2.586504251682113509e+00 2.229482380863485602e+00 2.464506141352389879e+00 1.327949837903067420e+00
1.281488050050915595e+00 2.540159689468506343e+00 2.231155461448628419e+00 2.459078085569274208e+00 1.340903063456625910e+00
1.298828276847644680e+00 2.531444211161896884e+00 2.237722969304683840e+00 2.470412997357542828e+00 1.354917167276324275e+00
1.301199587981897388e+00 2.481335914515465646e+00 2.227166774380753278e+00 2.449517906173347637e+00 1.357589008148352150e+00
1.306396277141269824e+00 2.434890058057805895e+00 2.233326952318240632e+00 2.424108953517695397e+00 1.362940489424192991e+00
1.312333917641123282e+00 2.403434945546515600e+00 2.248209757901770800e+00 2.394115018993789423e+00 1.372132669602740940e+00
1.314022240520171358e+00 2.378480799377616250e+00 2.251163108279492509e+00 2.357477113217450349e+00 1.381784412441657839e+00
1.310047748576943949e+00 2.359698781615592544e+00 2.237667387096774263e+00 2.320214125143707840e+00 1.389028729599898648e+00
1.303015128932756506e+00 2.347265836693301910e+00 2.218283627286746995e+00 2.284702124045119742e+00 1.394986309596684793e+00
1.292026109078928675e+00 2.346290284294225259e+00 2.201583601776896604e+00 2.248499441167332247e+00 1.402781902541034631e+00
1.272406903415908452e+00 2.363758047973687937e+00 2.187398596917753846e+00 2.221225474545985179e+00 1.415252872458582445e+00
1.251743359509974285e+00 2.376018309695462349e+00 2.171279521548479252e+00 2.214618989987035214e+00 1.436242744312329123e+00
1.246710757857204754e+00 2.371718576744070717e+00 2.172768084695402724e+00 2.205401834322223920e+00 1.464059488097192663e+00
1.241747722971271228e+00 2.363489070715050655e+00 2.177786833286450285e+00 2.194488893855478739e+00 1.491205795972267989e+00
1.234689103905626695e+00 2.351131343117558892e+00 2.180560879192532386e+00 2.184968761714781937e+00 1.518184515961059411e+00
1.227442621613235252e+00 2.337229636953891188e+00 2.183610505235812127e+00 2.176477063994735950e+00 1.545112870581959452e+00
1.220724231121469217e+00 2.325270141060710394e+00 2.189231060933732209e+00 2.171342434540440625e+00 1.572439404310119304e+00
1.215113955170870064e+00 2.340494144270438781e+00 2.197586577644481842e+00 2.176367056018990720e+00 1.598726564648053294e+00
1.213196738204088021e+00 2.388060849749456871e+00 2.187103513813319466e+00 2.182643779606274759e+00 1.600637408294594000e+00
1.218771257814512454e+00 2.332345484250653023e+00 2.176878314017760552e+00 2.181743428336682555e+00 1.591838067805838586e+00
1.232987331312246582e+00 2.282089667928621779e+00 2.174210837203309765e+00 2.193039110491196819e+00 1.581726435152740251e+00
1.237333565379730604e+00 2.242219736608062508e+00 2.147835137851956677e+00 2.204795647981852014e+00 1.586805722381785966e+00
1.264539961979333826e+00 2.197330852186422767e+00 2.146296201859938080e+00 2.206577654603048888e+00 1.593369014942443984e+00
1.300000000000000044e+00 2.169999999999999929e+00 2.154999999999999805e+00 2.209999999999999964e+00 1.600000000000000089e+00
