8.699999999999999956e-01 2.740000000000000213e+00 1.850000000000000089e+00 2.629999999999999893e+00 1.350000000000000089e+00
8.925646545868507475e-01 2.752272992378738792e+00 1.866402283492057057e+00 2.615654590545805291e+00 1.342397862314551382e+00
9.144756493128233243e-01 2.772160275509291338e+00 1.883939415976152221e+00 2.605655029429886582e+00 1.335709457201953887e+00
9.407746359543986969e-01 2.771615191549639867e+00 1.898066896180618413e+00 2.590647716703169401e+00 1.329691778369469279e+00
9.653937610690437321e-01 2.751922283052066209e+00 1.909940723420769260e+00 2.574941208710122442e+00 1.326266522745643828e+00
9.885127660784880366e-01 2.737273594855905934e+00 1.927739966726964127e+00 2.561156251960878816e+00 1.325509797682962176e+00
1.010253294469105612e+00 2.722030947369809439e+00 1.945768443946708004e+00 2.545931927990777943e+00 1.326005560707184339e+00
1.029966767342532341e+00 2.707363923443883102e+00 1.966495739955194333e+00 2.532687700958180965e+00 1.327559214297422852e+00
1.047882712200529420e+00 2.698456865287988116e+00 1.990779433523856889e+00 2.523398675418344173e+00 1.329672231083265599e+00
1.064855018995800817e+00 2.695311632868106599e+00 2.016765235324913252e+00 2.516758915221526838e+00 1.331803235229442883e+00
1.081545243228041908e+00 2.695070506042319458e+00 2.043192533448782822e+00 2.511106473058618782e+00 1.333816609677300313e+00
1.099231790964053879e+00 2.700652472840701979e+00 2.069299917303796921e+00 2.508078237043994019e+00 1.333800316182731871e+00
1.123293774217418273e+00 2.703873502074340074e+00 2.088830722884372104e+00 2.512066720737919034e+00 1.326879255262555457e+00
1.146604927202037771e+00 2.688030980540219161e+00 2.106759150836059025e+00 2.518742718657795976e+00 1.319544053770467684e+00
1.165000966280187900e+00 2.661019577208183051e+00 2.114711254520101669e+00 2.501350354579764179e+00 1.322517767998052651e+00
1.188811297330790717e+00 2.635895483893244684e+00 2.107306826063615190e+00 2.483739757465729614e+00 1.323377954360307029e+00
1.209158258502426753e+00 2.603378302926048882e+00 2.109600269867703659e+00 2.466067978209486089e+00 1.322591558697963299e+00
1.221809899397544807e+00 2.574296090322866437e+00 2.128251691277364355e+00 2.454489485176544861e+00 1.317371536333257653e+00
1.234990882274052293e+00 2.544618756782931257e+00 2.148767080328846557e+00 2.460283399796216575e+00 1.321522002658531925e+00
1.246390850254202709e+00 2.508341219854831827e+00 2.151633792256059330e+00 2.454859646274717644e+00 1.336408300654056802e+00
1.254806682675515983e+00 2.475808325951371014e+00 2.149459837542599505e+00 2.435408888722261356e+00 1.347418239774649695e+00
1.263476285476207162e+00 2.447854731890417135e+00 2.148773314660413991e+00 2.412744687960675538e+00 1.358268925031303365e+00
1.277034506867740449e+00 2.437550939746048417e+00 2.162704336435316677e+00 2.395071812870734895e+00 1.371920520879502892e+00
1.289797232777971425e+00 2.444084023676915240e+00 2.189077831716497169e+00 2.393243603844477096e+00 1.379047360418603541e+00
1.290807553034540200e+00 2.426758133843671228e+00 2.204137024374572817e+00 2.373017744126213469e+00 1.388466529570367092e+00
1.276750894112225421e+00 2.416876558623280769e+00 2.199586064403673547e+00 2.346648460519539015e+00 1.398679756876570313e+00
1.259910632231394878e+00 2.419059790522093412e+00 2.194606761048214949e+00 2.320434602162386728e+00 1.408240796377843163e+00
1.246312496890072730e+00 2.427157676975486567e+00 2.191434780495558954e+00 2.292163600420457303e+00 1.416525784657503229e+00
1.238356489054529552e+00 2.433366584729172555e+00 2.188359653314016384e+00 2.261253693420788302e+00 1.422385598509472215e+00
1.239327171340932621e+00 2.423329973942738746e+00 2.182967819001649712e+00 2.239182469134402442e+00 1.438785295854492663e+00
1.246786130236591239e+00 2.419857469962537699e+00 2.178852320350999960e+00 2.233770664049453458e+00 1.462793420111268228e+00
1.255923137947923429e+00 2.428180625378545621e+00 2.174926749913889346e+00 2.233901333759204189e+00 1.486764321270596101e+00
1.264817657375017612e+00 2.439387628366628036e+00 2.169860802798205146e+00 2.238482664162977809e+00 1.510113074686867174e+00
1.272876899906394632e+00 2.450994100462668968e+00 2.164168368431152345e+00 2.245509662545568830e+00 1.533109908779961117e+00
1.278726672772961592e+00 2.460918241723262678e+00 2.158261570119316630e+00 2.252075899639164991e+00 1.556556127585007276e+00
1.277965784972283858e+00 2.450990402722982964e+00 2.151715146441407711e+00 2.252606398972695434e+00 1.579227821582195768e+00
1.272198518176387738e+00 2.407507882601614746e+00 2.146489346625338968e+00 2.244738721155823846e+00 1.588851333078608263e+00
1.270514937668940858e+00 2.358043349366310437e+00 2.143654881894704101e+00 2.237473779185916722e+00 1.590380168415541196e+00
1.272596177438085840e+00 2.308374257388388529e+00 2.142211018707226522e+00 2.232743103341419122e+00 1.594813683134019833e+00
1.277788158646549821e+00 2.259458626129065895e+00 2.143559403172908162e+00 2.229152481141575937e+00 1.600466720222874173e+00
1.286502548214631725e+00 2.211750797662235257e+00 2.148781001727925855e+00 2.222855652753718214e+00 1.602465607396831748e+00
1.300000000000000044e+00 2.169999999999999929e+00 2.154999999999999805e+00 2.209999999999999964e+00 1.600000000000000089e+00
