8.699999999999999956e-01 2.740000000000000213e+00 1.850000000000000089e+00 2.629999999999999893e+00 1.350000000000000089e+00
8.880155366007388418e-01 2.721504957128654034e+00 1.854592593136723089e+00 2.601316684046008465e+00 1.352368964697860498e+00
9.065578797466777861e-01 2.719352094396914943e+00 1.866959484370581901e+00 2.573353913872092225e+00 1.350836239457481325e+00
9.171724623345605121e-01 2.747248538442412347e+00 1.887228891601125946e+00 2.560073837549182496e+00 1.343100328472407234e+00
9.281378735334091523e-01 2.772622590966864475e+00 1.910191274644566395e+00 2.566818207769018034e+00 1.332821970076645268e+00
9.603972712041295434e-01 2.774728417969650973e+00 1.922597325261481638e+00 2.573137201782663475e+00 1.334713414821340205e+00
9.944387372532865754e-01 2.779228753837030830e+00 1.929861027005293161e+00 2.560191273614895735e+00 1.335010399054917141e+00
1.027963459547312830e+00 2.773503011894586923e+00 1.941462809822036562e+00 2.549293569922052693e+00 1.334181869340022919e+00
1.053343929367116294e+00 2.749364901235154868e+00 1.957801011627384291e+00 2.538711843579322558e+00 1.333748757517943861e+00
1.074805249884316805e+00 2.730930939168603189e+00 1.979535708374777103e+00 2.527044957058676822e+00 1.331769727781042745e+00
1.093529894439036365e+00 2.715342589363533676e+00 2.003911819253823889e+00 2.516135043284203565e+00 1.327968324483399076e+00
1.111935875543824226e+00 2.702852241009245482e+00 2.030634780787847316e+00 2.512006235627101347e+00 1.326175060072515732e+00
1.126192456478572357e+00 2.705215432266080189e+00 2.059632971352937769e+00 2.510278506138928556e+00 1.328983202303985589e+00
1.139474358692109668e+00 2.713236732923792083e+00 2.089166037156328315e+00 2.506962256980063586e+00 1.332188609188728279e+00
1.160894797511382581e+00 2.693366650991030564e+00 2.107551807876271166e+00 2.502413382731491165e+00 1.332883169670065149e+00
1.168862929967450448e+00 2.650249442093075558e+00 2.092800440860801192e+00 2.497937995624199381e+00 1.334691737835784320e+00
1.186772963803824688e+00 2.604359445760957126e+00 2.092219044471369305e+00 2.492580532369630397e+00 1.331283357010509150e+00
1.211463204103002234e+00 2.596367668326896361e+00 2.106859228420891572e+00 2.473843296520343404e+00 1.326468825513777539e+00
1.221725659546554432e+00 2.588427416137201398e+00 2.130187333770898306e+00 2.452330669749148484e+00 1.328505533990021581e+00
1.236743252249990377e+00 2.551803935512057642e+00 2.144711435609501837e+00 2.458060519743842320e+00 1.336084505382232113e+00
1.251648896730704674e+00 2.513058914646967068e+00 2.147446726568256636e+00 2.447258864781904908e+00 1.348908343295207590e+00
1.261444320921612183e+00 2.480684782214911621e+00 2.148133312852668730e+00 2.426616467692471968e+00 1.362793962512398815e+00
1.273634364029087918e+00 2.449387440732974319e+00 2.155370724958509676e+00 2.405090592737028743e+00 1.373753029526185498e+00
1.291432532319495730e+00 2.426403598662216776e+00 2.173797045330113420e+00 2.388712269663141541e+00 1.372867445957841159e+00
1.293637478603008484e+00 2.413620642837464914e+00 2.190868629818147895e+00 2.361228449222467329e+00 1.371355747240083467e+00
1.280706525933673623e+00 2.409483951404501223e+00 2.188756269364332319e+00 2.330305587326560346e+00 1.379986323878662935e+00
1.266639984461857216e+00 2.408526738590991201e+00 2.180024527137503831e+00 2.302130642112907299e+00 1.391631692758160233e+00
1.251294839113474389e+00 2.426989850887405709e+00 2.171985896079902556e+00 2.275719997290654995e+00 1.400816812620866436e+00
1.238938934698599281e+00 2.458331026969380773e+00 2.174982846692758542e+00 2.253389682282328277e+00 1.411936881084869366e+00
1.239416839526602976e+00 2.460716029384232062e+00 2.197011469820538743e+00 2.240539349173937822e+00 1.427495323786554859e+00
1.259163370137286631e+00 2.448447585298237250e+00 2.205772711914884887e+00 2.237097852562254019e+00 1.447265995433942631e+00
1.276320259565870474e+00 2.452539696657248580e+00 2.189945793825200493e+00 2.228381607029363831e+00 1.466457927810216111e+00
1.279569559443865190e+00 2.460622130360091031e+00 2.176898013270159638e+00 2.224447587642116364e+00 1.488700590716304006e+00
1.273643781699078659e+00 2.461307414306393770e+00 2.188253924614655510e+00 2.219754160239569174e+00 1.510099527649827911e+00
1.264374509004516867e+00 2.430914110718703558e+00 2.178336327230705471e+00 2.216020137753793140e+00 1.530413393415414269e+00
1.260593258222280522e+00 2.398800380335734062e+00 2.167352845777196002e+00 2.215190755380284315e+00 1.550749674557055702e+00
1.263430689653224359e+00 2.369089715401107910e+00 2.156060443439657082e+00 2.217225774386017978e+00 1.571338763568650876e+00
1.272375498451491449e+00 2.338107324136734277e+00 2.157286688012812981e+00 2.229708006118520380e+00 1.590777900865276262e+00
1.274139253421739504e+00 2.293641990086935589e+00 2.163104241515098281e+00 2.238847120336472152e+00 1.602560885985073735e+00
1.280972811908226650e+00 2.257133961653689624e+00 2.149013050832746075e+00 2.233482055201251093e+00 1.616917266900215200e+00
1.294585526809498344e+00 2.209708254230416280e+00 2.149392929062186486e+00 2.221640994901743493e+00 1.615904539379613425e+00
1.300000000000000044e+00 2.169999999999999929e+00 2.154999999999999805e+00 2.209999999999999964e+00 1.600000000000000089e+00
