8.699999999999999956e-01 2.740000000000000213e+00 1.850000000000000089e+00 2.629999999999999893e+00 1.350000000000000089e+00
8.848035189867070605e-01 2.750645514590218887e+00 1.867309208304975376e+00 2.608327546602942526e+00 1.350719410068630388e+00
8.999077604464269520e-01 2.755102497872659484e+00 1.885681429843354184e+00 2.587250367062735812e+00 1.348085428276938114e+00
9.251168129861894185e-01 2.757310286924485876e+00 1.902159268806337566e+00 2.574632560779682500e+00 1.344302932386579164e+00
9.553496056251409296e-01 2.760230649891087129e+00 1.915410726258768292e+00 2.566724674365845171e+00 1.343523946596377971e+00
9.862600412152268126e-01 2.764642520572169193e+00 1.927722043892312165e+00 2.559401388776838981e+00 1.344406652224785059e+00
1.015324217151640784e+00 2.770630239011500517e+00 1.942718029677366509e+00 2.551955974700574892e+00 1.344102755848161745e+00
1.040811421536932624e+00 2.776583156222042881e+00 1.961655198155860313e+00 2.545153957363397002e+00 1.341239902593841959e+00
1.062830376927072384e+00 2.780193813428347482e+00 1.983354268740531001e+00 2.539338766242801526e+00 1.336294396819086350e+00
1.082734991409300518e+00 2.779616089468599505e+00 2.006276914310419102e+00 2.533749928002604346e+00 1.330365831649779729e+00
1.100949310751738963e+00 2.771362764711647664e+00 2.029226373717793575e+00 2.526286301243358068e+00 1.324589399126488098e+00
1.117955098252090496e+00 2.751135147408375836e+00 2.049926166118206883e+00 2.516293224825075114e+00 1.321847033743526856e+00
1.137062172389105230e+00 2.724144605014934939e+00 2.066594054256905011e+00 2.508430169995198078e+00 1.325197321740067213e+00
1.160833268787084371e+00 2.702865915403869668e+00 2.081308367371058399e+00 2.505540198053184842e+00 1.332323039147065735e+00
1.186736744357700601e+00 2.686389101002542024e+00 2.096534048745410050e+00 2.502324499835015370e+00 1.338741194545503665e+00
1.209495714628329166e+00 2.663683955690560712e+00 2.111506089274374887e+00 2.493686155392778048e+00 1.343101938274828155e+00
1.225961165685159227e+00 2.631327068978973394e+00 2.122439632394741871e+00 2.480629084895172198e+00 1.347662447077040637e+00
1.238588137565538982e+00 2.595575518613375543e+00 2.126642597778278354e+00 2.466280218865772422e+00 1.355555695636827984e+00
1.250699390581192505e+00 2.561226022632240973e+00 2.126679983354431425e+00 2.452150222402603941e+00 1.366006492453526899e+00
1.265098848607180582e+00 2.526677552838453078e+00 2.130559525703307866e+00 2.438623597560318768e+00 1.374695842224187725e+00
1.281643678265189878e+00 2.496782910809234757e+00 2.145085456756971709e+00 2.427630404687913135e+00 1.377119412668985632e+00
1.293786915739203458e+00 2.478209647791021819e+00 2.166885595246804463e+00 2.414879015552888308e+00 1.373485812632680991e+00
1.289178588925687929e+00 2.474376559855540059e+00 2.180192884567443645e+00 2.389983812185707990e+00 1.367955967686629748e+00
1.273105020566310142e+00 2.487538473524076199e+00 2.179088653693158406e+00 2.363268787686890970e+00 1.366272015307872456e+00
1.258693056169206681e+00 2.507636706737743637e+00 2.177175700143036075e+00 2.337395388466409152e+00 1.369727581477163225e+00
1.249781972791801810e+00 2.524090789266705936e+00 2.175685671393003950e+00 2.312687385919698357e+00 1.380685848833172580e+00
1.247298464420623088e+00 2.530257139487961826e+00 2.172650349063559361e+00 2.293970387674660660e+00 1.398668234101356544e+00
1.249332378529939058e+00 2.529459860784013969e+00 2.168604481104921433e+00 2.283117652093899608e+00 1.419915966394218909e+00
1.253703516711842214e+00 2.527200787482406064e+00 2.164786252690557689e+00 2.277415616731198078e+00 1.442110497748680942e+00
1.259310559667205176e+00 2.524916772800619214e+00 2.161519819735212344e+00 2.273866137014012967e+00 1.464493216330211789e+00
1.265765409058042135e+00 2.519345392191953081e+00 2.158314684331235966e+00 2.270130503918787124e+00 1.486635635637124198e+00
1.273144354133261213e+00 2.501705783083980172e+00 2.153874196661476947e+00 2.262386363620052521e+00 1.506269926596405462e+00
1.280218653369953108e+00 2.471405719268938483e+00 2.147334081724713517e+00 2.242870021948807135e+00 1.511103629708012486e+00
1.281964213777416983e+00 2.448097158512735572e+00 2.155270409462050729e+00 2.221437448345580545e+00 1.509336871892210441e+00
1.278566013849354643e+00 2.416262762574405976e+00 2.160784408379026189e+00 2.234672931763869830e+00 1.523275726992069368e+00
1.270550858421892526e+00 2.383282924028735206e+00 2.159436270777701061e+00 2.242821918686320526e+00 1.538187932710344485e+00
1.264438178618230380e+00 2.357310041439885762e+00 2.155177772198542563e+00 2.241071794657106153e+00 1.556980341116346089e+00
1.261765773928935630e+00 2.324717533415919135e+00 2.150567316922406214e+00 2.238663949297321043e+00 1.573665546139881410e+00
1.264119969634474705e+00 2.285161624385325219e+00 2.147390023813345206e+00 2.237473688651213877e+00 1.587078863243087001e+00
1.272336305524500721e+00 2.242649673070465699e+00 2.147607042843768799e+00 2.237165056142402353e+00 1.597460141737153672e+00
1.284529959736253169e+00 2.199599213928861374e+00 2.148863493820951209e+00 2.230200337007456568e+00 1.603371070438832424e+00
1.300000000000000044e+00 2.169999999999999929e+00 2.154999999999999805e+00 2.209999999999999964e+00 1.600000000000000089e+00
