8.699999999999999956e-01 2.740000000000000213e+00 1.850000000000000089e+00 2.629999999999999893e+00 1.350000000000000089e+00
8.973473677126437842e-01 2.744915873723416944e+00 1.847345745321027133e+00 2.599607502623624722e+00 1.343553939119490837e+00
9.261777504710898556e-01 2.755233399172495545e+00 1.848153556692361699e+00 2.570277392337379396e+00 1.344316259253243162e+00
9.516280888914797620e-01 2.783125831004703343e+00 1.867593965198300898e+00 2.559030211207770300e+00 1.346866860038403280e+00
9.685112906535880972e-01 2.800044261497568243e+00 1.898758529416416652e+00 2.562143416011061436e+00 1.345309390347875000e+00
9.854760211946151927e-01 2.800633250887174963e+00 1.931520695335791737e+00 2.565100358871409636e+00 1.341995079202121577e+00
1.004495467972040812e+00 2.787075521228562280e+00 1.962213782561535336e+00 2.567059286763750059e+00 1.338439480823115035e+00
1.028163563588140983e+00 2.753451006818593338e+00 1.981530088431771031e+00 2.564959467429237083e+00 1.332851091876152916e+00
1.057013389588545627e+00 2.723413402867977950e+00 1.992131813734382861e+00 2.551440366978217078e+00 1.327422282801525411e+00
1.081095449440103051e+00 2.717378823835154389e+00 2.017568783930643317e+00 2.537263028019558053e+00 1.326782040518833083e+00
1.099094740003479620e+00 2.718727607992374118e+00 2.048572782988618890e+00 2.525445170976388987e+00 1.328918415755260485e+00
1.113590516798012020e+00 2.723238877497332400e+00 2.081212761254220389e+00 2.515901751078635673e+00 1.333624452814080152e+00
1.131618315414841813e+00 2.717576597005425754e+00 2.112691499075828094e+00 2.506957469103205050e+00 1.334419509735121467e+00
1.155537745794938509e+00 2.699047773050852417e+00 2.135872801861961712e+00 2.495296028776793129e+00 1.327331246460139669e+00
1.182538727103502607e+00 2.684069843856529136e+00 2.157827524297041055e+00 2.483099125953338593e+00 1.321449794554711898e+00
1.210310108962488806e+00 2.670218026336702799e+00 2.181114530950316599e+00 2.473967177024719799e+00 1.319536603487932336e+00
1.234610567139274195e+00 2.637264614400308016e+00 2.199300564914595135e+00 2.463706315292779170e+00 1.321166239708338797e+00
1.246204337826005260e+00 2.586390771449034620e+00 2.205561361872841797e+00 2.449854332387693123e+00 1.327892146919777749e+00
1.252527904461618879e+00 2.534977298257871769e+00 2.211524907728245726e+00 2.435721913906699676e+00 1.338837898791593428e+00
1.261056232080724149e+00 2.486654427440857074e+00 2.219905193088031581e+00 2.421530133544465002e+00 1.351394195762678274e+00
1.271289074779507811e+00 2.443628545451720147e+00 2.224931398126093196e+00 2.400752286919713985e+00 1.364943866714265708e+00
1.279936310882952677e+00 2.410772781005206866e+00 2.223003817451842501e+00 2.371955607933103227e+00 1.379928578009080420e+00
1.285263010081144408e+00 2.387829554925108955e+00 2.216113285771649899e+00 2.339457630235329155e+00 1.396208841292127634e+00
1.286819257330276134e+00 2.370680986018225411e+00 2.206915454557817124e+00 2.304468332563590849e+00 1.411595347731552375e+00
1.285453708229467251e+00 2.350720428307635945e+00 2.194303596164641323e+00 2.267396829690744742e+00 1.419953644613589860e+00
1.287391787272554211e+00 2.321388688889912011e+00 2.170258771798043718e+00 2.248020371011627994e+00 1.429791855557818403e+00
1.282684438250655257e+00 2.307148195063680518e+00 2.157046177073677740e+00 2.250126557008735428e+00 1.457670378672945466e+00
1.270522252328892598e+00 2.300955320331495191e+00 2.161631129358656978e+00 2.243554711794932821e+00 1.486915284213305544e+00
1.256712698009239570e+00 2.299118372846146396e+00 2.169705557361380155e+00 2.233946785341428765e+00 1.514854540290599072e+00
1.242114890879934652e+00 2.300069437699109542e+00 2.176191987657235760e+00 2.223725281529414843e+00 1.542746081260092827e+00
1.227344786790163900e+00 2.300907825738967460e+00 2.182056437878126864e+00 2.213965092330107076e+00 1.570766716815861663e+00
1.211578223370522789e+00 2.292444580739840809e+00 2.182189534383560670e+00 2.197297731925044850e+00 1.596742804200373955e+00
1.212511710763176431e+00 2.248348300944101652e+00 2.178101675667952986e+00 2.172528140473146241e+00 1.605757395406743893e+00
1.230957738199954132e+00 2.240818315610103806e+00 2.193364412224851012e+00 2.159205616165664754e+00 1.626038490583715301e+00
1.252698730741547362e+00 2.198174175140352293e+00 2.183662221570501494e+00 2.171947847596116699e+00 1.631020045960159592e+00
1.277158135282535856e+00 2.179685179904655268e+00 2.169286554346999907e+00 2.191025833346098128e+00 1.617475057417219197e+00
1.300000000000000044e+00 2.169999999999999929e+00 2.154999999999999805e+00 2.209999999999999964e+00 1.600000000000000089e+00
