8.699999999999999956e-01 2.740000000000000213e+00 1.850000000000000089e+00 2.629999999999999893e+00 1.350000000000000089e+00
9.079090719572538992e-01 2.748185028804215779e+00 1.859844536950136851e+00 2.592194189644024149e+00 1.331740653085321302e+00
9.593093205717507788e-01 2.742400523534887835e+00 1.871901695209488681e+00 2.571671459919843361e+00 1.318109436696125458e+00
1.005061345303984499e+00 2.743859887724298119e+00 1.906935343761021251e+00 2.560758163818320998e+00 1.313282091855158429e+00
1.044913926928642711e+00 2.745833981418326797e+00 1.949200113950484647e+00 2.553249236110305187e+00 1.315351095743926724e+00
1.083979293242189001e+00 2.745591793603226805e+00 1.991818644091248425e+00 2.546181569823933177e+00 1.320095055509816317e+00
1.121506059099939945e+00 2.747841266975579622e+00 2.035460205520809751e+00 2.538437373700526578e+00 1.325234335963793031e+00
1.155400253620032736e+00 2.750142509810247660e+00 2.081710271373205856e+00 2.529481480216285050e+00 1.329471833727270402e+00
1.185173972229235817e+00 2.740571215000882077e+00 2.129962374751453780e+00 2.518870343954024094e+00 1.331814363226632825e+00
1.210750350437843403e+00 2.715027880520327841e+00 2.176682465841673686e+00 2.503916432803395153e+00 1.332291872671943933e+00
1.237731448678238477e+00 2.666327724191684734e+00 2.209309474588327937e+00 2.482499417370106265e+00 1.333003805556400190e+00
1.263249718860264048e+00 2.599366416977648697e+00 2.212853428088878971e+00 2.460141350472452526e+00 1.337086440890169037e+00
1.279863746487206466e+00 2.528492062056211687e+00 2.204061778169483343e+00 2.437901744948105076e+00 1.344719181055942014e+00
1.289069144882862394e+00 2.457693257941855336e+00 2.200274504760560745e+00 2.411488945047025823e+00 1.354597884236299787e+00
1.295561270897310990e+00 2.394115697020136047e+00 2.204765125196904485e+00 2.376946432759206917e+00 1.366463011405447903e+00
1.301290643489939391e+00 2.346921223821160751e+00 2.209870319498853597e+00 2.330300300143870462e+00 1.379544600800131304e+00
1.304168722183169260e+00 2.316495832120347487e+00 2.203531699315435688e+00 2.275011108923014280e+00 1.390709454173788773e+00
1.299165001212668535e+00 2.291858552865960075e+00 2.179311884546102362e+00 2.223786886051413170e+00 1.400501138607811447e+00
1.281898212966831263e+00 2.278202819204877549e+00 2.142891396371455759e+00 2.194189247613857141e+00 1.420223605347407103e+00
1.265430029648985322e+00 2.303276785390314441e+00 2.125880378952975214e+00 2.198111742461203111e+00 1.453566850754466344e+00
1.258468314605526661e+00 2.337520072554561512e+00 2.124640260955271920e+00 2.213924464666514158e+00 1.488204496274950772e+00
1.255040850328464686e+00 2.340513026189847690e+00 2.123459582455537564e+00 2.229364949667370865e+00 1.526809115123162641e+00
1.243802107510086907e+00 2.293194799664457051e+00 2.103734439937253509e+00 2.210041515998425687e+00 1.551961585349375561e+00
1.256528827733524034e+00 2.230190397134346192e+00 2.086483551246422596e+00 2.203433198464800569e+00 1.572696501149018156e+00
1.279244693876808281e+00 2.172948390059164403e+00 2.102309884379309324e+00 2.202490611165633716e+00 1.594217070541893877e+00
1.300000000000000044e+00 2.169999999999999929e+00 2.154999999999999805e+00 2.209999999999999964e+00 1.600000000000000089e+00
