8.699999999999999956e-01 2.740000000000000213e+00 1.850000000000000089e+00 2.629999999999999893e+00 1.350000000000000089e+00
9.192774169842193865e-01 2.767168145451178063e+00 1.897587882120159275e+00 2.589191147229935819e+00 1.341251068151980697e+00
9.770913637866857071e-01 2.709972303991230902e+00 1.907461149148015789e+00 2.544857986817324225e+00 1.318272864361897945e+00
1.024257032449929161e+00 2.694582164256104750e+00 1.939346333208361584e+00 2.551025672117935184e+00 1.316018766729488698e+00
1.066408928070930573e+00 2.685949605779601512e+00 1.972031541960173939e+00 2.545398565580415884e+00 1.314413234571202960e+00
1.094434497733450584e+00 2.696590971498769029e+00 2.004842128220191366e+00 2.544450405648500890e+00 1.319606640941178632e+00
1.191290732065864777e+00 2.708240898958274023e+00 2.124496713535642733e+00 2.519090578247858314e+00 1.348815278337516244e+00
1.205137306597551028e+00 2.692709500327997496e+00 2.140958572331205900e+00 2.509997923496954719e+00 1.345567257322797028e+00
1.213772552271860983e+00 2.672081598363401422e+00 2.150803783472606590e+00 2.500875839228182684e+00 1.338774423888951182e+00
1.224711601808480932e+00 2.645616383268242444e+00 2.156984683498807787e+00 2.488326006462552975e+00 1.331807316913010908e+00
1.270682142451118990e+00 2.563708151303121685e+00 2.163686168193165837e+00 2.443527366478626561e+00 1.321850838520135518e+00
1.300828498406245259e+00 2.493391123777833229e+00 2.173160549698365251e+00 2.410901725920874039e+00 1.330766277978117085e+00
1.296356554137261918e+00 2.438006224673953337e+00 2.154379564600813257e+00 2.377869556747278068e+00 1.314714856668480092e+00
1.297804110620516038e+00 2.394378549321262373e+00 2.128060125991453777e+00 2.341244878971864729e+00 1.284633821562231937e+00
1.303338841486345157e+00 2.320393028668347846e+00 2.124909509544290920e+00 2.252834277232591553e+00 1.312755186682682096e+00
1.303230850632934201e+00 2.316521162318876392e+00 2.131559556669502697e+00 2.235886401848203864e+00 1.334769248003677466e+00
1.304346826752025068e+00 2.311115332950849144e+00 2.151615911372172896e+00 2.194248529286417781e+00 1.399697882535765547e+00
1.308100767815484788e+00 2.311056224588143859e+00 2.168723926135198266e+00 2.178696968599286521e+00 1.469166498398172704e+00
1.287957534198786114e+00 2.333640519888106724e+00 2.148937272595877079e+00 2.208148394660971903e+00 1.516516464043469181e+00
1.277238099922560766e+00 2.347222915081291550e+00 2.129363755768360900e+00 2.205457573206272226e+00 1.538105381221720913e+00
1.250278646509519698e+00 2.352380111474093649e+00 2.077909084189297761e+00 2.197073034691370275e+00 1.592238534207150558e+00
1.254697129709002379e+00 2.301417191966093956e+00 2.080719369494942850e+00 2.195844384733471433e+00 1.591506590766088580e+00
1.271393350371558650e+00 2.223140701615664128e+00 2.103937128549911328e+00 2.198559273861295349e+00 1.590158023606873083e+00
1.300000000000000044e+00 2.169999999999999929e+00 2.154999999999999805e+00 2.209999999999999964e+00 1.600000000000000089e+00
