8.699999999999999956e-01 2.740000000000000213e+00 1.850000000000000089e+00 2.629999999999999893e+00 1.350000000000000089e+00
9.309152552844774942e-01 2.745270506822147460e+00 1.855794414452079266e+00 2.606216095445599734e+00 1.337854193374854894e+00
9.779545411937631272e-01 2.711605687553428456e+00 1.867338789357833262e+00 2.569481922196878543e+00 1.325555262080738705e+00
1.022472749270557646e+00 2.743996941117347710e+00 1.904429188866170408e+00 2.556855771165806424e+00 1.319162945274428234e+00
1.067118223900579643e+00 2.771470785081105781e+00 1.943600344828644522e+00 2.548502944749570176e+00 1.330242821698978783e+00
1.110538062739553578e+00 2.794795022749654301e+00 1.984985637707227024e+00 2.546307739088725874e+00 1.343008592435913640e+00
1.145488994074704170e+00 2.808617326107117229e+00 2.033114585040620259e+00 2.561634579659603617e+00 1.351072269398887915e+00
1.163286585386060779e+00 2.810021647864805683e+00 2.090070734734658764e+00 2.558151310029099346e+00 1.342082337881729925e+00
1.180058285525709350e+00 2.772727109770025677e+00 2.135406820775693770e+00 2.530177408074433032e+00 1.331701047305092978e+00
1.202637355134417385e+00 2.733524270187348115e+00 2.181061157934657047e+00 2.504496372412352567e+00 1.329776517348796983e+00
1.225216303223955583e+00 2.677418244843353001e+00 2.224115641063758808e+00 2.494084573233704472e+00 1.330336108749446744e+00
1.252516920883184781e+00 2.597873198114864834e+00 2.234727423844529604e+00 2.476089303251203688e+00 1.327354973545638916e+00
1.274006199564231334e+00 2.523099987328985438e+00 2.219999628297344429e+00 2.448252318043937947e+00 1.337244498645860924e+00
1.283635874058901116e+00 2.448988039441482023e+00 2.213333650160296706e+00 2.418843553216806441e+00 1.358487780814641832e+00
1.291196497232737883e+00 2.377524320682259606e+00 2.213383064646437415e+00 2.378077131040068348e+00 1.370042108443602746e+00
1.310030590888401569e+00 2.327256015856149496e+00 2.217820941824404368e+00 2.324805539297912560e+00 1.374522318638116802e+00
1.323879369337601419e+00 2.295437481223130405e+00 2.207805218845062090e+00 2.264091712669402678e+00 1.378985122092442506e+00
1.316320514593231961e+00 2.277252647727703749e+00 2.177154638690706356e+00 2.208744677984915139e+00 1.384984850192233719e+00
1.289083277448953346e+00 2.307147421441134050e+00 2.155375430552499250e+00 2.180039338471321031e+00 1.418066631501890384e+00
1.265425638622350135e+00 2.333515385849419310e+00 2.143180972973412146e+00 2.190347998921040595e+00 1.464018469535218525e+00
1.244766241666284579e+00 2.340141823037729107e+00 2.125184087791670784e+00 2.208784073802029901e+00 1.510106143695751024e+00
1.246599493860717889e+00 2.284257702602693119e+00 2.104392614435011133e+00 2.238720903108142757e+00 1.540625592729640392e+00
1.246112345771503538e+00 2.278286450958448839e+00 2.105708933689866225e+00 2.238585143790912557e+00 1.594114834018200089e+00
1.260681559173466804e+00 2.240310860886496780e+00 2.105773520384039976e+00 2.249481472074835953e+00 1.640784582326826335e+00
1.286401343586039747e+00 2.173826120285120567e+00 2.111412219131500567e+00 2.211512589190531397e+00 1.635510000617313775e+00
1.300000000000000044e+00 2.169999999999999929e+00 2.154999999999999805e+00 2.209999999999999964e+00 1.600000000000000089e+00
