8.699999999999999956e-01 2.740000000000000213e+00 1.850000000000000089e+00 2.629999999999999893e+00 1.350000000000000089e+00
9.001108667879359482e-01 2.739854387914659295e+00 1.847639305587622793e+00 2.609320040095368221e+00 1.334828340291435378e+00
9.326411145419267745e-01 2.735574717744035489e+00 1.840734675917455432e+00 2.585443304693358257e+00 1.326248383709964118e+00
9.652409314431609211e-01 2.752701115687905098e+00 1.852698235266939442e+00 2.566300002203682151e+00 1.330555485857471743e+00
9.943827103900996223e-01 2.754489896463935494e+00 1.879863840067209635e+00 2.551589209679639314e+00 1.337100687836145330e+00
1.021763943145361564e+00 2.746072566923525748e+00 1.909757630185878075e+00 2.538298471839958825e+00 1.342466843284970679e+00
1.045148758073313422e+00 2.749184931244300412e+00 1.945256534175747287e+00 2.526809591607190875e+00 1.342773172459971409e+00
1.062821888921542390e+00 2.744130491288683693e+00 1.980538840068451822e+00 2.513000356493356957e+00 1.334069890196732278e+00
1.074889619518880624e+00 2.729008486172165071e+00 2.018520114518405073e+00 2.505280410499848287e+00 1.326101445976959559e+00
1.093297392569147597e+00 2.733388996904365875e+00 2.058743192481235607e+00 2.503237686210365354e+00 1.326314376057250222e+00
1.117947078463456867e+00 2.738407652676967174e+00 2.094266079612519427e+00 2.504791320768034346e+00 1.331499712900390708e+00
1.148331115928945767e+00 2.738401930512306404e+00 2.124743937782596959e+00 2.509119296741786798e+00 1.335788235246894384e+00
1.182138100173109718e+00 2.735543204986812249e+00 2.151359822224345297e+00 2.514887533248872042e+00 1.334513843819618684e+00
1.214241777609979200e+00 2.728537874806234775e+00 2.177992346870362805e+00 2.517837014273529128e+00 1.327105022969085502e+00
1.240859559052955863e+00 2.706114409598406212e+00 2.207195948425885401e+00 2.512708627829928432e+00 1.322085501640911431e+00
1.260460413965114324e+00 2.664512927423229094e+00 2.221358202610948851e+00 2.496939120675267354e+00 1.327409714351787562e+00
1.269811157487660047e+00 2.625711472428120974e+00 2.241972229916990855e+00 2.475461261514626532e+00 1.334476100149908806e+00
1.276315585156284849e+00 2.583765047361806566e+00 2.261543245259131307e+00 2.453027792143704033e+00 1.338204441182688997e+00
1.286174810280479530e+00 2.536114295402230656e+00 2.271393558826666936e+00 2.431941933026654290e+00 1.339347251702830643e+00
1.298139712456495953e+00 2.493011962490811584e+00 2.261341109661865634e+00 2.411062387956500075e+00 1.346538192483281993e+00
1.298994189547144185e+00 2.453710865210172898e+00 2.234699853811612957e+00 2.393131883653080383e+00 1.350997842357372525e+00
1.291974338334793915e+00 2.424084443937468691e+00 2.210558443522349314e+00 2.367618537707813609e+00 1.359433411224685528e+00
1.279549873883535582e+00 2.418333177806426093e+00 2.193954707427467454e+00 2.339054587390889672e+00 1.375919431333492371e+00
1.266583798916611991e+00 2.419905757966393178e+00 2.180636655377748312e+00 2.310891199294594855e+00 1.394287728296911499e+00
1.255948370738279696e+00 2.419773680290088436e+00 2.168163286916164889e+00 2.280443337402254578e+00 1.412005999591705807e+00
1.245682084987477012e+00 2.406714727720529190e+00 2.151801627843845210e+00 2.246737756225406279e+00 1.423016497962546589e+00
1.229618487965631335e+00 2.381400437548254256e+00 2.141895756809518492e+00 2.238751133539894855e+00 1.443470557139928889e+00
1.214506222076360498e+00 2.351046959280237214e+00 2.136712690317001062e+00 2.234590477730149516e+00 1.465592317052875071e+00
1.207501713429718571e+00 2.340117607646884146e+00 2.127656355104366348e+00 2.203682547301226258e+00 1.479888471977691022e+00
1.216308511165779871e+00 2.368423540701202867e+00 2.114354318900744101e+00 2.203175230627350434e+00 1.458283957307209278e+00
1.227513730567916905e+00 2.380332748133571208e+00 2.114190423083192716e+00 2.229974071393319601e+00 1.443454736105781233e+00
1.243247229805627851e+00 2.367105422344863097e+00 2.135476793834214071e+00 2.229569230612716613e+00 1.465432949053019351e+00
1.250009189087534667e+00 2.353100814678299457e+00 2.147930857816550798e+00 2.220234613854306538e+00 1.491222895006210303e+00
1.253957409831290448e+00 2.339507893519464865e+00 2.155511547525044591e+00 2.212764407567853198e+00 1.518356645036500918e+00
1.257807236974241016e+00 2.325886392718078621e+00 2.162662623802697137e+00 2.205305526349184753e+00 1.545542726535184430e+00
1.262189967326474260e+00 2.311659126814411547e+00 2.167928781212282718e+00 2.196886219646867477e+00 1.572669676495997093e+00
1.263330208350609274e+00 2.301062727893413040e+00 2.137920650119696120e+00 2.186394966485578184e+00 1.590707507961701017e+00
1.257479933405750039e+00 2.347095917227460582e+00 2.122479191412098398e+00 2.187805151149232685e+00 1.581565431404760469e+00
1.263735298984348443e+00 2.311164473599966573e+00 2.155381929628849669e+00 2.185836973848663156e+00 1.588847167303355290e+00
1.275537287849713763e+00 2.274337450038623309e+00 2.172731654388786016e+00 2.192560826365147708e+00 1.605136468996155585e+00
1.287635117816989361e+00 2.221234025990445282e+00 2.168106532996889158e+00 2.205231999102317708e+00 1.607370773391959995e+00
1.300000000000000044e+00 2.169999999999999929e+00 2.154999999999999805e+00 2.209999999999999964e+00 1.600000000000000089e+00
