8.699999999999999956e-01 2.740000000000000213e+00 1.850000000000000089e+00 2.629999999999999893e+00 1.350000000000000089e+00
8.985923859854912932e-01 2.754631457262077809e+00 1.843097605450418897e+00 2.612196062258023144e+00 1.342432351217475173e+00
9.230033120423329907e-01 2.766723882676545010e+00 1.850719347722225239e+00 2.590784598950112816e+00 1.332273612634401250e+00
9.417505193640990369e-01 2.788817454207902280e+00 1.870395560503615551e+00 2.575230865169505723e+00 1.328169524181282757e+00
9.649068576733730307e-01 2.790252524323510119e+00 1.887945027575157253e+00 2.555074130997011306e+00 1.327634092074704064e+00
9.902009786837142613e-01 2.777744385693303730e+00 1.902485279811742425e+00 2.536135911749231031e+00 1.330943821063605759e+00
1.015591768121357319e+00 2.761617340886146632e+00 1.917538841477247180e+00 2.519669072171160984e+00 1.336173880169972072e+00
1.040377113127124220e+00 2.745308811379781666e+00 1.938050734937658559e+00 2.514605111098474843e+00 1.342259760277284553e+00
1.057134928597210921e+00 2.746131062080808150e+00 1.963958497941154624e+00 2.525394684040262572e+00 1.337978343234228706e+00
1.069294081075269354e+00 2.748979867643360553e+00 1.993915375594228490e+00 2.521654220603560148e+00 1.338104483401181044e+00
1.082047666009215314e+00 2.746521316389208600e+00 2.023863982723902666e+00 2.518974098090324354e+00 1.339786983574865031e+00
1.096768406566454690e+00 2.741273904256422256e+00 2.053035223249294106e+00 2.516040920525885571e+00 1.338414513565884922e+00
1.114416471385364371e+00 2.737035555667465925e+00 2.080544275849729452e+00 2.510297263990030281e+00 1.335197633621627133e+00
1.137329623878386542e+00 2.738359673014896245e+00 2.105773697835205294e+00 2.507133121065288961e+00 1.333854452468016261e+00
1.164941283204069977e+00 2.725538981512363179e+00 2.123400446486354731e+00 2.496208946706464538e+00 1.332202265412809838e+00
1.183535608214079549e+00 2.691796700814591770e+00 2.140887592260224181e+00 2.494710034019458789e+00 1.323801497857681975e+00
1.204425934547072696e+00 2.656274367354950705e+00 2.156447902920035631e+00 2.489689220957496563e+00 1.319417936879772046e+00
1.224315821715554087e+00 2.621876439886668742e+00 2.173170735854073499e+00 2.482698225120880231e+00 1.318098868885283936e+00
1.241850706107108904e+00 2.578607203677332205e+00 2.170426429716981076e+00 2.472351724106053528e+00 1.315375079643733791e+00
1.255085870668354087e+00 2.550904005177903944e+00 2.148390566367173182e+00 2.464545856151910908e+00 1.323289776971642961e+00
1.270758766908933302e+00 2.529803027467479204e+00 2.134937725445827716e+00 2.459474984479957715e+00 1.343062949521789395e+00
1.285518925426150538e+00 2.501684151761896402e+00 2.139310388378843797e+00 2.450822237092588285e+00 1.363221164984405487e+00
1.294758843167863382e+00 2.467550436236107814e+00 2.156739543214188259e+00 2.437159670794019295e+00 1.373081253358473530e+00
1.303057796869902862e+00 2.436341215966649987e+00 2.175198786699357623e+00 2.419967502211952670e+00 1.378963353477190790e+00
1.300824575568486630e+00 2.418754406857481776e+00 2.187316900861342894e+00 2.391492446321384246e+00 1.386309140102757631e+00
1.286851853399903600e+00 2.402445519849669697e+00 2.179805694613760725e+00 2.362953077257943679e+00 1.394329057671576777e+00
1.271349807258641995e+00 2.383319532659978979e+00 2.164037406229080140e+00 2.339970181313479891e+00 1.401467107467327944e+00
1.255897892549747041e+00 2.364359308032192519e+00 2.148132013907027904e+00 2.316989300100263716e+00 1.408376265733161770e+00
1.242476201369112188e+00 2.349912058058254871e+00 2.136169360046048737e+00 2.289456733167523073e+00 1.414682862704862210e+00
1.242435621117925493e+00 2.360188742599379275e+00 2.133039737215107312e+00 2.257058971408762105e+00 1.421286435078509269e+00
1.257776321147827669e+00 2.396967987542348855e+00 2.135682963273438428e+00 2.245547906323666076e+00 1.436175765150223604e+00
1.266629041254165866e+00 2.429041049559603316e+00 2.140470240495914389e+00 2.248865484452302610e+00 1.458545823643117689e+00
1.270350296262884315e+00 2.453017163722054583e+00 2.146120680021800453e+00 2.251128448667369941e+00 1.484269755157195503e+00
1.270329005634829977e+00 2.464744726788798523e+00 2.145390801681797743e+00 2.244362038931492442e+00 1.512514991592069924e+00
1.268421602180330732e+00 2.453994749963387179e+00 2.140949489365497449e+00 2.239462008103412671e+00 1.540765918320869954e+00
1.270784968728155828e+00 2.419015794195381819e+00 2.138465385781758599e+00 2.245826247494270955e+00 1.562794576606150176e+00
1.266733387520127208e+00 2.384752643197852073e+00 2.145727569241057786e+00 2.255419613550520452e+00 1.582990453053373603e+00
1.264730060408340462e+00 2.348045464978475216e+00 2.132162573291354057e+00 2.246916979171885043e+00 1.599471689659730522e+00
1.270846570445105961e+00 2.306147116921969165e+00 2.135671633063780828e+00 2.237168606396796378e+00 1.615664793153146706e+00
1.280757818851246510e+00 2.259128038056073873e+00 2.149300431800730493e+00 2.234658463586383537e+00 1.616463062943095608e+00
1.289449934381548424e+00 2.221610430493809130e+00 2.154180468596787357e+00 2.216103479526628561e+00 1.603667658632512705e+00
1.300000000000000044e+00 2.169999999999999929e+00 2.154999999999999805e+00 2.209999999999999964e+00 1.600000000000000089e+00
