8.699999999999999956e-01 2.740000000000000213e+00 1.850000000000000089e+00 2.629999999999999893e+00 1.350000000000000089e+00
9.270775965684517894e-01 2.744661174058467878e+00 1.858893732817697320e+00 2.608827722133866267e+00 1.354659511266976590e+00
9.687463430407700082e-01 2.759368079442158450e+00 1.879112724748762897e+00 2.574730088887762669e+00 1.338988936985447964e+00
1.013057741154091751e+00 2.753475335626136555e+00 1.917331446498050873e+00 2.567530763922936554e+00 1.329784804706023893e+00
1.053585864807628170e+00 2.746871510147260942e+00 1.961795003356884060e+00 2.566172249951223172e+00 1.331594308413216909e+00
1.091367160474464582e+00 2.769107514997831032e+00 2.005527252991915699e+00 2.566867448085206505e+00 1.337215340731279900e+00
1.128082635649187981e+00 2.784256046278969166e+00 2.051604542139405130e+00 2.558749548390431894e+00 1.337686007061209104e+00
1.161337106365221805e+00 2.791368703223267911e+00 2.100003393271016705e+00 2.545796129817853526e+00 1.334978518931490887e+00
1.191238022414097486e+00 2.785343769045480755e+00 2.146894858581714249e+00 2.524552335201905251e+00 1.326884437609433975e+00
1.215612104380939140e+00 2.737978128162457114e+00 2.187548417228316833e+00 2.509749106454485901e+00 1.323942137115871498e+00
1.247500737211915789e+00 2.689126557330924872e+00 2.224859228591173022e+00 2.498789274711531672e+00 1.324011153364482940e+00
1.282398868633278344e+00 2.642629571285466383e+00 2.262065927508567942e+00 2.497172629247596198e+00 1.326999525340839092e+00
1.283981002870723032e+00 2.587106479649921909e+00 2.231104506128530396e+00 2.484016816041281217e+00 1.344673895278940989e+00
1.288878924384772029e+00 2.520475425707223938e+00 2.202921892936376747e+00 2.462887193471101632e+00 1.357762515246389246e+00
1.293512588829508481e+00 2.452774380541638877e+00 2.176697732322129486e+00 2.439464739843570040e+00 1.370491931619240988e+00
1.295946965629858783e+00 2.388404125285315427e+00 2.168343440626302243e+00 2.400309743230246706e+00 1.382460428618311754e+00
1.302090548142484039e+00 2.372468144211946406e+00 2.189158708869864522e+00 2.343746753855858067e+00 1.380126272191699144e+00
1.307161099140910832e+00 2.343146819318266516e+00 2.182433741879530320e+00 2.288278610031668325e+00 1.363349409002986956e+00
1.308890300065774337e+00 2.331730248808999040e+00 2.164694695037117977e+00 2.226812020667364056e+00 1.356017165550517767e+00
1.290530307272747423e+00 2.356931736268212951e+00 2.146663161573530765e+00 2.190853030664833057e+00 1.383988330674690292e+00
1.262570912675239354e+00 2.363852217019253743e+00 2.130648787152590540e+00 2.191169178557414110e+00 1.421137972486994139e+00
1.239864490353917326e+00 2.381216843068123978e+00 2.103233374913498377e+00 2.190915062104424216e+00 1.455581767598312037e+00
1.218176588647256420e+00 2.395614538614766253e+00 2.081056670862385438e+00 2.184833071311702568e+00 1.492430810082682413e+00
1.196111383628385649e+00 2.408541649835956200e+00 2.069590514264484149e+00 2.178168164630181369e+00 1.530708348721613321e+00
1.199323843652447374e+00 2.384838518903570126e+00 2.112357786294257522e+00 2.193951684884469344e+00 1.556471787846609001e+00
1.200179489937774235e+00 2.326533712968643197e+00 2.119951210644168249e+00 2.210854802517772999e+00 1.586802161195176808e+00
1.211447533121266629e+00 2.258028913161292728e+00 2.105837044300019389e+00 2.207188432146490520e+00 1.609611336601963982e+00
1.256712344500932721e+00 2.205273651280784009e+00 2.123780234824653057e+00 2.209494690047083321e+00 1.611586833123807017e+00
1.300000000000000044e+00 2.169999999999999929e+00 2.154999999999999805e+00 2.209999999999999964e+00 1.600000000000000089e+00
