8.699999999999999956e-01 2.740000000000000213e+00 1.850000000000000089e+00 2.629999999999999893e+00 1.350000000000000089e+00
8.953765003654213794e-01 2.737723331489346101e+00 1.845782847373599989e+00 2.595223236359245789e+00 1.347049491552259060e+00
9.255797786767813173e-01 2.751851122888907319e+00 1.853487712194537895e+00 2.567716779491958867e+00 1.346113533445872479e+00
9.516276548017371661e-01 2.786701368359765674e+00 1.874489369667668104e+00 2.564261792078024627e+00 1.342772953196337715e+00
9.749579463592848994e-01 2.804609514341981580e+00 1.905407551316150805e+00 2.570633005630629242e+00 1.338989139133130779e+00
1.003430660965703991e+00 2.800231604663386609e+00 1.934749967346802713e+00 2.572621169617783199e+00 1.335715356163138301e+00
1.026510426710470769e+00 2.772685535936257661e+00 1.962330363269218836e+00 2.564628455023736375e+00 1.332970216992670487e+00
1.045763466177209278e+00 2.750073252553651315e+00 1.993338044938393949e+00 2.551497675276280130e+00 1.332693032120141341e+00
1.065615765384014590e+00 2.743081477258670464e+00 2.027185196191366501e+00 2.538904786636034139e+00 1.334554868241903502e+00
1.086418628991633328e+00 2.744248559115750830e+00 2.061234815656741937e+00 2.527874611024124363e+00 1.336961229676915108e+00
1.108055279322491371e+00 2.734077388441806811e+00 2.093963952676780593e+00 2.516167031536353349e+00 1.336212564346113352e+00
1.125466198579565535e+00 2.729506692095261755e+00 2.130312147159405090e+00 2.522341280923941387e+00 1.339216418555936317e+00
1.143537662656444631e+00 2.737599219633022329e+00 2.165477533171414226e+00 2.513354676362864915e+00 1.337694263232894309e+00
1.173298944666510080e+00 2.712352366358367295e+00 2.180877584834144400e+00 2.496465007820055426e+00 1.331884434384242866e+00
1.202931605524250047e+00 2.679534535579399357e+00 2.189337030729490596e+00 2.480553087236272436e+00 1.325754660610280800e+00
1.229653032720054551e+00 2.642082055656803874e+00 2.202297810421755209e+00 2.466220390869533929e+00 1.322243765143221061e+00
1.236556404449603797e+00 2.595078296489401026e+00 2.224907902420337980e+00 2.452984582191190643e+00 1.325493362384206009e+00
1.240080387488449398e+00 2.545696807210201751e+00 2.242977628014995783e+00 2.440288006914346219e+00 1.334557905033603831e+00
1.254701352214097732e+00 2.500699469925864005e+00 2.254892356626294170e+00 2.428335419383643945e+00 1.348153961843294724e+00
1.271522976518896231e+00 2.456961676316760546e+00 2.262469187973969120e+00 2.415164014553685679e+00 1.362524780241227029e+00
1.282415252496295066e+00 2.415922886403026659e+00 2.254981678801594835e+00 2.390123294964303202e+00 1.374026064531113533e+00
1.286353556130255260e+00 2.396399337010787001e+00 2.237346383408135964e+00 2.353968210219346879e+00 1.381295511957715050e+00
1.292335235331749432e+00 2.387158825661590988e+00 2.227907829290325381e+00 2.313601951597241246e+00 1.390603159743099226e+00
1.297492758039717309e+00 2.370254517204583689e+00 2.222417310601500606e+00 2.275220582188249185e+00 1.402797669325265506e+00
1.297882781617466064e+00 2.349835603134330597e+00 2.206969354922883486e+00 2.244619916324168685e+00 1.419095174034807672e+00
1.290455732646748288e+00 2.326959440160490722e+00 2.178096884601607997e+00 2.227740633740715737e+00 1.432860814815702710e+00
1.274251207336563940e+00 2.298653347981486572e+00 2.151967564986669856e+00 2.216555768971837814e+00 1.445191971304776946e+00
1.255331908729770962e+00 2.289987088442764662e+00 2.141860271324309117e+00 2.202919697233283181e+00 1.469265120125036628e+00
1.240470907284648261e+00 2.300393683318830984e+00 2.140115954592252123e+00 2.190591844813416955e+00 1.496190716908092355e+00
1.226320294230404784e+00 2.313154892927252071e+00 2.140968208685093632e+00 2.178242928483601126e+00 1.523097356303834360e+00
1.212473343255956904e+00 2.323785233178989884e+00 2.145973458147131918e+00 2.166887481430519458e+00 1.550260448803829849e+00
1.202326426610960786e+00 2.325938104159682052e+00 2.158785701245798716e+00 2.165164909865703979e+00 1.578383895966268602e+00
1.204158852613876451e+00 2.307349896390126442e+00 2.175467117633468561e+00 2.181919329713719602e+00 1.602190553478605395e+00
1.218413761103797732e+00 2.263959180676664129e+00 2.189159874712852893e+00 2.190935421687008500e+00 1.617167068150548115e+00
1.249128320376319046e+00 2.225096219903917483e+00 2.195141370121219015e+00 2.193012010684316060e+00 1.621383625455069089e+00
1.279624559384480831e+00 2.201299121742691600e+00 2.179720763864807509e+00 2.201103342155684039e+00 1.610010927573142903e+00
1.300000000000000044e+00 2.169999999999999929e+00 2.154999999999999805e+00 2.209999999999999964e+00 1.600000000000000089e+00
