8.699999999999999956e-01 2.740000000000000213e+00 1.850000000000000089e+00 2.629999999999999893e+00 1.350000000000000089e+00
8.975135734311053826e-01 2.763021644549071620e+00 1.866944334262214955e+00 2.611640667702139762e+00 1.350175260290344292e+00
9.253177362082407598e-01 2.784669244321340553e+00 1.883702349558266764e+00 2.592478372620615978e+00 1.350043316298559892e+00
9.556727104834084052e-01 2.780316437885587799e+00 1.894988014522767772e+00 2.566144185866537697e+00 1.347580678449766367e+00
9.830131537253996576e-01 2.768059097276357683e+00 1.919326841598297362e+00 2.558269844731670517e+00 1.347437019818932713e+00
1.006804426408140829e+00 2.746347910290827699e+00 1.944947767071922407e+00 2.556969038414909523e+00 1.348722049438796589e+00
1.028566597710953046e+00 2.722240333151025204e+00 1.971033749855870543e+00 2.561752127589752348e+00 1.349365059152788149e+00
1.049499294436771812e+00 2.705510472463935834e+00 2.000020076132518643e+00 2.563696936710762042e+00 1.349734853222533060e+00
1.067623425750327204e+00 2.690650017289003770e+00 2.029361179770542201e+00 2.552039428157047762e+00 1.347442294793438133e+00
1.081834478147245759e+00 2.681533381427366081e+00 2.057326285530141519e+00 2.531240803402279305e+00 1.341273534597623662e+00
1.093952158347531123e+00 2.682734427276978195e+00 2.087093207177971532e+00 2.513456866186517757e+00 1.333597176606652113e+00
1.110905785374955324e+00 2.687424836524613614e+00 2.117645479710545953e+00 2.506425766274932521e+00 1.326599287723744691e+00
1.135279138625648443e+00 2.687356054200511934e+00 2.145183477454660093e+00 2.507150489054265741e+00 1.321226959477804330e+00
1.163492270272806550e+00 2.682854091379470507e+00 2.170185685401064379e+00 2.508088188674634456e+00 1.317815624777935790e+00
1.192494682782937243e+00 2.674922186597417095e+00 2.194378386855106111e+00 2.504390071825934427e+00 1.316828016644724597e+00
1.220245111274929073e+00 2.658878071428063983e+00 2.216536837214886368e+00 2.493571547818205225e+00 1.319196321823592921e+00
1.243159098924912165e+00 2.628715229100547113e+00 2.231852757943033616e+00 2.476081691981762312e+00 1.325703298364781624e+00
1.258549533332605552e+00 2.587251301937288694e+00 2.236678288763591649e+00 2.456858250309028602e+00 1.335016712440591613e+00
1.269942355563413949e+00 2.541813977005286773e+00 2.235163940045120867e+00 2.439048290012892028e+00 1.344812869773183595e+00
1.281800534306506645e+00 2.496510309046639620e+00 2.234299623106728472e+00 2.420816586684480853e+00 1.354433407967534420e+00
1.294268181730451328e+00 2.455287060236371666e+00 2.236620872090511192e+00 2.398968712492269173e+00 1.364926729852600440e+00
1.303969513722542217e+00 2.421382048697594769e+00 2.238083136034392240e+00 2.371837710759153062e+00 1.377855375395205195e+00
1.307588536790057487e+00 2.396064273640195808e+00 2.233586614387240488e+00 2.341076325310305517e+00 1.392890771097987646e+00
1.304713345224611132e+00 2.377280017827614333e+00 2.222887871207978705e+00 2.309161338324396517e+00 1.407713685599804032e+00
1.296360776415104166e+00 2.360604830421808575e+00 2.208598608253731665e+00 2.275923560149219149e+00 1.419719759671096648e+00
1.283232434166766023e+00 2.341687023323079764e+00 2.193289035499486506e+00 2.240958985815019844e+00 1.425861602864920696e+00
1.267457388014644470e+00 2.318229350356699747e+00 2.180532363421038067e+00 2.205741670396842657e+00 1.427663188704869190e+00
1.252633493338584758e+00 2.294851466497966008e+00 2.172955763189478695e+00 2.172359961410917695e+00 1.437137652604535409e+00
1.243107449076696902e+00 2.284773770242462199e+00 2.169606818958622174e+00 2.151277873647771788e+00 1.457805006481732502e+00
1.234957724699487169e+00 2.283195385812711198e+00 2.165242067300730877e+00 2.137912320717973991e+00 1.481160476695287942e+00
1.225990642692103005e+00 2.284738744271513244e+00 2.159571513921316743e+00 2.127688778601346531e+00 1.504745474347342737e+00
1.216500407984755894e+00 2.292860035899299209e+00 2.156449038332587165e+00 2.122486438025210198e+00 1.528635383537778392e+00
1.203094976390279403e+00 2.294240299750957224e+00 2.161818873252020712e+00 2.137870248807554052e+00 1.549417516765920322e+00
1.205957235328860566e+00 2.246936247228752404e+00 2.150369291742981304e+00 2.131529525716026718e+00 1.560304538305407274e+00
1.216305525286610845e+00 2.208963820937572375e+00 2.152894351541105422e+00 2.148409300750180773e+00 1.575447704858282894e+00
1.233195884605047477e+00 2.187159220424456318e+00 2.162768020723903284e+00 2.176654023327327270e+00 1.588035162432073877e+00
1.262712007994019059e+00 2.169792317334156895e+00 2.164180045401832952e+00 2.198758982940428819e+00 1.597554340652593829e+00
1.300000000000000044e+00 2.169999999999999929e+00 2.154999999999999805e+00 2.209999999999999964e+00 1.600000000000000089e+00
