8.699999999999999956e-01 2.740000000000000213e+00 1.850000000000000089e+00 2.629999999999999893e+00 1.350000000000000089e+00
9.009934802356912575e-01 2.743433306058746357e+00 1.851960485561375602e+00 2.598572111226762349e+00 1.343082960947665327e+00
9.313795301670424465e-01 2.756786750893023719e+00 1.859572665520718981e+00 2.568716055821640420e+00 1.349012100256383517e+00
9.541310869437459319e-01 2.793876691969025661e+00 1.882548075008607658e+00 2.565157597333596495e+00 1.358106530913304244e+00
9.820369363790308892e-01 2.779265182359747399e+00 1.911539865133185412e+00 2.559801300402158919e+00 1.354265034696876979e+00
1.008640349330373498e+00 2.743986488369441368e+00 1.934212516268331461e+00 2.552107868644091671e+00 1.347293279204758720e+00
1.024316750192175052e+00 2.711908870129016602e+00 1.957599320600721393e+00 2.532608945490818275e+00 1.335246622655321902e+00
1.041567557554029078e+00 2.700193824380020313e+00 1.990227222413189390e+00 2.515093506715274874e+00 1.328695004705646276e+00
1.063356219284587123e+00 2.701168381606563251e+00 2.025367821318515116e+00 2.505968434900948338e+00 1.329061406692580771e+00
1.087375445960891529e+00 2.706208039217136818e+00 2.059879521019563064e+00 2.500702636223373965e+00 1.330745863161095777e+00
1.111798055816441089e+00 2.718309076374662236e+00 2.093659593898648641e+00 2.501199228226822058e+00 1.333254282233498511e+00
1.140188701062190724e+00 2.706364566749751788e+00 2.124058627739433103e+00 2.503476600005013708e+00 1.333615898572825476e+00
1.170640791356656996e+00 2.666151769112116376e+00 2.136267469994043822e+00 2.495807496340325393e+00 1.324965470336575191e+00
1.203821520286127988e+00 2.642281333232509688e+00 2.155721725054710269e+00 2.485226293300563327e+00 1.317294974336957303e+00
1.230828275583509823e+00 2.639815859629582206e+00 2.186073871633847254e+00 2.471600629515095626e+00 1.318310549664498232e+00
1.242651406993233287e+00 2.620419034008610204e+00 2.202779532113865457e+00 2.450618198988261831e+00 1.337378492579993416e+00
1.255395267440770901e+00 2.563882815435433837e+00 2.203045240165787177e+00 2.437467594374068902e+00 1.347555610043115637e+00
1.275054307447939905e+00 2.522440065173431556e+00 2.221186820305875553e+00 2.421315301807894116e+00 1.358439561868515000e+00
1.294262008918517282e+00 2.480806459018914722e+00 2.239032112851934375e+00 2.405094342358720549e+00 1.369137347050961129e+00
1.291158309539377491e+00 2.421890133318621796e+00 2.236542036332699546e+00 2.385941828219272587e+00 1.375283593005498073e+00
1.281860609902483183e+00 2.388259260894814773e+00 2.204454056816802066e+00 2.377122408190285086e+00 1.382558647355951686e+00
1.289706020466199643e+00 2.367298778976489881e+00 2.190001060416631340e+00 2.340701518805551995e+00 1.392475663630558413e+00
1.298557548638544334e+00 2.351724313258477306e+00 2.194441221842654777e+00 2.297793480953056466e+00 1.394728446541629197e+00
1.304730156689746234e+00 2.330101154904523852e+00 2.206036744412414041e+00 2.257323878419407848e+00 1.397605535881801808e+00
1.291851017152112924e+00 2.304396213010836636e+00 2.200622300222133010e+00 2.225494528082212486e+00 1.411181975522533438e+00
1.298696348484817076e+00 2.283086651046895010e+00 2.172443417409074762e+00 2.227945863903219248e+00 1.421854225492020785e+00
1.275748895650110626e+00 2.318944803204216143e+00 2.171785305426322310e+00 2.231268669375513714e+00 1.442950603121280206e+00
1.258028746550596821e+00 2.331877048180896583e+00 2.178117561953706982e+00 2.226441639526321126e+00 1.471259364401940495e+00
1.248553082355620347e+00 2.327536697478419736e+00 2.184612495091098783e+00 2.219167518297324726e+00 1.501954018687405634e+00
1.239914413744056532e+00 2.321590797428114694e+00 2.191080265262741023e+00 2.211707925587237611e+00 1.532694834239963333e+00
1.223857450571290251e+00 2.313090329435413040e+00 2.194501904545359761e+00 2.204876635900067328e+00 1.562102387560474703e+00
1.212419748907333616e+00 2.297923034684367760e+00 2.205012651925133405e+00 2.195457228538604699e+00 1.590559450375227390e+00
1.216745977251208588e+00 2.275481914834416308e+00 2.193771445286533339e+00 2.192941628324752035e+00 1.617350537457055148e+00
1.231566189941480483e+00 2.242711309925455865e+00 2.162166875902698404e+00 2.197130544225128546e+00 1.612762526428144882e+00
1.262010094261900583e+00 2.195167477350638663e+00 2.156888877458743359e+00 2.196884675491522554e+00 1.608312749440238942e+00
1.300000000000000044e+00 2.169999999999999929e+00 2.154999999999999805e+00 2.209999999999999964e+00 1.600000000000000089e+00
