8.699999999999999956e-01 2.740000000000000213e+00 1.850000000000000089e+00 2.629999999999999893e+00 1.350000000000000089e+00
9.005914431708523793e-01 2.736219313310080725e+00 1.855663203763559643e+00 2.607753627405683172e+00 1.350161488705367896e+00
9.348081150925575677e-01 2.741635662297493337e+00 1.857175846329915281e+00 2.592318117321509963e+00 1.353863175107028693e+00
9.676045459028477236e-01 2.737218078643484098e+00 1.865273028426672530e+00 2.577220868286858479e+00 1.348632497932440888e+00
9.914066229780209571e-01 2.721225614969140505e+00 1.884328426164966430e+00 2.561721278378103595e+00 1.342707640703968641e+00
1.009942597433298728e+00 2.708492930699719636e+00 1.909786300171749440e+00 2.547838087714013877e+00 1.337226536278661282e+00
1.028796300194759095e+00 2.711627652712219394e+00 1.939475013563740413e+00 2.543907338209712599e+00 1.335053250958666560e+00
1.044997103986582854e+00 2.706101097246529807e+00 1.969722116797319122e+00 2.535994777005634138e+00 1.337902755930323595e+00
1.059367552188279715e+00 2.693335516662811457e+00 1.998705348002338678e+00 2.523809050949172406e+00 1.340607008460522831e+00
1.078172297882043162e+00 2.686421344638134645e+00 2.027261864649254619e+00 2.513742423238507939e+00 1.341411896312646457e+00
1.100007628416441063e+00 2.683827277827379287e+00 2.055125751358965136e+00 2.507662887616843861e+00 1.343378186077067271e+00
1.118057323538491188e+00 2.675024831239123824e+00 2.084744766690949547e+00 2.502171752119534798e+00 1.345100936221283128e+00
1.131328438715209384e+00 2.654471970532783942e+00 2.113134468271507860e+00 2.494799173522957769e+00 1.342088962634379490e+00
1.146256355202053490e+00 2.624564302492938594e+00 2.134296885579213487e+00 2.486818304718530381e+00 1.334183801348683529e+00
1.166701857997956671e+00 2.590799686296285653e+00 2.146871601158756970e+00 2.480461553428134902e+00 1.325147360910011951e+00
1.192473147287969493e+00 2.559284576530477473e+00 2.157677593133914939e+00 2.475568104089334032e+00 1.319100129423589340e+00
1.219573786395597326e+00 2.538258644626688376e+00 2.174657371034064646e+00 2.465689541158165188e+00 1.320193727160145380e+00
1.238060325054042510e+00 2.531161817697384464e+00 2.192266220096769302e+00 2.440865474547899261e+00 1.326344726567337373e+00
1.246180970502334562e+00 2.530026943321739274e+00 2.200543070751913799e+00 2.404551014155255295e+00 1.330224487847998294e+00
1.249022495143145672e+00 2.529422003847642042e+00 2.199079701815466859e+00 2.365847889455658049e+00 1.333566087444490345e+00
1.247872938466096482e+00 2.528411658972312459e+00 2.190287422038591725e+00 2.330892492423127571e+00 1.343087125749711230e+00
1.243477410309600906e+00 2.528333941896833803e+00 2.182007036210459106e+00 2.304498652956428639e+00 1.360895121334345426e+00
1.239237133685606285e+00 2.529593680351950091e+00 2.181314452522218339e+00 2.287314412239679129e+00 1.383992485887053814e+00
1.236564333921952308e+00 2.531983805052335779e+00 2.185096197719555100e+00 2.281652962629302728e+00 1.409449322579281461e+00
1.234734767396068023e+00 2.539851970511531665e+00 2.188935133296507463e+00 2.285805575113242227e+00 1.434827592461793033e+00
1.235370750258844019e+00 2.568292802701268140e+00 2.202621061146968540e+00 2.296220706599863881e+00 1.451946443971302791e+00
1.253164178192803568e+00 2.600337362891270043e+00 2.198185850928628060e+00 2.291876186022788975e+00 1.466350301803352574e+00
1.261103146744950498e+00 2.607635161291529613e+00 2.186381509778016596e+00 2.288063137138875991e+00 1.489872312606129068e+00
1.266991344498067829e+00 2.608891132970336368e+00 2.170891646299003774e+00 2.285485057664526920e+00 1.512751664341947633e+00
1.270508827189411161e+00 2.592381566483288324e+00 2.152781517653400201e+00 2.281849986927178442e+00 1.532611103312953915e+00
1.272477726064518588e+00 2.550543858746021630e+00 2.141642512502858420e+00 2.271135353009365865e+00 1.542569697353505909e+00
1.275013460987386216e+00 2.504216373611466651e+00 2.140637049929398739e+00 2.253989158758363587e+00 1.543362096183740428e+00
1.278541281008186425e+00 2.460540086009778804e+00 2.140112082006138117e+00 2.234713787583624711e+00 1.538713605704861598e+00
1.281054795903977084e+00 2.417828185880310343e+00 2.134609027986159369e+00 2.222140121855619821e+00 1.527565944696312350e+00
1.280974118313751520e+00 2.373894954663132495e+00 2.129652229614882319e+00 2.220581353741678310e+00 1.514417048310105818e+00
1.279218136875587275e+00 2.324680928076739761e+00 2.131271937015704054e+00 2.221846891488582276e+00 1.506945759166409715e+00
1.277036913653792904e+00 2.275692393416235415e+00 2.141402626769552509e+00 2.218772655570291796e+00 1.508623073309739659e+00
1.276166432334749246e+00 2.235622792538636716e+00 2.157739460202715343e+00 2.209627707688456066e+00 1.517881718731853624e+00
1.277571037848893809e+00 2.205900964587171664e+00 2.176648497271309157e+00 2.200173323745107101e+00 1.532413586510380066e+00
1.283643922674999382e+00 2.187981110390776252e+00 2.184678655917126733e+00 2.200947130269126806e+00 1.555537797481849394e+00
1.292679200152076158e+00 2.182501434070434065e+00 2.169496632514762879e+00 2.205804863002807537e+00 1.577820620449901234e+00
1.300000000000000044e+00 2.169999999999999929e+00 2.154999999999999805e+00 2.209999999999999964e+00 1.600000000000000089e+00
