8.699999999999999956e-01 2.740000000000000213e+00 1.850000000000000089e+00 2.629999999999999893e+00 1.350000000000000089e+00
9.101228286721969596e-01 2.746734951329139029e+00 1.887722513011447889e+00 2.599961968169290927e+00 1.333841286766844547e+00
9.601931031881153489e-01 2.718175428034185437e+00 1.886543451443126074e+00 2.554973173006589438e+00 1.317247986905058177e+00
1.013111618829130700e+00 2.726796531483759445e+00 1.922643657413940055e+00 2.551758559589513364e+00 1.317266554187212169e+00
1.051812997029758057e+00 2.741372874943033278e+00 1.968320104378122437e+00 2.555207740053166532e+00 1.322230455016285777e+00
1.089056161014968716e+00 2.738339022317762605e+00 2.015499156321133967e+00 2.551735465370225775e+00 1.326507399086961358e+00
1.125011940427995016e+00 2.724833636338384046e+00 2.062455030297988046e+00 2.543767034314095454e+00 1.330229090704788897e+00
1.160449100041220261e+00 2.710488546530381626e+00 2.109385699427523964e+00 2.534047194039085849e+00 1.334412173058446838e+00
1.203906335704003183e+00 2.666418457679342158e+00 2.141991815674525235e+00 2.514813516959668149e+00 1.333733069053503417e+00
1.233558978570028941e+00 2.607838521341222737e+00 2.170357033654406020e+00 2.480931944321999705e+00 1.334161002993379919e+00
1.261538164047179889e+00 2.537581341896169906e+00 2.179381347630208854e+00 2.440532940120528238e+00 1.338313352999847439e+00
1.289177963783995295e+00 2.470391396638570214e+00 2.167057990496067177e+00 2.400479572393865002e+00 1.327762272452942094e+00
1.302614103196403583e+00 2.419913345144716121e+00 2.143336045068630291e+00 2.363266746537611596e+00 1.296824360141372035e+00
1.309396205611956354e+00 2.379559443047588818e+00 2.120143840680514202e+00 2.315393477246955989e+00 1.266012716981555375e+00
1.303394794618131236e+00 2.327762350445115480e+00 2.117159133729832554e+00 2.274293254664351505e+00 1.297404297744151336e+00
1.305304234427061560e+00 2.287348236031307991e+00 2.137254345489730589e+00 2.258100046581644538e+00 1.345897545585380106e+00
1.305837630172271613e+00 2.297418237945787034e+00 2.143874428797427623e+00 2.207689548797469481e+00 1.390906046818832786e+00
1.305540938982932664e+00 2.294724935207303584e+00 2.136196739585980886e+00 2.166762561410791488e+00 1.441593174210828776e+00
1.289153938667181309e+00 2.279404311742589062e+00 2.118433085098482049e+00 2.157430545465200300e+00 1.496228705713899654e+00
1.261523781314184411e+00 2.276717400340334319e+00 2.098911629869666395e+00 2.166247662200814883e+00 1.547707746055458244e+00
1.254785357450922678e+00 2.299922559667080701e+00 2.100848777729424910e+00 2.187730111211671602e+00 1.602324126916241820e+00
1.274562745102024497e+00 2.210619912388382069e+00 2.109410548387379958e+00 2.200573119576702652e+00 1.605860647053209522e+00
1.300000000000000044e+00 2.169999999999999929e+00 2.154999999999999805e+00 2.209999999999999964e+00 1.600000000000000089e+00
