8.699999999999999956e-01 2.740000000000000213e+00 1.850000000000000089e+00 2.629999999999999893e+00 1.350000000000000089e+00
8.887532648392449941e-01 2.750962881545703453e+00 1.870662264916275852e+00 2.610550843800448106e+00 1.348335573712043045e+00
9.051386748830499984e-01 2.772561703206399386e+00 1.862752555618297556e+00 2.594933041967769860e+00 1.361850589615646534e+00
9.301644903167536338e-01 2.775605794246959412e+00 1.878017178716045565e+00 2.581142067401735130e+00 1.354789934507763194e+00
9.524040340015113015e-01 2.777084697370561628e+00 1.901235320135664209e+00 2.573047053007623042e+00 1.348079833305255271e+00
9.768641508789333017e-01 2.778608882034090843e+00 1.924697598198688908e+00 2.570145543465404359e+00 1.344257736676865322e+00
1.003718267859584623e+00 2.777103280765078175e+00 1.945997793495658046e+00 2.568578651843311356e+00 1.345075829663969547e+00
1.029160188377220564e+00 2.774366369175039981e+00 1.968967313870406688e+00 2.567020924768923962e+00 1.346805768067330433e+00
1.051779639790793697e+00 2.766934600573587311e+00 1.993197439670013393e+00 2.558718571036068035e+00 1.346055059838678236e+00
1.071497517221170259e+00 2.752107028813917999e+00 2.013937360988752978e+00 2.542640105791763805e+00 1.342658722348530675e+00
1.091000358682945093e+00 2.732119283188450876e+00 2.031441850209154687e+00 2.524996962084542940e+00 1.338873137046633355e+00
1.112789432733648276e+00 2.711478404215450055e+00 2.049968106918538702e+00 2.511596830462333951e+00 1.336924568773885325e+00
1.136359843716803653e+00 2.694982298507557328e+00 2.071313245227874411e+00 2.504415243049355588e+00 1.337487960317929714e+00
1.160356547425617002e+00 2.682156690813323863e+00 2.094199284014475193e+00 2.501803347559855784e+00 1.339441463649881703e+00
1.183610266411700307e+00 2.668238614043773715e+00 2.117758337489031639e+00 2.501132691404722497e+00 1.341629596488343346e+00
1.203959797829620149e+00 2.650854393510809537e+00 2.142981723668640370e+00 2.499722655410995475e+00 1.343991575056679988e+00
1.219584802328887996e+00 2.631316464439590774e+00 2.170535943948546986e+00 2.495510002533277483e+00 1.346787542256024928e+00
1.231604952755862570e+00 2.608582551057869292e+00 2.198296511704856737e+00 2.487625739801170965e+00 1.348853451363594136e+00
1.242267295802310656e+00 2.578219031878099088e+00 2.216360307698415077e+00 2.470234631195103780e+00 1.346437922534301945e+00
1.247021662634117289e+00 2.557358589080361178e+00 2.214189867795391731e+00 2.440050427808386324e+00 1.342467355064129730e+00
1.246188913782682484e+00 2.548269224265947930e+00 2.203310065120345662e+00 2.407157002613591334e+00 1.343107286660550459e+00
1.242613849495763034e+00 2.548201186493461279e+00 2.190760239973609469e+00 2.377389410504787470e+00 1.351950757987303575e+00
1.241787957153814848e+00 2.555660936776607883e+00 2.183964114145920732e+00 2.355335324725735369e+00 1.369133028150985476e+00
1.245082063212807455e+00 2.560350452615328010e+00 2.183685426381352546e+00 2.338666156641890037e+00 1.389580457056892593e+00
1.248212894680607699e+00 2.557655381753945356e+00 2.185121698276531355e+00 2.323321212975245853e+00 1.410612587144302044e+00
1.247039497990483525e+00 2.553112497532790126e+00 2.186004551778703675e+00 2.311259295234150635e+00 1.432591713229751651e+00
1.244091739650359019e+00 2.550021677338989434e+00 2.184817543520619409e+00 2.302775418550398800e+00 1.455279061967024834e+00
1.243777625568815548e+00 2.543519644905360089e+00 2.180013245845023206e+00 2.293654501287353931e+00 1.477561201695746673e+00
1.246394391944740443e+00 2.528642554078810445e+00 2.172323502813267471e+00 2.282060904074068475e+00 1.497950849403641538e+00
1.250792670950806151e+00 2.504192565333630771e+00 2.164391395704878818e+00 2.268011264322638887e+00 1.515356906981471630e+00
1.256288739966454848e+00 2.470950144179275831e+00 2.158398096164475977e+00 2.249173629084226356e+00 1.526775436673871722e+00
1.264993447279450400e+00 2.443008465592079403e+00 2.149339562842029316e+00 2.224991046420585761e+00 1.534328273144725419e+00
1.269834691686086092e+00 2.420828785867261246e+00 2.155582730206523578e+00 2.236454132188921307e+00 1.549042600992169172e+00
1.272066389946849396e+00 2.370679263014897398e+00 2.155951703073976322e+00 2.234278892552231000e+00 1.553097394868484082e+00
1.268548143954219443e+00 2.358020440232717618e+00 2.169178805818622102e+00 2.226401494813664783e+00 1.573345705066123257e+00
1.267460898073998532e+00 2.341483493464424637e+00 2.186217142198582764e+00 2.214948458956325528e+00 1.590953044617575696e+00
1.268709920092263355e+00 2.294160499886753968e+00 2.198481003688836921e+00 2.210948206008721773e+00 1.591199682765976231e+00
1.268649768459219951e+00 2.262495124735358409e+00 2.191322309171871652e+00 2.215975592896410884e+00 1.573456330205597720e+00
1.269179469453759701e+00 2.237451312793801161e+00 2.178072271184331221e+00 2.221643256080069850e+00 1.555493250941262007e+00
1.278189416253413757e+00 2.194822035787919123e+00 2.161837164954933943e+00 2.221216426691513757e+00 1.558246097250670648e+00
1.288326673332456318e+00 2.175668996878273642e+00 2.157922636470106958e+00 2.215512194706498406e+00 1.578439286259641472e+00
1.300000000000000044e+00 2.169999999999999929e+00 2.154999999999999805e+00 2.209999999999999964e+00 1.600000000000000089e+00
