8.699999999999999956e-01 2.740000000000000213e+00 1.850000000000000089e+00 2.629999999999999893e+00 1.350000000000000089e+00
9.016891500119319502e-01 2.753264342647198326e+00 1.843472366794235207e+00 2.597652221983773213e+00 1.345655825621087764e+00
9.361502960492430470e-01 2.763554754361547072e+00 1.855542465888236237e+00 2.570110951055757376e+00 1.343364605344166796e+00
9.662742441153815420e-01 2.768845448341767934e+00 1.883270149267646909e+00 2.552878521703886516e+00 1.343541875859154411e+00
9.910311304505566854e-01 2.770319338953421529e+00 1.917796778066592100e+00 2.543664380436756023e+00 1.345048035490414406e+00
1.016261086395044755e+00 2.762364979777517160e+00 1.952577985842923969e+00 2.542521805574398108e+00 1.342761386761269327e+00
1.047285006971005572e+00 2.762194431494289226e+00 1.982148368787128634e+00 2.538700178990664469e+00 1.334534852364514856e+00
1.073429906209176110e+00 2.764555301270248400e+00 2.014997157703238173e+00 2.526829742885288610e+00 1.332011008870952473e+00
1.100892215092555304e+00 2.764938463219320131e+00 2.046903394007822730e+00 2.514088785733424203e+00 1.330726186145754442e+00
1.136344270797187805e+00 2.755361574115381629e+00 2.071422144675953092e+00 2.504444105329342030e+00 1.330270949328846708e+00
1.173842916212144427e+00 2.726453146791840254e+00 2.086911291980772631e+00 2.501248441822734758e+00 1.327070543313792372e+00
1.203527644474381653e+00 2.706580548780833873e+00 2.115742777447291445e+00 2.501539614426426805e+00 1.321951952696199584e+00
1.228112603392461422e+00 2.689841087031392242e+00 2.149403438003982370e+00 2.497517106883379689e+00 1.318013289681847722e+00
1.249449366009762530e+00 2.660755012574475664e+00 2.179841144707257428e+00 2.484863847103837564e+00 1.313841426664697387e+00
1.265261930174814697e+00 2.613633877949123274e+00 2.199515686626471567e+00 2.464406562260279987e+00 1.311732076633185029e+00
1.274175488379693633e+00 2.556617271652332768e+00 2.205948784814150798e+00 2.441014837258989711e+00 1.315466429971809736e+00
1.278818432371189306e+00 2.500168891863873366e+00 2.204721900148457703e+00 2.416376486228450027e+00 1.324740971734611472e+00
1.282565993764972267e+00 2.458074618513975906e+00 2.200610258989806223e+00 2.382835493441621377e+00 1.338403001242823409e+00
1.284491516912266373e+00 2.441373459969865767e+00 2.190339918551825527e+00 2.342274679094200174e+00 1.354105599969374296e+00
1.283155481085475058e+00 2.422963782810100941e+00 2.172109485373109550e+00 2.305320070365648011e+00 1.369425976343554563e+00
1.282025791017349148e+00 2.393138191893201761e+00 2.156949673944545065e+00 2.269067124214529052e+00 1.382840765674059336e+00
1.283836630326114614e+00 2.354579624307304719e+00 2.153706196774122450e+00 2.231817959969954579e+00 1.393630848832021263e+00
1.276177297826293078e+00 2.334467419144118150e+00 2.142433649462328393e+00 2.201184148400672225e+00 1.417399598466696942e+00
1.260207309858003999e+00 2.385188911211709062e+00 2.148217260760671099e+00 2.222362793960509286e+00 1.425883260608837855e+00
1.247430507186105597e+00 2.389549064586840021e+00 2.148012669983324407e+00 2.230686161024672209e+00 1.462961072364404647e+00
1.241885392913503861e+00 2.368025672607477095e+00 2.143677973820776739e+00 2.229654971047037026e+00 1.500129740857007787e+00
1.236449477915668282e+00 2.349934958134519469e+00 2.140119291698544757e+00 2.227569893986467431e+00 1.537932503564505504e+00
1.231490873172047529e+00 2.341600132644131360e+00 2.139168661351177114e+00 2.223553339227043235e+00 1.576893425261427506e+00
1.228759117199744955e+00 2.347502702703307520e+00 2.145946553987256422e+00 2.220732318476255962e+00 1.615291081864963507e+00
1.240514721092051298e+00 2.310245039486428009e+00 2.176240409216381622e+00 2.222521273354756133e+00 1.628041721557062393e+00
1.252530543947459218e+00 2.257929634043731593e+00 2.188285910541474255e+00 2.216092144714730150e+00 1.608164091699797682e+00
1.268874848926943910e+00 2.195160480013530258e+00 2.181266763383275631e+00 2.214913063457029985e+00 1.604054938771728445e+00
1.300000000000000044e+00 2.169999999999999929e+00 2.154999999999999805e+00 2.209999999999999964e+00 1.600000000000000089e+00
