8.699999999999999956e-01 2.740000000000000213e+00 1.850000000000000089e+00 2.629999999999999893e+00 1.350000000000000089e+00
9.195319515766883223e-01 2.774673697097541414e+00 1.876435378978518198e+00 2.598539465671603210e+00 1.331516011473953709e+00
9.736577030896733653e-01 2.743887942747712749e+00 1.868204424162576149e+00 2.557106464337761231e+00 1.321465572460147397e+00
1.015665760225830994e+00 2.722866158633762801e+00 1.923472290173820820e+00 2.560190704026140018e+00 1.325486052524080360e+00
1.063201418310987245e+00 2.729828269961444676e+00 1.977616380652743810e+00 2.555813179773493093e+00 1.328776997188195308e+00
1.114436847658873520e+00 2.735885602794370541e+00 2.027707102100783754e+00 2.546898745988455559e+00 1.331738718030583302e+00
1.154438759053584285e+00 2.744422238160558081e+00 2.087353015225240860e+00 2.538339498133463934e+00 1.335526286933035989e+00
1.176669969618053369e+00 2.702382684990991546e+00 2.140866336735344877e+00 2.507669372890970916e+00 1.332623560513405581e+00
1.225542365442595871e+00 2.669017035414174455e+00 2.182237881437555593e+00 2.484275767968644910e+00 1.324616435479890830e+00
1.263057867343862384e+00 2.647323214852939088e+00 2.242120192545236534e+00 2.478093224404956274e+00 1.329119129347012818e+00
1.270840770502751571e+00 2.567581580018873044e+00 2.274803346162621587e+00 2.456305667406887050e+00 1.339079424892649861e+00
1.279663173468843063e+00 2.516901018482326613e+00 2.212184319577886971e+00 2.448601144315412093e+00 1.340513197282274804e+00
1.291370370770425824e+00 2.463817770117511241e+00 2.151440541539050511e+00 2.438698346644393666e+00 1.342619941136890205e+00
1.296392622525724736e+00 2.402011198464228059e+00 2.164735550321626789e+00 2.380320575540634032e+00 1.343903100652712901e+00
1.282676912207451947e+00 2.364140704236103119e+00 2.151540239399948540e+00 2.311866444066323911e+00 1.360417061575107223e+00
1.278463945903555166e+00 2.376299663115626792e+00 2.119547389199151421e+00 2.245925831307933773e+00 1.370192525206084255e+00
1.291759467343144951e+00 2.383592102780636601e+00 2.148888958964167095e+00 2.191319169769851527e+00 1.400067855730431132e+00
1.297290698001169806e+00 2.358789656572841231e+00 2.152193191977921582e+00 2.152869998403998952e+00 1.443972228145325110e+00
1.296344740360064529e+00 2.326641699249394790e+00 2.141525184900827661e+00 2.149911301229394223e+00 1.492325515836453453e+00
1.276093452339780221e+00 2.299680527206127589e+00 2.105700380382653947e+00 2.171690388890526346e+00 1.531025963416388969e+00
1.261390701036670947e+00 2.264919976372915755e+00 2.068213926949273418e+00 2.189244594271865019e+00 1.569445485419727060e+00
1.256812384987591846e+00 2.217279693525685325e+00 2.041249524449842756e+00 2.191103919345775974e+00 1.610264994876769329e+00
1.265465000995175782e+00 2.199446413455031557e+00 2.105947430520695551e+00 2.211804849810685702e+00 1.625539186159331795e+00
1.300000000000000044e+00 2.169999999999999929e+00 2.154999999999999805e+00 2.209999999999999964e+00 1.600000000000000089e+00
