8.699999999999999956e-01 2.740000000000000213e+00 1.850000000000000089e+00 2.629999999999999893e+00 1.350000000000000089e+00
8.954286492154853727e-01 2.748763393707408298e+00 1.843793644636448681e+00 2.610939522469943874e+00 1.336979842790616990e+00
9.269129153989855707e-01 2.746113660575295157e+00 1.847754394734171912e+00 2.590806619764705054e+00 1.331084498505763269e+00
9.615070478772507201e-01 2.740704335771117606e+00 1.858139540886384555e+00 2.582765180625897550e+00 1.336016562795859119e+00
9.851590879444787063e-01 2.736407649235328421e+00 1.868082302395959182e+00 2.589144643066833673e+00 1.353132962884660007e+00
9.964127069619517219e-01 2.709141669676907949e+00 1.882071303344812874e+00 2.579860658434086407e+00 1.341763673635046228e+00
1.010440338678475047e+00 2.694661328209544848e+00 1.902008638975448029e+00 2.557232188633835612e+00 1.334904498332268874e+00
1.028393277340670986e+00 2.686767459031237149e+00 1.926348615545572240e+00 2.538949816806701953e+00 1.334218967534409384e+00
1.048728206912505456e+00 2.678791344239871641e+00 1.951340172945385421e+00 2.524840660283412586e+00 1.335195111233052900e+00
1.069785307714181011e+00 2.670602724393374316e+00 1.976681904759365560e+00 2.512921462700532516e+00 1.336089271023435110e+00
1.092127965345947471e+00 2.656264846346753750e+00 2.000725092087539903e+00 2.502912612656797986e+00 1.336641329207983508e+00
1.115747401107082259e+00 2.644322031159994868e+00 2.025715901175310307e+00 2.499425104140589049e+00 1.336161007176309923e+00
1.134282101316052005e+00 2.649105424215541404e+00 2.054424687656060122e+00 2.502131135953911123e+00 1.334726166656603485e+00
1.147297610446583072e+00 2.662081730854560124e+00 2.084254374821209677e+00 2.505659098590246714e+00 1.333642403110696817e+00
1.162631141764896237e+00 2.671243094578521493e+00 2.113889931988661264e+00 2.509282032548350916e+00 1.333317252092797389e+00
1.185646679076983734e+00 2.668771723148883890e+00 2.140088764386394171e+00 2.513385608255679582e+00 1.333124259406257561e+00
1.213169283237441221e+00 2.650568946972203577e+00 2.159934752939297375e+00 2.514655595957657752e+00 1.331556287870121480e+00
1.236213982403350675e+00 2.620242013830228256e+00 2.175818857182845178e+00 2.506781321432787202e+00 1.327608599115002841e+00
1.247240417934686318e+00 2.593546116573942850e+00 2.191584287199589642e+00 2.482364638072871887e+00 1.326225065662250069e+00
1.244629099241628456e+00 2.596454176021782967e+00 2.199064984752976404e+00 2.450480665703642202e+00 1.338628669043604891e+00
1.242883396687111119e+00 2.602022024639039532e+00 2.199325931147233959e+00 2.423432965640870407e+00 1.356305485724187632e+00
1.242530115357969978e+00 2.602913530388547780e+00 2.198801156848684712e+00 2.398616308140054443e+00 1.375509524131349970e+00
1.243989714045448114e+00 2.605305657711935119e+00 2.199806426082899335e+00 2.376363649465726091e+00 1.395889343499406410e+00
1.248310478709482307e+00 2.601268854225201821e+00 2.201465472508172816e+00 2.360649099640645954e+00 1.418290731733877541e+00
1.243924412463358831e+00 2.582120796096451620e+00 2.198955572825279425e+00 2.357763066874907221e+00 1.440917804763094390e+00
1.243395029463710388e+00 2.554543697001716573e+00 2.199539942025275252e+00 2.335875808898375539e+00 1.456071578254553023e+00
1.247805715890262679e+00 2.524446471685988680e+00 2.199753902943448747e+00 2.305864317989373191e+00 1.462385080567867979e+00
1.252907228847882415e+00 2.496928880257783590e+00 2.194937651125849154e+00 2.275500203628847640e+00 1.469372115086409636e+00
1.259712583929529339e+00 2.473817609846098442e+00 2.185742178250675405e+00 2.244825010289105194e+00 1.476316865378624277e+00
1.269384032640881843e+00 2.451295395698137369e+00 2.173566642834294793e+00 2.217863996839229301e+00 1.485530609914176958e+00
1.280338384406576102e+00 2.435389590943910498e+00 2.160766629515988857e+00 2.206711341956418604e+00 1.504107064386549508e+00
1.286006513549954766e+00 2.440500275419550835e+00 2.149952595998346094e+00 2.216663688633014662e+00 1.525956796825753026e+00
1.281086994960070058e+00 2.401405167963510667e+00 2.141587991904135624e+00 2.223650380481616118e+00 1.519694546805897772e+00
1.281186080073179800e+00 2.376910412874897904e+00 2.151803032217647349e+00 2.214820779806774276e+00 1.500291918216314802e+00
1.291682326456937480e+00 2.338722549310407572e+00 2.168232075170075213e+00 2.207645303493460442e+00 1.492399650470658035e+00
1.301369993337316844e+00 2.290537450977274236e+00 2.177545103287350070e+00 2.209635422596615051e+00 1.493981462271998684e+00
1.302118504861428994e+00 2.242883516412086831e+00 2.173833871218286529e+00 2.216923736138922685e+00 1.501217583823011292e+00
1.292847344136869969e+00 2.239292486437873819e+00 2.155935105092032344e+00 2.223324803629404656e+00 1.520240957814632754e+00
1.293458082687789279e+00 2.257569482616416767e+00 2.156546934998056386e+00 2.230530255274493889e+00 1.542154928953758386e+00
1.299177133344332269e+00 2.237608449647712217e+00 2.162736191821797327e+00 2.226199557067799262e+00 1.563997848320885176e+00
1.300002291430744528e+00 2.204409400495388915e+00 2.159613488229641831e+00 2.218258554773826496e+00 1.582372323167075434e+00
1.300000000000000044e+00 2.169999999999999929e+00 2.154999999999999805e+00 2.209999999999999964e+00 1.600000000000000089e+00
