8.699999999999999956e-01 2.740000000000000213e+00 1.850000000000000089e+00 2.629999999999999893e+00 1.350000000000000089e+00
8.917029392862689807e-01 2.759912835611190385e+00 1.869310511034237177e+00 2.615494047072071560e+00 1.342527101792973632e+00
9.176735064401286834e-01 2.776834556520882291e+00 1.882163637062754802e+00 2.598544771514652130e+00 1.332693755513798095e+00
9.404561843290188961e-01 2.775762916998783414e+00 1.903856329695464478e+00 2.583517635144016555e+00 1.329166029164153828e+00
9.552586576882606817e-01 2.761105827019408210e+00 1.927984496175477513e+00 2.566177897157280619e+00 1.329541567209796327e+00
9.769419725812900079e-01 2.733784681565204711e+00 1.945236125621354617e+00 2.551676867143906957e+00 1.328001698826286825e+00
1.011490395487236293e+00 2.720031539705714874e+00 1.943683981190075905e+00 2.548755219380845816e+00 1.329049025845480791e+00
1.046767189034287782e+00 2.721549874060288143e+00 1.947496434043880509e+00 2.536876465031514538e+00 1.333064233075164084e+00
1.067855914093627234e+00 2.721249586961062228e+00 1.970015246436912060e+00 2.525520663300172775e+00 1.335583986139904811e+00
1.081523245952651369e+00 2.718913956947408117e+00 1.998807698481132045e+00 2.516590621524185778e+00 1.337040094404026158e+00
1.095153233167908802e+00 2.713780500614495494e+00 2.027847550787091446e+00 2.509043952745092732e+00 1.337068462826945137e+00
1.112013103423670435e+00 2.702920473678041891e+00 2.055034224243989627e+00 2.503788550556243386e+00 1.333203631297591452e+00
1.134311909832764087e+00 2.699358041686636511e+00 2.074956864007535984e+00 2.505814753537005224e+00 1.320833888333679651e+00
1.148519048490783234e+00 2.728388668706107190e+00 2.090968680204843722e+00 2.516640727920616438e+00 1.311479861666430713e+00
1.152789011924206797e+00 2.748032600259060487e+00 2.117298778376339286e+00 2.519540509868886780e+00 1.313442933393197176e+00
1.150199358381261749e+00 2.709913102083536529e+00 2.125333950949471529e+00 2.509222505029411021e+00 1.315094715858713847e+00
1.153291279117264923e+00 2.681327612542035332e+00 2.098780486359308473e+00 2.502368768736532800e+00 1.315244297650068006e+00
1.173802515516464862e+00 2.660956916347057444e+00 2.077382716008534747e+00 2.494933133370514700e+00 1.325048719961831045e+00
1.192537042254892210e+00 2.623805617211083963e+00 2.089846732208330060e+00 2.488398873894128727e+00 1.337183590523912891e+00
1.208097426719305201e+00 2.587197255047482436e+00 2.106993432677290112e+00 2.482843975000713410e+00 1.347973986080682973e+00
1.226673161058355888e+00 2.561279549901787966e+00 2.126653985882958509e+00 2.470855871282437555e+00 1.339880639448877586e+00
1.249431174191922400e+00 2.536692863989169044e+00 2.140435919222209549e+00 2.451787265821488759e+00 1.345771545992704210e+00
1.267975701187433080e+00 2.513558330284425768e+00 2.151263815246417632e+00 2.432991866706434525e+00 1.360696869677344045e+00
1.284970732586479425e+00 2.497674602274663869e+00 2.165841048990506668e+00 2.413580658723608163e+00 1.375908896537327175e+00
1.293154137002268111e+00 2.491709761721262240e+00 2.185615022179201006e+00 2.389535797839340781e+00 1.387707035759930374e+00
1.283698674446721366e+00 2.485957836089295991e+00 2.189485964664799056e+00 2.354939684554478330e+00 1.395445337475410774e+00
1.268972660925534512e+00 2.478806333082420377e+00 2.182498194847070305e+00 2.321455130023321711e+00 1.400661968841118599e+00
1.247921840572846275e+00 2.470598649837151939e+00 2.178255550974556254e+00 2.291355690096352760e+00 1.407504095883769901e+00
1.229866020365526058e+00 2.447842718370311310e+00 2.174440669081511679e+00 2.266336094289590264e+00 1.420071088795863190e+00
1.234821463933942098e+00 2.419678972317164778e+00 2.165625895150829372e+00 2.249001070858250628e+00 1.439704861555671567e+00
1.249478941165732326e+00 2.411755559033457175e+00 2.156348769954477884e+00 2.242196774695290884e+00 1.464446003677606800e+00
1.261389292466789769e+00 2.412629961357890540e+00 2.150622201751908324e+00 2.241388446127093204e+00 1.491695444488118749e+00
1.270576605591009933e+00 2.413447611366681844e+00 2.149143569531192899e+00 2.240237449167418404e+00 1.519989650378702706e+00
1.275280042273540415e+00 2.412950399687192160e+00 2.155075616492399870e+00 2.237176247769167681e+00 1.548196833398606920e+00
1.274836128117843970e+00 2.415286422564152158e+00 2.166071839848116465e+00 2.235329796984080186e+00 1.575420557744210193e+00
1.276400278291851098e+00 2.429398055777081122e+00 2.162411452640909726e+00 2.245236812836230111e+00 1.600813295632012245e+00
1.290174986873187990e+00 2.413930265038447320e+00 2.140439170679404146e+00 2.253653014768183915e+00 1.605423679942245219e+00
1.298535828541917514e+00 2.367998688643347727e+00 2.151064165135783579e+00 2.241055842934122744e+00 1.596655145375389440e+00
1.290934435019547522e+00 2.324354333158529684e+00 2.165171175598501918e+00 2.232286687053766983e+00 1.592093269688966028e+00
1.283923532925948630e+00 2.274757647826622708e+00 2.156216808316893552e+00 2.220360567109592953e+00 1.599382976537641055e+00
1.281286997867939537e+00 2.220261569947721725e+00 2.150726694756551094e+00 2.211676986680056078e+00 1.602455137929216678e+00
1.300000000000000044e+00 2.169999999999999929e+00 2.154999999999999805e+00 2.209999999999999964e+00 1.600000000000000089e+00
