8.699999999999999956e-01 2.740000000000000213e+00 1.850000000000000089e+00 2.629999999999999893e+00 1.350000000000000089e+00
9.564781584292776362e-01 2.743906606845011531e+00 1.853575116369111875e+00 2.594267323493459898e+00 1.342679792855995480e+00
1.011150833776480518e+00 2.698776510822109120e+00 1.895756220509578593e+00 2.565072111515763087e+00 1.326941000537212201e+00
1.021321842426483162e+00 2.724248843662132380e+00 1.919230691546080836e+00 2.566292974540422378e+00 1.329445854095939739e+00
1.042010479460424133e+00 2.748757547003042312e+00 1.952615206722064789e+00 2.563140294758006199e+00 1.330266689734407759e+00
1.090193476313876975e+00 2.760704172854742122e+00 2.007874744180275783e+00 2.546785470495494863e+00 1.329353860634208129e+00
1.183151618760124757e+00 2.737399300345265463e+00 2.103400411860627095e+00 2.506471825719652546e+00 1.353211447524159894e+00
1.192011140556185733e+00 2.757576307418056594e+00 2.143944947632446585e+00 2.500213495318221568e+00 1.355127414168850963e+00
1.198656020841740055e+00 2.796168536684095596e+00 2.187567412205094097e+00 2.520140041712875423e+00 1.349432134463053989e+00
1.221763991325642174e+00 2.730010560737011982e+00 2.220498595158188593e+00 2.522115233351675201e+00 1.333866058554234346e+00
1.257587510161358724e+00 2.654038575216900675e+00 2.263278731180827119e+00 2.497648110141316824e+00 1.319165902913357336e+00
1.272756767064761485e+00 2.610755626220051528e+00 2.273095410164247543e+00 2.483370512618471526e+00 1.326803246753130772e+00
1.280237500467922951e+00 2.582358424061440338e+00 2.271122190393232820e+00 2.473950497212260125e+00 1.336030188442400624e+00
1.303309997456221669e+00 2.424189546342005563e+00 2.218513411876661845e+00 2.424054237250928168e+00 1.386649190909420737e+00
1.305980876989098149e+00 2.405194879112165118e+00 2.212018161377725001e+00 2.418082228708574366e+00 1.392697915599149461e+00
1.310666932326220335e+00 2.361192383673919704e+00 2.191684743837229998e+00 2.405523202364307167e+00 1.394639463228786180e+00
1.308677100740710308e+00 2.291779395709942158e+00 2.151715608192859452e+00 2.389115174994185242e+00 1.384603091368935557e+00
1.305256236588460794e+00 2.260344542757802166e+00 2.132035871558057405e+00 2.383202883305604480e+00 1.379516696039368107e+00
1.293349234843049311e+00 2.273170009699803540e+00 2.128669763694647887e+00 2.244184194424690304e+00 1.354031140237959008e+00
1.290397340674327431e+00 2.281095951464958027e+00 2.129070815346395307e+00 2.200125137568526679e+00 1.352091892924840666e+00
1.290907915459537758e+00 2.282753227854949607e+00 2.118893843887291517e+00 2.197738665565326599e+00 1.382730124073362044e+00
1.289297809929002003e+00 2.406745326069003710e+00 2.142614484502175731e+00 2.221108958651507592e+00 1.477971642351778137e+00
1.285388644785959045e+00 2.428361745849329623e+00 2.141598170456784356e+00 2.226540318385171080e+00 1.502663508508440326e+00
1.262545991664974165e+00 2.367189547603095523e+00 2.104366410030750867e+00 2.237118454646592980e+00 1.545532262703916748e+00
1.251426172675263793e+00 2.310572743055491429e+00 2.102760492840086037e+00 2.232648860288150239e+00 1.566619882418829768e+00
1.244974934568670477e+00 2.235750876120189190e+00 2.117464660168509649e+00 2.195459161142863547e+00 1.605724563317351139e+00
1.284808290688383092e+00 2.214779999510763986e+00 2.140457563303073574e+00 2.202023340752147895e+00 1.627362693432428120e+00
1.300000000000000044e+00 2.169999999999999929e+00 2.154999999999999805e+00 2.209999999999999964e+00 1.600000000000000089e+00
