8.699999999999999956e-01 2.740000000000000213e+00 1.850000000000000089e+00 2.629999999999999893e+00 1.350000000000000089e+00
9.074560373312041683e-01 2.750653071525456905e+00 1.856283020211191959e+00 2.602578920841252419e+00 1.347932779664246850e+00
9.427083875308271965e-01 2.748574288789451536e+00 1.857788628048183455e+00 2.571087589683219043e+00 1.343850722591445113e+00
9.836660611119031339e-01 2.746685480960510350e+00 1.875312731171518088e+00 2.557618081089716888e+00 1.347694681946060014e+00
1.009260267680856638e+00 2.735715875319296053e+00 1.911146098491418588e+00 2.555382126957065125e+00 1.345643635428459328e+00
1.031288279908957772e+00 2.719380834663732482e+00 1.947344651382694636e+00 2.551917704110371332e+00 1.338651767398550296e+00
1.050535054444701633e+00 2.699226203661439172e+00 1.983418665249641499e+00 2.541139136132539722e+00 1.334885505523851101e+00
1.067779500784485025e+00 2.689565514731774520e+00 2.021548404287634160e+00 2.526982334963308041e+00 1.333027440299092481e+00
1.085590398053603023e+00 2.688929809713823005e+00 2.060134777793356520e+00 2.513219533048136167e+00 1.330557178465092694e+00
1.109544463197683850e+00 2.713880964422332287e+00 2.091919876876705331e+00 2.504427124742417465e+00 1.325912108521700716e+00
1.138799979719183897e+00 2.709112122664552036e+00 2.124734531963649697e+00 2.511702149147532648e+00 1.324051074832225838e+00
1.166268222232275331e+00 2.682457390081875115e+00 2.154556503860151739e+00 2.505583641522147964e+00 1.319376511450322642e+00
1.193331701272978718e+00 2.655886650378444624e+00 2.181912017029704387e+00 2.490689877441564448e+00 1.314386544607203833e+00
1.225259014832398297e+00 2.630482210589841330e+00 2.200508402772615391e+00 2.469111986046601981e+00 1.311431174150709422e+00
1.253058114833512038e+00 2.588787724893663267e+00 2.203761778374214497e+00 2.446992561439767844e+00 1.314691112425067976e+00
1.268126958358688050e+00 2.534604996292282308e+00 2.199611471948691666e+00 2.429425229870423308e+00 1.321572751983591587e+00
1.276465177988674204e+00 2.479084965664868356e+00 2.198749961025207700e+00 2.412348067445528432e+00 1.332256847613629391e+00
1.286390389152673563e+00 2.426383874360496851e+00 2.200672698021209683e+00 2.393651113371954686e+00 1.344930641857470688e+00
1.298683710394495483e+00 2.381042081279530986e+00 2.195739325929082053e+00 2.366274281898367526e+00 1.355652492707609902e+00
1.300533060870678215e+00 2.358434109007817803e+00 2.180002774285898060e+00 2.328580579282562901e+00 1.368025519914920940e+00
1.294964233610329085e+00 2.349701534901596389e+00 2.167296819880792036e+00 2.291735745968168203e+00 1.387374683446540136e+00
1.293009274752149107e+00 2.351628291461329567e+00 2.169229498534601230e+00 2.255463253186245076e+00 1.410581834142402347e+00
1.283911682902211249e+00 2.375138375738804708e+00 2.170761393830826780e+00 2.238098435611129755e+00 1.440764495752763441e+00
1.267469943863947845e+00 2.392185669475923593e+00 2.168739193390927689e+00 2.236757941785121773e+00 1.473520593842660320e+00
1.249699678763206867e+00 2.410098335253928248e+00 2.167338973177359129e+00 2.236175779788106333e+00 1.505752123106103513e+00
1.232552637759819936e+00 2.430797680260688765e+00 2.164059185951717978e+00 2.236345753059259422e+00 1.537545426795743131e+00
1.224264502215987260e+00 2.433351550018687526e+00 2.151484423656653711e+00 2.234549923981182129e+00 1.571842811506797055e+00
1.227071771282004509e+00 2.392783011623276224e+00 2.138588385490934218e+00 2.228811821793317716e+00 1.597232346338007147e+00
1.218094317417109940e+00 2.346736579072588480e+00 2.137020953431539638e+00 2.225591499186080569e+00 1.621292156499248183e+00
1.205606392270187177e+00 2.293773722808779780e+00 2.137481036327475437e+00 2.226989604534916900e+00 1.639205871190075436e+00
1.232167382332004069e+00 2.248550962257870989e+00 2.124699984203410885e+00 2.223675103108024409e+00 1.634374272671054840e+00
1.270003575765963788e+00 2.268621203157736410e+00 2.137283217568267890e+00 2.206309277571124383e+00 1.628355595452155802e+00
1.293392631992462682e+00 2.225783030693412545e+00 2.154278532514287914e+00 2.199514202139889907e+00 1.615061345823699979e+00
1.300000000000000044e+00 2.169999999999999929e+00 2.154999999999999805e+00 2.209999999999999964e+00 1.600000000000000089e+00
