8.699999999999999956e-01 2.740000000000000213e+00 1.850000000000000089e+00 2.629999999999999893e+00 1.350000000000000089e+00
8.975761396836636763e-01 2.730092060394179843e+00 1.839448784316339847e+00 2.609745085439123535e+00 1.346839138586489515e+00
9.206833487612762212e-01 2.744075344771157887e+00 1.853591413688601142e+00 2.592751568212388058e+00 1.336599802941854209e+00
9.452399856888606955e-01 2.760628890639670097e+00 1.876509239577079269e+00 2.586782047718885202e+00 1.331134995823768374e+00
9.691647150018681822e-01 2.772176847773240027e+00 1.903101219839168357e+00 2.586419312350064281e+00 1.330356673992136862e+00
9.892643124140257926e-01 2.760998028812758243e+00 1.909925873505744942e+00 2.577740960231213130e+00 1.342767879402967823e+00
1.018702128947787999e+00 2.765175929622556872e+00 1.930381662634295781e+00 2.575078087380699987e+00 1.344836384520604167e+00
1.045838354906187817e+00 2.759396846505674183e+00 1.953491811621202334e+00 2.570073880120721022e+00 1.342178156589281635e+00
1.069224218919733183e+00 2.748683190970597767e+00 1.977888967422705591e+00 2.559364156328553630e+00 1.338731147457793869e+00
1.088981037287373166e+00 2.739949116359111425e+00 2.004201846189638037e+00 2.544977896499986514e+00 1.336398314052867908e+00
1.107820520197636771e+00 2.735419555574025718e+00 2.032540672715849261e+00 2.532325999091617597e+00 1.335097153984936336e+00
1.127349770866183931e+00 2.725848058914225547e+00 2.060840154353018594e+00 2.523433313324838334e+00 1.333805094562490412e+00
1.146138733833651724e+00 2.696806843724409042e+00 2.084581626951787392e+00 2.514956487320007206e+00 1.332611143257181663e+00
1.164748796769989214e+00 2.660836232769169030e+00 2.104997572994543376e+00 2.507343252121448707e+00 1.333749287004564188e+00
1.186399771958274618e+00 2.633924821187052512e+00 2.128064812560243269e+00 2.502178402975850702e+00 1.337048247628256137e+00
1.208735532165471804e+00 2.615330327390929632e+00 2.153339369506834355e+00 2.495831278065763659e+00 1.339979349423237931e+00
1.228091348969148289e+00 2.599395358328572936e+00 2.178773244383388263e+00 2.482424430129651860e+00 1.342404337437981710e+00
1.241480278378710667e+00 2.585387131297673502e+00 2.200066047381075141e+00 2.458576250332762392e+00 1.345438572139861844e+00
1.248135475267951433e+00 2.572158655110980074e+00 2.210969519622310031e+00 2.426256016837620599e+00 1.349099561786489154e+00
1.249821026627469411e+00 2.558131325637447606e+00 2.209763127406263017e+00 2.391473911721163415e+00 1.352697907753890982e+00
1.248238403942578234e+00 2.544085629732214748e+00 2.198921521974054549e+00 2.358731394656795821e+00 1.357487450159947873e+00
1.244913111252365034e+00 2.532099081808822483e+00 2.180994665499834895e+00 2.331674507941656316e+00 1.367156120399269925e+00
1.242538394059022444e+00 2.523532793613555203e+00 2.162901790875928043e+00 2.312977904648071181e+00 1.384419799208816304e+00
1.241059518603958800e+00 2.519368460014079325e+00 2.151696953830169790e+00 2.302594875842948419e+00 1.407181917122075188e+00
1.237181880018844549e+00 2.523965504113870217e+00 2.155076844769746369e+00 2.308258060424194902e+00 1.432105059896620514e+00
1.232274844666310099e+00 2.531475691672895323e+00 2.164721162742221594e+00 2.319704952491196348e+00 1.454921418526239130e+00
1.229168131101894268e+00 2.540767328971346828e+00 2.166544508981196770e+00 2.316182836942461964e+00 1.479965927009183169e+00
1.227173281925856951e+00 2.552276163074457926e+00 2.167302921659782999e+00 2.306688100621328896e+00 1.504135858955071514e+00
1.228410536288806032e+00 2.544847789301016405e+00 2.193860762537170217e+00 2.291436949467905659e+00 1.513901523119012715e+00
1.238520316975376456e+00 2.535101166814767826e+00 2.205002640882731235e+00 2.281505524764232185e+00 1.495368245659664641e+00
1.258398332691470722e+00 2.529701934830297816e+00 2.192831517929878071e+00 2.265592634783239578e+00 1.511017925589216215e+00
1.263947594792758533e+00 2.514362654046478518e+00 2.180068989768425780e+00 2.256046471502578310e+00 1.532508152348676322e+00
1.267126526979245105e+00 2.477111612351446279e+00 2.167136144101113437e+00 2.243050418507229971e+00 1.547132661663320086e+00
1.271316520944351769e+00 2.424358622836201960e+00 2.160710666403619307e+00 2.230386601817967662e+00 1.551242695454922549e+00
1.276458523517690846e+00 2.367345420980297988e+00 2.163231618893442842e+00 2.227367933621532181e+00 1.546702943446649714e+00
1.280048713537150551e+00 2.315904333291705086e+00 2.171292534120662587e+00 2.234843841368832962e+00 1.537227587649008465e+00
1.284034271073862365e+00 2.272530615260814901e+00 2.190526171965453628e+00 2.238899061489212361e+00 1.527224659070281376e+00
1.281354929766595596e+00 2.219696170937923707e+00 2.199270418089193324e+00 2.238476341994548591e+00 1.525225005071127571e+00
1.279520658832096425e+00 2.191170900525577281e+00 2.172967961325441788e+00 2.233823806484363850e+00 1.537242147316280949e+00
1.278854616838264180e+00 2.165854172218284024e+00 2.154959943089841623e+00 2.227935978784095550e+00 1.555936764286462104e+00
1.282786562078971793e+00 2.152809065063377325e+00 2.152956029879898647e+00 2.220368352783884891e+00 1.579980919350780777e+00
1.300000000000000044e+00 2.169999999999999929e+00 2.154999999999999805e+00 2.209999999999999964e+00 1.600000000000000089e+00
