8.699999999999999956e-01 2.740000000000000213e+00 1.850000000000000089e+00 2.629999999999999893e+00 1.350000000000000089e+00
9.013507968756084843e-01 2.747685477838538226e+00 1.856835272292512995e+00 2.600155242766565955e+00 1.346937248500936990e+00
9.317736649673402649e-01 2.778424113897061787e+00 1.860107042316941017e+00 2.580338717069034171e+00 1.354286663922664502e+00
9.592044438491373892e-01 2.779994241922907783e+00 1.885158512839741229e+00 2.561567784528294034e+00 1.355346856490186269e+00
9.852161104592463969e-01 2.752627902243523828e+00 1.910451586550531600e+00 2.556502413030643073e+00 1.355612072143993707e+00
1.010982814337233027e+00 2.728191098910210499e+00 1.937643201016072458e+00 2.556111437575726342e+00 1.353840808762375447e+00
1.031164466917708467e+00 2.735009249436135104e+00 1.968492519415948383e+00 2.556623638933608778e+00 1.342881252039590079e+00
1.044733490126759756e+00 2.748263308866693677e+00 2.002452655245153590e+00 2.553915586051590747e+00 1.332901159047539918e+00
1.060991068321537556e+00 2.738171119210052851e+00 2.037301547413494340e+00 2.546757543687325320e+00 1.331081024963317150e+00
1.080950395345762871e+00 2.720470781929023474e+00 2.068521451872209038e+00 2.534440860488437419e+00 1.331255502012065772e+00
1.105548835853318090e+00 2.704602618531277258e+00 2.095320187417977209e+00 2.517202834778808462e+00 1.330266475293827799e+00
1.127766082927122326e+00 2.702626877729029431e+00 2.125391354174571479e+00 2.500664139540524022e+00 1.326844632691297488e+00
1.150358522340930278e+00 2.699405767805859835e+00 2.156255891705261885e+00 2.488227242719230237e+00 1.321436344282333808e+00
1.177751375298461189e+00 2.685188279091052621e+00 2.182880872657166016e+00 2.477636880881632919e+00 1.317205908613150012e+00
1.211469995229449204e+00 2.658021626537669491e+00 2.197421951802762674e+00 2.470627559793094896e+00 1.316272750297541760e+00
1.239447696625798567e+00 2.614783521032012281e+00 2.203108706793535099e+00 2.464784418322403248e+00 1.321512055631264726e+00
1.251206386299212436e+00 2.564054211634058777e+00 2.211142932702848007e+00 2.452402587508478060e+00 1.332259733467917151e+00
1.255540426790307196e+00 2.515381977503293065e+00 2.221222826241042725e+00 2.434199983287106406e+00 1.344597239137683919e+00
1.264609833713429499e+00 2.467726005820578106e+00 2.233029732995069683e+00 2.413433237219805072e+00 1.353237643210747798e+00
1.277858894023820246e+00 2.417807124815026132e+00 2.241803108008484813e+00 2.392607512297822314e+00 1.353241950705722507e+00
1.279723461548742502e+00 2.368937331505731603e+00 2.235417061795421656e+00 2.367813888588723437e+00 1.358269027614138702e+00
1.270782057300935852e+00 2.344389029792570245e+00 2.217465634684733011e+00 2.336124339976363373e+00 1.368312363151109157e+00
1.261351313957814968e+00 2.335158770055164368e+00 2.196939100816955648e+00 2.301219566415510620e+00 1.378066272968276218e+00
1.257901762198502249e+00 2.333139563053787224e+00 2.181411795290900457e+00 2.262552597952252054e+00 1.390080011820124861e+00
1.271086585311221651e+00 2.339410535431887261e+00 2.188642128092314731e+00 2.228008076226521084e+00 1.405441604057801719e+00
1.281915485171186475e+00 2.336217238321646406e+00 2.176505583598096649e+00 2.210981114704297479e+00 1.429974872988907908e+00
1.261890483808012053e+00 2.316140505701871355e+00 2.154820476097682125e+00 2.218236702373881375e+00 1.447229747733012939e+00
1.243229737440395333e+00 2.297335512783105660e+00 2.155069015705908697e+00 2.208293789143219499e+00 1.472369007491964865e+00
1.234194152806693534e+00 2.295007536319635388e+00 2.157660517341321249e+00 2.191725323050480068e+00 1.500430881571666042e+00
1.222306035450045902e+00 2.298892387903439527e+00 2.156896784058223826e+00 2.173944995786954770e+00 1.527558571751051586e+00
1.203676089190269138e+00 2.315604183137568217e+00 2.150099794391832742e+00 2.158634656741367674e+00 1.551354220596441458e+00
1.192489843086723678e+00 2.334253148080499329e+00 2.157279752760793201e+00 2.158910150019993424e+00 1.578511413821563458e+00
1.201382783478052607e+00 2.322928371380246215e+00 2.180111293515563986e+00 2.172792483434088151e+00 1.599907639099907186e+00
1.215632685028688487e+00 2.277798653463413814e+00 2.192643191824232840e+00 2.185917839606617452e+00 1.612170571313928935e+00
1.238402431962000172e+00 2.227770070778838818e+00 2.187286860626192375e+00 2.194584134670333420e+00 1.608740788082478002e+00
1.269305266736107773e+00 2.191971292656825554e+00 2.174524345797169467e+00 2.203424228116243277e+00 1.609373811093851359e+00
1.300000000000000044e+00 2.169999999999999929e+00 2.154999999999999805e+00 2.209999999999999964e+00 1.600000000000000089e+00
