8.699999999999999956e-01 2.740000000000000213e+00 1.850000000000000089e+00 2.629999999999999893e+00 1.350000000000000089e+00
8.935683376601065708e-01 2.747474094902913500e+00 1.853905000177628271e+00 2.608515237311685553e+00 1.338506571028301728e+00
9.239968333242910559e-01 2.761852431010731745e+00 1.851039366258846020e+00 2.595593690444147672e+00 1.330792821511886492e+00
9.476311470599302345e-01 2.734905610600563364e+00 1.862262494546142122e+00 2.583053883424736075e+00 1.325883207170933886e+00
9.744154765257702078e-01 2.724885445594182443e+00 1.883055821991383771e+00 2.577834224759294468e+00 1.326850663229526273e+00
1.002231473833279818e+00 2.732955200996680656e+00 1.903272563502068637e+00 2.576638866883691481e+00 1.330046674663376116e+00
1.028227363056805732e+00 2.749518492521265234e+00 1.923278146653716991e+00 2.578825337336986045e+00 1.334244983068813006e+00
1.052714050168828352e+00 2.767443494781621549e+00 1.943612184182362146e+00 2.580479711639998897e+00 1.340603264936375050e+00
1.076303763061504881e+00 2.773674520367567453e+00 1.966437492622067129e+00 2.573601778204713586e+00 1.345757789949497463e+00
1.093980054371983757e+00 2.766018456076789533e+00 1.991185334459589562e+00 2.559287409387946965e+00 1.344661719246440734e+00
1.105477593881748488e+00 2.755171213499430838e+00 2.017490844639259429e+00 2.544207695822096937e+00 1.338845797364471846e+00
1.115436809110526450e+00 2.744241253762561783e+00 2.043964303966207652e+00 2.528933465460134311e+00 1.331932810945154255e+00
1.128101826606921598e+00 2.734380016812953951e+00 2.070321949293822072e+00 2.513856716631279298e+00 1.326889706432520910e+00
1.139839952364236852e+00 2.729155517073196258e+00 2.099742913146824819e+00 2.503530900960296179e+00 1.326077943370730150e+00
1.149029261213060815e+00 2.724529920513380610e+00 2.131403053241504253e+00 2.500724164637763813e+00 1.327619550931282033e+00
1.167205719046564338e+00 2.704757851287530990e+00 2.155268226858025660e+00 2.502918063021729811e+00 1.326651430476043059e+00
1.191954867506391125e+00 2.673843766191082771e+00 2.169673178599706098e+00 2.504637337326672597e+00 1.324944927540696593e+00
1.215543499361503965e+00 2.646140589209421190e+00 2.186487792497961102e+00 2.500935248149516177e+00 1.328989128382799256e+00
1.234684378512257874e+00 2.615485112135069290e+00 2.199903749072698034e+00 2.487536339858739343e+00 1.335997890078215677e+00
1.243750636686035360e+00 2.572468634410454147e+00 2.201077580614576146e+00 2.470212414582024341e+00 1.339123850648504810e+00
1.249042129008365976e+00 2.526271932676946719e+00 2.196878562188746109e+00 2.454866387131773742e+00 1.344183469230822325e+00
1.254159850191141512e+00 2.482654860116592310e+00 2.193496879529726051e+00 2.439461729973138482e+00 1.353424953605279146e+00
1.260830028206980646e+00 2.442414310103796726e+00 2.191100676638225053e+00 2.423065988242035118e+00 1.364967771309596678e+00
1.273077046090116626e+00 2.409111675877724235e+00 2.190962156761416146e+00 2.404942052288962184e+00 1.377745666837179250e+00
1.287899600469551098e+00 2.403118915006300593e+00 2.195420627415038961e+00 2.377641851772069437e+00 1.386439606452321893e+00
1.274659973296813131e+00 2.397773199279497724e+00 2.171287854655538307e+00 2.360136128341180584e+00 1.389301053589381940e+00
1.260614799859699486e+00 2.393533039749885294e+00 2.158081501977981986e+00 2.333782660249890117e+00 1.398730257192524196e+00
1.248012599928624233e+00 2.399721498277886500e+00 2.154344287026339622e+00 2.303092350204670513e+00 1.407536387502911879e+00
1.242340668458239872e+00 2.419064698967817062e+00 2.161675450667146947e+00 2.271886874673541445e+00 1.408666350607237661e+00
1.248506312277462005e+00 2.415176754939277082e+00 2.177963530824471139e+00 2.270116914550769138e+00 1.424963988323503239e+00
1.256063441606313891e+00 2.390578559236747225e+00 2.178988805557503738e+00 2.272089926989826925e+00 1.447430327366268088e+00
1.265958194303725248e+00 2.383758371090972439e+00 2.180215596261890543e+00 2.267294446154847432e+00 1.472200710636392351e+00
1.273530732797523157e+00 2.388738004129197012e+00 2.174300550412407329e+00 2.263325910037686128e+00 1.497246718634092089e+00
1.278215187022064603e+00 2.396623300483673447e+00 2.162065146395098392e+00 2.260545954887566822e+00 1.521158385582946249e+00
1.279228945996399913e+00 2.404718951945778560e+00 2.151909179181849652e+00 2.259265945857068303e+00 1.545878841616078692e+00
1.274695942649190616e+00 2.400092383078484382e+00 2.147987920490563862e+00 2.255422249834674542e+00 1.571605518882336572e+00
1.268203173623622337e+00 2.381969778000358140e+00 2.141646540228911544e+00 2.244833454722876098e+00 1.594147651173994262e+00
1.265955572472289736e+00 2.345439306368998889e+00 2.129087592378119620e+00 2.234219543990830559e+00 1.607983349931446426e+00
1.287876636514425854e+00 2.306124030057822072e+00 2.133454613401800426e+00 2.226365981857060472e+00 1.606442343615596124e+00
1.284095581452392887e+00 2.264694084179802225e+00 2.146260586379082014e+00 2.210402705059825390e+00 1.602212113852758524e+00
1.289255367156877607e+00 2.217661503147146718e+00 2.158053125813010453e+00 2.211968832871542556e+00 1.609004038784362489e+00
1.300000000000000044e+00 2.169999999999999929e+00 2.154999999999999805e+00 2.209999999999999964e+00 1.600000000000000089e+00
