8.699999999999999956e-01 2.740000000000000213e+00 1.850000000000000089e+00 2.629999999999999893e+00 1.350000000000000089e+00
8.997053939800095934e-01 2.764661257525245386e+00 1.844682356137572921e+00 2.619560375556057252e+00 1.358059424317125563e+00
9.303664739809364148e-01 2.780626438624630659e+00 1.851861058747310329e+00 2.602074571439533024e+00 1.355197834801739498e+00
9.500600577855443651e-01 2.765762989749767087e+00 1.863864202397063963e+00 2.580811491054926243e+00 1.340974225404431230e+00
9.575627207672481322e-01 2.724120308580507466e+00 1.863524108829103687e+00 2.572702630037587923e+00 1.325053759426991551e+00
9.651895566995301046e-01 2.684990508901195394e+00 1.841953325780920414e+00 2.576145930034652753e+00 1.332276630535051520e+00
9.931331931322786577e-01 2.675498790989197850e+00 1.857027832234428466e+00 2.572186509853023217e+00 1.345594235261893923e+00
1.019456655209006302e+00 2.678563258384711432e+00 1.882528416584578146e+00 2.565240442159315126e+00 1.350629917324649432e+00
1.041604262421109262e+00 2.690622054478008174e+00 1.911277872481888185e+00 2.557522158908847043e+00 1.350243692056560363e+00
1.060063839738458968e+00 2.707314244681158222e+00 1.941392312505093143e+00 2.550621780098070612e+00 1.346873417087626645e+00
1.077436688868403714e+00 2.723204776539375871e+00 1.972399004669411315e+00 2.544951617775685904e+00 1.342464310323103538e+00
1.095150138411607132e+00 2.734978192267687902e+00 2.004082392739387597e+00 2.539148175572026211e+00 1.338041783787944805e+00
1.112812431653328549e+00 2.742242684167887745e+00 2.036001067600674119e+00 2.530335805441216390e+00 1.334476148682111951e+00
1.130519737054671792e+00 2.746374209420217039e+00 2.067916127923728364e+00 2.519522545098324962e+00 1.333346799979757691e+00
1.151127696621023322e+00 2.736486311981241037e+00 2.097389286285381793e+00 2.509728394980822230e+00 1.333024701500213904e+00
1.172886681566334577e+00 2.706804027825493453e+00 2.118220639963441343e+00 2.501984826203745627e+00 1.331230582492379577e+00
1.193696070070927373e+00 2.669401576127677700e+00 2.133319857484964110e+00 2.493329377388356694e+00 1.328501300432473275e+00
1.214496820612616323e+00 2.635579070448231143e+00 2.150708030716547370e+00 2.481476228688110908e+00 1.326652492348279644e+00
1.234550700474231322e+00 2.611211538747953309e+00 2.174036674548216030e+00 2.467223620877156076e+00 1.327461064629519738e+00
1.252447231839821207e+00 2.592270941103781645e+00 2.200453894652354414e+00 2.451510801330922362e+00 1.330986718120192203e+00
1.268521723139128365e+00 2.566460370721515005e+00 2.223625819636438905e+00 2.433835122551410990e+00 1.334812600742200539e+00
1.282482282579911370e+00 2.527154066286387835e+00 2.235825705855177592e+00 2.416135915890493369e+00 1.336206068056630114e+00
1.292936505557822136e+00 2.481468904039429546e+00 2.236140820577114052e+00 2.398664043879052077e+00 1.336999156066309480e+00
1.296838277678196816e+00 2.441158146368676007e+00 2.229310098095351300e+00 2.375349018493141617e+00 1.342251907651846654e+00
1.291664984246100989e+00 2.420204662976125132e+00 2.221786765807466590e+00 2.344536046560724341e+00 1.353249706697689403e+00
1.281312365414821963e+00 2.415780871077713332e+00 2.216675456914510622e+00 2.311986043049533368e+00 1.366744357442840396e+00
1.269300007919480500e+00 2.414783728272714036e+00 2.210767477628620803e+00 2.282000051203233237e+00 1.382704174372409778e+00
1.256508536501324436e+00 2.407550054618122992e+00 2.198749345265605726e+00 2.262569776423861256e+00 1.403055016480990513e+00
1.243285462739161407e+00 2.391237094602558955e+00 2.178670938399914547e+00 2.261887218237426556e+00 1.422579939476575239e+00
1.233115490391945013e+00 2.371446997233429332e+00 2.151158799426002410e+00 2.251540945315940068e+00 1.433935621579925046e+00
1.235848434573809440e+00 2.364803427065274910e+00 2.137175507279386544e+00 2.217570935797675169e+00 1.442266594315293027e+00
1.243924800991948354e+00 2.362072257897533056e+00 2.132672039799630159e+00 2.194603238428523895e+00 1.464292466583719365e+00
1.254561515697393270e+00 2.365303735844084265e+00 2.134040560191909464e+00 2.185210211367099475e+00 1.490978020687000694e+00
1.264308376080204965e+00 2.378403282069505575e+00 2.141057600169774755e+00 2.183624202785537705e+00 1.517385137405875106e+00
1.269658774294765147e+00 2.391852323926763280e+00 2.154485132521807955e+00 2.186568198286797049e+00 1.543027205241933597e+00
1.269320853278231853e+00 2.389320925775417326e+00 2.167498707726513096e+00 2.190475322728017815e+00 1.569857511610181389e+00
1.263566760931734700e+00 2.369764769750445588e+00 2.168418328516172000e+00 2.194347798922749782e+00 1.595913487059197777e+00
1.252049309122831078e+00 2.333698713852997209e+00 2.149763217329862641e+00 2.192812807483479176e+00 1.602652379598253463e+00
1.255067312292135639e+00 2.298346130642959118e+00 2.175050734994508961e+00 2.190946791489122525e+00 1.611197070310288693e+00
1.272748541427822566e+00 2.255925883242853924e+00 2.182386168628153822e+00 2.195575700851586820e+00 1.602160809622571680e+00
1.288126292388686256e+00 2.210852565926986646e+00 2.175074311724792597e+00 2.206481487461124491e+00 1.606364857525806267e+00
1.300000000000000044e+00 2.169999999999999929e+00 2.154999999999999805e+00 2.209999999999999964e+00 1.600000000000000089e+00
