8.699999999999999956e-01 2.740000000000000213e+00 1.850000000000000089e+00 2.629999999999999893e+00 1.350000000000000089e+00
8.876642800255913901e-01 2.738592513053140554e+00 1.866642614420024326e+00 2.605056808611002861e+00 1.348835961903910752e+00
9.161598611447209217e-01 2.737872188734620682e+00 1.876688290501593137e+00 2.589869266116560542e+00 1.341153444193388333e+00
9.477736836459064174e-01 2.726580410136402843e+00 1.884720273217004305e+00 2.581959474068034499e+00 1.334029364140041585e+00
9.783690899415844466e-01 2.717931647945786011e+00 1.897836626078257760e+00 2.573124126678318468e+00 1.330338837427115006e+00
1.003382008991373198e+00 2.720255597702941674e+00 1.918234561035203622e+00 2.563017436653600711e+00 1.329267039865456468e+00
1.020124544292715152e+00 2.733120308935648168e+00 1.943873595329869586e+00 2.554969714353524601e+00 1.329248450390633218e+00
1.028835744492247128e+00 2.753322622010884846e+00 1.971696028949160961e+00 2.550646042609505670e+00 1.330204088686397945e+00
1.031568050678399073e+00 2.779968382477439715e+00 1.998541041433941956e+00 2.548551967185225919e+00 1.334273603784770446e+00
1.050118204734373784e+00 2.779470325389065355e+00 2.013845830084286970e+00 2.533415086459938959e+00 1.333945113813229444e+00
1.075469262343786481e+00 2.762551823815258878e+00 2.030291483424724763e+00 2.527568272265004357e+00 1.325660039472224661e+00
1.102205563101276375e+00 2.756909864352466766e+00 2.049893396401548440e+00 2.524116528505532919e+00 1.323027990809969134e+00
1.124067148154704210e+00 2.722068762810350151e+00 2.061004364367005071e+00 2.513108673134493820e+00 1.322021628252822101e+00
1.145186138758461425e+00 2.682577588799146540e+00 2.070984616022802705e+00 2.514633328676564972e+00 1.326818057113855032e+00
1.168535237224919587e+00 2.652667514875966859e+00 2.086779061680568592e+00 2.513982854771500630e+00 1.326132873524464406e+00
1.184813870791097346e+00 2.627618282750125100e+00 2.107116986844022044e+00 2.499098799236104451e+00 1.327316966170560164e+00
1.200399182064699311e+00 2.610701457060552233e+00 2.129055690177338978e+00 2.482264843972100010e+00 1.330418095361287856e+00
1.219357022284898617e+00 2.593399546801563371e+00 2.148620931966260805e+00 2.468430016553600836e+00 1.336795102949584590e+00
1.237773699198080557e+00 2.561499434058341684e+00 2.157713430279228906e+00 2.460002164020598681e+00 1.350338281278106844e+00
1.252840436150512105e+00 2.525837925817154161e+00 2.163037036515474298e+00 2.451336670057857603e+00 1.365198532881312543e+00
1.266975293726220197e+00 2.492460481023881513e+00 2.171362893726622278e+00 2.434825819877682651e+00 1.376882874221234898e+00
1.278120285562206249e+00 2.463957959632456340e+00 2.179428176197283129e+00 2.408907302267413453e+00 1.382997133549467517e+00
1.281509582129392255e+00 2.443962352962866014e+00 2.184165939949032964e+00 2.376083064372226605e+00 1.384611474992121227e+00
1.273366620138065564e+00 2.431363150492745984e+00 2.180031997591583615e+00 2.342446419750947584e+00 1.386435715419641612e+00
1.258606491634224556e+00 2.428784180117425251e+00 2.172520431621752568e+00 2.312031728904429428e+00 1.392724658949166416e+00
1.245280051443164782e+00 2.432651864047470358e+00 2.173292314564190697e+00 2.281175843618457488e+00 1.401766632860137918e+00
1.236786304174332329e+00 2.442039356165143005e+00 2.187632662517382087e+00 2.252684601931357999e+00 1.408571204501752216e+00
1.236063501601783798e+00 2.465717249460846361e+00 2.206494141679109067e+00 2.239799558672717072e+00 1.421292058455908114e+00
1.242938832185177978e+00 2.481298684277879030e+00 2.210370965515382480e+00 2.240474886798800913e+00 1.444980968023393153e+00
1.251285795618706675e+00 2.481616464935183952e+00 2.204227132794987387e+00 2.241773492243634092e+00 1.469601181166011239e+00
1.259768924755757524e+00 2.478695469177757627e+00 2.196402884259773369e+00 2.242926030966441608e+00 1.493851534242548018e+00
1.268236424209002511e+00 2.475690046239870323e+00 2.188584942176189596e+00 2.244091880484416102e+00 1.518102682072795195e+00
1.276311957934749941e+00 2.470613369657097547e+00 2.180916052146921746e+00 2.245582139228044838e+00 1.542369148004400170e+00
1.280648659613382812e+00 2.454198078917309900e+00 2.173004288611348311e+00 2.248447378885737979e+00 1.565938169463708896e+00
1.271396649750393903e+00 2.438493029593474137e+00 2.153235682592473221e+00 2.242407769073039070e+00 1.579769357889620363e+00
1.260911227503906717e+00 2.390596671849317456e+00 2.143672827161906103e+00 2.235032106153928666e+00 1.574101817046327456e+00
1.254804507408972647e+00 2.345492559977580438e+00 2.131709090655455885e+00 2.229894511022914472e+00 1.564093877405514199e+00
1.255313372880490164e+00 2.296382864120227740e+00 2.124037153490902163e+00 2.224785385714444175e+00 1.565548479200979060e+00
1.266252651693698716e+00 2.271241048759097936e+00 2.136947071670881826e+00 2.225966346295426668e+00 1.584040379269465504e+00
1.276789938760980903e+00 2.253990875770994329e+00 2.139545238861349397e+00 2.215211655745526365e+00 1.605101936115572503e+00
1.292356393197819031e+00 2.221966376723754522e+00 2.160522239326772898e+00 2.213769016214051089e+00 1.606232278654412537e+00
1.300000000000000044e+00 2.169999999999999929e+00 2.154999999999999805e+00 2.209999999999999964e+00 1.600000000000000089e+00
