8.699999999999999956e-01 2.740000000000000213e+00 1.850000000000000089e+00 2.629999999999999893e+00 1.350000000000000089e+00
9.028388975781448389e-01 2.727807392583605939e+00 1.866146200111633124e+00 2.607268158396522928e+00 1.344669267470582241e+00
9.356777951562896822e-01 2.715614785167211664e+00 1.882292400223266382e+00 2.584536316793046407e+00 1.339338534941164394e+00
9.733471634893964275e-01 2.715292140602962867e+00 1.899026378894386413e+00 2.569298869600804558e+00 1.333151681183080361e+00
1.009949076917558974e+00 2.720903571056335402e+00 1.923756023741384880e+00 2.568169181316124039e+00 1.334247276165861473e+00
1.040876364521291508e+00 2.728531721229982665e+00 1.952235679886462849e+00 2.558058370339981291e+00 1.339588323699679062e+00
1.064179751239673566e+00 2.740774287977704837e+00 1.985520988675244070e+00 2.545219893228881425e+00 1.343615388480430939e+00
1.087986420013852484e+00 2.745731319698458961e+00 2.020782551401536065e+00 2.534750208972460062e+00 1.342280325275067687e+00
1.110657342328686736e+00 2.736354479846445198e+00 2.053945090139091434e+00 2.520168169666782365e+00 1.337461979530461420e+00
1.135789424201253839e+00 2.723015422369582161e+00 2.085338544901020441e+00 2.507985736583126180e+00 1.331366184601631142e+00
1.164745429921408837e+00 2.714152834989136398e+00 2.117082326514055257e+00 2.505890168137407947e+00 1.326696720147084507e+00
1.191576227467090909e+00 2.706631507304221973e+00 2.151609307011747241e+00 2.505409838627544072e+00 1.325191038446797531e+00
1.214001265511544192e+00 2.696315505156057224e+00 2.188169541872867718e+00 2.500239882956177606e+00 1.325530651004299232e+00
1.232352903439655867e+00 2.677233735720264907e+00 2.222253340300659907e+00 2.487069167770762590e+00 1.323863813876594353e+00
1.250920940659738134e+00 2.637260125041134717e+00 2.234660625313490634e+00 2.472146018461248040e+00 1.319945182987366739e+00
1.266787393360746528e+00 2.588036161433262539e+00 2.225254100559583392e+00 2.469967616309932446e+00 1.322586759806212875e+00
1.278400648463079214e+00 2.536564360568628551e+00 2.226829333042567693e+00 2.467615497230823518e+00 1.329242345751956877e+00
1.284138394803265193e+00 2.485207982457775078e+00 2.233594170530891265e+00 2.459514295382111193e+00 1.336393858288878578e+00
1.286180971085816749e+00 2.436106340530723724e+00 2.234097340783305796e+00 2.442265738391119712e+00 1.342894690939756552e+00
1.290379545362490221e+00 2.395344756974006284e+00 2.225928108765130808e+00 2.418603378328647135e+00 1.353092417426124738e+00
1.300245298601246047e+00 2.365405091059827214e+00 2.225646430264865305e+00 2.398842866035582055e+00 1.372718121717056761e+00
1.313821015792651314e+00 2.339885149892862781e+00 2.252498018915165101e+00 2.388472084744152291e+00 1.386045109643146311e+00
1.331591821522097874e+00 2.338990328971038757e+00 2.285542568750720704e+00 2.380586316854508500e+00 1.373276493820159816e+00
1.325928120976509472e+00 2.386147130700161156e+00 2.265899194780601533e+00 2.376210399921963923e+00 1.371780565659369122e+00
1.308936092794180439e+00 2.395127517668969919e+00 2.231840137823881687e+00 2.370826076123070614e+00 1.383846775968918363e+00
1.303300827468338863e+00 2.380579038208161080e+00 2.208688718792598316e+00 2.339627649502507456e+00 1.395087088087728633e+00
1.303064782188253501e+00 2.360038879105774257e+00 2.193689880562133876e+00 2.303092788841256233e+00 1.403169427481540943e+00
1.301787795698833961e+00 2.344047893813538508e+00 2.176392370064396786e+00 2.264705391703581316e+00 1.407247204701426169e+00
1.298061375874070222e+00 2.333551897431169309e+00 2.147362069590999845e+00 2.232776337385402154e+00 1.405856660841408035e+00
1.282245112394841069e+00 2.338884320157296859e+00 2.141818350178607222e+00 2.215863550360671841e+00 1.430284537207332729e+00
1.267536174051629105e+00 2.317313571539308725e+00 2.149872960269717304e+00 2.193438468954934439e+00 1.450316855446540210e+00
1.246723650218800827e+00 2.291055466530946827e+00 2.156910843420011492e+00 2.164525707920585962e+00 1.460360567268617293e+00
1.223681088324708899e+00 2.289433000935882312e+00 2.164094503509789824e+00 2.159919140250344594e+00 1.484678739292539129e+00
1.216414401415496505e+00 2.273340802156396112e+00 2.162628902725437285e+00 2.166822280680644308e+00 1.512120347655385499e+00
1.210208283218618286e+00 2.262888532499006011e+00 2.156225625012845093e+00 2.173084801898487406e+00 1.540570493441358435e+00
1.205192443409280667e+00 2.261955286413045663e+00 2.154294702133670025e+00 2.174483788495442216e+00 1.570191138602496039e+00
1.204440271801738183e+00 2.264447382328202529e+00 2.159338775192138016e+00 2.174640820900594740e+00 1.599842275628956756e+00
1.213985853644313551e+00 2.236614957975491702e+00 2.146064406510869382e+00 2.189519861280287749e+00 1.616312152303390315e+00
1.232482599894229480e+00 2.208841335635133074e+00 2.125738252409420159e+00 2.190413048735071477e+00 1.600847573832397730e+00
1.271013460808487983e+00 2.198193219346414207e+00 2.138057849918713060e+00 2.199350541282607985e+00 1.610548231826826049e+00
1.300000000000000044e+00 2.169999999999999929e+00 2.154999999999999805e+00 2.209999999999999964e+00 1.600000000000000089e+00
