8.699999999999999956e-01 2.740000000000000213e+00 1.850000000000000089e+00 2.629999999999999893e+00 1.350000000000000089e+00
9.032897228406836510e-01 2.739129956482409867e+00 1.861281568882754200e+00 2.611806871519787521e+00 1.341555889909438859e+00
9.329610909516513617e-01 2.736984449291842036e+00 1.874538316672176963e+00 2.594772531103712421e+00 1.327609637664547870e+00
9.569527972286190343e-01 2.750898517231981977e+00 1.901917487202539503e+00 2.581015165649076071e+00 1.327318138370337852e+00
9.842145214802792141e-01 2.760027999746337724e+00 1.929710723740878375e+00 2.572925418554729671e+00 1.329892297431628734e+00
1.017815817388084021e+00 2.760354151445151949e+00 1.951509958081953933e+00 2.567981600528101538e+00 1.333538210563371962e+00
1.051535313612460332e+00 2.741877344824075635e+00 1.959742792942289480e+00 2.553111694671086340e+00 1.339576441865687695e+00
1.075502646886025371e+00 2.735604290766683988e+00 1.954684795844251033e+00 2.521180981683705191e+00 1.338250344776147571e+00
1.093446547542140879e+00 2.700622355375481565e+00 1.960791123760685206e+00 2.496735033694287953e+00 1.331127477013546834e+00
1.113765759270738842e+00 2.689773337115686669e+00 1.992215759727749003e+00 2.488361434959703633e+00 1.330429568128484341e+00
1.132520163950248016e+00 2.701207289371013953e+00 2.026366232572203163e+00 2.488367799476228548e+00 1.333029798165885182e+00
1.147553575969402884e+00 2.715025606719536189e+00 2.061930439312778862e+00 2.491141988489242731e+00 1.334376743898117335e+00
1.164395468184336924e+00 2.721410732492463236e+00 2.097189837419222158e+00 2.498014018009637294e+00 1.334340788327507799e+00
1.190652377963830277e+00 2.718683221832954633e+00 2.126898438974117678e+00 2.502936423828150403e+00 1.336815579256812159e+00
1.218922146234925563e+00 2.706809103113097414e+00 2.151874529028741989e+00 2.499299610551954487e+00 1.345310473709972809e+00
1.238801353253726534e+00 2.688873981435887295e+00 2.177963468806061620e+00 2.488695453546380776e+00 1.358110627536069259e+00
1.239871391290134461e+00 2.669988513267147034e+00 2.211773983456542858e+00 2.476786933558456472e+00 1.365474280746923341e+00
1.223664816952965140e+00 2.672130802546790473e+00 2.208273598462945131e+00 2.481669240416894961e+00 1.340840585449452727e+00
1.241712035114460821e+00 2.646602085772860935e+00 2.219611212879096129e+00 2.463534781127410422e+00 1.325034542964141027e+00
1.262983098450211950e+00 2.609896604536371623e+00 2.234025811607094347e+00 2.445017745993646407e+00 1.325932199903120168e+00
1.281576240268165634e+00 2.564232518999022936e+00 2.246807519416873955e+00 2.432462014732664102e+00 1.325200484971299053e+00
1.295468570866429081e+00 2.513143569527059196e+00 2.256618325407740322e+00 2.422850711060722695e+00 1.320613707576921536e+00
1.286641260465672731e+00 2.474413647263970617e+00 2.243039885061294036e+00 2.403917832019881295e+00 1.329652648961467065e+00
1.269662352787239934e+00 2.480915288676094121e+00 2.216393589233555339e+00 2.386449947833243268e+00 1.343200758093738845e+00
1.252984696774805506e+00 2.484787949802195861e+00 2.194377740746603411e+00 2.367499738497499617e+00 1.360695033497094419e+00
1.238167433871964374e+00 2.474429929468133782e+00 2.177871378567565408e+00 2.347808776132235042e+00 1.381472518323837217e+00
1.228060931216366392e+00 2.450970896262989474e+00 2.166149576162293755e+00 2.324507393158947721e+00 1.400722973025381402e+00
1.224433894952482227e+00 2.421409477078045214e+00 2.162275007653454928e+00 2.294678103791720769e+00 1.415172567690339500e+00
1.223861643123642429e+00 2.393562363565457485e+00 2.155557611696973908e+00 2.264740352184370753e+00 1.430044280566243220e+00
1.225441426901614950e+00 2.369088219154213526e+00 2.144252581240269073e+00 2.248327454609923226e+00 1.454055748245042023e+00
1.231326964085393216e+00 2.347380441574921317e+00 2.145131657170605610e+00 2.241138015797754957e+00 1.482361043518882759e+00
1.237706828998936581e+00 2.327167126846444223e+00 2.150068729134658962e+00 2.235186197206496139e+00 1.510818176850431405e+00
1.243907725130771302e+00 2.308065732136312498e+00 2.155654573186184919e+00 2.229086651509226691e+00 1.539421546559559095e+00
1.248579239382653361e+00 2.298179867383957298e+00 2.164295066804536649e+00 2.221235865489933126e+00 1.568747591933020935e+00
1.247427982775119570e+00 2.327087939427905816e+00 2.180867161258526643e+00 2.209900935165098890e+00 1.590871517110297173e+00
1.247355049491099432e+00 2.379821714236934671e+00 2.193720609542467948e+00 2.201957810945557092e+00 1.598402177808813107e+00
1.261198501078672818e+00 2.426315175643896538e+00 2.192829761393306320e+00 2.200495853733325013e+00 1.605983135100740977e+00
1.270439291025500239e+00 2.373355891359987258e+00 2.194644285571261122e+00 2.206025600059223990e+00 1.616837672923815861e+00
1.266914215004790289e+00 2.316142043006585549e+00 2.198910505754911870e+00 2.209880579562556235e+00 1.620868746904073898e+00
1.267153251477877163e+00 2.262982525961779512e+00 2.186184061663079436e+00 2.212377141895820909e+00 1.612060507964397704e+00
1.280409826390767281e+00 2.212722590722891347e+00 2.169889550142453771e+00 2.211661780394473809e+00 1.610389484016351735e+00
1.300000000000000044e+00 2.169999999999999929e+00 2.154999999999999805e+00 2.209999999999999964e+00 1.600000000000000089e+00
