8.699999999999999956e-01 2.740000000000000213e+00 1.850000000000000089e+00 2.629999999999999893e+00 1.350000000000000089e+00
8.966515480389729564e-01 2.738969501239122195e+00 1.845557540434304977e+00 2.605275850488454115e+00 1.344519078529303524e+00
9.171437132042566942e-01 2.737579948024014609e+00 1.852303924046934780e+00 2.578192693999986407e+00 1.334506614176413697e+00
9.379307500851178370e-01 2.735453371938665335e+00 1.867155544548604995e+00 2.556726134153564978e+00 1.323503351973758013e+00
9.656625603595634377e-01 2.737798146504708097e+00 1.885240538358356366e+00 2.544068978617327392e+00 1.318567764651634944e+00
9.958928204710060239e-01 2.743897875951485599e+00 1.902906167581455366e+00 2.539789902351450745e+00 1.322699286629698934e+00
1.023234246197944008e+00 2.750744001949563700e+00 1.922710020884075277e+00 2.539687707108905901e+00 1.331013616001352595e+00
1.046637367717846656e+00 2.758030921272344393e+00 1.946939452715219288e+00 2.540422677833675369e+00 1.338484298580807863e+00
1.068299942309326234e+00 2.766540569861442478e+00 1.973754494835465056e+00 2.539923438841291237e+00 1.342291813842826365e+00
1.090726282730631880e+00 2.774273402221471230e+00 2.000177251915825849e+00 2.539870292694800469e+00 1.339555037705483231e+00
1.104553553377571662e+00 2.767772200241311431e+00 2.028150675024984029e+00 2.546907363446360595e+00 1.331077210579409309e+00
1.118055901804926977e+00 2.757534193980459847e+00 2.058356027700017243e+00 2.550338843367121466e+00 1.325422926680432267e+00
1.138304789063675937e+00 2.753235533227794907e+00 2.086269924679527321e+00 2.544451533288742073e+00 1.323984803859922454e+00
1.158835787046664123e+00 2.735778730882524101e+00 2.108219887516904034e+00 2.529214384560886320e+00 1.323860567542458844e+00
1.173854162240796972e+00 2.716835375659552909e+00 2.125357463943384762e+00 2.505919663864309754e+00 1.329523099860792534e+00
1.190508924800939283e+00 2.690552178447119136e+00 2.148036464790731070e+00 2.493145004317678382e+00 1.328256955250408211e+00
1.209423301255049932e+00 2.657954763377690099e+00 2.165292091820703479e+00 2.480938192466077830e+00 1.325899835009143768e+00
1.231394043625869239e+00 2.627156557448879770e+00 2.181592739453795282e+00 2.470514271934519446e+00 1.322995970410997479e+00
1.252037601772708841e+00 2.595297758862744608e+00 2.198636437249993580e+00 2.460604151061567268e+00 1.319964124876581879e+00
1.267431234295162579e+00 2.554832099013824465e+00 2.210730219279107178e+00 2.448147697477241369e+00 1.321023531425166375e+00
1.276946744876336748e+00 2.512885049439472329e+00 2.207839268214754291e+00 2.433712542274313773e+00 1.331403580612958049e+00
1.284461692877252093e+00 2.481477848016291787e+00 2.199209581155181503e+00 2.417618620826017306e+00 1.347294981729398211e+00
1.288749247439048062e+00 2.458755305130151392e+00 2.196276672410835129e+00 2.393221995769014399e+00 1.363643775000330516e+00
1.284364049951909781e+00 2.443867517630541109e+00 2.194927015890999922e+00 2.360660308232237714e+00 1.374791067387505894e+00
1.272945766876104390e+00 2.435037797152350691e+00 2.186378570453469283e+00 2.327222236349947959e+00 1.380570450412311967e+00
1.257929242944140880e+00 2.429864737808849373e+00 2.172132703131389064e+00 2.297191050948009128e+00 1.385531411982455330e+00
1.236332822489187855e+00 2.431329923013228811e+00 2.157956885038958106e+00 2.278825618009034493e+00 1.398379022813428740e+00
1.224753373696388925e+00 2.438808380381957353e+00 2.159195485940534898e+00 2.275769795644608795e+00 1.422393266093150643e+00
1.236997359865521506e+00 2.451047251154268469e+00 2.158046093145906230e+00 2.264745781738180419e+00 1.445069092328679528e+00
1.252027634369938580e+00 2.467980331114409065e+00 2.151376434204229415e+00 2.257287138891534539e+00 1.466207605548443205e+00
1.264687345832276266e+00 2.476919028021280944e+00 2.154281482967301820e+00 2.250403381360106536e+00 1.489831488959339811e+00
1.273268897328111882e+00 2.483811296857292739e+00 2.158453122375155964e+00 2.248178711837105048e+00 1.514826914652470879e+00
1.277793225029269619e+00 2.485607184779039081e+00 2.161697699085740165e+00 2.251675819686275837e+00 1.540570190177454446e+00
1.281520653715423341e+00 2.471989288076108959e+00 2.166071876271449703e+00 2.256936831284537259e+00 1.565227344282927646e+00
1.287545291439176509e+00 2.433084999577062035e+00 2.169724693781319935e+00 2.253969730757332979e+00 1.582019413420233667e+00
1.289590586532717964e+00 2.387042375959895768e+00 2.161241804733194716e+00 2.242516648343284125e+00 1.589696806388316563e+00
1.281454148793794490e+00 2.349281303988060010e+00 2.142789844923009390e+00 2.235803429274041854e+00 1.598705652935684007e+00
1.278179765953148195e+00 2.299863018650546653e+00 2.141481616916861341e+00 2.224881903248274728e+00 1.598113605215093713e+00
1.272317525820001460e+00 2.279207118302790658e+00 2.121727417029237284e+00 2.217599973547400793e+00 1.584727219254903563e+00
1.282937930226865753e+00 2.260897779821132936e+00 2.146882969584662071e+00 2.199747977325704706e+00 1.582949996697978090e+00
1.292662171840058605e+00 2.211977345392980077e+00 2.154659480196071009e+00 2.198750583047880180e+00 1.586900729700646551e+00
1.300000000000000044e+00 2.169999999999999929e+00 2.154999999999999805e+00 2.209999999999999964e+00 1.600000000000000089e+00
