8.699999999999999956e-01 2.740000000000000213e+00 1.850000000000000089e+00 2.629999999999999893e+00 1.350000000000000089e+00
8.974529767372211309e-01 2.739555233661588929e+00 1.847817064762070638e+00 2.590844596177307224e+00 1.346186496131578370e+00
9.327139930220219588e-01 2.748929964009857674e+00 1.862139848832793376e+00 2.565033467316392812e+00 1.346029557252921061e+00
9.671418793390393898e-01 2.758756086737489177e+00 1.888016094269350020e+00 2.559235084661040549e+00 1.343229185494081657e+00
9.964705078515702086e-01 2.753531828303281692e+00 1.918483387958364927e+00 2.553057306820797123e+00 1.338423052602993213e+00
1.020140463077726656e+00 2.742168218127932100e+00 1.951299556565056603e+00 2.543005510629787747e+00 1.333535782999395902e+00
1.042565378731818315e+00 2.732695908401420404e+00 1.984654604915377707e+00 2.531092873735379278e+00 1.328784681675384771e+00
1.065264304305543419e+00 2.728061877076151109e+00 2.018734624450510662e+00 2.520236073858541648e+00 1.325289521354427125e+00
1.086512866541831768e+00 2.723618058270711906e+00 2.054324121477864917e+00 2.512468774815417305e+00 1.324152575832452827e+00
1.106528404658287057e+00 2.710670862478836263e+00 2.089916967630527811e+00 2.507099710450160224e+00 1.325158591949793685e+00
1.128852212909814190e+00 2.686309971393739282e+00 2.121669429560927966e+00 2.501512660538639299e+00 1.327657464264032861e+00
1.156541172271090101e+00 2.653917389520938031e+00 2.145631414013156935e+00 2.492827973803014352e+00 1.331171309446467221e+00
1.187877189929000599e+00 2.616393593326967526e+00 2.158850727783329759e+00 2.478972175026103564e+00 1.335114709043697889e+00
1.217155873243983555e+00 2.574058847074758294e+00 2.161918208207186165e+00 2.460160196372697783e+00 1.338931474582560455e+00
1.240344550118972045e+00 2.526538748301029536e+00 2.161134318638771923e+00 2.438608565757570013e+00 1.342801263611680396e+00
1.256975545610333533e+00 2.475585591255239581e+00 2.164021814373513930e+00 2.415694620447468299e+00 1.347908703557721077e+00
1.268620856881985892e+00 2.427269268986640860e+00 2.171946612801110454e+00 2.390115702078249971e+00 1.356440169174649490e+00
1.277929182006682263e+00 2.388314978898107732e+00 2.179680112558725291e+00 2.359719182400576099e+00 1.370350964773640934e+00
1.284876206013886968e+00 2.361258903607292403e+00 2.183080502308508919e+00 2.324459500697092729e+00 1.387955719103023400e+00
1.286110052302149587e+00 2.342498796704835851e+00 2.183889320693549241e+00 2.285410418093531071e+00 1.405771426775407118e+00
1.281585162357720797e+00 2.324113772382819576e+00 2.184503148070197298e+00 2.245581738392301574e+00 1.422678588251786724e+00
1.277102899462617902e+00 2.296372869561329466e+00 2.184284226697721376e+00 2.211156581176000557e+00 1.441432049611388155e+00
1.274953146144086613e+00 2.261543634206753861e+00 2.182747279233061555e+00 2.191594781320928664e+00 1.465893630073799248e+00
1.268843928910146968e+00 2.236753952159255210e+00 2.182011341179808550e+00 2.188847668582276640e+00 1.496210367810885788e+00
1.249776397888973545e+00 2.247643078467594258e+00 2.189506472359025402e+00 2.195721830088573245e+00 1.523980257750341849e+00
1.241481647786806697e+00 2.286616912144468827e+00 2.203575907635670905e+00 2.194507414422860236e+00 1.507082978164812292e+00
1.249675094010421761e+00 2.306910463363722297e+00 2.209752552816926841e+00 2.188597606662069150e+00 1.476259052839006269e+00
1.263272181877884925e+00 2.324834239958427862e+00 2.209536092086756387e+00 2.187011008969064196e+00 1.445894750744016521e+00
1.277131430227031794e+00 2.322669319837955104e+00 2.178592822724661815e+00 2.201952375625417790e+00 1.433077858634902668e+00
1.270215552877575149e+00 2.296343483289811083e+00 2.158960481883936300e+00 2.212327295970146324e+00 1.457335208077826127e+00
1.260182226306879594e+00 2.280062719097434520e+00 2.158183687885569135e+00 2.210337824504011284e+00 1.489142267066103420e+00
1.251389208278462783e+00 2.274063752410032890e+00 2.162722440282840886e+00 2.203312887055433933e+00 1.521614953722525421e+00
1.243896037636350815e+00 2.264784348823290383e+00 2.169439460365520045e+00 2.195444101460710229e+00 1.553653436950845457e+00
1.236948801053916025e+00 2.237530058150908996e+00 2.180714606277475820e+00 2.190687149366222108e+00 1.581877322348710146e+00
1.261776014778609900e+00 2.200358029281488381e+00 2.161270425208052348e+00 2.200093201547560717e+00 1.593451962857005633e+00
1.300000000000000044e+00 2.169999999999999929e+00 2.154999999999999805e+00 2.209999999999999964e+00 1.600000000000000089e+00
