8.699999999999999956e-01 2.740000000000000213e+00 1.850000000000000089e+00 2.629999999999999893e+00 1.350000000000000089e+00
9.261929172299291357e-01 2.748536035272004963e+00 1.851959389625448926e+00 2.613044602740609346e+00 1.354484601700517654e+00
9.788837118825769457e-01 2.746288523817716154e+00 1.870864461022619052e+00 2.595368877347047576e+00 1.351208982570671235e+00
1.001419728142479926e+00 2.776310823989712961e+00 1.903412607239301835e+00 2.565294874590572149e+00 1.344307344661594295e+00
1.040969463462547484e+00 2.813599897190856680e+00 1.934671615569474312e+00 2.577259474236979653e+00 1.346883016202960359e+00
1.077677691616515387e+00 2.827150292624510897e+00 1.976748351158599037e+00 2.568670886018024291e+00 1.346640613504235695e+00
1.110390504237850129e+00 2.814557143743290801e+00 2.020550327228490151e+00 2.554461458992915102e+00 1.343095191785830922e+00
1.139982872123845858e+00 2.787452969372886891e+00 2.064625015623527737e+00 2.543737809361862112e+00 1.338698194193473245e+00
1.166286525884159264e+00 2.756103954325200167e+00 2.110229895125979471e+00 2.536496730315270565e+00 1.335054195800923660e+00
1.190495483241294838e+00 2.720673770010920922e+00 2.155114984628595742e+00 2.525779367131155251e+00 1.332302200566789496e+00
1.215168607650623844e+00 2.681296523628958539e+00 2.194937847787127083e+00 2.504552517016743973e+00 1.331713514785334285e+00
1.246732617154977740e+00 2.635225585063815323e+00 2.220097958015340378e+00 2.480859076849871947e+00 1.335741039597710511e+00
1.279212902818321229e+00 2.578654332183206499e+00 2.200856338220182451e+00 2.470368770327759922e+00 1.351554666853054032e+00
1.295187072534062400e+00 2.513809925597597861e+00 2.178238159791240136e+00 2.461338002374316325e+00 1.370862192926584955e+00
1.311117783645425305e+00 2.443633527110978143e+00 2.167214831936957076e+00 2.443070409559484624e+00 1.386848197311923547e+00
1.314593640616749326e+00 2.382090919883394164e+00 2.178175955389494156e+00 2.403656886874633969e+00 1.387953353371591536e+00
1.304800249845593951e+00 2.358289050886400506e+00 2.194061766377471301e+00 2.353709826706975150e+00 1.375816587988509143e+00
1.299318880050243763e+00 2.343649264439441549e+00 2.189153778212031387e+00 2.297500917581992042e+00 1.368001574445744772e+00
1.302405205060848115e+00 2.335701862775810600e+00 2.174099210567518536e+00 2.241915382580515370e+00 1.369895447674645217e+00
1.302455440497142458e+00 2.343706970307344761e+00 2.154156739288875411e+00 2.198328501131508350e+00 1.392188464005639892e+00
1.293646014614997730e+00 2.361327882419313795e+00 2.129657222045603149e+00 2.183289543372052943e+00 1.426332645357023754e+00
1.281764281819032458e+00 2.371562806882903995e+00 2.113263480312827625e+00 2.183277896363255088e+00 1.464833830226896616e+00
1.264406529635865528e+00 2.382964059781462751e+00 2.103170802975778297e+00 2.186768988311762474e+00 1.503375945269956659e+00
1.244407604702618464e+00 2.395792598207636903e+00 2.096381806318999175e+00 2.191326349894450853e+00 1.541532063789011087e+00
1.223332406693908858e+00 2.401316591241336340e+00 2.097909852586712365e+00 2.196156961093948201e+00 1.580081121833739832e+00
1.211983137122345289e+00 2.363494975248429331e+00 2.116667315542493988e+00 2.202691179618307515e+00 1.611294937187177645e+00
1.230347001899537718e+00 2.293903050022945589e+00 2.112489070372744582e+00 2.208266186261317987e+00 1.589778481555562673e+00
1.264590081790577303e+00 2.230260829695211111e+00 2.135090127142971195e+00 2.210847949307761517e+00 1.589121558833965109e+00
1.300000000000000044e+00 2.169999999999999929e+00 2.154999999999999805e+00 2.209999999999999964e+00 1.600000000000000089e+00
