8.699999999999999956e-01 2.740000000000000213e+00 1.850000000000000089e+00 2.629999999999999893e+00 1.350000000000000089e+00
9.176779378526759290e-01 2.769863887636696553e+00 1.877665848831920892e+00 2.589309938617135209e+00 1.331286520874632062e+00
9.689311651568668360e-01 2.777055047176536728e+00 1.924121363701084553e+00 2.571579756883540124e+00 1.323754982147555825e+00
1.041327410684636856e+00 2.764780238745871088e+00 1.948983407742044704e+00 2.558530980566863455e+00 1.322995720496705330e+00
1.082763575577412762e+00 2.747861978388812965e+00 2.001569422284585897e+00 2.549636581930766255e+00 1.332867642725920954e+00
1.123849186443121262e+00 2.729848280675490457e+00 2.054988646378494543e+00 2.541952363768180678e+00 1.340572619414044375e+00
1.163086325185512582e+00 2.707060706734828681e+00 2.109270724636790106e+00 2.536138747493990486e+00 1.341686721221583722e+00
1.203992553449334757e+00 2.695527830553035908e+00 2.163721889558569700e+00 2.526133931093633045e+00 1.344221842917152188e+00
1.250879770297826266e+00 2.678934118489830318e+00 2.214189571023390535e+00 2.514767015436531139e+00 1.347574617084608573e+00
1.291039492791665300e+00 2.607539531213722395e+00 2.231097282063107201e+00 2.504242585753178041e+00 1.334715243661099171e+00
1.302314831578438747e+00 2.552039703897888145e+00 2.197821531826349428e+00 2.464503189599613453e+00 1.318773422167743403e+00
1.302053928442083564e+00 2.529672082799779176e+00 2.154607492121175305e+00 2.411883209146846063e+00 1.310484215328321156e+00
1.294490123794082237e+00 2.502957135780923714e+00 2.126506999074320170e+00 2.352949565967627166e+00 1.289180144249946425e+00
1.286550841489549679e+00 2.447000639472903138e+00 2.117362963448039093e+00 2.302635588244112963e+00 1.261321958445156488e+00
1.303475889081945116e+00 2.380910994317962714e+00 2.090818487248754298e+00 2.259546187014477514e+00 1.253804552206576828e+00
1.345631948400217048e+00 2.378613349652632269e+00 2.073557553993709224e+00 2.238862650306045143e+00 1.297851551115434265e+00
1.351128287011773121e+00 2.345170409863700733e+00 2.091612251293315516e+00 2.235105781757002141e+00 1.351553994001773562e+00
1.331476278014014802e+00 2.286791299754361351e+00 2.117439005938306806e+00 2.231090460105025208e+00 1.391239048944251877e+00
1.324801990274743213e+00 2.251149603206954009e+00 2.148155005378452831e+00 2.205826177273325861e+00 1.434535847912210782e+00
1.323187232845256078e+00 2.235138688538627072e+00 2.154599760302770228e+00 2.185213692546520647e+00 1.491452440405333757e+00
1.315376788947793862e+00 2.210006267220181009e+00 2.154852960694749076e+00 2.185007341917454049e+00 1.549539332581274520e+00
1.300000000000000044e+00 2.169999999999999929e+00 2.154999999999999805e+00 2.209999999999999964e+00 1.600000000000000089e+00
