8.699999999999999956e-01 2.740000000000000213e+00 1.850000000000000089e+00 2.629999999999999893e+00 1.350000000000000089e+00
8.982108487113948936e-01 2.745100214066502176e+00 1.864448958921657518e+00 2.615068615813072483e+00 1.346422297713717908e+00
9.260734501435077259e-01 2.747494937652906088e+00 1.872774641196352396e+00 2.596373304197291176e+00 1.340527171987635047e+00
9.463429059824186584e-01 2.725161705342240559e+00 1.878088139731954431e+00 2.577343851014002318e+00 1.331705385993704915e+00
9.664088753705967205e-01 2.700843195292288001e+00 1.863857013444560451e+00 2.560780946011811832e+00 1.328497334528243146e+00
9.924429309162323687e-01 2.706796435703115122e+00 1.882448462138594403e+00 2.550414492693585444e+00 1.327139801313932832e+00
1.012290006970586020e+00 2.719951394645708120e+00 1.909696078884072001e+00 2.547274328347906902e+00 1.326250240587240503e+00
1.032522589048794570e+00 2.730416122022300662e+00 1.937410382191865343e+00 2.544499673826394748e+00 1.326468976791427723e+00
1.054759527822249021e+00 2.736805673205598310e+00 1.963508874888161060e+00 2.537960630805965678e+00 1.328391997373994826e+00
1.078036359644014786e+00 2.739474422250813390e+00 1.986475210925638279e+00 2.525401700120804449e+00 1.331539953433874546e+00
1.100095687836665670e+00 2.737691277790464284e+00 2.008881798650637762e+00 2.509578674730504666e+00 1.334033297167313670e+00
1.117948983383252326e+00 2.732243709625641337e+00 2.035431716004543645e+00 2.495491354190255251e+00 1.333613712482337066e+00
1.130345982086710332e+00 2.727807302004950252e+00 2.066211699617266362e+00 2.486380209040312206e+00 1.329778881792663459e+00
1.143584907856660893e+00 2.723753474993344526e+00 2.097806306890469319e+00 2.484632499081833146e+00 1.325209901791472245e+00
1.162128267629700007e+00 2.714889715722212937e+00 2.126440744280826856e+00 2.488481763407394798e+00 1.323915077907756643e+00
1.184098921952638772e+00 2.700690839838402191e+00 2.151618968707411206e+00 2.490088266559840946e+00 1.325876009980054615e+00
1.205038856687697724e+00 2.682121795975773271e+00 2.174783987156375886e+00 2.482796933829741981e+00 1.328145945806317618e+00
1.220758007833844472e+00 2.653922515880594801e+00 2.193111992712005076e+00 2.469347925397409771e+00 1.330661006680480707e+00
1.232546206569137270e+00 2.617296448970957368e+00 2.205294511024872506e+00 2.455833672856967631e+00 1.333086433714624208e+00
1.245223986915822589e+00 2.578493266516292959e+00 2.214801428022951324e+00 2.443686623241147604e+00 1.334406132724178740e+00
1.260991061381282030e+00 2.540431496723763338e+00 2.223654160706525218e+00 2.433520471672868446e+00 1.335970758668837410e+00
1.279990319215629224e+00 2.503756187326735105e+00 2.227982368227262810e+00 2.427154255388384030e+00 1.341282832717690887e+00
1.301785836041154942e+00 2.484654249655856795e+00 2.234999996608352912e+00 2.410658258090023764e+00 1.349140772935683907e+00
1.298674360744260570e+00 2.472788189331917685e+00 2.231740150578317206e+00 2.378720707151958713e+00 1.347787290265027860e+00
1.286048835411723656e+00 2.447362729791348279e+00 2.216274106067588345e+00 2.358742935776356298e+00 1.354277530385627371e+00
1.271689784040161530e+00 2.425639523076968285e+00 2.201810830086357473e+00 2.339325193860279484e+00 1.363878737847102673e+00
1.255328541273153631e+00 2.411643959768583034e+00 2.188221164121132212e+00 2.320253776235898791e+00 1.376343928739576228e+00
1.237724118223659575e+00 2.407867780745918562e+00 2.175362023877683626e+00 2.302885609422005597e+00 1.391477016254476062e+00
1.222057647205679887e+00 2.403054732401374682e+00 2.159874480193772150e+00 2.286904159917050094e+00 1.406718492077314364e+00
1.218270051766639162e+00 2.382268351910862503e+00 2.141432653647259876e+00 2.271282397522713659e+00 1.420415447609827853e+00
1.220316925461732538e+00 2.362324883222421512e+00 2.136821555697262731e+00 2.256598249166983816e+00 1.439642093491659613e+00
1.213937382819151312e+00 2.341201348574212471e+00 2.149224648061358156e+00 2.251605378724129469e+00 1.459032097294565844e+00
1.215164487126130233e+00 2.324671703230656306e+00 2.161979643441513055e+00 2.247864456283377166e+00 1.480073442272085149e+00
1.224845237185839375e+00 2.318161654774984815e+00 2.169851191335165019e+00 2.239490462887750777e+00 1.502129736372828983e+00
1.235876113649638341e+00 2.314028406539982097e+00 2.176563534293173952e+00 2.230053832832579186e+00 1.524025139139995932e+00
1.247073397823705854e+00 2.308656963601137146e+00 2.182682403285719719e+00 2.221409658770260531e+00 1.546049596334645670e+00
1.256484971071870849e+00 2.303269960975097064e+00 2.187300812579640485e+00 2.213514001989826507e+00 1.568769713763232154e+00
1.260377926052573372e+00 2.314402998524915045e+00 2.184240814486090532e+00 2.211194830644330978e+00 1.592182872191852505e+00
1.276321193546255950e+00 2.284630826589929331e+00 2.168239673521439315e+00 2.217048428784957448e+00 1.594031658830867393e+00
1.290153688818057809e+00 2.251261088320481552e+00 2.175020154437459663e+00 2.215716400772337114e+00 1.607447912809149226e+00
1.299309330599070167e+00 2.206399691867811708e+00 2.171878609362060786e+00 2.215226465561480396e+00 1.609485585921186512e+00
1.300000000000000044e+00 2.169999999999999929e+00 2.154999999999999805e+00 2.209999999999999964e+00 1.600000000000000089e+00
