8.699999999999999956e-01 2.740000000000000213e+00 1.850000000000000089e+00 2.629999999999999893e+00 1.350000000000000089e+00
9.029905911407543062e-01 2.760760595369709414e+00 1.843296587243544504e+00 2.621670592829005830e+00 1.342574629863954927e+00
9.302990061124917220e-01 2.759641036614286946e+00 1.850021946091055636e+00 2.598389602114859809e+00 1.335516685133083525e+00
9.452820091290736748e-01 2.750701715378072620e+00 1.849870638867444628e+00 2.565419960843894120e+00 1.336965928106425672e+00
9.530680317547285396e-01 2.719075326236452650e+00 1.848677065069509240e+00 2.536866760699915790e+00 1.333777426843126390e+00
9.787468138209612922e-01 2.701053316848930130e+00 1.867572359545500937e+00 2.522841011893438790e+00 1.330217093541782747e+00
1.007519058374203746e+00 2.703800933371878656e+00 1.893457320179172898e+00 2.519495152997027088e+00 1.329036357637065624e+00
1.030760178593270293e+00 2.720812254319327383e+00 1.922180161373741258e+00 2.521746784235869399e+00 1.328286404362658768e+00
1.047297256671410937e+00 2.732433878742188682e+00 1.955108943732038140e+00 2.529442466289841374e+00 1.331403433427950977e+00
1.063823309217326596e+00 2.719727902888546378e+00 1.987617698473101324e+00 2.528310812094054505e+00 1.337480666270922436e+00
1.084283361724486916e+00 2.703672451412170386e+00 2.015523749928819441e+00 2.515642183201332038e+00 1.338479708153546444e+00
1.105325826721585525e+00 2.707568844349463877e+00 2.045039652062597302e+00 2.504633137724899594e+00 1.333893779257931733e+00
1.120933101993369263e+00 2.729728373964780186e+00 2.075144608191634266e+00 2.503060171023217428e+00 1.326619836786346873e+00
1.136374917819600316e+00 2.730459709026220594e+00 2.103288312998902398e+00 2.486420560953810810e+00 1.320212051505036843e+00
1.152182712197028280e+00 2.702043006182118123e+00 2.112376314834738089e+00 2.459989851731474442e+00 1.321799486834705828e+00
1.173892752647915483e+00 2.679355583101701299e+00 2.129275637369700824e+00 2.438709875629105461e+00 1.323049033015156528e+00
1.196731818912382561e+00 2.653550840387558729e+00 2.146870546160603244e+00 2.420999868022914114e+00 1.325492255769439520e+00
1.217591082735730579e+00 2.610282384134915645e+00 2.158479589600235560e+00 2.419894592065321426e+00 1.326096545503507418e+00
1.230533923252963735e+00 2.573166664674294779e+00 2.172533413661266621e+00 2.439781493707178672e+00 1.327683595946903772e+00
1.238939203215712936e+00 2.555898595814552809e+00 2.202564028035795651e+00 2.452609733144718973e+00 1.337471648619214193e+00
1.252295083002075593e+00 2.509398618624572919e+00 2.205682993857124075e+00 2.442685957215516623e+00 1.344780608640262498e+00
1.268727236528786051e+00 2.465458963317562535e+00 2.199706646488202466e+00 2.431721162255561008e+00 1.353002697655654618e+00
1.286637061149290773e+00 2.424993575028043136e+00 2.201803607706543708e+00 2.421567561740212593e+00 1.365002214015202053e+00
1.304677018566900770e+00 2.389968926059349297e+00 2.216195521443586003e+00 2.413949144097486954e+00 1.378017343605174805e+00
1.297423398183205068e+00 2.416595074654527942e+00 2.218758304054473829e+00 2.384275071136131796e+00 1.379059012542497520e+00
1.281240631505091709e+00 2.436172521176471761e+00 2.206706924365450018e+00 2.356634464877699564e+00 1.383382801786467553e+00
1.264824381897999173e+00 2.446182903781704443e+00 2.196776793474404688e+00 2.328528483629208168e+00 1.393850269407450826e+00
1.247396148830379969e+00 2.454013602716396569e+00 2.187140571883570583e+00 2.302757454537537551e+00 1.407222224160273205e+00
1.230490206649714091e+00 2.461952687717570587e+00 2.177048937629100234e+00 2.280619618235573132e+00 1.423901224518601571e+00
1.223226480814694872e+00 2.475540860444518820e+00 2.173278908361753636e+00 2.263393061086103053e+00 1.445986516209054384e+00
1.233839358727962798e+00 2.502516667194205624e+00 2.174018324428701021e+00 2.261694649151031467e+00 1.469127264933788979e+00
1.246904600595615920e+00 2.528233042858072821e+00 2.168690113768248828e+00 2.265359626498526513e+00 1.491402294204193346e+00
1.255724854436611970e+00 2.540914639758763638e+00 2.161389034514697549e+00 2.261073174763238658e+00 1.517119524621156623e+00
1.261842097132229945e+00 2.533436832427434560e+00 2.155537060949346273e+00 2.255844077330071862e+00 1.543550823230637636e+00
1.266493360024386838e+00 2.500875881642647958e+00 2.150470272361337809e+00 2.255234459085441401e+00 1.565486601683038215e+00
1.272301083934127774e+00 2.455020413706678450e+00 2.148107321079824050e+00 2.257571558084984442e+00 1.580650368112511472e+00
1.278154325552757431e+00 2.405892130622476976e+00 2.148603679826701640e+00 2.256107420727870849e+00 1.592953454418300829e+00
1.276581951261319237e+00 2.355229893888232340e+00 2.145798999933055562e+00 2.250482959821820561e+00 1.603477663966329736e+00
1.276058284991510083e+00 2.308990831316048986e+00 2.143986903198920491e+00 2.245312950368442806e+00 1.618015935360998636e+00
1.279758569741891838e+00 2.258692295738136124e+00 2.148490304375887838e+00 2.231514256858965872e+00 1.618903797375326192e+00
1.288484437737752009e+00 2.217888467210026970e+00 2.162513593567971792e+00 2.219491025412710261e+00 1.607495263764638249e+00
1.300000000000000044e+00 2.169999999999999929e+00 2.154999999999999805e+00 2.209999999999999964e+00 1.600000000000000089e+00
