8.699999999999999956e-01 2.740000000000000213e+00 1.850000000000000089e+00 2.629999999999999893e+00 1.350000000000000089e+00
9.040299539835843223e-01 2.757101811601490482e+00 1.853513885938431915e+00 2.602242210044156678e+00 1.344477306062782596e+00
9.356602926496200290e-01 2.741777995109476063e+00 1.858196990991792363e+00 2.570111837030424340e+00 1.339837369649660603e+00
9.565620633423915775e-01 2.747924659267352521e+00 1.889413633317906793e+00 2.552687018462272750e+00 1.332165774061060182e+00
9.799945693417553283e-01 2.722051318465566805e+00 1.908532894438099703e+00 2.525259962120582458e+00 1.337565855494661893e+00
1.007847821589922033e+00 2.737655672028286968e+00 1.938617244201382261e+00 2.527439329385486211e+00 1.336531411674879211e+00
1.035676622196404439e+00 2.748779308261787957e+00 1.969698088642565459e+00 2.529541583736866883e+00 1.335649706502668455e+00
1.062578849302630690e+00 2.749799058634407434e+00 2.002410693848427403e+00 2.531136538578623085e+00 1.335177260570260982e+00
1.086327402705398626e+00 2.735689423628351769e+00 2.035769624445589177e+00 2.531653167721448217e+00 1.335330217032009825e+00
1.103981748427873555e+00 2.712226245836033112e+00 2.069661395683878080e+00 2.526920851018829239e+00 1.333754685314652466e+00
1.117787798881395567e+00 2.689656891737967737e+00 2.103491375683687714e+00 2.516089212035123701e+00 1.327354081529418917e+00
1.133501528744877085e+00 2.666802285049341137e+00 2.137781374350947949e+00 2.507330279911084592e+00 1.324312858277976179e+00
1.158081171180974644e+00 2.640604369317222755e+00 2.165190204354543901e+00 2.501498088263432784e+00 1.329338203815369379e+00
1.190249314588197826e+00 2.616803872675646403e+00 2.185747276906986336e+00 2.498034026154739795e+00 1.336150194607487185e+00
1.224651872046015555e+00 2.600735836075461105e+00 2.207875528470906623e+00 2.490544641928259306e+00 1.337606031029645148e+00
1.254732729248117629e+00 2.578555142565632341e+00 2.226222776733568054e+00 2.468498559495804656e+00 1.335604958375452123e+00
1.268545702176499645e+00 2.534682413857972438e+00 2.216715461063532899e+00 2.464383199378433975e+00 1.350159051272988187e+00
1.282335132825275448e+00 2.487659810898741330e+00 2.216655069491400454e+00 2.453866384733444761e+00 1.364799696920266925e+00
1.295889537982960027e+00 2.478131093241421112e+00 2.250410097461264858e+00 2.435049586324086413e+00 1.361896320327281362e+00
1.312450570661155336e+00 2.437231365794461091e+00 2.259820424726789678e+00 2.407750382674223921e+00 1.358994349825671355e+00
1.314576938719237864e+00 2.389064486872569670e+00 2.241040037530622531e+00 2.396890653965610962e+00 1.368181095779089196e+00
1.305488109757836801e+00 2.349086954844528119e+00 2.218697074634940147e+00 2.395292094042747344e+00 1.381608886390132573e+00
1.288680123878875206e+00 2.323607955961755067e+00 2.200661640236227345e+00 2.365256583352339348e+00 1.392972684655118032e+00
1.273821690434812304e+00 2.319790079843275343e+00 2.184930700401291226e+00 2.322933558370844143e+00 1.401847351316171775e+00
1.259823382985933993e+00 2.320905350263135158e+00 2.168536884755926764e+00 2.280270905397934200e+00 1.410399749122041468e+00
1.247214091488831667e+00 2.320870810473269596e+00 2.150492433329017850e+00 2.237703926702144575e+00 1.418208374342304845e+00
1.236792159028250682e+00 2.302541077610424036e+00 2.138415600156870156e+00 2.202904000046993716e+00 1.434654253952460934e+00
1.230936295871994268e+00 2.292012707240274505e+00 2.137982482995553823e+00 2.197590875395761589e+00 1.464000847874846301e+00
1.222256617742098594e+00 2.296584656939307578e+00 2.145001195782787473e+00 2.189782924847931245e+00 1.492781104830988692e+00
1.217909262299881723e+00 2.293626350334203590e+00 2.159539949574769579e+00 2.169977810107040828e+00 1.518467806313628765e+00
1.210624202446832998e+00 2.281657182741960277e+00 2.164120685619467910e+00 2.133813169146374644e+00 1.538678724641237450e+00
1.201307861231594609e+00 2.278691180474783806e+00 2.164916863344562792e+00 2.111016824823431115e+00 1.564568465409957643e+00
1.200877381709060998e+00 2.297529939455363213e+00 2.180109425265408518e+00 2.132563177309849678e+00 1.587996268305157610e+00
1.200847312601785788e+00 2.316780555627846461e+00 2.194340583295423031e+00 2.154894260031422704e+00 1.611417620056372790e+00
1.216114270564640609e+00 2.326962429714150016e+00 2.173449280306149589e+00 2.186271542949174140e+00 1.622843242104216710e+00
1.222533920025294929e+00 2.296429049712210624e+00 2.154877383365533916e+00 2.183164845336268201e+00 1.601413012130404656e+00
1.239606247011727724e+00 2.247295467916323286e+00 2.154455261737915350e+00 2.181738686862698895e+00 1.589510057675190380e+00
1.269296817063487959e+00 2.206381394817982233e+00 2.153211851857891102e+00 2.194870409893760144e+00 1.592742832832902522e+00
1.300000000000000044e+00 2.169999999999999929e+00 2.154999999999999805e+00 2.209999999999999964e+00 1.600000000000000089e+00
