8.699999999999999956e-01 2.740000000000000213e+00 1.850000000000000089e+00 2.629999999999999893e+00 1.350000000000000089e+00
9.024722004720060475e-01 2.765032702604602655e+00 1.867488491283896490e+00 2.617992813628400750e+00 1.348262329489143374e+00
9.366044802211841436e-01 2.773547961790593153e+00 1.885422830712805808e+00 2.601268124719716912e+00 1.349180115223227894e+00
9.643108652249484658e-01 2.744427479841706319e+00 1.872525639399085895e+00 2.590603221531111000e+00 1.349326380695841765e+00
9.557596713824008106e-01 2.709143172035981983e+00 1.855585935445585033e+00 2.577422646189828637e+00 1.348994216530818191e+00
9.732831735433186138e-01 2.722741960838122033e+00 1.891470181310069609e+00 2.567650523153645281e+00 1.350289869393489051e+00
9.957993508339180178e-01 2.735563442354461472e+00 1.924951577753201359e+00 2.562617229665224983e+00 1.344539692669475928e+00
1.021152747347460643e+00 2.731900125395513079e+00 1.956020561334046892e+00 2.552659985410851373e+00 1.337825516069096388e+00
1.055044858404220465e+00 2.726320617513762201e+00 1.965343491221816175e+00 2.530931231252046665e+00 1.335372506857785746e+00
1.087480562523574834e+00 2.748317757001141892e+00 1.982692732767969090e+00 2.520197933461479689e+00 1.334984043701429979e+00
1.113308865094237987e+00 2.762545944596767722e+00 2.013400104411462888e+00 2.514740454763531030e+00 1.332490252117176421e+00
1.134056802633160110e+00 2.760052702703372773e+00 2.048794180123196362e+00 2.508748607594843527e+00 1.328139607595591576e+00
1.151882858689629252e+00 2.747860675831054866e+00 2.084890680165504051e+00 2.502386006620271885e+00 1.323021057849800286e+00
1.165606510300956078e+00 2.718767096129797167e+00 2.117440625428487433e+00 2.497190354381193522e+00 1.317839804418960536e+00
1.165334672822422757e+00 2.687540868827046570e+00 2.107026325564979707e+00 2.505940019621959891e+00 1.327476442181539262e+00
1.186879323562554323e+00 2.714495618420236678e+00 2.137337417344331136e+00 2.504899109503633259e+00 1.333520312805715369e+00
1.215895706465991211e+00 2.694378833742696155e+00 2.163531613338608661e+00 2.503497240564307891e+00 1.330090894987170591e+00
1.241938176461962140e+00 2.673964327795603779e+00 2.189589100250298070e+00 2.502182673870481100e+00 1.318079045276467243e+00
1.259558480033886152e+00 2.664413584200783891e+00 2.221431691015152587e+00 2.501624474068917969e+00 1.302275998428830572e+00
1.270937883681791059e+00 2.620370476753830058e+00 2.235536978834013588e+00 2.498134296290594580e+00 1.297832227859880838e+00
1.289603218986655975e+00 2.597247098430235379e+00 2.225497374427086950e+00 2.494943985848612655e+00 1.321788828241185376e+00
1.291245397502737369e+00 2.550201727990994982e+00 2.227873484757866063e+00 2.467046787657037665e+00 1.327378508943272584e+00
1.302521670567912349e+00 2.502660211443445970e+00 2.239543258959686867e+00 2.444683241914620719e+00 1.330868846039585440e+00
1.309473633313201324e+00 2.455615597551524143e+00 2.217429476100191810e+00 2.430620994259836465e+00 1.334658782383767006e+00
1.304228706702219354e+00 2.418552033645332777e+00 2.213173752426390362e+00 2.404189283506914521e+00 1.351908702090468539e+00
1.298872921940778857e+00 2.395469850620637775e+00 2.225462614033093089e+00 2.384580939748226047e+00 1.378148151781200870e+00
1.300133947405159640e+00 2.368813373909733677e+00 2.236341446550146994e+00 2.353753548909882642e+00 1.395952496875230819e+00
1.299986796467999639e+00 2.362338663418255269e+00 2.230970272517908803e+00 2.310128422494317046e+00 1.397221257917860227e+00
1.291343374374650521e+00 2.377390459712521498e+00 2.212740395908832536e+00 2.273468986899553901e+00 1.402896375527549200e+00
1.278734833621566036e+00 2.386224381386327309e+00 2.190332548364028575e+00 2.241485292709152866e+00 1.413422369634674380e+00
1.265807887668491949e+00 2.356639224180352876e+00 2.164537415045512780e+00 2.223711096332443571e+00 1.419102335970527040e+00
1.246631082649465538e+00 2.323683538639293555e+00 2.147048124208421171e+00 2.223192215341157407e+00 1.437924594103294762e+00
1.229640019356903258e+00 2.318431458399295764e+00 2.144095290510757312e+00 2.222357580685970557e+00 1.469696508734228857e+00
1.218270486226990856e+00 2.322541352247627700e+00 2.145835445879829884e+00 2.218904897200875581e+00 1.503070871340039805e+00
1.211062359025823820e+00 2.336128989884316276e+00 2.149582685852637454e+00 2.213756974267205635e+00 1.536156430777977366e+00
1.206911064361898323e+00 2.322748341143255679e+00 2.155852893258142000e+00 2.196048638350068583e+00 1.564791415145938114e+00
1.220304432882271195e+00 2.292192688600046768e+00 2.172425351171752617e+00 2.175363547404041586e+00 1.577896431163902546e+00
1.250495202043133913e+00 2.302454277194507348e+00 2.185574860753778381e+00 2.170861166911384643e+00 1.596761738739553849e+00
1.282163489267557743e+00 2.295712643968982114e+00 2.178767498080572462e+00 2.174665581579505957e+00 1.615838758232640338e+00
1.301568460321147036e+00 2.249092791046166440e+00 2.177465728944928625e+00 2.181989295922911687e+00 1.628002610343968204e+00
1.297511099691462055e+00 2.196407359294950012e+00 2.160878001477307464e+00 2.187312027989112284e+00 1.625632559549576195e+00
1.300000000000000044e+00 2.169999999999999929e+00 2.154999999999999805e+00 2.209999999999999964e+00 1.600000000000000089e+00
