8.699999999999999956e-01 2.740000000000000213e+00 1.850000000000000089e+00 2.629999999999999893e+00 1.350000000000000089e+00
8.971659711152039085e-01 2.750570466092389310e+00 1.844950700080199235e+00 2.613523093992949242e+00 1.341084394821303594e+00
9.289271051303235049e-01 2.763179566560252098e+00 1.842523675681409401e+00 2.602587879140211058e+00 1.336540427114978780e+00
9.589925094487433688e-01 2.757103565906720455e+00 1.855533310857484519e+00 2.594224499884151935e+00 1.330441238363937462e+00
9.835653523300680323e-01 2.752991054210930155e+00 1.880313985325781090e+00 2.593018196053214819e+00 1.327141946224512647e+00
1.006461299397082954e+00 2.757412815304072229e+00 1.907202774578760529e+00 2.594238709385840114e+00 1.327587415141500138e+00
1.028971794056374067e+00 2.764881654895833485e+00 1.932134000696816400e+00 2.594792220395683024e+00 1.334593621221739523e+00
1.051915173237343293e+00 2.768989956955262066e+00 1.955201883718455935e+00 2.591311684833095264e+00 1.344048551254945156e+00
1.075551714649937818e+00 2.766115626630385016e+00 1.978433131074459395e+00 2.581140790423110953e+00 1.348032792526100199e+00
1.096211158666121621e+00 2.756150157929456501e+00 2.000437478420549642e+00 2.565472764082097346e+00 1.344567042344615437e+00
1.112896307528681294e+00 2.741683853252043335e+00 2.021338065241286230e+00 2.547035852528892086e+00 1.338014835983162953e+00
1.126743133772838190e+00 2.725894665549147611e+00 2.043317949222135166e+00 2.527893048552667832e+00 1.331539964081110528e+00
1.138085895269424608e+00 2.712809168115485559e+00 2.069527902889657156e+00 2.510902085589266974e+00 1.326235097304934385e+00
1.145348951533235571e+00 2.705904145192847832e+00 2.101612971159108056e+00 2.500610016322351470e+00 1.322924746921997352e+00
1.144325856238962436e+00 2.688957721023567782e+00 2.134182811525210610e+00 2.496250691013910838e+00 1.322834153267020474e+00
1.168303925040300895e+00 2.671537617867607128e+00 2.153777948408510223e+00 2.491217910032609062e+00 1.325076468088999038e+00
1.190347170116185183e+00 2.671853734243300860e+00 2.181133909343485389e+00 2.490159155023038640e+00 1.326527023966816543e+00
1.211219742955492951e+00 2.674308881907697000e+00 2.209708397029914284e+00 2.489218509661459411e+00 1.328585653564800628e+00
1.232388896752703911e+00 2.663697003803701779e+00 2.236682030780923647e+00 2.486968245995190507e+00 1.331399256514643747e+00
1.243656382815300443e+00 2.618274015714843639e+00 2.240475438118790130e+00 2.481954248037435029e+00 1.333251453171484524e+00
1.244118111712960051e+00 2.578088273252758800e+00 2.220798623851092835e+00 2.473122839845168563e+00 1.336174618780375356e+00
1.249959082539014332e+00 2.543094153248160794e+00 2.204805338394499437e+00 2.457563562601798424e+00 1.343860257484475129e+00
1.260508742903080792e+00 2.504375577899358163e+00 2.206004024101853034e+00 2.441546214233811352e+00 1.352779100883675811e+00
1.269032007386303729e+00 2.465654114559923116e+00 2.206533940312977116e+00 2.425123711163904350e+00 1.362318968742088465e+00
1.273837212209938841e+00 2.433993805635888741e+00 2.196675977975349081e+00 2.404837836174644750e+00 1.373011553424823727e+00
1.272773314682563717e+00 2.406368382436935072e+00 2.185769176780312240e+00 2.381577635180604613e+00 1.383223119732753137e+00
1.264697897654283087e+00 2.384593372320957361e+00 2.178172057917236337e+00 2.356447528778557565e+00 1.394357712669219040e+00
1.252355426698073426e+00 2.376941742900748888e+00 2.171766497046629496e+00 2.331445907045146537e+00 1.408137717260730781e+00
1.239928662970100515e+00 2.390063169287167444e+00 2.166016238081932332e+00 2.305536507767355747e+00 1.419969959902755763e+00
1.241765168539517461e+00 2.393430237425261620e+00 2.153908114873748225e+00 2.282410655157640189e+00 1.425424946389194591e+00
1.260900045185163521e+00 2.374924420297819250e+00 2.151608025956364578e+00 2.297589652131003746e+00 1.439188710668648064e+00
1.269179084148033043e+00 2.373424850324844293e+00 2.156211251671961815e+00 2.304761485751487982e+00 1.462390110885944505e+00
1.273215602459003559e+00 2.375189810623505426e+00 2.156414501679456919e+00 2.299540956681522808e+00 1.486943740910562362e+00
1.274971835009435894e+00 2.377145392845003702e+00 2.154094979047750158e+00 2.291046143947021996e+00 1.511122886793841102e+00
1.275552237653611032e+00 2.378946799455919248e+00 2.150462708859142591e+00 2.281425886419194082e+00 1.535033328216366177e+00
1.274533810216048391e+00 2.379382387196532278e+00 2.145309996564989774e+00 2.270510599068971569e+00 1.558364400713680542e+00
1.268731133930232069e+00 2.366988633501196926e+00 2.136472502526967965e+00 2.250051587800284025e+00 1.576024678301121806e+00
1.275969880906851595e+00 2.343556939174758824e+00 2.130205543351776143e+00 2.238202600077325410e+00 1.595202473803241983e+00
1.283751444851381152e+00 2.315127106304009530e+00 2.150436292954537532e+00 2.224742870563460873e+00 1.603358842461517941e+00
1.281752319751754188e+00 2.264491213125219282e+00 2.148621635449002643e+00 2.223953357837093581e+00 1.605963882415029520e+00
1.289347376471090101e+00 2.215262281647720766e+00 2.148578426380243211e+00 2.218194412674670435e+00 1.605085338037644860e+00
1.300000000000000044e+00 2.169999999999999929e+00 2.154999999999999805e+00 2.209999999999999964e+00 1.600000000000000089e+00
