8.699999999999999956e-01 2.740000000000000213e+00 1.850000000000000089e+00 2.629999999999999893e+00 1.350000000000000089e+00
9.003672289410251661e-01 2.749648304195636772e+00 1.844998932106930001e+00 2.618744936406220081e+00 1.342150001345304711e+00
9.319739488579482645e-01 2.754336210397773321e+00 1.853460183078210033e+00 2.606540648160390994e+00 1.340607634449940022e+00
9.600739373622944051e-01 2.747978451754581108e+00 1.870870337694756413e+00 2.597619689823867262e+00 1.339915416018583549e+00
9.830068680418168059e-01 2.734591333947007374e+00 1.892236787593043257e+00 2.586866261157565905e+00 1.339637510720592672e+00
1.000925375493395775e+00 2.718746010755824560e+00 1.910954483084455369e+00 2.565248767830873522e+00 1.341852457873685012e+00
1.020501584783795490e+00 2.697277314992999830e+00 1.923739269476565372e+00 2.542075836325528471e+00 1.342272449770500975e+00
1.041771316756167076e+00 2.673696288535251320e+00 1.938027820557500780e+00 2.524142510654354687e+00 1.340816946750891692e+00
1.062287954904795217e+00 2.651327191866691191e+00 1.956602931995478079e+00 2.510194899631344345e+00 1.339216271674830594e+00
1.080881624912562566e+00 2.629249248826994734e+00 1.977869372488402444e+00 2.499174767690877541e+00 1.335688767388822473e+00
1.096901394215233472e+00 2.614481263402354649e+00 2.002031181488737488e+00 2.492671473219616907e+00 1.327075773927538505e+00
1.109408506615307655e+00 2.625172767184957401e+00 2.027909078321740388e+00 2.493440862261774527e+00 1.317621090701457609e+00
1.122675324083847848e+00 2.646452349251065428e+00 2.054073901148918413e+00 2.498194052118173580e+00 1.316611694824940670e+00
1.141289779446050812e+00 2.654949334611040435e+00 2.079312369477321010e+00 2.501578266417990637e+00 1.322937193019667834e+00
1.164362147278827919e+00 2.655064316146280134e+00 2.102561392218681213e+00 2.502903758651906063e+00 1.329121711048714793e+00
1.189357473812445498e+00 2.652624770108298335e+00 2.125226534071805951e+00 2.503388769828430949e+00 1.331613879956958568e+00
1.213270625121540380e+00 2.643739928468120226e+00 2.148346281252854872e+00 2.502675992881991718e+00 1.330751405661878772e+00
1.232796179016150795e+00 2.623106505180871295e+00 2.171202272883702822e+00 2.499074347483011493e+00 1.328880711602872688e+00
1.245314415789836815e+00 2.590352165840283938e+00 2.191062937533988730e+00 2.492210699110139593e+00 1.330354346693258583e+00
1.246057828844230997e+00 2.556958790185788200e+00 2.196251022512874407e+00 2.469687059928355133e+00 1.336235592887383472e+00
1.237713446928294880e+00 2.569733500593709863e+00 2.188112683359777044e+00 2.439964495122090238e+00 1.345885113124642762e+00
1.233362303251263725e+00 2.576544557804720359e+00 2.187940243702498400e+00 2.415890735789307797e+00 1.364502242956732392e+00
1.233161448962585727e+00 2.580096041390926409e+00 2.193121607406534945e+00 2.392037439925032594e+00 1.383865581899730302e+00
1.236281018577423119e+00 2.576119756655450566e+00 2.202519958831478331e+00 2.360445280826254599e+00 1.396215227880666099e+00
1.244481459612491570e+00 2.575374508778080607e+00 2.208279975272103623e+00 2.327548306234314968e+00 1.407996690011895424e+00
1.245902323245090759e+00 2.564583290921533809e+00 2.212384714125282148e+00 2.311168314276066837e+00 1.428182781201119855e+00
1.252717711214385243e+00 2.538822638476841309e+00 2.220478397344228139e+00 2.288412861555664257e+00 1.439188669341350701e+00
1.261695528025855273e+00 2.508454790146128044e+00 2.217144368134309929e+00 2.266055990963967481e+00 1.450063203656407174e+00
1.269650102181123286e+00 2.479715864170655593e+00 2.206612488440368391e+00 2.247733258588560101e+00 1.463286221469109805e+00
1.276000976971280121e+00 2.457038898059684229e+00 2.193719925377233704e+00 2.234645492561952551e+00 1.480491921939680600e+00
1.280208906932109203e+00 2.442093000517860713e+00 2.178204708025424097e+00 2.226566947354057024e+00 1.500057339456745797e+00
1.282123343086732703e+00 2.424091765940131094e+00 2.158175743478431219e+00 2.217855830864762012e+00 1.516399866330333523e+00
1.281037199792676828e+00 2.393229127135741763e+00 2.140593154094227568e+00 2.200343552357380439e+00 1.520019147006516969e+00
1.282176833007520056e+00 2.364013020308054269e+00 2.145237822584588727e+00 2.180944673225100328e+00 1.508038844495802611e+00
1.287025163595490351e+00 2.326256346341073922e+00 2.162243219437284925e+00 2.182438648357587940e+00 1.503292203913127345e+00
1.286954333477600576e+00 2.297017176198604904e+00 2.164265062776180581e+00 2.197043666174276488e+00 1.518856178105651544e+00
1.282432006390227253e+00 2.272053168743776830e+00 2.159422840062062310e+00 2.213423079873283239e+00 1.536901319745375138e+00
1.281043944025222592e+00 2.239067926793783414e+00 2.150168196478038585e+00 2.212612383130549976e+00 1.525002854224106308e+00
1.289257759456047037e+00 2.202808094201498701e+00 2.141312401933964882e+00 2.195116277340676270e+00 1.529403498595324207e+00
1.293247686444332301e+00 2.190879985219366777e+00 2.144370729487820704e+00 2.196587570461730810e+00 1.553154387712962770e+00
1.296623843222166172e+00 2.180439992609683131e+00 2.149685364743910476e+00 2.203293785230865609e+00 1.576577193856481429e+00
1.300000000000000044e+00 2.169999999999999929e+00 2.154999999999999805e+00 2.209999999999999964e+00 1.600000000000000089e+00
