8.699999999999999956e-01 2.740000000000000213e+00 1.850000000000000089e+00 2.629999999999999893e+00 1.350000000000000089e+00
9.060348992724092110e-01 2.739455310464986582e+00 1.854657639347141895e+00 2.609310968562523758e+00 1.345893047616405491e+00
9.358857706156863410e-01 2.721288858762306972e+00 1.840754284085935000e+00 2.589867617884646034e+00 1.338682650579226641e+00
9.680679420814477520e-01 2.705783565321337569e+00 1.854374542600236264e+00 2.574971869347487896e+00 1.345515892825943860e+00
9.905886986994872911e-01 2.715472336172788381e+00 1.886686346028179306e+00 2.565606347633150097e+00 1.350320562230592270e+00
1.012644488555605404e+00 2.728305202490096448e+00 1.918311997371706434e+00 2.551018770636065636e+00 1.352160883805896274e+00
1.034139135689227329e+00 2.732405650837849365e+00 1.953337999656075352e+00 2.542288170037145800e+00 1.350584066053823751e+00
1.058980592445873281e+00 2.721880785012868564e+00 1.984462560456742297e+00 2.536404711567479708e+00 1.345304789544608193e+00
1.086495850984358746e+00 2.706191728542085340e+00 2.009305965033196806e+00 2.521498737013212033e+00 1.341834925552916724e+00
1.109760843751200321e+00 2.694438778168705362e+00 2.039507226975184828e+00 2.505419637850238690e+00 1.341905094921874708e+00
1.126531518770839346e+00 2.672700537920947639e+00 2.073314769804569746e+00 2.498453036217472611e+00 1.340603579792834621e+00
1.143349436559033760e+00 2.638984782060066259e+00 2.100139793965628332e+00 2.496052866607938014e+00 1.335260355427077217e+00
1.164648507738768934e+00 2.605022783590362323e+00 2.121971569819506520e+00 2.494272822413535096e+00 1.327512775995048910e+00
1.191260047362674213e+00 2.577970354981209855e+00 2.143503944011287299e+00 2.489460229717602946e+00 1.320507949360699929e+00
1.220003731289976745e+00 2.562900908792823618e+00 2.164761116666664265e+00 2.472014876793807048e+00 1.318587289806680607e+00
1.241971250071066679e+00 2.559430800332351374e+00 2.182048478039952499e+00 2.440242733358127136e+00 1.323101928390812976e+00
1.258351918273269865e+00 2.559716865329732194e+00 2.197079182636611616e+00 2.404257844803514566e+00 1.331477897778861275e+00
1.268412546239214622e+00 2.562895855065881801e+00 2.213078027628675226e+00 2.371477402041572979e+00 1.345492860911987165e+00
1.263489315444630279e+00 2.569596404472168860e+00 2.225860262180317850e+00 2.349968096426485964e+00 1.366589164887581198e+00
1.251203847365973010e+00 2.577407056788314943e+00 2.229082553779583087e+00 2.339980323323336275e+00 1.391209859142621852e+00
1.248641227522592434e+00 2.585127773457590816e+00 2.224039222512157021e+00 2.333521495932642242e+00 1.417312972016542494e+00
1.251634071028155937e+00 2.591927493777024694e+00 2.204658048536103365e+00 2.307736651917529969e+00 1.432696377587585390e+00
1.237160925710993231e+00 2.589865602545713852e+00 2.180094285533860532e+00 2.303508778457313166e+00 1.452612550341375375e+00
1.233927379100650645e+00 2.573820718204864466e+00 2.174206918986802961e+00 2.314670885137383394e+00 1.477475651205548690e+00
1.239904434391809529e+00 2.556425446491900288e+00 2.172326873002029313e+00 2.315913896425377594e+00 1.502992134910041688e+00
1.248541353634658346e+00 2.540609478752773764e+00 2.161948648341970536e+00 2.303100207184552328e+00 1.526316957255558382e+00
1.256688288257553632e+00 2.528250061770600521e+00 2.149462656621018208e+00 2.281533702148132559e+00 1.547447804542581684e+00
1.268488135925803117e+00 2.502176936037622923e+00 2.145997629349948532e+00 2.250760153027764332e+00 1.559925028934203040e+00
1.281392495808242993e+00 2.467789630867623707e+00 2.155897142346830275e+00 2.223076056623632279e+00 1.552077929626095809e+00
1.291330407116252132e+00 2.448719160008102413e+00 2.168031765124235566e+00 2.193103634733403418e+00 1.536930399495517685e+00
1.297280049809089286e+00 2.428511432143722892e+00 2.175376024859583257e+00 2.172636199349723629e+00 1.515628912715839549e+00
1.301279637285314372e+00 2.390904084630837367e+00 2.175109987495562613e+00 2.172384152170901750e+00 1.496166762533972738e+00
1.303234760984453899e+00 2.342996680399880738e+00 2.173080355901432004e+00 2.184519139246666963e+00 1.485526139092637088e+00
1.301796144531044641e+00 2.292024292948295461e+00 2.174140390970877856e+00 2.200535078292582991e+00 1.485556275589817732e+00
1.296633112989216130e+00 2.251866183770344421e+00 2.177691922036777417e+00 2.217236881175641994e+00 1.500096358631460403e+00
1.290749483256023566e+00 2.244689539310016801e+00 2.177465473022269116e+00 2.231118645057700522e+00 1.525080064192391394e+00
1.287007599901525801e+00 2.268078901833183281e+00 2.171693904315239010e+00 2.238807639299480012e+00 1.548546258504736706e+00
1.284294104922271140e+00 2.302899553783612330e+00 2.165557337940268834e+00 2.234641681948749792e+00 1.565204361047657367e+00
1.285513146489979608e+00 2.265078518313737632e+00 2.167290247807289738e+00 2.214851068794846611e+00 1.549874493099994810e+00
1.282740121768263464e+00 2.214608690502790633e+00 2.170841164326352324e+00 2.205251983403596849e+00 1.554733764048074285e+00
1.283851186419136869e+00 2.197349532740721312e+00 2.166783204477309877e+00 2.207282430037314835e+00 1.580353432012125303e+00
1.300000000000000044e+00 2.169999999999999929e+00 2.154999999999999805e+00 2.209999999999999964e+00 1.600000000000000089e+00
