8.699999999999999956e-01 2.740000000000000213e+00 1.850000000000000089e+00 2.629999999999999893e+00 1.350000000000000089e+00
9.191004214437644704e-01 2.724717435188653614e+00 1.848217674381001707e+00 2.579154031979728146e+00 1.315411754340074735e+00
9.672127225534750128e-01 2.738447406973255838e+00 1.898285454187303767e+00 2.571937374053182790e+00 1.303613011201638194e+00
9.979418056318016816e-01 2.761187759660316043e+00 1.955482155925764687e+00 2.588065056497138805e+00 1.306830375012624001e+00
1.063707279191781652e+00 2.736800876518888703e+00 1.982890955867337102e+00 2.564969412055217113e+00 1.325510584185296992e+00
1.123872258908142019e+00 2.702095237020130991e+00 2.019699446997480941e+00 2.543090559521520078e+00 1.333010601860362687e+00
1.162882225267222847e+00 2.703594272925388786e+00 2.076639600620871828e+00 2.538973723249371872e+00 1.340103840812737257e+00
1.196012383360451903e+00 2.713426962512175855e+00 2.134557115573223474e+00 2.530851793768475133e+00 1.351381045497099143e+00
1.240421682733700015e+00 2.691774745512791167e+00 2.186499645887362231e+00 2.515366439685107203e+00 1.353112841038543568e+00
1.279158417920507107e+00 2.621575137754398988e+00 2.190965918468617435e+00 2.491912890689561788e+00 1.323746365431446304e+00
1.287744398429085058e+00 2.574002673428214649e+00 2.149649408694449981e+00 2.449964530645876604e+00 1.306709091998121908e+00
1.288170852957894796e+00 2.528613567775338744e+00 2.108391162061243662e+00 2.400824950622527876e+00 1.318567391054219495e+00
1.276153574969616900e+00 2.483155887203048806e+00 2.092107632743250178e+00 2.345466310580406777e+00 1.287171236017354836e+00
1.261490609598665547e+00 2.445050802770963649e+00 2.085088542528608091e+00 2.295015330597788505e+00 1.242540979353115471e+00
1.293177012529461045e+00 2.393240483956746711e+00 2.124503413008891339e+00 2.279261725033373764e+00 1.234120894640337252e+00
1.311822534932205686e+00 2.353483001513920758e+00 2.085590003497872491e+00 2.253733015980644350e+00 1.272766638903098935e+00
1.348994944427630571e+00 2.353303145418288000e+00 2.083430397741329987e+00 2.236016135037665720e+00 1.330373075678044525e+00
1.352934584339583690e+00 2.304362661402620027e+00 2.106663968615423155e+00 2.228750604401059210e+00 1.383822802519198092e+00
1.324777345972821374e+00 2.263517102854225360e+00 2.142653014155704749e+00 2.228226289327121634e+00 1.426920746888261871e+00
1.319133800642113608e+00 2.232871455812687422e+00 2.161016272436560026e+00 2.194178607118340896e+00 1.480890303987051793e+00
1.314385100567842635e+00 2.199414364316013337e+00 2.158463684661510840e+00 2.178121898959786140e+00 1.542454051294851469e+00
1.300000000000000044e+00 2.169999999999999929e+00 2.154999999999999805e+00 2.209999999999999964e+00 1.600000000000000089e+00
