8.699999999999999956e-01 2.740000000000000213e+00 1.850000000000000089e+00 2.629999999999999893e+00 1.350000000000000089e+00
9.010275218734222769e-01 2.748852654911824622e+00 1.848118841627269138e+00 2.612531689085219266e+00 1.346873585010494700e+00
9.247512693602866207e-01 2.737953492539200617e+00 1.843324174420273742e+00 2.594041379686967019e+00 1.333663056620419951e+00
9.397954373818819818e-01 2.707755971295129793e+00 1.841871502550088024e+00 2.577717903851965975e+00 1.321227059803584236e+00
9.645230915257512194e-01 2.709093615019863677e+00 1.860726710812261819e+00 2.561090829598476226e+00 1.323541254040774273e+00
9.872936078178378150e-01 2.721119064594518022e+00 1.885804763246115012e+00 2.557966960373521559e+00 1.329392329861966315e+00
1.013944110246322028e+00 2.725196747775318062e+00 1.909101797462051664e+00 2.551896007331465821e+00 1.331973685331951041e+00
1.039836806792490798e+00 2.721766481979202457e+00 1.933660048958319777e+00 2.546858697327612830e+00 1.333155808569435941e+00
1.063391656423188003e+00 2.714696126128363751e+00 1.960001629350390351e+00 2.543032183647797151e+00 1.330883914785500055e+00
1.084748359960993058e+00 2.710245575832657128e+00 1.987782876192419224e+00 2.538027519843107704e+00 1.326654118412659011e+00
1.104075394812741306e+00 2.712074977093724915e+00 2.017130914176070267e+00 2.531591251370935769e+00 1.324027166654007770e+00
1.121962121558968350e+00 2.719594052027579423e+00 2.046648611113742966e+00 2.523835203093527380e+00 1.325378155331855323e+00
1.138038101383199052e+00 2.730134415128922853e+00 2.074633027972582866e+00 2.513263151014867081e+00 1.331544454407916023e+00
1.149899631363562102e+00 2.737722174582565060e+00 2.103552752683204741e+00 2.499495068149270693e+00 1.338332064766448060e+00
1.160262204765003524e+00 2.729600873478752021e+00 2.133788445801433564e+00 2.485527066435638144e+00 1.337794446751178867e+00
1.176300345263979752e+00 2.707446436212444851e+00 2.157954831866336409e+00 2.477984019326506360e+00 1.330634664461451955e+00
1.198790920770959501e+00 2.684263293779491022e+00 2.178479157679794387e+00 2.474381989679515392e+00 1.325281475866173508e+00
1.221396148461673548e+00 2.656856350212848827e+00 2.197175875872467987e+00 2.471390242065874432e+00 1.325496895402147324e+00
1.237562978789327861e+00 2.619745713432516609e+00 2.211315345738000371e+00 2.471752321934951979e+00 1.329822981706176410e+00
1.251240831104094120e+00 2.578054159154285152e+00 2.221030192099976652e+00 2.470237544595958123e+00 1.332543851467651974e+00
1.267376831794429837e+00 2.542101148926597887e+00 2.228883147186458302e+00 2.455580753258346238e+00 1.331188153006837016e+00
1.281737101307029558e+00 2.513561280450026025e+00 2.235475798127464664e+00 2.431792578961291085e+00 1.328169397033833077e+00
1.292332712097100877e+00 2.485126692936241888e+00 2.232187206832287885e+00 2.405312830060112539e+00 1.326315393576583679e+00
1.300394264748678586e+00 2.478362303046881099e+00 2.229240325208381890e+00 2.375378368349484681e+00 1.338092767698497498e+00
1.290875655019054769e+00 2.462414976136643840e+00 2.224630547458723129e+00 2.351407514468865312e+00 1.354104103645848989e+00
1.280508959454187856e+00 2.438615197348919850e+00 2.208597215016788073e+00 2.334916412723454737e+00 1.367725947383188867e+00
1.270782056345144850e+00 2.413622439901759176e+00 2.193341552740102784e+00 2.318341427608793026e+00 1.381368028445548291e+00
1.260832596261040051e+00 2.388693958662531536e+00 2.178737574162016966e+00 2.300872320663985615e+00 1.394750675163137776e+00
1.249528281281377717e+00 2.366618292517999045e+00 2.165030189288761342e+00 2.279673228118733519e+00 1.406646207771946600e+00
1.237030568118695495e+00 2.360118378717024346e+00 2.151992960246991604e+00 2.250290409056947105e+00 1.413510110187950364e+00
1.231538781706486230e+00 2.374979729495994452e+00 2.139857241491082362e+00 2.225709320761078747e+00 1.427122909622536406e+00
1.234500230629496986e+00 2.372922087196478014e+00 2.135553284300470089e+00 2.219730098959361797e+00 1.453225273774402027e+00
1.241338290336328143e+00 2.368806918024153330e+00 2.133654947702635418e+00 2.211892057581346549e+00 1.478754395269135991e+00
1.249449815749508641e+00 2.363459385627693532e+00 2.131760876844765118e+00 2.205139839211784469e+00 1.504182210249104035e+00
1.257443507879960620e+00 2.361035286166235370e+00 2.131501663049407025e+00 2.200312378976191585e+00 1.530046929896672125e+00
1.264507082610675015e+00 2.367591907036290522e+00 2.136761963046381219e+00 2.198425177573211542e+00 1.555712530655415815e+00
1.276736991810421218e+00 2.352839300661925481e+00 2.143675707800234420e+00 2.186800088254478247e+00 1.576417353258688703e+00
1.275711724914157630e+00 2.315374040921397203e+00 2.127510828463342385e+00 2.190357679913383482e+00 1.586747036915612696e+00
1.276113065641232502e+00 2.283870443311581511e+00 2.125353680244944421e+00 2.196883036485688834e+00 1.606023745941022485e+00
1.280968230881452952e+00 2.243735638859973847e+00 2.131804848795158414e+00 2.199145546384492000e+00 1.618591911298587371e+00
1.289810569528226258e+00 2.200385286417407382e+00 2.142039787631213166e+00 2.201478281607860410e+00 1.615278388899748396e+00
1.300000000000000044e+00 2.169999999999999929e+00 2.154999999999999805e+00 2.209999999999999964e+00 1.600000000000000089e+00
