8.699999999999999956e-01 2.740000000000000213e+00 1.850000000000000089e+00 2.629999999999999893e+00 1.350000000000000089e+00
8.902941501521608458e-01 2.747701675952997302e+00 1.866531798807504750e+00 2.603369264912152037e+00 1.348852854795371981e+00
9.121808341440394985e-01 2.762848835166326733e+00 1.881838802990735360e+00 2.578812187283998192e+00 1.348733593731261671e+00
9.345123393621671548e-01 2.770694620011765252e+00 1.905659708868800317e+00 2.563405674519792843e+00 1.345836550225044226e+00
9.594100330008350497e-01 2.765242838627206101e+00 1.930671915409668982e+00 2.555841436954703561e+00 1.342708171535559103e+00
9.910936470103489659e-01 2.752613348230536605e+00 1.946655248672499505e+00 2.547763363801285763e+00 1.341786503752346427e+00
1.022034575375412979e+00 2.740801589576291164e+00 1.964581810304828924e+00 2.541597052098131027e+00 1.338581534980261667e+00
1.047288240364695699e+00 2.739480058595165524e+00 1.989143031671844586e+00 2.534741957856848416e+00 1.333370880889928278e+00
1.070947014818233622e+00 2.751693123158190701e+00 2.012066476475280474e+00 2.522517073255210018e+00 1.328212095213817445e+00
1.095404181005242394e+00 2.770092595640059940e+00 2.032940357420410571e+00 2.510702906011034852e+00 1.323347210089696357e+00
1.121607963247878814e+00 2.775861305245847621e+00 2.057113750937975105e+00 2.506640719318196986e+00 1.319729982961556969e+00
1.143624077408222028e+00 2.750141498347967506e+00 2.079163463215736751e+00 2.506645477327433369e+00 1.320274110304682669e+00
1.158530327620215239e+00 2.706709629600122291e+00 2.092734475245480397e+00 2.502754583148783407e+00 1.325459451287023471e+00
1.176570055542658810e+00 2.667110805933793571e+00 2.106052673281569199e+00 2.491271232558507798e+00 1.324744596670627939e+00
1.196475330620792699e+00 2.635015909881374796e+00 2.120508457697001692e+00 2.476765279152991273e+00 1.317119787528082453e+00
1.214533911289117807e+00 2.594627705563870457e+00 2.129006547716727482e+00 2.462216774057221169e+00 1.313731836238348327e+00
1.229247714620983034e+00 2.552343794660023590e+00 2.127270565412576975e+00 2.449836767659479886e+00 1.324101217896143101e+00
1.245094746306121936e+00 2.518287234050285761e+00 2.129309328272877444e+00 2.440217350645925265e+00 1.342585204890248907e+00
1.263119399651681851e+00 2.490471257571401420e+00 2.144879113259468006e+00 2.432910068647998969e+00 1.358507088356708969e+00
1.279472650966224645e+00 2.466599898659769696e+00 2.168883280887206944e+00 2.426293452969757514e+00 1.368950761870261656e+00
1.292247763222167167e+00 2.443539938439783565e+00 2.195522584663482490e+00 2.414999856315661830e+00 1.374713471201340687e+00
1.295891453371622148e+00 2.420805322563543527e+00 2.213678523200652393e+00 2.387332682148412211e+00 1.376447776429637893e+00
1.282656085301797422e+00 2.412838927230376740e+00 2.204944794722936141e+00 2.353277549619277931e+00 1.377229578727141579e+00
1.269541601944975451e+00 2.407726341711812879e+00 2.204199035283333163e+00 2.317821208459708071e+00 1.382872135444774830e+00
1.259054776424467059e+00 2.407044009806377449e+00 2.209674425578417534e+00 2.282205656547457107e+00 1.389945046586406274e+00
1.246913440417007468e+00 2.408695444793309992e+00 2.206616680370589556e+00 2.245907574335321844e+00 1.392912330422458878e+00
1.230772751742046145e+00 2.430970434137370351e+00 2.194641778955789047e+00 2.217877884711428216e+00 1.391259087013766438e+00
1.218832811561306739e+00 2.470329637843417636e+00 2.188110970877254147e+00 2.223759889226095687e+00 1.406456532511037638e+00
1.227639347927836910e+00 2.472576888493827507e+00 2.187088405455765106e+00 2.242382333130422012e+00 1.432352784417839642e+00
1.243023637273747539e+00 2.467543453396116693e+00 2.185979994481921818e+00 2.252553991397744149e+00 1.459149955031182166e+00
1.258297067311590967e+00 2.467536583110496284e+00 2.185768310806495585e+00 2.255032243915001899e+00 1.487285382937792111e+00
1.271842555456993207e+00 2.471459360762568114e+00 2.184978543599044087e+00 2.254649147761946359e+00 1.515953921484495037e+00
1.281850758665312728e+00 2.479574801664525374e+00 2.179902168790647021e+00 2.256566145429497183e+00 1.544877048049388080e+00
1.283486129168796008e+00 2.483961166842906021e+00 2.166631819945923354e+00 2.263998672049962302e+00 1.572442909079480255e+00
1.277088499769007512e+00 2.464587794817584943e+00 2.148013218123756563e+00 2.267016203505044292e+00 1.594929163060315958e+00
1.270667576630841289e+00 2.423990974883069249e+00 2.135766185701275077e+00 2.257101895302539685e+00 1.608629932422531938e+00
1.269609138041611018e+00 2.377275939996365661e+00 2.134127084015261300e+00 2.239917537308698137e+00 1.614903778371743259e+00
1.274570072946594745e+00 2.350710136722316435e+00 2.145588591370094722e+00 2.222357060125650818e+00 1.596492406602118219e+00
1.279160553603064798e+00 2.320157145158697531e+00 2.151420315063704347e+00 2.213718331795590188e+00 1.574510600634064783e+00
1.283236932451896628e+00 2.269566055783446057e+00 2.149811215664762187e+00 2.206834329993431432e+00 1.583174563120449463e+00
1.289446125733607174e+00 2.219466220361035802e+00 2.150051172207157357e+00 2.204336840983197376e+00 1.593366396942215824e+00
1.300000000000000044e+00 2.169999999999999929e+00 2.154999999999999805e+00 2.209999999999999964e+00 1.600000000000000089e+00
