8.699999999999999956e-01 2.740000000000000213e+00 1.850000000000000089e+00 2.629999999999999893e+00 1.350000000000000089e+00
8.988216663989965216e-01 2.729776107391129081e+00 1.844050191771281044e+00 2.609415113425880950e+00 1.342456615325491986e+00
9.312851964226844803e-01 2.738084379103260080e+00 1.852498878870014520e+00 2.593637395073952856e+00 1.339100975900442636e+00
9.645946426281362118e-01 2.728448581815274387e+00 1.854991082924019041e+00 2.577913545825034181e+00 1.342763234507143855e+00
9.911488557265646371e-01 2.715358059114528100e+00 1.876702102794065130e+00 2.569836997785324151e+00 1.343759781255775998e+00
1.010996005201669545e+00 2.712714172655686262e+00 1.906043057933210161e+00 2.563189872200958064e+00 1.344865627051280432e+00
1.028070430027853588e+00 2.710680157803883272e+00 1.936862355299012073e+00 2.555425640203353055e+00 1.345592989276781060e+00
1.043123539462632143e+00 2.706106847000421922e+00 1.967460215191788819e+00 2.547428819071297035e+00 1.350795880665795146e+00
1.056751572125395944e+00 2.695979243257101476e+00 1.995370071581560323e+00 2.537979995623630636e+00 1.360434534533380591e+00
1.072128589860430692e+00 2.676042974412157438e+00 2.019611842850816963e+00 2.524365101808259126e+00 1.368131180837144356e+00
1.091773725606519641e+00 2.650988935060670570e+00 2.037260132456876871e+00 2.508075154057844536e+00 1.363751852622111072e+00
1.110647482154282217e+00 2.644485754303865566e+00 2.050954806056757729e+00 2.497317365662738098e+00 1.347036580000664507e+00
1.129650149860431219e+00 2.649359540947635594e+00 2.070350034998586164e+00 2.491718619965152648e+00 1.331197795509264870e+00
1.152202734637451931e+00 2.642723494473460555e+00 2.094575296122608066e+00 2.486545059033899552e+00 1.322877884896445089e+00
1.175724959416037940e+00 2.624449822771113272e+00 2.118283261769906556e+00 2.480773107651659704e+00 1.320128989925366980e+00
1.198739161414177579e+00 2.600334110058298620e+00 2.140424136074667416e+00 2.474283480847267125e+00 1.319997322262683292e+00
1.220389765262287929e+00 2.572924731808321486e+00 2.161696956682528370e+00 2.467762463225668057e+00 1.322549115364961558e+00
1.240772034844433547e+00 2.546459668673023202e+00 2.181561866123343574e+00 2.456652983429520543e+00 1.328448247813892813e+00
1.258386795690232818e+00 2.529705346486624151e+00 2.195849576363953837e+00 2.431708100974793396e+00 1.335477528644156253e+00
1.267307881662357527e+00 2.529510610745773214e+00 2.200461014806520232e+00 2.395110770124279753e+00 1.340238458326944659e+00
1.267559518436098376e+00 2.539338913539427978e+00 2.201269621566400048e+00 2.357783191394554390e+00 1.347506319950432241e+00
1.261577375012557845e+00 2.551768498279697095e+00 2.202027737814532315e+00 2.328024712411472130e+00 1.361901732286821654e+00
1.252190935374613234e+00 2.561521772148040110e+00 2.202440183158565379e+00 2.307735755577459358e+00 1.381623361053175403e+00
1.239942556918661509e+00 2.561043111493492841e+00 2.203137888183238413e+00 2.293159985447722704e+00 1.403086560987242715e+00
1.214673583769468435e+00 2.561679789899790727e+00 2.192782740981765510e+00 2.299706361433354829e+00 1.412715723497481646e+00
1.230904365899204267e+00 2.574792463673043930e+00 2.183493659488056515e+00 2.297313250344525493e+00 1.431093731657261170e+00
1.245536269677519625e+00 2.571009405964200134e+00 2.177038276565464336e+00 2.286262733285934878e+00 1.452150770420403081e+00
1.249795572685229672e+00 2.569307150036092224e+00 2.168470021616932364e+00 2.284238315518265949e+00 1.476019956528915822e+00
1.256725272891741518e+00 2.567013186823136284e+00 2.159503214842111163e+00 2.278781194324847270e+00 1.499319239838454720e+00
1.264617823860086698e+00 2.557257052426904931e+00 2.151360963339751020e+00 2.268829475300376153e+00 1.521443856520882765e+00
1.269441833343874393e+00 2.523966009598114901e+00 2.145094285272214130e+00 2.249871088872032576e+00 1.534418101383060895e+00
1.270648062498437536e+00 2.480050495439123814e+00 2.145047160861677238e+00 2.229827426017706671e+00 1.529131725403062747e+00
1.274618691792473113e+00 2.435878414329939456e+00 2.149976819322299448e+00 2.217786236699474944e+00 1.519045372687171325e+00
1.281495347402884732e+00 2.385665803478959290e+00 2.153739682351377471e+00 2.218582006505320781e+00 1.514059658252651097e+00
1.289801040124863185e+00 2.334469893992295653e+00 2.152670928970526365e+00 2.217194788102919922e+00 1.514382353851491558e+00
1.293841209541019222e+00 2.297702140522136283e+00 2.154247622505980786e+00 2.193168043358834751e+00 1.506852609941399246e+00
1.281478755283123050e+00 2.291760922598590877e+00 2.184386273172608917e+00 2.203569927186162403e+00 1.511988753303125765e+00
1.281634474669984813e+00 2.245872432531698770e+00 2.196098529828878210e+00 2.201620590810740019e+00 1.515934349688880634e+00
1.286206811726571031e+00 2.218589495479614815e+00 2.186643467216666359e+00 2.192951316732100420e+00 1.534959662996513874e+00
1.288506787453334024e+00 2.200698348176441499e+00 2.172467240228076246e+00 2.194169680595781546e+00 1.555992190175989220e+00
1.293056656684389516e+00 2.184443223674934931e+00 2.161802147865626633e+00 2.200274942064545769e+00 1.577855598056121300e+00
1.300000000000000044e+00 2.169999999999999929e+00 2.154999999999999805e+00 2.209999999999999964e+00 1.600000000000000089e+00
