8.699999999999999956e-01 2.740000000000000213e+00 1.850000000000000089e+00 2.629999999999999893e+00 1.350000000000000089e+00
9.241255358378621665e-01 2.751497944222266678e+00 1.847114700055902725e+00 2.609323273538160404e+00 1.345045632418098380e+00
9.767020795447296511e-01 2.748432217734389837e+00 1.855416704302311759e+00 2.585728171212663185e+00 1.337187001648495466e+00
1.020402599008423561e+00 2.741367086030344957e+00 1.889900938563296107e+00 2.570703311096427246e+00 1.331342714493420010e+00
1.062813632030197075e+00 2.756138696218615181e+00 1.925007979060203489e+00 2.584758391568971803e+00 1.336614123619787931e+00
1.098109283436693673e+00 2.761110093919953101e+00 1.970268086459684431e+00 2.576731217391281525e+00 1.338301513706084966e+00
1.130153540303121540e+00 2.761953451472686449e+00 2.016948912123351256e+00 2.561238281980356746e+00 1.338340369291658227e+00
1.154365113684752364e+00 2.768723433974765502e+00 2.067517293381568422e+00 2.546139746908918866e+00 1.332947139145428617e+00
1.178604741884635931e+00 2.776417069269915050e+00 2.118477287005880783e+00 2.533536958385308679e+00 1.326736421904464169e+00
1.205287462051682912e+00 2.759140206725544608e+00 2.165556487075691372e+00 2.516961693979454129e+00 1.319960896356195068e+00
1.236128516844055225e+00 2.713648135090755975e+00 2.196227634000532447e+00 2.500138095040245201e+00 1.308552465588821434e+00
1.254533813537663800e+00 2.680472178646680526e+00 2.243330108926112398e+00 2.490672901502342107e+00 1.316523179681794886e+00
1.274667276339294331e+00 2.612665877735075082e+00 2.259672405358866598e+00 2.471618361292907906e+00 1.326914493096061465e+00
1.282731008725102928e+00 2.547716447017975394e+00 2.248091483459842888e+00 2.449886898491344223e+00 1.348726901285705049e+00
1.284734511302056736e+00 2.481879731560137525e+00 2.221628064791949075e+00 2.425417209714899158e+00 1.357479952413076507e+00
1.284162909198978575e+00 2.416235686636123869e+00 2.196770380912065779e+00 2.399734021987506516e+00 1.368178775610623621e+00
1.290412980187017000e+00 2.359076404069177180e+00 2.163163730959744235e+00 2.380669267491452246e+00 1.383005545161411387e+00
1.291783530955666004e+00 2.338954998253469419e+00 2.156440280984545321e+00 2.319860507908990677e+00 1.373167738784306202e+00
1.292098631673508580e+00 2.326303180990727082e+00 2.155596648491436174e+00 2.256172342884661841e+00 1.362788267484939198e+00
1.291806468970867039e+00 2.332554041909051801e+00 2.163677849426222100e+00 2.203314922914755503e+00 1.388073033717419413e+00
1.280119399504415556e+00 2.368813036881348033e+00 2.147018110814721492e+00 2.183496930361691124e+00 1.423173521738687164e+00
1.255483285400979199e+00 2.397571804390528971e+00 2.118513853144453396e+00 2.175686874457013698e+00 1.453687196439308771e+00
1.229027187769346607e+00 2.416702442518957827e+00 2.099816343920492212e+00 2.159677782946861413e+00 1.488347625160801435e+00
1.203269507133496896e+00 2.406429382872838918e+00 2.094975492943663031e+00 2.159492352182903474e+00 1.527766491747738042e+00
1.203178097084540266e+00 2.345000124538593411e+00 2.118786404248861999e+00 2.186699932052798001e+00 1.543581573854215350e+00
1.201283230946800895e+00 2.290097243628050450e+00 2.123586947349219933e+00 2.189576171520212444e+00 1.577748051166202758e+00
1.213649695764912106e+00 2.255350092078422630e+00 2.118090127897756414e+00 2.201505925266123320e+00 1.615943518375457577e+00
1.252894556768431311e+00 2.199410657638551037e+00 2.135259586241025076e+00 2.206766377594066686e+00 1.614546753342177565e+00
1.300000000000000044e+00 2.169999999999999929e+00 2.154999999999999805e+00 2.209999999999999964e+00 1.600000000000000089e+00
