8.699999999999999956e-01 2.740000000000000213e+00 1.850000000000000089e+00 2.629999999999999893e+00 1.350000000000000089e+00
9.224655801814161116e-01 2.743414857959943554e+00 1.857171802636008673e+00 2.603429394634251270e+00 1.341940069252813394e+00
9.779571423093061933e-01 2.748382856620005477e+00 1.868299690108843336e+00 2.584370783469504218e+00 1.338976026212896020e+00
1.023258583073223926e+00 2.749133779595488658e+00 1.904113491928601798e+00 2.573642917374258321e+00 1.336838057726662532e+00
1.058331438224022980e+00 2.759056214931814743e+00 1.949735849246312380e+00 2.568279827595102649e+00 1.340077165252289593e+00
1.091135090782462402e+00 2.763633624557074953e+00 1.996642661190001444e+00 2.556551857628069691e+00 1.339623486218442183e+00
1.123427619121489140e+00 2.764635150923915763e+00 2.043108977556416406e+00 2.541564719738599987e+00 1.336900576317373579e+00
1.155641702797439496e+00 2.764962870875827150e+00 2.089442607109036398e+00 2.526008560347264620e+00 1.333759534388678114e+00
1.181468532538281879e+00 2.761426748773162299e+00 2.140892204053972403e+00 2.521413562895409299e+00 1.336438962822697585e+00
1.224104496457464109e+00 2.729859710652668081e+00 2.169377386286662102e+00 2.505900270633144800e+00 1.340415969685355924e+00
1.255997512277758021e+00 2.694826549984800312e+00 2.208082060596274765e+00 2.504357849750168619e+00 1.328264192264322352e+00
1.279775392325601224e+00 2.656941119214030866e+00 2.249661299810636450e+00 2.489548592768440205e+00 1.317019615092106521e+00
1.285320802685902875e+00 2.585484766073872898e+00 2.243022630436439346e+00 2.459691430701434367e+00 1.327179540851701534e+00
1.283056322053741205e+00 2.519912327884355818e+00 2.221723121797567924e+00 2.434346251049554599e+00 1.341612042423586448e+00
1.280817497073086120e+00 2.454252150696837553e+00 2.200546787470270882e+00 2.409498891850530011e+00 1.356229792284241897e+00
1.283820006181720430e+00 2.381366242350012374e+00 2.191022318256050205e+00 2.393303403314971600e+00 1.373513757317100792e+00
1.286499820658088433e+00 2.325593898492393841e+00 2.196589087105757176e+00 2.347972493233493996e+00 1.380364311116574649e+00
1.289748015880714416e+00 2.316289300783640925e+00 2.183563244148407634e+00 2.290407724203156192e+00 1.365555474220020216e+00
1.291086720600371329e+00 2.315753094757098118e+00 2.161526124162806539e+00 2.232485295225274058e+00 1.361987812145033949e+00
1.283742460496617888e+00 2.336619726953634402e+00 2.148823945140557523e+00 2.193402268302682145e+00 1.390890141267988822e+00
1.271825333178877360e+00 2.361299839239694442e+00 2.143561789567194786e+00 2.187573105218366454e+00 1.429111835900127359e+00
1.248296920165056889e+00 2.382168775126822347e+00 2.132381472213460416e+00 2.186927074263242510e+00 1.464757884188238268e+00
1.219824421789307056e+00 2.398608473619685100e+00 2.117957488905648056e+00 2.176749373631744255e+00 1.497952737253097633e+00
1.203237661731216157e+00 2.409801943308408578e+00 2.111011166356187019e+00 2.176059815914670015e+00 1.536887355305025959e+00
1.206191741827070452e+00 2.397338339078650016e+00 2.123118163378667766e+00 2.185669534162645533e+00 1.576166382516036801e+00
1.200340477853377052e+00 2.332360873256065226e+00 2.138519582885278769e+00 2.181291239100514368e+00 1.599374496683129365e+00
1.209858701071309994e+00 2.252828045371926713e+00 2.124308629922343705e+00 2.187881299708523741e+00 1.592590358736265976e+00
1.251931364197527152e+00 2.197029146630475438e+00 2.139037289942729902e+00 2.189341042806375537e+00 1.588974659993344085e+00
1.300000000000000044e+00 2.169999999999999929e+00 2.154999999999999805e+00 2.209999999999999964e+00 1.600000000000000089e+00
