8.699999999999999956e-01 2.740000000000000213e+00 1.850000000000000089e+00 2.629999999999999893e+00 1.350000000000000089e+00
9.202313012072920184e-01 2.754119011007527096e+00 1.884874390423933788e+00 2.588408663069601268e+00 1.335394439901768315e+00
9.730611610686958901e-01 2.770735382538369151e+00 1.936266596010881580e+00 2.579766777969024538e+00 1.332535064189755536e+00
1.045238917412231849e+00 2.774690149376809689e+00 1.956153840179040149e+00 2.559372587709693114e+00 1.318439658112531720e+00
1.096607434108016310e+00 2.754450378812854261e+00 2.005571782606230702e+00 2.541537933893252443e+00 1.321887406496952355e+00
1.138196415375247739e+00 2.723831259786220205e+00 2.061081100839809555e+00 2.529349294297897899e+00 1.325225735135474148e+00
1.176043845748260264e+00 2.700643358747011114e+00 2.120387205602116687e+00 2.521699022500917486e+00 1.332439231188237816e+00
1.214509529604806959e+00 2.698814546304366235e+00 2.181475852036210306e+00 2.521540157783005220e+00 1.341317440029832664e+00
1.264881747940626022e+00 2.677437879837196277e+00 2.234339556493749601e+00 2.522941327135731271e+00 1.344047232717003437e+00
1.304440978098376114e+00 2.599665373099363297e+00 2.237836856577088973e+00 2.500419535174626784e+00 1.338056590596796047e+00
1.313122013958294643e+00 2.534367782037416639e+00 2.201092270398133266e+00 2.459377095338347807e+00 1.334018723602089507e+00
1.305746535481269621e+00 2.505115760701969840e+00 2.157965016090531929e+00 2.406347127110918471e+00 1.322089638489434726e+00
1.285498204355258078e+00 2.503044428388990106e+00 2.133774732160656384e+00 2.349819665843289940e+00 1.290843923249322511e+00
1.274974847868900474e+00 2.458426792459811328e+00 2.121539242951944182e+00 2.305424015015175687e+00 1.250993791230791796e+00
1.300731680484018327e+00 2.378520455609198780e+00 2.090431462246373329e+00 2.289182450767751842e+00 1.248992306896241855e+00
1.327587881248105450e+00 2.359433294034243733e+00 2.078187824002403872e+00 2.242799537692612422e+00 1.289881882824275072e+00
1.355054584115712224e+00 2.355738764351715808e+00 2.086968629721539958e+00 2.231734630170859823e+00 1.347280689891203753e+00
1.348271010670354375e+00 2.292792692042019631e+00 2.101643727466723455e+00 2.221326806285014221e+00 1.393885417913844682e+00
1.314537700697510081e+00 2.231725991148261645e+00 2.129513422523868105e+00 2.213571871934283841e+00 1.426960068972843665e+00
1.314203568027383362e+00 2.220233269943640231e+00 2.155456616678652626e+00 2.194739065187895299e+00 1.482393678426788597e+00
1.312646352025742091e+00 2.205233182468164355e+00 2.158624764033319376e+00 2.191498627546808020e+00 1.544107939572241017e+00
1.300000000000000044e+00 2.169999999999999929e+00 2.154999999999999805e+00 2.209999999999999964e+00 1.600000000000000089e+00
