8.699999999999999956e-01 2.740000000000000213e+00 1.850000000000000089e+00 2.629999999999999893e+00 1.350000000000000089e+00
8.930483394785915241e-01 2.740797464254317362e+00 1.869576438160891918e+00 2.618453159606671132e+00 1.343575933476116369e+00
9.160525217525570252e-01 2.741716412361455024e+00 1.889156703532795412e+00 2.606823273499002003e+00 1.337166339081443667e+00
9.376707682857016168e-01 2.746110309986346643e+00 1.908744398236828621e+00 2.592869960686699837e+00 1.331216953456862084e+00
9.432048398301885461e-01 2.773856247406047970e+00 1.923774317665443156e+00 2.569297204016660618e+00 1.331025544565915153e+00
9.514586613494688816e-01 2.808489939068863350e+00 1.942943530859011947e+00 2.576338007057835444e+00 1.340650258265518646e+00
9.740983189809819809e-01 2.837092221542265147e+00 1.961071477430925691e+00 2.575809915778670689e+00 1.343092775198825528e+00
1.001441787780405823e+00 2.858622700631953339e+00 1.976554374604823971e+00 2.575199962969831446e+00 1.347557626453031787e+00
1.031464130507135479e+00 2.835365596016567569e+00 1.985239832177212671e+00 2.574730920591970396e+00 1.352339263955991244e+00
1.049682000981814856e+00 2.798962415498043033e+00 1.999621847971562838e+00 2.566015592267620438e+00 1.345342309425161975e+00
1.063177331710106310e+00 2.766524972861381215e+00 2.003647500693486627e+00 2.543563537098652905e+00 1.336102047229572598e+00
1.082869660110010068e+00 2.746745644680503862e+00 2.014452514553297213e+00 2.521653384520810892e+00 1.330184846699808077e+00
1.102089511441686209e+00 2.741251364347918162e+00 2.036310946317149373e+00 2.508356642181654550e+00 1.328728333579666243e+00
1.115757354435740201e+00 2.741231541189820042e+00 2.063329250556821037e+00 2.501749376088576504e+00 1.330471230451631071e+00
1.130052251137501074e+00 2.730008785243665415e+00 2.090087993906784902e+00 2.498178643075176453e+00 1.330733265515521735e+00
1.154269824769036168e+00 2.692879150412180955e+00 2.096343926229053523e+00 2.495914600876181222e+00 1.328185515406719031e+00
1.180679750058532207e+00 2.664096734989681803e+00 2.105784763760439660e+00 2.502214195308743339e+00 1.334550360687322135e+00
1.200756808533796072e+00 2.648572860075721902e+00 2.126735467064630569e+00 2.508169517566368079e+00 1.342676796683502705e+00
1.216939130876177888e+00 2.615841701219026483e+00 2.143087182514127331e+00 2.495533474447166000e+00 1.343432725787929272e+00
1.223989489782553397e+00 2.582131899184692436e+00 2.139467239336425131e+00 2.468438260859409095e+00 1.338773548149211345e+00
1.235512157286805301e+00 2.554828370866612186e+00 2.135148838579747466e+00 2.440056183840980886e+00 1.338641939998052033e+00
1.255289264568392626e+00 2.530576607368391073e+00 2.144143258503385940e+00 2.419331547337127297e+00 1.346722390239732503e+00
1.273189389724288523e+00 2.510223237371441929e+00 2.162378634672875499e+00 2.407720353046530981e+00 1.357832977732914559e+00
1.285015597308126090e+00 2.483664550311697639e+00 2.180449829190263422e+00 2.393237096833764621e+00 1.369008118313503219e+00
1.284611893865914345e+00 2.452526682614737386e+00 2.179511258461699352e+00 2.364440270771800190e+00 1.373154160751673736e+00
1.277423642114019486e+00 2.449520831057276471e+00 2.172037879555889894e+00 2.332210679795118313e+00 1.376943978852109174e+00
1.266227444921615986e+00 2.459766513440921010e+00 2.167930352551974416e+00 2.302265300921412461e+00 1.385660907645353657e+00
1.252781599928397771e+00 2.467185717650262955e+00 2.170680138910555002e+00 2.277831348404355971e+00 1.400977300138182002e+00
1.248940888291172779e+00 2.470751511353175278e+00 2.181622487004374111e+00 2.264340625941138274e+00 1.423872679237174976e+00
1.254926774329601757e+00 2.470306216284327228e+00 2.187226097096038657e+00 2.256835779102132733e+00 1.449858175282172645e+00
1.261513593275832790e+00 2.465205897582680716e+00 2.184251187280154216e+00 2.248866861547901941e+00 1.476046224847507471e+00
1.266089159000597375e+00 2.459316148672529234e+00 2.177344090147895095e+00 2.241740149183745423e+00 1.501984563923063565e+00
1.268587499195759083e+00 2.450982787207782287e+00 2.165091937050537041e+00 2.235155834351567172e+00 1.526304801518559850e+00
1.268767852005633801e+00 2.419519189191830844e+00 2.150410107781171476e+00 2.229614488302816611e+00 1.545202799206300881e+00
1.270407062433917655e+00 2.367277010812417704e+00 2.150961017702607947e+00 2.228046412232330020e+00 1.559324357336937750e+00
1.271232402598618361e+00 2.321108632353410250e+00 2.154062835894825056e+00 2.228679270703262549e+00 1.577121737170190441e+00
1.276657129559580328e+00 2.296393811170907018e+00 2.152007198534787946e+00 2.241589619271584066e+00 1.599419010024444532e+00
1.282755522036623352e+00 2.322040493122118576e+00 2.134285447044477646e+00 2.257305180794701549e+00 1.611525024823126984e+00
1.286620351510928018e+00 2.303415539731009876e+00 2.114936750369505791e+00 2.246357382390138824e+00 1.624217253847425102e+00
1.291472993622319043e+00 2.256435085568976984e+00 2.123746833100873310e+00 2.228475314828785248e+00 1.620508541039439976e+00
1.296326643422408109e+00 2.216203144278235726e+00 2.140720467901870094e+00 2.219483910098866364e+00 1.609404674930225543e+00
1.300000000000000044e+00 2.169999999999999929e+00 2.154999999999999805e+00 2.209999999999999964e+00 1.600000000000000089e+00
