8.699999999999999956e-01 2.740000000000000213e+00 1.850000000000000089e+00 2.629999999999999893e+00 1.350000000000000089e+00
9.127849625692261437e-01 2.729868158299740610e+00 1.873547190799348616e+00 2.591585171789867470e+00 1.339561013565232273e+00
9.404124163893169408e-01 2.762928794252279996e+00 1.912274491373177732e+00 2.560633885702304546e+00 1.339818197345884698e+00
9.598703097105791837e-01 2.766983118700357291e+00 1.894643933140866876e+00 2.549784453628036296e+00 1.342221544552784973e+00
9.750859203898918359e-01 2.752945196222506663e+00 1.894665947394096772e+00 2.552962965542461049e+00 1.341406626761883381e+00
1.011641430151592136e+00 2.724146497469492445e+00 1.924301232021313091e+00 2.560481427790720410e+00 1.340277966139968857e+00
1.046360926845923078e+00 2.693679778954441328e+00 1.977315701097677625e+00 2.559654756290677291e+00 1.347070553455918862e+00
1.064246542452309097e+00 2.648664078496922869e+00 1.979248105305818850e+00 2.548648460198108090e+00 1.350666452683184415e+00
1.077141638838098103e+00 2.642305951030361921e+00 1.999013762394907578e+00 2.538804327756757129e+00 1.346236396158396520e+00
1.085423049477067803e+00 2.641606846689822596e+00 2.015249940208217794e+00 2.533047269497438858e+00 1.342421430279908234e+00
1.104315019720326863e+00 2.640911279499271735e+00 2.052702357782577369e+00 2.521520778868781676e+00 1.333720614151862716e+00
1.149894882468252000e+00 2.653186145215177483e+00 2.144731654052040248e+00 2.502378539363090848e+00 1.316762604958988669e+00
1.158700238306141772e+00 2.664640167069594945e+00 2.158882498291936347e+00 2.501613318302320366e+00 1.318473662330463370e+00
1.171112303221389705e+00 2.672364700536724147e+00 2.173720085394300838e+00 2.499206105547403745e+00 1.320639741764575215e+00
1.215189420908223017e+00 2.670828808009187316e+00 2.214263400033174012e+00 2.486061517260444997e+00 1.326982029759388171e+00
1.236042894753453192e+00 2.649194115438510799e+00 2.227303707385333453e+00 2.474725922964139180e+00 1.329953355174284813e+00
1.286339748009260653e+00 2.579882724141473904e+00 2.258925009025313013e+00 2.441165540671649925e+00 1.340552525218028146e+00
1.290373218656938548e+00 2.554776777746778915e+00 2.258345420693546046e+00 2.434224207116848948e+00 1.345371857289214157e+00
1.292028149903301948e+00 2.541713156503458304e+00 2.256714849315749394e+00 2.430962000714004034e+00 1.347532121213990131e+00
1.298087306396342511e+00 2.491893424908262933e+00 2.249447652189242586e+00 2.418080933006436783e+00 1.355209040953917254e+00
1.302429503560011970e+00 2.426044594931170639e+00 2.233015415367992862e+00 2.397873053304567570e+00 1.364002890121599254e+00
1.297184469591102118e+00 2.402095478782585225e+00 2.221182139511164166e+00 2.384772847601909440e+00 1.370347665740046628e+00
1.293139931755969751e+00 2.389475733214166731e+00 2.214065724279290048e+00 2.371597880121866897e+00 1.374595038721458939e+00
1.275747227019069507e+00 2.339214093208442868e+00 2.185825239475105874e+00 2.304154314075771648e+00 1.392602745779660811e+00
1.271835875254294201e+00 2.330663258853195696e+00 2.182253134139096495e+00 2.283366731073869893e+00 1.396556200885002541e+00
1.254617340802947068e+00 2.298958121882692662e+00 2.172798611786348921e+00 2.188645205726573284e+00 1.415404961840824871e+00
1.246888673369431544e+00 2.291744784611491781e+00 2.166710564680435880e+00 2.176320529043409113e+00 1.418781641168870733e+00
1.236966813307455171e+00 2.284858102972456173e+00 2.160071116316702788e+00 2.167900406754301290e+00 1.430620148855155760e+00
1.232415679895110250e+00 2.289491350544830883e+00 2.158773222569503769e+00 2.158426498057794074e+00 1.447373603933340469e+00
1.228229329131610426e+00 2.295254584829510502e+00 2.156711913251631252e+00 2.149687993880800896e+00 1.464886515286079050e+00
1.211704404779713418e+00 2.312056983039162184e+00 2.143166194311438844e+00 2.108513635559214450e+00 1.551199335565572435e+00
1.210609957762922573e+00 2.312357705778591566e+00 2.146817831809499921e+00 2.110181177386224238e+00 1.560094900563830711e+00
1.211769572353702085e+00 2.309816931857569422e+00 2.164690556369096797e+00 2.126666196906681350e+00 1.569091157778937040e+00
1.213500417018922750e+00 2.303353649302481099e+00 2.171511675993003543e+00 2.135646918705873532e+00 1.576940690555906688e+00
1.216570318904867998e+00 2.286686163238321967e+00 2.176587695287423241e+00 2.147698971181886130e+00 1.592709735027283413e+00
1.222679175776876459e+00 2.222921955841408170e+00 2.185805268849622340e+00 2.177056755127219301e+00 1.635327152902873005e+00
1.224609898089036530e+00 2.168001631873186064e+00 2.169807184741855632e+00 2.192589107761484968e+00 1.636537813899448635e+00
1.248770283414134541e+00 2.178131437457011099e+00 2.154077910040056221e+00 2.197833037540189771e+00 1.610708193731738902e+00
1.300000000000000044e+00 2.169999999999999929e+00 2.154999999999999805e+00 2.209999999999999964e+00 1.600000000000000089e+00
