8.699999999999999956e-01 2.740000000000000213e+00 1.850000000000000089e+00 2.629999999999999893e+00 1.350000000000000089e+00
9.032106432997601964e-01 2.781971317973802371e+00 1.872033623807948910e+00 2.609608126427097829e+00 1.346363606567893667e+00
9.467440852606331392e-01 2.794283596767685118e+00 1.887679601361492709e+00 2.587856749346364449e+00 1.340191332440810790e+00
9.845654555017696596e-01 2.799604473822336459e+00 1.917075833762389214e+00 2.570398711659897639e+00 1.331490892438751183e+00
1.020369264196748560e+00 2.810075729529176058e+00 1.953126574117960867e+00 2.565381168224282415e+00 1.336495579314052273e+00
1.053343604983317583e+00 2.818038642728128540e+00 1.991638698363687121e+00 2.553988270028130447e+00 1.339026524940735596e+00
1.083194108363997765e+00 2.822024077781591700e+00 2.029694651709742281e+00 2.534736510301769830e+00 1.335165181135502532e+00
1.118565766680737372e+00 2.821592035147453714e+00 2.061644818135309531e+00 2.515237861680062359e+00 1.327788117272127533e+00
1.160774348986986393e+00 2.816216679897337372e+00 2.090732475308015648e+00 2.508839984216074459e+00 1.324760479681533987e+00
1.193324017506877555e+00 2.809502178351201529e+00 2.129707784160296491e+00 2.515713460741508811e+00 1.328827828794810761e+00
1.211715155165459468e+00 2.807197058740813933e+00 2.177759995059669773e+00 2.520556797124443804e+00 1.332923796246088699e+00
1.230193614626130305e+00 2.809106049812255534e+00 2.226430005261201384e+00 2.519022717647183551e+00 1.336327167803754712e+00
1.261681514370680546e+00 2.773314238547411215e+00 2.246945858422111364e+00 2.506292963112101813e+00 1.327305598676058240e+00
1.271077597227786793e+00 2.706926935573481963e+00 2.228011373949930984e+00 2.487506615620833195e+00 1.328973087969938627e+00
1.270504020731048511e+00 2.639109426947108261e+00 2.226644366066166114e+00 2.460279290976610689e+00 1.335945984836620193e+00
1.282480264612110954e+00 2.575367401634882647e+00 2.236972749085434309e+00 2.432994123065823189e+00 1.328721237772601427e+00
1.293112958400668200e+00 2.505309090955702533e+00 2.237018870380995228e+00 2.408599419788961082e+00 1.325444622258592497e+00
1.293702706951435077e+00 2.433293330394743048e+00 2.226216579120043004e+00 2.396239135504602658e+00 1.339234742471287820e+00
1.302548008333132445e+00 2.425125039217627787e+00 2.197642671441720541e+00 2.360767323422761077e+00 1.357069761923985984e+00
1.306685626779011233e+00 2.404319720806147753e+00 2.180438435074011583e+00 2.314089912934292670e+00 1.366500897162195471e+00
1.301938268940719512e+00 2.381953378026312684e+00 2.161949129225539945e+00 2.270537645729058251e+00 1.380883685258475824e+00
1.288182916067188710e+00 2.376516491897502803e+00 2.132291659959641095e+00 2.238151725857586261e+00 1.400460354879111025e+00
1.268137257424209352e+00 2.382854260358636900e+00 2.106247810604224391e+00 2.235207006681209752e+00 1.431898474206511729e+00
1.255525914127636034e+00 2.383404381617549639e+00 2.102463920310004397e+00 2.238020735487728619e+00 1.471546305773687724e+00
1.246876502841994361e+00 2.384270826614516281e+00 2.106454194636074195e+00 2.238439193424549778e+00 1.511998587682059636e+00
1.243235610679214176e+00 2.386163486001283474e+00 2.116776288571165399e+00 2.236714494831797406e+00 1.552182775644597168e+00
1.250775368745551841e+00 2.401505738709667881e+00 2.145418841270089860e+00 2.230304801635123013e+00 1.583953088679083132e+00
1.233157939531204894e+00 2.387518696763395010e+00 2.171124664449154196e+00 2.213201610168401778e+00 1.608089055135693446e+00
1.231259070196598637e+00 2.315302542849248191e+00 2.162046836837427044e+00 2.199136811463385577e+00 1.621646495291708234e+00
1.234569665398833838e+00 2.242520132458559079e+00 2.155275543264916216e+00 2.193343398732796157e+00 1.637040055310027942e+00
1.260990073215142004e+00 2.178262521130462037e+00 2.157948853707243764e+00 2.200859281057657935e+00 1.626117118121775729e+00
1.300000000000000044e+00 2.169999999999999929e+00 2.154999999999999805e+00 2.209999999999999964e+00 1.600000000000000089e+00
