8.699999999999999956e-01 2.740000000000000213e+00 1.850000000000000089e+00 2.629999999999999893e+00 1.350000000000000089e+00
9.059467924427413443e-01 2.769762343296910068e+00 1.890289682122604065e+00 2.599813066294383024e+00 1.330922018138191110e+00
9.613413148370778538e-01 2.752797747199959844e+00 1.922685352020155447e+00 2.574061900333761255e+00 1.317959320242855226e+00
1.011715167899592371e+00 2.734175569577359077e+00 1.965543369978374422e+00 2.557384411309102656e+00 1.316602015600003783e+00
1.059298525653609824e+00 2.717520810390752661e+00 2.011201158984215365e+00 2.542592564369130059e+00 1.319950854749074143e+00
1.108065407568370464e+00 2.704192501343487987e+00 2.056839995479311956e+00 2.529685828241641232e+00 1.323830390921610034e+00
1.159908855197242517e+00 2.690265341977041036e+00 2.099942602969228300e+00 2.519086677510880001e+00 1.331754274822777528e+00
1.201477738559097563e+00 2.659702733415156839e+00 2.146059861196730978e+00 2.508026030052075139e+00 1.341547543087494798e+00
1.239533527794144163e+00 2.638384656380818871e+00 2.196728042237784173e+00 2.494945295663468343e+00 1.343851693353976140e+00
1.276213692548557432e+00 2.592391956053730517e+00 2.215666889356276759e+00 2.455709811061526526e+00 1.326557626319361471e+00
1.296237397759689047e+00 2.528655851891669304e+00 2.195086623524980851e+00 2.408939738159790789e+00 1.324117457668383180e+00
1.303797708447471004e+00 2.472165937150785364e+00 2.160369132229226441e+00 2.366431489714243774e+00 1.315683988834758011e+00
1.301484829036435364e+00 2.427435855843762980e+00 2.120975221618460527e+00 2.330778113864037770e+00 1.292064768302577660e+00
1.303847211996283395e+00 2.394299549842157759e+00 2.091382306755320553e+00 2.289177404970724528e+00 1.257129069897701790e+00
1.343131163534450057e+00 2.386783286179779751e+00 2.077302098446802692e+00 2.243147053414858760e+00 1.278125590694713543e+00
1.332603117680125404e+00 2.333569618284639713e+00 2.097036190514196097e+00 2.227355688502270503e+00 1.322094273402659059e+00
1.312475375725952187e+00 2.296817964115604571e+00 2.129478860366207815e+00 2.222251495198067861e+00 1.364548334863008305e+00
1.300370110400660861e+00 2.285436001598732503e+00 2.143164338310352690e+00 2.196185835858249558e+00 1.417620907062433266e+00
1.297633154076001771e+00 2.288290450520053199e+00 2.132964191044431690e+00 2.161488498699370542e+00 1.469148285051566472e+00
1.284331021801797368e+00 2.284888914221366196e+00 2.130485316664824769e+00 2.179631018294580613e+00 1.526226621375869286e+00
1.258218097175084260e+00 2.274742680756343560e+00 2.103558413072969646e+00 2.195611642588822132e+00 1.574104123865090132e+00
1.260498178403660852e+00 2.204072035055558043e+00 2.109142398719455969e+00 2.199102677096092862e+00 1.612892271786322995e+00
1.300000000000000044e+00 2.169999999999999929e+00 2.154999999999999805e+00 2.209999999999999964e+00 1.600000000000000089e+00
