8.699999999999999956e-01 2.740000000000000213e+00 1.850000000000000089e+00 2.629999999999999893e+00 1.350000000000000089e+00
9.150326885852730907e-01 2.750117949701123443e+00 1.875539818757366195e+00 2.613610930390964704e+00 1.341082587903287715e+00
9.589786960076109867e-01 2.754010888731563522e+00 1.898739562531086555e+00 2.591068898252688602e+00 1.331834849561880585e+00
9.923869121360877621e-01 2.750186287281746633e+00 1.886517021740542255e+00 2.563852692915297382e+00 1.337675180522377882e+00
1.019333368386487138e+00 2.783465005519510704e+00 1.929354310390829941e+00 2.562627213517949976e+00 1.336104782256114065e+00
1.049924701140056094e+00 2.799474409445104506e+00 1.972897829476206732e+00 2.550682915972702691e+00 1.334606332620782654e+00
1.088791066506524352e+00 2.794469898452335510e+00 2.009508572458518216e+00 2.534328330179683508e+00 1.335542857557924679e+00
1.127458704108228904e+00 2.772929582595303977e+00 2.045476941008249394e+00 2.524041726198693159e+00 1.338400092729283397e+00
1.159856035153908449e+00 2.745548931410499272e+00 2.086737059565070052e+00 2.524729205738200921e+00 1.341858473163055177e+00
1.184275446277887056e+00 2.715236052353262153e+00 2.132200079922738301e+00 2.523136182442032194e+00 1.338352196288894236e+00
1.209567087994360968e+00 2.691760801255030700e+00 2.175011258861002883e+00 2.512205471144146607e+00 1.326158651915590792e+00
1.243062319852022313e+00 2.682838291979549261e+00 2.217837443767706418e+00 2.504895138541836541e+00 1.319341068622531754e+00
1.273514019550610943e+00 2.663328596974074092e+00 2.260791489156110057e+00 2.491917211097254725e+00 1.318746970727791012e+00
1.275302089488334900e+00 2.600967146970845079e+00 2.268052242635906435e+00 2.466039516442229296e+00 1.329923793309099045e+00
1.278626255217563124e+00 2.532441627018664487e+00 2.257281123147768298e+00 2.444890031117862073e+00 1.341931620980834738e+00
1.291439204920073358e+00 2.467107619191099666e+00 2.241759720353365015e+00 2.426942761599009124e+00 1.355122506300209917e+00
1.296892624817488127e+00 2.418598581638624179e+00 2.203317485530598585e+00 2.415189228730009408e+00 1.367869610806890623e+00
1.303032984758566881e+00 2.393870765257576583e+00 2.170186955406541607e+00 2.384851386600248535e+00 1.385401295039855096e+00
1.311860894580180847e+00 2.375297492394950361e+00 2.165853961105534964e+00 2.336357679173050705e+00 1.401555294409213337e+00
1.312670819496063235e+00 2.352851991313391178e+00 2.163779459758905954e+00 2.283108426163451998e+00 1.405705619175301901e+00
1.305390845474963424e+00 2.332981093394092209e+00 2.156461319405710508e+00 2.232297625928473472e+00 1.402174672607612305e+00
1.279101571664813530e+00 2.330128547789692472e+00 2.139107114462185599e+00 2.203033939024464427e+00 1.422650873097392132e+00
1.258256436608857554e+00 2.332056831554096377e+00 2.138961783631286195e+00 2.201817306164393973e+00 1.460559393286099406e+00
1.239687574384925162e+00 2.333223513158105611e+00 2.135985834578660203e+00 2.211756436500196710e+00 1.498614885673045904e+00
1.221750672764764456e+00 2.333824595601380114e+00 2.132157432696462074e+00 2.222028207907214448e+00 1.536731165373442343e+00
1.206665909883838372e+00 2.329139733902062304e+00 2.126839036766572377e+00 2.227986487722724451e+00 1.575360122863957990e+00
1.205077387210351736e+00 2.292140482527253997e+00 2.119785391152327669e+00 2.218905499467551223e+00 1.609816457756238606e+00
1.224233862607639445e+00 2.234395557189441828e+00 2.108165030395497297e+00 2.196024410683068417e+00 1.621101883995563986e+00
1.262679544754451655e+00 2.188361930373394326e+00 2.126301882751453487e+00 2.211053035821104906e+00 1.620249307284071349e+00
1.300000000000000044e+00 2.169999999999999929e+00 2.154999999999999805e+00 2.209999999999999964e+00 1.600000000000000089e+00
