8.699999999999999956e-01 2.740000000000000213e+00 1.850000000000000089e+00 2.629999999999999893e+00 1.350000000000000089e+00
8.945486377301683500e-01 2.731154402956094351e+00 1.864450158461461227e+00 2.611242326292576355e+00 1.337276213180745188e+00
9.250660742137395420e-01 2.722216942007964935e+00 1.861768450875481928e+00 2.590719504605966339e+00 1.331447499340015606e+00
9.448177731154706604e-01 2.760409823276450680e+00 1.870959910047129249e+00 2.576133258748213528e+00 1.334927100002979206e+00
9.464554881364597438e-01 2.758550192650649269e+00 1.907864695196693994e+00 2.567085261762756865e+00 1.331296577848173568e+00
9.766669595125553327e-01 2.743754912093703258e+00 1.927035659465383688e+00 2.561997504273334503e+00 1.337563720730577055e+00
1.009407229138296058e+00 2.736492980273118825e+00 1.943464905449374225e+00 2.558228549531216700e+00 1.345173564371484165e+00
1.043254979494416812e+00 2.726171433521339171e+00 1.956904316268847754e+00 2.551762863179575458e+00 1.351026329198028453e+00
1.072475808071517767e+00 2.711031751181991911e+00 1.976256288021843499e+00 2.541381524375930567e+00 1.347783743911169285e+00
1.096036633974732721e+00 2.698915394515150723e+00 2.002218706307888674e+00 2.532001012573601884e+00 1.340537706478742042e+00
1.118735820685300419e+00 2.691791475075719475e+00 2.031100023977239655e+00 2.524198834310518613e+00 1.335272451738986232e+00
1.142341339531887545e+00 2.691406688434661465e+00 2.060604884429049211e+00 2.517318924665437940e+00 1.334003127069298467e+00
1.165313490423087739e+00 2.704452144879968323e+00 2.089567160558137626e+00 2.513141010720234547e+00 1.335635062975752740e+00
1.183524898233087486e+00 2.732338114886523339e+00 2.117179831065304718e+00 2.513790677134577489e+00 1.336382603346783160e+00
1.197808728433412240e+00 2.748074209926850919e+00 2.150833655979207393e+00 2.512467621578322596e+00 1.336680153009827565e+00
1.209104245310955950e+00 2.721802885762953039e+00 2.179535821005943674e+00 2.501662085786417578e+00 1.339589352746506368e+00
1.221986407031519395e+00 2.682060721683164672e+00 2.197720061196232422e+00 2.487288005327805696e+00 1.342837362318348049e+00
1.234387949924894867e+00 2.639873381545266184e+00 2.212504424629921473e+00 2.471470425513968117e+00 1.345611515637636924e+00
1.244872283249710554e+00 2.598588010429134343e+00 2.229686339454747479e+00 2.455465533773277809e+00 1.348028617671542362e+00
1.259290600709881414e+00 2.560191424729759913e+00 2.248941345556354499e+00 2.441404925132971915e+00 1.348125040619442494e+00
1.280939112984518236e+00 2.526876465092332325e+00 2.265733408736750665e+00 2.429527837110099675e+00 1.343040941670100574e+00
1.302774561455423807e+00 2.491546510357657507e+00 2.277515392067082090e+00 2.416941063397712863e+00 1.335077520043952415e+00
1.305803779301236700e+00 2.456277196888043246e+00 2.256834194726009990e+00 2.416262573329693186e+00 1.335886197571623413e+00
1.293527509378264995e+00 2.470482527240905224e+00 2.243731680865635347e+00 2.386978733822572529e+00 1.333888452158155769e+00
1.280319124346876114e+00 2.468758276541285213e+00 2.240046227975218684e+00 2.358889189915638784e+00 1.347797789563099036e+00
1.266382075618150305e+00 2.452909144184205026e+00 2.226113527766727884e+00 2.343716790687376594e+00 1.368697799781674940e+00
1.253027312293833795e+00 2.434583079513739978e+00 2.209697949026017127e+00 2.331482068784886064e+00 1.389449909877745526e+00
1.240753616772524381e+00 2.414354768725731404e+00 2.193342313301246627e+00 2.316761907089843309e+00 1.408891854909844588e+00
1.231502071999964532e+00 2.391424312512701711e+00 2.178383250476417565e+00 2.294637968304231723e+00 1.424280540108655124e+00
1.225736066636020860e+00 2.377866533417830830e+00 2.170917899173765875e+00 2.264369618660424965e+00 1.435090534714488886e+00
1.226313530191734502e+00 2.396115883640526967e+00 2.185395978621067492e+00 2.237449632243749154e+00 1.447175743857891828e+00
1.234003862269681617e+00 2.403729794841932055e+00 2.193216035569067301e+00 2.228093255579052023e+00 1.474155869666738061e+00
1.241129666084371586e+00 2.401374336344348492e+00 2.192897895550944387e+00 2.225217209385279116e+00 1.503240792653671720e+00
1.247924634539654853e+00 2.397361573515589317e+00 2.191322150228556698e+00 2.223683075367785200e+00 1.532365364711409272e+00
1.254658605375196245e+00 2.393014072331997255e+00 2.189917599838345552e+00 2.222215392122594668e+00 1.561487775758299446e+00
1.260201839025345549e+00 2.386407188287286374e+00 2.191134496584749236e+00 2.220219827573926885e+00 1.590623290584034510e+00
1.266904703869916382e+00 2.374804963379135714e+00 2.191908641905129684e+00 2.209580753767002914e+00 1.617992061634390355e+00
1.266429263172491160e+00 2.350643308263363540e+00 2.163414533550659158e+00 2.208086003245418372e+00 1.605053211794953638e+00
1.266032871483696365e+00 2.302918208838870662e+00 2.159484366371317687e+00 2.205940471198690744e+00 1.620097505596452159e+00
1.280311094031205021e+00 2.258658636130350672e+00 2.167185681366963657e+00 2.205877600410816708e+00 1.631299668041521045e+00
1.291408282551322229e+00 2.213452968998520287e+00 2.162279781775068965e+00 2.208201854845163403e+00 1.616573226352274073e+00
1.300000000000000044e+00 2.169999999999999929e+00 2.154999999999999805e+00 2.209999999999999964e+00 1.600000000000000089e+00
