8.699999999999999956e-01 2.740000000000000213e+00 1.850000000000000089e+00 2.629999999999999893e+00 1.350000000000000089e+00
9.007810438887829951e-01 2.727538341489699647e+00 1.870995739752392417e+00 2.599857993336954554e+00 1.320574601727868558e+00
9.453670041355137776e-01 2.712425822846515011e+00 1.891961016362868175e+00 2.572590398009220181e+00 1.306009035548236996e+00
9.937593413571104151e-01 2.715672424216378555e+00 1.921749100621245709e+00 2.559218143390049605e+00 1.312315925389127225e+00
1.022303842586081313e+00 2.755213201285223512e+00 1.959107516291926476e+00 2.564941830742287987e+00 1.328629462733103672e+00
1.052279531339536334e+00 2.781803464985943997e+00 2.004195166332575884e+00 2.561722812680542027e+00 1.336086712645797592e+00
1.087498699717708295e+00 2.785603281747916604e+00 2.048273260718655120e+00 2.547764497062961819e+00 1.335994312826688901e+00
1.127000421781532591e+00 2.770051219802453168e+00 2.086800857581789792e+00 2.531440410503883243e+00 1.333155439838775269e+00
1.165657162597506735e+00 2.741327232775895517e+00 2.123199441292439982e+00 2.516778941917025669e+00 1.336566758112146314e+00
1.199256177875471563e+00 2.707568776255691478e+00 2.160939918658784986e+00 2.504609878077117990e+00 1.347787133639323454e+00
1.229217122229232295e+00 2.669238664377243886e+00 2.199738356725348787e+00 2.492757481930437891e+00 1.358869952227580225e+00
1.259018573885580139e+00 2.616733746160448071e+00 2.230529503109392575e+00 2.476001895211182191e+00 1.360712278088237248e+00
1.284930186605159896e+00 2.549906689802779347e+00 2.228458424412022687e+00 2.452941017091444298e+00 1.353409512900176415e+00
1.294283634712811271e+00 2.486090973465874043e+00 2.199736946837701268e+00 2.429160297569049831e+00 1.350562636810683337e+00
1.290904756768679107e+00 2.423664833902333005e+00 2.173515386175244757e+00 2.398156588932161437e+00 1.352891130514013440e+00
1.287689836483429717e+00 2.366140153250342770e+00 2.158168754140444179e+00 2.355498368781522522e+00 1.354774339626348301e+00
1.290884137441675295e+00 2.319177020370697839e+00 2.149648309321178896e+00 2.304403837444591208e+00 1.356697011353864557e+00
1.297895984954628323e+00 2.285307820056686534e+00 2.147517143074486601e+00 2.249355158766061624e+00 1.367532449574626163e+00
1.302460731569503372e+00 2.266224777623531583e+00 2.156691177909072721e+00 2.201203949188559772e+00 1.395309244809796789e+00
1.300243516369625985e+00 2.262921393311677853e+00 2.163826762651856583e+00 2.174271125119874082e+00 1.439397756876219958e+00
1.290249429213417676e+00 2.256727754439295630e+00 2.157328422111457922e+00 2.171227412134006496e+00 1.487891421257259372e+00
1.277519197694551911e+00 2.235949453434920020e+00 2.145610515809788232e+00 2.179861497653567071e+00 1.533490878419173420e+00
1.268548351604083635e+00 2.217450931772510181e+00 2.130993014975408162e+00 2.189654511348702925e+00 1.579339138063999615e+00
1.278924584025292965e+00 2.214998055436157465e+00 2.121853527672264761e+00 2.203580313433695981e+00 1.625043483309257963e+00
1.300000000000000044e+00 2.169999999999999929e+00 2.154999999999999805e+00 2.209999999999999964e+00 1.600000000000000089e+00
