8.699999999999999956e-01 2.740000000000000213e+00 1.850000000000000089e+00 2.629999999999999893e+00 1.350000000000000089e+00
9.068156119164973994e-01 2.736566061078442580e+00 1.851975048189449913e+00 2.610747532264058091e+00 1.343243079274708762e+00
9.417980079920916792e-01 2.737638150632838219e+00 1.868002989379724976e+00 2.593287470216731894e+00 1.338400971959988084e+00
9.719572779763108183e-01 2.733799331208978778e+00 1.896442203559171480e+00 2.582497320319871115e+00 1.336812221955818059e+00
9.996491895801296046e-01 2.713452892646103454e+00 1.923328687157425332e+00 2.572168546376664811e+00 1.334564226582580782e+00
1.031062705406510904e+00 2.731640573499661162e+00 1.946698101372686951e+00 2.568030139144950041e+00 1.333344869418367162e+00
1.058915890211821198e+00 2.736194962883467863e+00 1.973537960894393706e+00 2.551224049967215635e+00 1.328704054672470214e+00
1.077488024459740013e+00 2.721440414781381545e+00 2.004398689000800982e+00 2.530213993621192259e+00 1.327575670692192622e+00
1.092471005556841623e+00 2.706513261998306774e+00 2.038981182774290968e+00 2.511426652442200425e+00 1.327926736677060848e+00
1.109971601509301520e+00 2.705203992461903351e+00 2.077158269960666992e+00 2.500739897337600048e+00 1.328239551742718572e+00
1.134840060661846728e+00 2.695036866063866832e+00 2.110971363909283305e+00 2.496209666095729141e+00 1.330438937113156861e+00
1.161011249548925317e+00 2.669988074989984028e+00 2.138283409317994543e+00 2.489966805643347492e+00 1.331107535693900834e+00
1.187454980360256318e+00 2.654775484795316220e+00 2.169442186587570820e+00 2.484458890748856508e+00 1.328686879971840984e+00
1.214616004130375071e+00 2.649744609870991141e+00 2.202494241469823422e+00 2.483401392788948669e+00 1.325956660845717838e+00
1.244876986260038620e+00 2.651680857770640554e+00 2.231358029488052619e+00 2.492187414191232797e+00 1.324564607826706597e+00
1.258481785905181782e+00 2.613973981586373618e+00 2.237382997606453205e+00 2.480638621855127290e+00 1.318348024431357679e+00
1.261062939525144255e+00 2.561032009321595915e+00 2.238812118371732218e+00 2.468668886127806328e+00 1.322540306903042362e+00
1.269486739704099865e+00 2.509723098460463930e+00 2.242884304968477682e+00 2.462577183523321889e+00 1.332042653264035703e+00
1.283224948984164282e+00 2.460990646147632077e+00 2.244897029254576903e+00 2.453759836790832871e+00 1.341303429101194489e+00
1.298914020871273500e+00 2.415448904753191961e+00 2.240876856951821594e+00 2.436956052700333331e+00 1.347924954372535566e+00
1.310493318390467454e+00 2.374345048758101040e+00 2.234968312908480303e+00 2.413716019620107733e+00 1.356198212775105549e+00
1.317301915213756169e+00 2.340751569136646282e+00 2.246061655690910985e+00 2.387516690922492746e+00 1.367407555540421926e+00
1.321751387835990776e+00 2.321939372993110151e+00 2.277395616543652856e+00 2.361790230721255046e+00 1.364058001064453407e+00
1.323916044769905431e+00 2.320936848654357121e+00 2.302453577038538146e+00 2.347285133985189010e+00 1.364772728244262767e+00
1.316022187807144750e+00 2.340441154886001129e+00 2.280018071210994091e+00 2.343175148060436364e+00 1.385168003169108930e+00
1.310563827760232725e+00 2.342986321715771592e+00 2.249030547908949185e+00 2.316264742955033817e+00 1.394227461561381665e+00
1.307117636640221736e+00 2.338049634327031168e+00 2.221696114424625002e+00 2.282560893698034832e+00 1.397590835622668948e+00
1.300855615673793153e+00 2.336474083421003378e+00 2.195134087861802641e+00 2.249469942695802249e+00 1.402151319296463194e+00
1.285173616267688335e+00 2.345670274242637188e+00 2.171801125497225815e+00 2.221245202350986769e+00 1.413085036362316416e+00
1.267963460540425968e+00 2.343032386199212169e+00 2.156629632986110767e+00 2.195235253200340075e+00 1.430973593775437980e+00
1.253027288125052596e+00 2.321154401295010050e+00 2.151818907279478221e+00 2.175024367866417396e+00 1.452468150685735981e+00
1.237455915485854652e+00 2.293950206584584706e+00 2.154016335634454826e+00 2.164221564711057866e+00 1.475455180323790749e+00
1.221324925081994195e+00 2.271426115189385975e+00 2.158664122508204386e+00 2.160782889518621186e+00 1.500523762643195536e+00
1.206390881982807972e+00 2.265570647163381413e+00 2.160156680324727851e+00 2.161792861040898739e+00 1.528745812306735452e+00
1.199501971118100974e+00 2.293879137686636760e+00 2.158290234369365734e+00 2.163748961787847591e+00 1.554536462379626949e+00
1.206128413449000680e+00 2.329266863448787639e+00 2.163600860780758861e+00 2.166107269674700131e+00 1.577275478137866616e+00
1.211587119413925606e+00 2.309275076381372305e+00 2.154972264698740148e+00 2.171854197774049755e+00 1.604527957635621505e+00
1.213558283214764888e+00 2.269437022176645335e+00 2.145235519942959357e+00 2.181087285151562583e+00 1.623609536747283810e+00
1.244148927115684256e+00 2.243609591450497653e+00 2.157891746358960194e+00 2.198939266197452280e+00 1.621196902312951993e+00
1.272501696737801558e+00 2.207488074666206668e+00 2.156941313900565316e+00 2.204723519353266603e+00 1.610514560099178816e+00
1.300000000000000044e+00 2.169999999999999929e+00 2.154999999999999805e+00 2.209999999999999964e+00 1.600000000000000089e+00
