8.699999999999999956e-01 2.740000000000000213e+00 1.850000000000000089e+00 2.629999999999999893e+00 1.350000000000000089e+00
8.907671093994211642e-01 2.745069660783285848e+00 1.869477452064425060e+00 2.614333820469077363e+00 1.351788223191711102e+00
9.093086043316869205e-01 2.751339912196878679e+00 1.891779030063858391e+00 2.601447457510222439e+00 1.349647911111090615e+00
9.245199176932004104e-01 2.755446072709163197e+00 1.915463054418671263e+00 2.590227852988321811e+00 1.343119104640276396e+00
9.427739938152304155e-01 2.789969878918823198e+00 1.930488220498461693e+00 2.591512059939268475e+00 1.337860694807832207e+00
9.585470369780479949e-01 2.807889484619376042e+00 1.908658956402772056e+00 2.589877099611606504e+00 1.342474277992601106e+00
9.861749857019905807e-01 2.795096738195111286e+00 1.922463800889377961e+00 2.578795379757529815e+00 1.342581012461485201e+00
1.009384908434836747e+00 2.773855794334024072e+00 1.938025845928877056e+00 2.566565760988662959e+00 1.343166362478720899e+00
1.024512460934186020e+00 2.764186444350539507e+00 1.961102993718857324e+00 2.552923236831929898e+00 1.339081627457634704e+00
1.036177031176999996e+00 2.752103751541393528e+00 1.983394097134411949e+00 2.536341669137613053e+00 1.333653902613938014e+00
1.050862783260390287e+00 2.730455643357820428e+00 2.000009292773436975e+00 2.516637767841424012e+00 1.329409334996461078e+00
1.070016808070117120e+00 2.711326292033246599e+00 2.013794310782428099e+00 2.496412083426633455e+00 1.326137348344095912e+00
1.094884413207739993e+00 2.704919833083099245e+00 2.029863061035630523e+00 2.481460112936334284e+00 1.325541957218272060e+00
1.120280730098669464e+00 2.707347872676946654e+00 2.050114918926486229e+00 2.479760825879053332e+00 1.327918932867580004e+00
1.139314772489131489e+00 2.701043986829128496e+00 2.074723957798040530e+00 2.483806435947254698e+00 1.328157163114558337e+00
1.156503136765940409e+00 2.680170639543552280e+00 2.098196401744812256e+00 2.483264600301101410e+00 1.327619743314624623e+00
1.178823777797977979e+00 2.656413090723127368e+00 2.116614678060578125e+00 2.480771462066669653e+00 1.331411839969938171e+00
1.204024037857968743e+00 2.637895760354532992e+00 2.132365821496777780e+00 2.479314045707502689e+00 1.338815581706648716e+00
1.228907450298017734e+00 2.624134465594246013e+00 2.149273515871775064e+00 2.474857286630137931e+00 1.346457239669411221e+00
1.249176536069007692e+00 2.612892848467779583e+00 2.164861441000153874e+00 2.455953689748895385e+00 1.351055054068164729e+00
1.253057424495770844e+00 2.604802294160364351e+00 2.169915497750007471e+00 2.422980070033480704e+00 1.351941679217571135e+00
1.247260040744018639e+00 2.596568819848301679e+00 2.170124823991010921e+00 2.390159980299344067e+00 1.356130904115453450e+00
1.244952994437542593e+00 2.587790437444090319e+00 2.175539431995921813e+00 2.359489886984550644e+00 1.365186212267152976e+00
1.249030892235041490e+00 2.577588567539190745e+00 2.186076731489763336e+00 2.330168765888940285e+00 1.372758390860075783e+00
1.249588129734186204e+00 2.550491948515991592e+00 2.181889637767560508e+00 2.304133465962214355e+00 1.380424107782450394e+00
1.247140273176736702e+00 2.526923444347792369e+00 2.160696288681480670e+00 2.302343092796218293e+00 1.394050071963511384e+00
1.249711335670476098e+00 2.512059069254342969e+00 2.145212946480569371e+00 2.298477675020096811e+00 1.413934610361454070e+00
1.253938876318120954e+00 2.501928819561590966e+00 2.132991876091140604e+00 2.293008873319546392e+00 1.435577666373317962e+00
1.258188944670936005e+00 2.497170871375559376e+00 2.122816612867866493e+00 2.287708264541592484e+00 1.458317156897146472e+00
1.261909882857278120e+00 2.500518008984165430e+00 2.117326369186887991e+00 2.282273337694323612e+00 1.482211968557953785e+00
1.264612814995152767e+00 2.514041370834833256e+00 2.119314703464977523e+00 2.276567594491859303e+00 1.505759589705814472e+00
1.268649327670843485e+00 2.533625024100222500e+00 2.134958118596025578e+00 2.266860449567376978e+00 1.523202113941497959e+00
1.274071845664753289e+00 2.500765465859861258e+00 2.140252795683982523e+00 2.257896444658559432e+00 1.505968867494497321e+00
1.274890038918007784e+00 2.453903790384146966e+00 2.136378542262468372e+00 2.246731110129253750e+00 1.512459466474085135e+00
1.274931963654652334e+00 2.435212341938497449e+00 2.134984912859426043e+00 2.245474470707181425e+00 1.535612143727644430e+00
1.278500680709686588e+00 2.417752006244864749e+00 2.136441937172926853e+00 2.255276657789532901e+00 1.557820919791089054e+00
1.279565102466071691e+00 2.386822902582570904e+00 2.139611799091988953e+00 2.263976768561629882e+00 1.576647172537003705e+00
1.272369431826417596e+00 2.343601304942362518e+00 2.141562407402396673e+00 2.255744426346296461e+00 1.589695376727189746e+00
1.261953329237155863e+00 2.301139751501714237e+00 2.140396654275337873e+00 2.240077440441538226e+00 1.597710788030301643e+00
1.262755011580790621e+00 2.254411613960084715e+00 2.142605502224856906e+00 2.224900416839259432e+00 1.603995993878009729e+00
1.280062866375414998e+00 2.214386897143211463e+00 2.150189781893483865e+00 2.211616852072494588e+00 1.601224635945812214e+00
1.300000000000000044e+00 2.169999999999999929e+00 2.154999999999999805e+00 2.209999999999999964e+00 1.600000000000000089e+00
