8.699999999999999956e-01 2.740000000000000213e+00 1.850000000000000089e+00 2.629999999999999893e+00 1.350000000000000089e+00
8.970210508405170868e-01 2.746871302704316342e+00 1.838007172407703393e+00 2.598958105931303386e+00 1.352586137660605203e+00
9.312373076537038274e-01 2.743650721173336748e+00 1.853268344788096655e+00 2.579741125561401116e+00 1.350679646609986850e+00
9.534185614924882701e-01 2.758454642130277357e+00 1.883364364868737262e+00 2.572235325262106187e+00 1.351747783734272179e+00
9.853233798174569902e-01 2.752019260553692614e+00 1.904252882997346408e+00 2.560402769592449168e+00 1.345349379513730348e+00
1.016317748245997743e+00 2.738791515791142217e+00 1.928228291563956587e+00 2.553841992149062712e+00 1.343105469913337346e+00
1.042583966390006944e+00 2.733339399149389948e+00 1.957494939646976295e+00 2.549909335130517984e+00 1.341471403025275455e+00
1.064054578445263299e+00 2.735961694852392156e+00 1.989634784490026398e+00 2.545849274438918286e+00 1.338895052730096236e+00
1.082097453460519443e+00 2.736943641344056211e+00 2.022900005630657638e+00 2.539377848483236555e+00 1.334928884642862634e+00
1.098321529646582251e+00 2.726063963155967329e+00 2.055181481882345729e+00 2.529348538990532358e+00 1.329479613273857330e+00
1.116096599021983549e+00 2.701650861085954425e+00 2.083355556634573169e+00 2.517110291347424145e+00 1.323949031961462630e+00
1.138121762564677120e+00 2.669534717247086242e+00 2.106381216501077347e+00 2.504260039055583142e+00 1.320269639153185182e+00
1.163663823632418159e+00 2.636970039162726653e+00 2.126627854073027013e+00 2.490984236712544764e+00 1.319541364832125918e+00
1.189735148897512529e+00 2.606685718284631470e+00 2.146865382627897834e+00 2.476537041038369136e+00 1.321851693428564678e+00
1.213740067618796159e+00 2.575445872356322941e+00 2.166763386362962507e+00 2.460329974329184655e+00 1.326821475547204088e+00
1.234456949349607369e+00 2.538362024835680408e+00 2.183160845026555386e+00 2.442261331536656588e+00 1.334068108479738779e+00
1.251386534521401694e+00 2.495229105796157310e+00 2.193197111724044746e+00 2.422423851480974832e+00 1.343203766565012280e+00
1.264943106441720033e+00 2.450903391443842505e+00 2.197131975993654951e+00 2.399962119685994377e+00 1.353846492461804329e+00
1.276103945683058960e+00 2.411145012387761355e+00 2.197250341090925652e+00 2.373082691784249576e+00 1.365604091861499558e+00
1.285277616582728877e+00 2.379695136009392975e+00 2.195348692687733028e+00 2.341107378016026086e+00 1.377900544117487414e+00
1.292176004537107348e+00 2.356049490308596006e+00 2.192148556688182648e+00 2.305717752396388764e+00 1.390520222691227659e+00
1.296402469775928878e+00 2.335790561706130752e+00 2.188085023468918866e+00 2.270039092951857462e+00 1.404401294935878175e+00
1.297615389260461827e+00 2.314548209642250054e+00 2.183983720309834453e+00 2.237769132158225371e+00 1.421227985652925740e+00
1.295491669444261085e+00 2.291730541019657785e+00 2.180966778230494896e+00 2.212463201884601993e+00 1.442001243099224395e+00
1.289830863313215836e+00 2.270740171572660948e+00 2.179860050303162655e+00 2.195746688628361198e+00 1.466236880904271622e+00
1.279531760179696942e+00 2.258651611408710291e+00 2.181665149175031182e+00 2.187610565647871486e+00 1.492630961686825630e+00
1.259808198282095004e+00 2.278797495629428127e+00 2.192172052920215553e+00 2.195135031266056913e+00 1.510972499852152540e+00
1.260897410039492517e+00 2.295840332861085464e+00 2.195051351132185857e+00 2.203763888848208286e+00 1.489123519011193109e+00
1.250952003158319448e+00 2.283962562299223453e+00 2.178878737154180012e+00 2.195886284413731460e+00 1.469565176676853824e+00
1.242524348817196644e+00 2.264751872483686146e+00 2.181825947450349634e+00 2.189010831711855953e+00 1.495739947605547071e+00
1.238605804865261950e+00 2.244082997841794214e+00 2.182758964765238563e+00 2.182763014600056284e+00 1.522311629730830562e+00
1.235945857815734072e+00 2.227745865115352331e+00 2.183656693445169772e+00 2.178948173316223258e+00 1.549719594562398939e+00
1.229988678944210267e+00 2.229265259553492751e+00 2.186361131783309375e+00 2.181139346286007363e+00 1.577855152870422994e+00
1.244381334185330257e+00 2.250835031084168936e+00 2.180546136210049113e+00 2.197415911366401353e+00 1.599260822426064932e+00
1.274733783731839321e+00 2.213218722378471170e+00 2.167128808416131314e+00 2.199139984192139963e+00 1.595627026858837949e+00
1.300000000000000044e+00 2.169999999999999929e+00 2.154999999999999805e+00 2.209999999999999964e+00 1.600000000000000089e+00
