8.699999999999999956e-01 2.740000000000000213e+00 1.850000000000000089e+00 2.629999999999999893e+00 1.350000000000000089e+00
9.277819330894930827e-01 2.743186857093215636e+00 1.858093577105802474e+00 2.602116315011077319e+00 1.341543115016607723e+00
9.799464575810779010e-01 2.733393495089690983e+00 1.874473372632408541e+00 2.573600738175853664e+00 1.327624937273497396e+00
1.023689591963603540e+00 2.751652914555552165e+00 1.913786453475366800e+00 2.560029199792239751e+00 1.319952014622201020e+00
1.060075083452812539e+00 2.772234298343986048e+00 1.961310323584476656e+00 2.556601668341875744e+00 1.319728383639636515e+00
1.094081204688195585e+00 2.790760070919657831e+00 2.010610480982468307e+00 2.556319765585949089e+00 1.322311433789469914e+00
1.137465860292661723e+00 2.793692630980025182e+00 2.051133171582083303e+00 2.553988577727353437e+00 1.335343349481955100e+00
1.170574596937967948e+00 2.777489572994955136e+00 2.094282589764266067e+00 2.527021768017470471e+00 1.335174401998608928e+00
1.193423949769330861e+00 2.742315381048283651e+00 2.142704159415933951e+00 2.510933250516860671e+00 1.331172228899870191e+00
1.214105483849849287e+00 2.713591453502000483e+00 2.194601798924096236e+00 2.499757702331367071e+00 1.326371317524128735e+00
1.246960982694123921e+00 2.669991822638980494e+00 2.234353443744851120e+00 2.481307821288086135e+00 1.324735267041265985e+00
1.278894630745305516e+00 2.599490506711164883e+00 2.238909566170081078e+00 2.457113346776098606e+00 1.332662711941524192e+00
1.283422691400426752e+00 2.524158531786487636e+00 2.219054310281279641e+00 2.435033996882391083e+00 1.347687299780789827e+00
1.276343361868129245e+00 2.454848020353916915e+00 2.186907479893874129e+00 2.416250651003909677e+00 1.359150355600477589e+00
1.285219726414863706e+00 2.372866957020066891e+00 2.178582158284963377e+00 2.388639182099515867e+00 1.365004012311133552e+00
1.301432265302993052e+00 2.323367125054094373e+00 2.200390309297411306e+00 2.343746355897499356e+00 1.375452821737416231e+00
1.311428008348606511e+00 2.285135050641731613e+00 2.203613353289072929e+00 2.287245804019727657e+00 1.387536846897166942e+00
1.315523380361029115e+00 2.260152846289670947e+00 2.184186435250689229e+00 2.227855715695989947e+00 1.391394512583189247e+00
1.298013171400587806e+00 2.287195632780429033e+00 2.152026247857520058e+00 2.186936188846768658e+00 1.408321995943114358e+00
1.276937268324178421e+00 2.331009088477249858e+00 2.139467828666187454e+00 2.188993576372623373e+00 1.442957443547853824e+00
1.260010478483964524e+00 2.355904722034773524e+00 2.130598248728567956e+00 2.200985989651415231e+00 1.482021110515943096e+00
1.253415962336777545e+00 2.353090333089927100e+00 2.117003065110881543e+00 2.215562497079079041e+00 1.522895273154548423e+00
1.253057634452398261e+00 2.325891345332696147e+00 2.114016600315772543e+00 2.232392073882120798e+00 1.562842271080634005e+00
1.262542991884098020e+00 2.240338896547136915e+00 2.103009147290006098e+00 2.233853870233257322e+00 1.575404546732217304e+00
1.271047134731144057e+00 2.179487789973071798e+00 2.104198145152952115e+00 2.223321271922287234e+00 1.606424018168390644e+00
1.300000000000000044e+00 2.169999999999999929e+00 2.154999999999999805e+00 2.209999999999999964e+00 1.600000000000000089e+00
