8.699999999999999956e-01 2.740000000000000213e+00 1.850000000000000089e+00 2.629999999999999893e+00 1.350000000000000089e+00
9.042793764882757213e-01 2.761281917496066107e+00 1.856142548249423152e+00 2.604529626197209069e+00 1.343095711557864558e+00
9.370598462987751454e-01 2.769803764241482114e+00 1.858037730205255089e+00 2.572758277577103403e+00 1.339883644986706646e+00
9.659208932905701817e-01 2.748142919926204186e+00 1.883314847473514630e+00 2.557986858601748903e+00 1.337309246618060055e+00
9.870500152835488539e-01 2.740489867970208770e+00 1.918869791100941358e+00 2.556738900202684572e+00 1.336370861807486321e+00
1.006624068279636797e+00 2.745026686128526627e+00 1.955350624899511391e+00 2.556035374354207246e+00 1.336005172449685974e+00
1.025281452739486010e+00 2.746810832700084415e+00 1.992292413946687546e+00 2.556041456607482498e+00 1.336049801866393549e+00
1.044516575289166749e+00 2.729476123427932333e+00 2.024051593536951632e+00 2.549135533521620367e+00 1.324694089422549403e+00
1.070960937362990695e+00 2.714686980162990704e+00 2.042718680353785565e+00 2.523037892590545894e+00 1.315255682693728057e+00
1.101312522927949455e+00 2.712818223959089892e+00 2.065964122008961290e+00 2.502989090054863475e+00 1.320868288616261488e+00
1.133057856513678185e+00 2.714989376085303441e+00 2.091116606238655251e+00 2.488826558013350621e+00 1.328212573610833891e+00
1.164902310830809418e+00 2.725191024476076418e+00 2.118740130765295326e+00 2.483100939312154143e+00 1.333017129992462246e+00
1.197988217051497717e+00 2.739313128635904260e+00 2.145609528531727594e+00 2.486303391417119535e+00 1.333834167073914889e+00
1.236341728549074759e+00 2.728015612919717281e+00 2.165851584385870332e+00 2.487190420829591631e+00 1.329998928736640940e+00
1.259890367614976636e+00 2.678920732348507361e+00 2.179483698935031022e+00 2.472213410736203709e+00 1.326100083299495802e+00
1.271721610922916579e+00 2.617800541913411827e+00 2.192160957568308977e+00 2.455730904876004317e+00 1.328177557004692755e+00
1.276765394760505323e+00 2.551532677059642040e+00 2.190739108720606065e+00 2.440765502940799969e+00 1.335396821302561543e+00
1.281588356592052280e+00 2.490595233460715097e+00 2.181319239941891919e+00 2.421649114650713308e+00 1.344052803496473825e+00
1.284177559844226879e+00 2.443871425161353805e+00 2.166602146573052501e+00 2.393457102961461747e+00 1.353175356783587580e+00
1.282449755450860263e+00 2.419341082885492433e+00 2.149688467704555794e+00 2.356947700633760689e+00 1.362140909792235677e+00
1.279867629871953572e+00 2.406900967619811205e+00 2.136567965681781978e+00 2.316608522561288463e+00 1.372433870476189810e+00
1.278903586815552273e+00 2.394280547083879718e+00 2.131083856556584166e+00 2.276197288890753789e+00 1.386652004092377544e+00
1.282076930650990487e+00 2.379156378950257444e+00 2.137071922724145701e+00 2.246360617046103236e+00 1.410175532935851850e+00
1.280754483869543492e+00 2.356535741114186955e+00 2.131795219583914047e+00 2.230170878169203341e+00 1.438897957312239351e+00
1.260355338812191306e+00 2.335938060757346779e+00 2.108441301962031833e+00 2.211275489867747357e+00 1.452640386441253373e+00
1.246717167064577136e+00 2.333779432223247685e+00 2.102767994404342033e+00 2.204574581049699056e+00 1.484157573658853702e+00
1.237096633830440329e+00 2.335857527885804696e+00 2.103718541432369804e+00 2.203480744342862785e+00 1.517217314136811268e+00
1.229405379767279261e+00 2.337519447849751852e+00 2.107933568316789685e+00 2.204004585194343946e+00 1.550358732157447017e+00
1.226271456678255767e+00 2.341762658211021364e+00 2.119085515268067876e+00 2.207519915047033265e+00 1.582536629099362102e+00
1.239888082595380414e+00 2.342161687958518979e+00 2.143473632232914206e+00 2.215123032129539205e+00 1.606332287219673249e+00
1.270823386652337739e+00 2.303962529652831659e+00 2.163782003915267538e+00 2.219712499617160439e+00 1.607764435539950520e+00
1.290115308185109555e+00 2.237817838349394517e+00 2.163762762502512871e+00 2.216935522732314645e+00 1.605465231809527049e+00
1.300000000000000044e+00 2.169999999999999929e+00 2.154999999999999805e+00 2.209999999999999964e+00 1.600000000000000089e+00
