8.699999999999999956e-01 2.740000000000000213e+00 1.850000000000000089e+00 2.629999999999999893e+00 1.350000000000000089e+00
9.180081420316947849e-01 2.720773982137461022e+00 1.834167896750900306e+00 2.584296790132346811e+00 1.325150183413632554e+00
9.717113046955185851e-01 2.733678590503534345e+00 1.880151565772561151e+00 2.577232083412456909e+00 1.312351732058403941e+00
9.949926705410638839e-01 2.758623934184768256e+00 1.941511147284128214e+00 2.581619225858514444e+00 1.312779303337525461e+00
1.046442180455197546e+00 2.705230385648248248e+00 1.963652595374333787e+00 2.559219402241549979e+00 1.321104410196605183e+00
1.091527819742487582e+00 2.706392783107795630e+00 2.018040989758956627e+00 2.546874314344187429e+00 1.326334719063881229e+00
1.134377988299145823e+00 2.707983877523794991e+00 2.074193677365174349e+00 2.537152729003389062e+00 1.329849921075360042e+00
1.179755323821278123e+00 2.707312586269552845e+00 2.129755286412692072e+00 2.533216718635804998e+00 1.331818088519640231e+00
1.243558815624221658e+00 2.695889281907921209e+00 2.171059963410658877e+00 2.531482590698215240e+00 1.336563121700871326e+00
1.285288771064977631e+00 2.653092246934052323e+00 2.201608903814709528e+00 2.498931330035650156e+00 1.325835385778515008e+00
1.282884042685545234e+00 2.597984904692403951e+00 2.167227663000613092e+00 2.453424868597670727e+00 1.317101856924631775e+00
1.278886692461372876e+00 2.549181372350923347e+00 2.126479088971206632e+00 2.411135183874865362e+00 1.327177249310424134e+00
1.273017684376004155e+00 2.501182498624627382e+00 2.094076945468979378e+00 2.363116519206347022e+00 1.310188284616739640e+00
1.269286072172837398e+00 2.456789190932291866e+00 2.076911744137122096e+00 2.317898468041831972e+00 1.275622921068572335e+00
1.287418423818686763e+00 2.401211026545435612e+00 2.090787071165250754e+00 2.280081191874598012e+00 1.249520281005348288e+00
1.320409534552605901e+00 2.354626947262883796e+00 2.084709349899858566e+00 2.248850458528262930e+00 1.287480718225995968e+00
1.346236453753101747e+00 2.343749564438428301e+00 2.093680272655921382e+00 2.230764511845318321e+00 1.340733101567687768e+00
1.339780788315846571e+00 2.300370036604881374e+00 2.113631969488138918e+00 2.224126121975153136e+00 1.391510487608398350e+00
1.320997241675721412e+00 2.263355158074510154e+00 2.138940404221437053e+00 2.219645613586722632e+00 1.440625713575249822e+00
1.312874812606244834e+00 2.245609117515516839e+00 2.166285895072880940e+00 2.210381862182739354e+00 1.493695508831605734e+00
1.312346525699938704e+00 2.216340390857312492e+00 2.173372733530119394e+00 2.200943790086137941e+00 1.550435758143677401e+00
1.300000000000000044e+00 2.169999999999999929e+00 2.154999999999999805e+00 2.209999999999999964e+00 1.600000000000000089e+00
