8.699999999999999956e-01 2.740000000000000213e+00 1.850000000000000089e+00 2.629999999999999893e+00 1.350000000000000089e+00
8.968622030022710412e-01 2.765503125267135154e+00 1.851775875603824950e+00 2.612623898632585373e+00 1.355369825985746735e+00
9.234331334618561815e-01 2.782595205498064050e+00 1.857941066009332509e+00 2.590472736915262253e+00 1.353775927744424790e+00
9.522773741020548188e-01 2.783047633166512380e+00 1.871555801470569325e+00 2.573553654477725772e+00 1.352881121372678797e+00
9.804447320492200024e-01 2.777227422318483185e+00 1.890342784300544920e+00 2.564055946228508187e+00 1.351236063047538627e+00
1.004114688086369833e+00 2.768675858716642235e+00 1.914151116438813860e+00 2.556656241282788677e+00 1.349546824655814214e+00
1.022523388733151517e+00 2.760348678691074920e+00 1.941808377099652372e+00 2.549659807470114004e+00 1.348295701720272799e+00
1.037745205334483556e+00 2.755088140535128183e+00 1.971562000956826877e+00 2.544061651391066547e+00 1.347105053097749972e+00
1.052305880037678110e+00 2.753535437321556589e+00 2.001937751494343498e+00 2.540561688229948878e+00 1.345342398720255961e+00
1.067899111524544642e+00 2.753251924834900777e+00 2.031836380772868100e+00 2.538405009604610019e+00 1.342443937845680946e+00
1.085449734047821524e+00 2.749836113561889395e+00 2.060449039753896816e+00 2.535581628319674596e+00 1.338423261547990961e+00
1.105224184840936763e+00 2.739610115618159814e+00 2.086833316287274975e+00 2.529946746859834228e+00 1.334374327250221315e+00
1.127004389994644917e+00 2.721916374142995476e+00 2.109783604223456788e+00 2.520611346446931744e+00 1.331836331453234656e+00
1.150469972086885617e+00 2.698855086650463697e+00 2.128459645314575877e+00 2.508327652367264626e+00 1.331362428166484646e+00
1.175066653636814173e+00 2.672427546481933813e+00 2.142925447606294220e+00 2.494222715345393304e+00 1.332143827960712734e+00
1.199282349607412534e+00 2.642352172810780164e+00 2.153843684231055544e+00 2.478536150113681114e+00 1.333132219212371350e+00
1.220535252389631120e+00 2.606786265921839707e+00 2.161931104856873453e+00 2.461040469347797632e+00 1.334274609565451852e+00
1.236495687484772121e+00 2.565178805469205514e+00 2.167890098779223784e+00 2.442415686361408156e+00 1.336773005770848011e+00
1.247001054407067322e+00 2.519980286956830184e+00 2.172724833298003144e+00 2.424069065008350510e+00 1.342191375485640270e+00
1.253913607854404422e+00 2.475422686685268214e+00 2.177599107138864287e+00 2.406186597584191844e+00 1.351267263575955280e+00
1.259180194741917447e+00 2.435673639349958286e+00 2.183241016256439071e+00 2.386843236666618129e+00 1.363413711771818582e+00
1.263791102472684225e+00 2.403867593118229617e+00 2.189584761190098039e+00 2.363338367108331450e+00 1.376873069720504494e+00
1.267957329992729809e+00 2.381215231359018691e+00 2.195699694890788756e+00 2.334440314178807263e+00 1.389419456831404220e+00
1.271327741833075953e+00 2.365714324286870340e+00 2.199649920103646128e+00 2.301460309571917051e+00 1.400129722963485701e+00
1.273097564296180373e+00 2.352669983517640784e+00 2.198506182613082505e+00 2.268394493097064313e+00 1.411958989413103716e+00
1.272605200876367082e+00 2.340211201462774504e+00 2.191192368135444379e+00 2.245263113511588582e+00 1.430925390850934065e+00
1.270250612514533639e+00 2.332942377909672960e+00 2.184495258216170299e+00 2.238092464772341916e+00 1.455612517840092490e+00
1.266274618192674950e+00 2.327878796495376879e+00 2.185333845721779689e+00 2.227671952279958401e+00 1.480476457669061663e+00
1.268095766817436632e+00 2.295558308983611351e+00 2.186052586666291653e+00 2.207430842872903032e+00 1.496251908589835145e+00
1.258403488628041078e+00 2.281579878064673217e+00 2.185591931898807960e+00 2.202328666980305272e+00 1.520399428027398026e+00
1.247572974138729807e+00 2.263097453567099127e+00 2.183680305085311968e+00 2.194722202018821733e+00 1.543281093216824829e+00
1.237369156349925614e+00 2.239768523489418683e+00 2.179236486690781849e+00 2.187083830752613256e+00 1.565147035006418275e+00
1.230261757827620928e+00 2.211230151344068862e+00 2.170732176113088663e+00 2.181738141280283205e+00 1.585912342022813393e+00
1.237149715367615421e+00 2.180195905448407245e+00 2.156170159578413070e+00 2.184964368872938323e+00 1.603780453476601808e+00
1.268011738143447253e+00 2.170316298672673838e+00 2.148457702071894904e+00 2.199860008407279910e+00 1.608579715028453982e+00
1.300000000000000044e+00 2.169999999999999929e+00 2.154999999999999805e+00 2.209999999999999964e+00 1.600000000000000089e+00
