8.699999999999999956e-01 2.740000000000000213e+00 1.850000000000000089e+00 2.629999999999999893e+00 1.350000000000000089e+00
8.979823531141709614e-01 2.760602044793011522e+00 1.855013142117370117e+00 2.611634454769661939e+00 1.358593806400369530e+00
9.231684337508194726e-01 2.748817944337482722e+00 1.847245020633575541e+00 2.585671288194862694e+00 1.364160173085218641e+00
9.376580588768794744e-01 2.757606000832673931e+00 1.863583323478341436e+00 2.564734409237620305e+00 1.350014738069609699e+00
9.458815847136362587e-01 2.786540185191173968e+00 1.888132304468763234e+00 2.573883682176107079e+00 1.337275262944198850e+00
9.658147439038288207e-01 2.796933715905532303e+00 1.920072579754493303e+00 2.577959495117100541e+00 1.338953987960267655e+00
9.983701357920991004e-01 2.783062619649919078e+00 1.935701228161407217e+00 2.576850563321102072e+00 1.344803184099317095e+00
1.031024153059207471e+00 2.781174091145282912e+00 1.955172540280612825e+00 2.573133561508496925e+00 1.342414372846411297e+00
1.053458824027413199e+00 2.782169215569154197e+00 1.984090613497023980e+00 2.565343382974677677e+00 1.336691255872732187e+00
1.071158726872368128e+00 2.780240291942098541e+00 2.015918117169131385e+00 2.553678117355414390e+00 1.333044408464986397e+00
1.090324780071702193e+00 2.771661202586559458e+00 2.044868133723719339e+00 2.537701744357562461e+00 1.331367940856344356e+00
1.113370708972775347e+00 2.745113495932755221e+00 2.063428584199888061e+00 2.520864451053089539e+00 1.330091753906269325e+00
1.141951588705238496e+00 2.710213776071766389e+00 2.069957725899588041e+00 2.512607397857784086e+00 1.330657909952749351e+00
1.166678634788000490e+00 2.680845942730474274e+00 2.090483898682932384e+00 2.507148531987354101e+00 1.331778891017879163e+00
1.188606422765307258e+00 2.659994029144012728e+00 2.118847640015893319e+00 2.504447273731796209e+00 1.330944489830643951e+00
1.211925227301793306e+00 2.651919751049549578e+00 2.148894713595311590e+00 2.505188364959168190e+00 1.331131633826305949e+00
1.231316900623778743e+00 2.644337559369038804e+00 2.181337823838822576e+00 2.503059442986193428e+00 1.334185063575061614e+00
1.242940543866523306e+00 2.615437918168907139e+00 2.203496031073143069e+00 2.485950577631151237e+00 1.339786305607639783e+00
1.244351526667833774e+00 2.581191165536445453e+00 2.203041192640442070e+00 2.456103846449073647e+00 1.342852094429861642e+00
1.241808069381334922e+00 2.557305471981219380e+00 2.195316040237996091e+00 2.421082782038019854e+00 1.344358556324007026e+00
1.239377548022678743e+00 2.547434963263955687e+00 2.186998177337994509e+00 2.383567251355852790e+00 1.347567179693716533e+00
1.239296296974501388e+00 2.545881271911366373e+00 2.177546859275126145e+00 2.347566622797960356e+00 1.355635137102027654e+00
1.240093270449023732e+00 2.532867077061019323e+00 2.169320378586025555e+00 2.320400583697984409e+00 1.371167272891552935e+00
1.240501161691861753e+00 2.519963551580350014e+00 2.168878025938111964e+00 2.309045925996263904e+00 1.393749833988174647e+00
1.241167617697106040e+00 2.523072869641918459e+00 2.173566487731078301e+00 2.308955419092895145e+00 1.418197041666932723e+00
1.241777652676056221e+00 2.527900813730012963e+00 2.174884741935604993e+00 2.315431200525982280e+00 1.442680356359366201e+00
1.240153606556005261e+00 2.520322319949241940e+00 2.170408884451713760e+00 2.320093439214392372e+00 1.466866771930960933e+00
1.237983099713226842e+00 2.503905484308312612e+00 2.166285533483108150e+00 2.304289657810362435e+00 1.487195024457110382e+00
1.242518735593125534e+00 2.486553557562654948e+00 2.162169557163727163e+00 2.275071744244767658e+00 1.501505292008909365e+00
1.256915575578948951e+00 2.486948879856091033e+00 2.152306639509837805e+00 2.250834424453053373e+00 1.516903234595461836e+00
1.272927410827223493e+00 2.508597081943401363e+00 2.148346854117661131e+00 2.244028744640793160e+00 1.536382609554838741e+00
1.277585010043974512e+00 2.486492019532849262e+00 2.142329030334862328e+00 2.241700280335729989e+00 1.557670505084504331e+00
1.269852157782203284e+00 2.443839009548524288e+00 2.119792205659333462e+00 2.233623105192959812e+00 1.558140326671127784e+00
1.267806313989171318e+00 2.425574752962243341e+00 2.113930778950290801e+00 2.232152468892841579e+00 1.534752248250629947e+00
1.271553766679645259e+00 2.383072041274900243e+00 2.129421422567491451e+00 2.237441362781870335e+00 1.521154284256294398e+00
1.273673576639621441e+00 2.330354889415034325e+00 2.146098271568788629e+00 2.236587222732086211e+00 1.518347038291278706e+00
1.276655480256792874e+00 2.281744425815415145e+00 2.163259873681791845e+00 2.227251014092124670e+00 1.512081772134900248e+00
1.279406300269656072e+00 2.230398612918354395e+00 2.175593151343082177e+00 2.221455079131401167e+00 1.511520299036830162e+00
1.279024368571699766e+00 2.209894309581139638e+00 2.171417802467953351e+00 2.230901606941182003e+00 1.533888447752212780e+00
1.282963891445105586e+00 2.209856749971305323e+00 2.164868101837504888e+00 2.233859194396432102e+00 1.558225592365905854e+00
1.292695448913263156e+00 2.199250746137902279e+00 2.159544713336188693e+00 2.223471328103056699e+00 1.580780623591390155e+00
1.300000000000000044e+00 2.169999999999999929e+00 2.154999999999999805e+00 2.209999999999999964e+00 1.600000000000000089e+00
