8.699999999999999956e-01 2.740000000000000213e+00 1.850000000000000089e+00 2.629999999999999893e+00 1.350000000000000089e+00
8.992735634526581867e-01 2.756587585284948183e+00 1.857060609331314449e+00 2.621544178967259775e+00 1.347892230636862587e+00
9.298958275577726695e-01 2.757412077430186237e+00 1.854694473904143548e+00 2.607686311589896277e+00 1.345637489798592323e+00
9.579857214085659711e-01 2.750787939897337164e+00 1.862281558495258782e+00 2.596472142017939078e+00 1.337642545114861026e+00
9.798008924664347585e-01 2.739823109218381791e+00 1.880133920894422106e+00 2.582185572013947716e+00 1.332161231992762263e+00
9.980874580566122534e-01 2.725030644875949815e+00 1.899968320354070039e+00 2.564781633273228501e+00 1.332499570018373491e+00
1.016115765295492412e+00 2.708133615072322087e+00 1.919625159281325821e+00 2.548018068021048244e+00 1.334188235931442312e+00
1.035038944810912742e+00 2.691220178545721264e+00 1.940157821320001919e+00 2.534174694506080350e+00 1.333202380048617242e+00
1.054078039322257521e+00 2.676549862820384096e+00 1.962018157049193912e+00 2.523602140826830986e+00 1.329319029472311842e+00
1.072418676031596796e+00 2.665833822897462735e+00 1.985803301006066723e+00 2.515281562364860335e+00 1.324776840422198010e+00
1.089461441654877571e+00 2.660052105663040845e+00 2.011878402776629216e+00 2.508402175921932376e+00 1.321816882442564678e+00
1.105295060885526093e+00 2.658236261647785703e+00 2.039403218975130105e+00 2.502957294161574531e+00 1.321129977919307308e+00
1.122041945459268053e+00 2.656527536912467458e+00 2.066696908400511568e+00 2.499460208992603238e+00 1.321487715214299419e+00
1.142654803041600164e+00 2.650156005252481961e+00 2.091181897889524244e+00 2.498515833502360728e+00 1.320918358030439776e+00
1.167316920547004644e+00 2.637380544938654037e+00 2.110286126623775793e+00 2.499592359272517328e+00 1.318556375456301666e+00
1.193345177902841892e+00 2.620632609651800227e+00 2.126102133061131383e+00 2.499850232379940973e+00 1.315419543833874050e+00
1.216976168133093505e+00 2.603523001625855038e+00 2.144687985670429953e+00 2.495375247970460286e+00 1.313244547948943852e+00
1.233473609117853975e+00 2.590348829932186625e+00 2.168913376656781189e+00 2.484699924719533382e+00 1.314103915606867679e+00
1.241778288768473626e+00 2.584430938440550829e+00 2.193372225714437018e+00 2.468100479475600295e+00 1.321919894274415030e+00
1.243257430551615750e+00 2.585327648977415738e+00 2.205392643660657903e+00 2.447555718269938563e+00 1.338664760332188397e+00
1.241371282793731767e+00 2.586140497195827948e+00 2.205672184405760738e+00 2.427251097458206885e+00 1.358071547937125256e+00
1.239284262291094896e+00 2.584243449625571287e+00 2.204540972712015989e+00 2.403410122141491634e+00 1.375966588263973112e+00
1.239618309766975068e+00 2.583821376206247855e+00 2.206232455736270914e+00 2.369498031080707889e+00 1.385628634883800947e+00
1.241174913553932502e+00 2.586449396171623949e+00 2.207267874302526245e+00 2.332716150566141344e+00 1.390614437505665268e+00
1.240388562736274958e+00 2.584754219374456152e+00 2.209477583110189158e+00 2.314597455911528989e+00 1.410437188186728585e+00
1.240861469940991668e+00 2.574988793252080299e+00 2.208201094785897656e+00 2.309302572047184920e+00 1.432916923104142093e+00
1.241776340067889839e+00 2.548775655119717598e+00 2.194530800938295556e+00 2.302624421170511138e+00 1.449106553935792352e+00
1.243979041087765358e+00 2.519928471386550406e+00 2.179333625817169828e+00 2.291994628003001022e+00 1.462467480384917140e+00
1.248567268583441692e+00 2.494748357266816541e+00 2.166473583254647561e+00 2.279207163659672020e+00 1.477709003772301077e+00
1.255334261204505530e+00 2.472306640750838724e+00 2.155914071630632201e+00 2.263925815863795599e+00 1.493603244364111182e+00
1.262804818178900890e+00 2.453359792287735708e+00 2.148030808826671745e+00 2.243317884245279892e+00 1.508936587570719468e+00
1.269810409800174789e+00 2.448619903490696359e+00 2.153389442102944251e+00 2.217438027558580327e+00 1.524324732854433817e+00
1.277816802314978739e+00 2.436152072671435853e+00 2.171243375705965484e+00 2.192767407770056742e+00 1.517529649416433868e+00
1.281910794960665179e+00 2.401560631123662581e+00 2.172836041022534470e+00 2.180866691710268146e+00 1.503638108866291789e+00
1.284134275691597882e+00 2.358738863926244100e+00 2.171328658899762232e+00 2.183184373904658582e+00 1.493592180986946794e+00
1.284391823731665383e+00 2.313466592805176969e+00 2.167614121776136660e+00 2.194049504734728817e+00 1.495815044781902969e+00
1.281693728933118281e+00 2.280585366944714032e+00 2.161118653500206932e+00 2.202857524872936512e+00 1.511094071954895313e+00
1.276217274909225319e+00 2.247153913943178427e+00 2.155018518433261754e+00 2.209904627836910773e+00 1.526111359251867139e+00
1.284081813252426318e+00 2.206310993317926794e+00 2.159935141592067787e+00 2.216303030818435271e+00 1.535054376172950930e+00
1.287795166013666837e+00 2.193250016508867972e+00 2.161337907754897536e+00 2.220787226158350336e+00 1.557044231520712918e+00
1.291086526770929277e+00 2.178462833547039956e+00 2.159553579098723031e+00 2.218752687511654109e+00 1.578934224578816048e+00
1.300000000000000044e+00 2.169999999999999929e+00 2.154999999999999805e+00 2.209999999999999964e+00 1.600000000000000089e+00
