8.699999999999999956e-01 2.740000000000000213e+00 1.850000000000000089e+00 2.629999999999999893e+00 1.350000000000000089e+00
8.859638744448513625e-01 2.739513357293961171e+00 1.865608840038204486e+00 2.604731591518794076e+00 1.345308051747656553e+00
9.067941771055012534e-01 2.747799764392769628e+00 1.884079055109488809e+00 2.584941860160533178e+00 1.344771443378395714e+00
9.275761231828717479e-01 2.757864240606185291e+00 1.907538448629809480e+00 2.574312335128495555e+00 1.341099728538682534e+00
9.444206547138590535e-01 2.778052517194540272e+00 1.932739025520784804e+00 2.570222365042903245e+00 1.336696855138148621e+00
9.614775668060975278e-01 2.806958086828288845e+00 1.955823335859216527e+00 2.569740166401861536e+00 1.333920180304034808e+00
9.849842626608318330e-01 2.831398760453529562e+00 1.976519292798774696e+00 2.570072233342400647e+00 1.333761775655265547e+00
1.014185807564917052e+00 2.833526158324105815e+00 1.995585902212015261e+00 2.568854002513705659e+00 1.335427874174320850e+00
1.040680915643092064e+00 2.816219328257770105e+00 2.015645580335777343e+00 2.566945284762149004e+00 1.336375761683257446e+00
1.061297428909458773e+00 2.804127914370311281e+00 2.040982744674761484e+00 2.565651470293394354e+00 1.334981500994142811e+00
1.083797132318000012e+00 2.791806529704155881e+00 2.060665834956909137e+00 2.553122804351824371e+00 1.331190292625040961e+00
1.102227863246933115e+00 2.766298697974170828e+00 2.053161266411108965e+00 2.532238148052209148e+00 1.328770299891774087e+00
1.103955069348573348e+00 2.736023914666109391e+00 2.030710045454676038e+00 2.518760463841765329e+00 1.331965264815760275e+00
1.110138976482723638e+00 2.706099886629497853e+00 2.035195267408433484e+00 2.496538192476115192e+00 1.334334398508874253e+00
1.125713401301958516e+00 2.694110171395346143e+00 2.061425932228631908e+00 2.489778025117574956e+00 1.329267513320954164e+00
1.149239298722530389e+00 2.682924024741110358e+00 2.084692910826678514e+00 2.494674033573200944e+00 1.328433614711111987e+00
1.175503557425589207e+00 2.670990507430344607e+00 2.103512674922215275e+00 2.501661262958175591e+00 1.335687069806885674e+00
1.200186592147022946e+00 2.653869704492223924e+00 2.122836858604898680e+00 2.501142359923860248e+00 1.343371275820751665e+00
1.219741263817369470e+00 2.621545446991732753e+00 2.137439470698908384e+00 2.487041013361531938e+00 1.346078672013782507e+00
1.231818486183002825e+00 2.584163546639450360e+00 2.143999259153685166e+00 2.464823882978717684e+00 1.347320914512102563e+00
1.242965163551599028e+00 2.549021877967625471e+00 2.148932315041740093e+00 2.440890664349339545e+00 1.350747570663321406e+00
1.257372307916761356e+00 2.515934236537120672e+00 2.155290278331126075e+00 2.418177193703432870e+00 1.355617878929040954e+00
1.276432244041253217e+00 2.484759077128379179e+00 2.165263585095871246e+00 2.399039149718636299e+00 1.360524971982419062e+00
1.298871678748477532e+00 2.462422019047708410e+00 2.183589910025697911e+00 2.388842297182523389e+00 1.367465299214855268e+00
1.307187387467126483e+00 2.459508947665108192e+00 2.201453677426896682e+00 2.381663305866468683e+00 1.385137237927341447e+00
1.289872419173578422e+00 2.465152003593836127e+00 2.194101674337183283e+00 2.357658488159709353e+00 1.396075833523159559e+00
1.271864039104703359e+00 2.471951457432044919e+00 2.182459965425746606e+00 2.330754817886123043e+00 1.395360545988254319e+00
1.256139667134805293e+00 2.479856705663050054e+00 2.174015691810118778e+00 2.301946810596615656e+00 1.393278630689660957e+00
1.245147232389143710e+00 2.484858831661860279e+00 2.172129333786340766e+00 2.273029251481421209e+00 1.400855046387890823e+00
1.244012069676948995e+00 2.490650137206388948e+00 2.173973790763796821e+00 2.265752624273018156e+00 1.424848645818993509e+00
1.249502021463554158e+00 2.505623109826024653e+00 2.173455083854309855e+00 2.270471298774210833e+00 1.448780998365976291e+00
1.256287187128481531e+00 2.523952447472445293e+00 2.171408187680565316e+00 2.266945662207252354e+00 1.472230678468944731e+00
1.263253655902253358e+00 2.534963573678615134e+00 2.169089859339883741e+00 2.256959861809450629e+00 1.495299263267397372e+00
1.271188876911115928e+00 2.520481814865658254e+00 2.168562153553100114e+00 2.242030571911022729e+00 1.515958501181609464e+00
1.277170107250943820e+00 2.474255411720184927e+00 2.169481550093586009e+00 2.230902788643845724e+00 1.527618550293769584e+00
1.278851255817102794e+00 2.425025561428459930e+00 2.168365089348845309e+00 2.226579536647624646e+00 1.540050632588615631e+00
1.276295577008568216e+00 2.379645715275306106e+00 2.165943461796254077e+00 2.224745445217666706e+00 1.555284448703545319e+00
1.274973611489719882e+00 2.328168204595532309e+00 2.164587630808354035e+00 2.222311323068847599e+00 1.566135290675753300e+00
1.280790219417494935e+00 2.286837409333128068e+00 2.148079191629242324e+00 2.220504634929124421e+00 1.576783853097531329e+00
1.278654887963010633e+00 2.260183295113197932e+00 2.141240477932138120e+00 2.217690633983920634e+00 1.596831914988297907e+00
1.284246374757360032e+00 2.216919645136137262e+00 2.156628663938366941e+00 2.209000123784554681e+00 1.590111589169448614e+00
1.300000000000000044e+00 2.169999999999999929e+00 2.154999999999999805e+00 2.209999999999999964e+00 1.600000000000000089e+00
