8.699999999999999956e-01 2.740000000000000213e+00 1.850000000000000089e+00 2.629999999999999893e+00 1.350000000000000089e+00
8.992762604458336417e-01 2.725938453011216289e+00 1.854543136904830192e+00 2.604632260839827573e+00 1.346386078658765806e+00
9.325835065101519827e-01 2.712979385569044055e+00 1.858255666324576172e+00 2.584395275058622321e+00 1.344114062765518147e+00
9.593374950570412452e-01 2.706518830885905835e+00 1.873613135574446309e+00 2.561224472291859122e+00 1.337579388469709807e+00
9.880433355008251262e-01 2.724313868217048018e+00 1.893000931110423446e+00 2.555281821574299173e+00 1.330018673757950909e+00
1.009998858470758876e+00 2.751881025338440256e+00 1.917721186745504180e+00 2.557197014134294122e+00 1.326340645930944362e+00
1.029504807294305380e+00 2.780793155947631767e+00 1.943921231637218527e+00 2.560683614211547443e+00 1.323997680602406746e+00
1.049455610565680930e+00 2.802992739803687350e+00 1.972740171079142124e+00 2.562746639459879461e+00 1.322442186778272522e+00
1.069564966227072755e+00 2.804262186441375260e+00 2.004544523046263294e+00 2.559657867020531441e+00 1.322517452101493740e+00
1.088376397135779827e+00 2.791757091055609763e+00 2.035646743910936696e+00 2.551860467930433529e+00 1.323614105250494166e+00
1.106245546562535598e+00 2.778675219158598608e+00 2.064843400243330240e+00 2.537365268634534043e+00 1.327134649957112833e+00
1.124996399795470836e+00 2.771577018752256372e+00 2.092305638348626928e+00 2.519749416143520993e+00 1.333221681085886567e+00
1.149555989585992588e+00 2.768009355379735581e+00 2.120275836001781489e+00 2.513951921516076826e+00 1.336561093982389758e+00
1.175491074237109412e+00 2.745662169841559752e+00 2.143222614356968148e+00 2.516210474102892114e+00 1.334137163626583966e+00
1.192920855732484409e+00 2.713959063313944320e+00 2.163494418099622507e+00 2.511411394627845795e+00 1.322776396291519552e+00
1.212021001157156608e+00 2.692561630426795638e+00 2.189001632417835630e+00 2.504039863246884323e+00 1.312840375842707408e+00
1.233204869483584432e+00 2.673533401688614308e+00 2.217143479831137132e+00 2.499143990237157720e+00 1.308388830450795126e+00
1.251991379551914640e+00 2.640147479733388813e+00 2.240574856634762746e+00 2.492909863158337735e+00 1.308688429917515439e+00
1.268107782532359673e+00 2.591073919692315375e+00 2.242985557639405325e+00 2.487381616703129961e+00 1.311165425392563311e+00
1.282102896015385074e+00 2.545937671765450716e+00 2.226084525428142502e+00 2.486940992943098561e+00 1.315544988276223792e+00
1.294630596341289852e+00 2.496968624098532263e+00 2.215942564791416380e+00 2.484178167579703000e+00 1.323055572607803931e+00
1.301997319833720024e+00 2.451012625509628506e+00 2.225510093757521179e+00 2.468815977206688217e+00 1.331548997287564484e+00
1.308070285673448740e+00 2.418016984848557982e+00 2.238233660600593478e+00 2.442179129713084595e+00 1.340963974199162134e+00
1.315131713190214935e+00 2.390469938074572198e+00 2.243810636392512325e+00 2.410932625980754196e+00 1.351754173735789211e+00
1.319705419774557686e+00 2.361333086623165212e+00 2.243166749100828028e+00 2.379788358955085226e+00 1.363118224146226076e+00
1.317311736292476887e+00 2.331058666194660844e+00 2.235845902009012232e+00 2.349660489113059025e+00 1.373888575084154740e+00
1.306685248089106910e+00 2.313386380548626331e+00 2.220059397574692284e+00 2.319282960041418651e+00 1.383321299162605822e+00
1.292365983765473958e+00 2.316321023113616651e+00 2.203154601286633429e+00 2.288375761529488628e+00 1.392505086870120090e+00
1.278714257688476685e+00 2.330693202207481107e+00 2.190253859602600439e+00 2.255967086083232154e+00 1.401070682175062254e+00
1.268878960640467124e+00 2.346747600034673198e+00 2.181583362768412471e+00 2.220000556490472121e+00 1.407826560415761818e+00
1.254894242162597706e+00 2.336206239593178413e+00 2.174756844111572107e+00 2.187814230546802019e+00 1.419254049161751574e+00
1.241498270301512274e+00 2.312352765040055935e+00 2.172782560211222069e+00 2.179871392430552834e+00 1.442339340910950174e+00
1.233213958684849176e+00 2.296214498157121309e+00 2.177213397079639012e+00 2.177257751004699315e+00 1.468529342184331732e+00
1.225824874617502225e+00 2.282328070340841730e+00 2.184058165663738560e+00 2.176314930698818984e+00 1.494935002531082358e+00
1.217041753388117264e+00 2.276150756121038121e+00 2.185418516588394588e+00 2.174062914370530120e+00 1.522287268524477044e+00
1.209085986765043197e+00 2.282498039735083584e+00 2.175296230638066763e+00 2.169455032621705470e+00 1.548533219854114185e+00
1.210569552303134344e+00 2.305245340103685425e+00 2.172003753584937247e+00 2.173367984136759024e+00 1.574034414462145204e+00
1.218047030377173101e+00 2.311020375310915309e+00 2.172978821902729951e+00 2.186532504289783851e+00 1.598774462708388633e+00
1.229236882014986598e+00 2.265639562976446975e+00 2.175000099605896686e+00 2.197057551798232478e+00 1.611746088328540827e+00
1.245310014454684699e+00 2.218764592381622158e+00 2.175183525606182222e+00 2.206633374231169675e+00 1.620148956630164339e+00
1.272073482700635250e+00 2.179950711958627441e+00 2.168115678776220800e+00 2.212225401338107744e+00 1.616869300248619412e+00
1.300000000000000044e+00 2.169999999999999929e+00 2.154999999999999805e+00 2.209999999999999964e+00 1.600000000000000089e+00
