8.699999999999999956e-01 2.740000000000000213e+00 1.850000000000000089e+00 2.629999999999999893e+00 1.350000000000000089e+00
9.172370886702121417e-01 2.715790818100513260e+00 1.840482613062291106e+00 2.598485072397957119e+00 1.351973561510783517e+00
9.692282202331408136e-01 2.710260530663071599e+00 1.846577646667215022e+00 2.569589084429370285e+00 1.349320774278585988e+00
1.002056391963843218e+00 2.746016419418422672e+00 1.886023943404782743e+00 2.568815357715064085e+00 1.342359636931236944e+00
1.028864551242368419e+00 2.772726612042965666e+00 1.932983458978473346e+00 2.565314541719553532e+00 1.333896882387979543e+00
1.064785359232616635e+00 2.778743084502804273e+00 1.976332249381755446e+00 2.553027649111740516e+00 1.327549313094589456e+00
1.092886998530668397e+00 2.769951628719856007e+00 2.021778816720672722e+00 2.531758859367053915e+00 1.327525268072126341e+00
1.118950901813204446e+00 2.726610298656548803e+00 2.060359747039818945e+00 2.512290760625243813e+00 1.325177226617802573e+00
1.154374168267146006e+00 2.704956059864411344e+00 2.103315697847557786e+00 2.517410834395496178e+00 1.328785948173884401e+00
1.193103402435758298e+00 2.707248240319585442e+00 2.146180958892363932e+00 2.523998487693789095e+00 1.334659154602019671e+00
1.232149447812481480e+00 2.693440187094858551e+00 2.188114440302723729e+00 2.516084659104944166e+00 1.337351866600276384e+00
1.260366720659244155e+00 2.649146356199395314e+00 2.225428158013034619e+00 2.497478654888105165e+00 1.339946032721759384e+00
1.284192097607420369e+00 2.587275105449696078e+00 2.236205168831675749e+00 2.466072404419271002e+00 1.347043191132563322e+00
1.308925348176199321e+00 2.520958349392137698e+00 2.224015526757663785e+00 2.442983797578724747e+00 1.359910554147410799e+00
1.324308618705222207e+00 2.443542644198832381e+00 2.225417531962232687e+00 2.418815094864645410e+00 1.366512015910297917e+00
1.313803436715491380e+00 2.403427863887104721e+00 2.197596370990875680e+00 2.379172048720622268e+00 1.360929092303110099e+00
1.307502370097209932e+00 2.382004124088780372e+00 2.172148136177008304e+00 2.333132329048224651e+00 1.373671111749949159e+00
1.307793986148552356e+00 2.359424473074926532e+00 2.160663664815549279e+00 2.282185258721853405e+00 1.387930350537291524e+00
1.312669409312092306e+00 2.340784912943416618e+00 2.150558411718469287e+00 2.232842554770546162e+00 1.406375887125200563e+00
1.302162637532374934e+00 2.298633025078835157e+00 2.145265845621585843e+00 2.219040927213078440e+00 1.442445041024190244e+00
1.277587482524443541e+00 2.307627307662651006e+00 2.137202607991455672e+00 2.211571710643687183e+00 1.480975436138879386e+00
1.252249308554225227e+00 2.320163360475195891e+00 2.129003361490418023e+00 2.204557247131322395e+00 1.519343091442560967e+00
1.228717460956511465e+00 2.353237992005807300e+00 2.131450022881574036e+00 2.204217619531637418e+00 1.556048661583381509e+00
1.204315034589150235e+00 2.333630773155075833e+00 2.171006009990811947e+00 2.215152930281314436e+00 1.574047206102929586e+00
1.188404560958017608e+00 2.320835839557469527e+00 2.155528756846265992e+00 2.237133593463520587e+00 1.610241154561841359e+00
1.187080680779533104e+00 2.259289989910283847e+00 2.123207483682017394e+00 2.236463037085667072e+00 1.629871307599051189e+00
1.192113100781233115e+00 2.188495758947617720e+00 2.092459915995054320e+00 2.228370874041665228e+00 1.641545776518013255e+00
1.227886667752754901e+00 2.124296102565098820e+00 2.090500741907222348e+00 2.214686476092240230e+00 1.641466144840990404e+00
1.269272408836543020e+00 2.134346601887776806e+00 2.124854312869570272e+00 2.209364188366985893e+00 1.624410051317082715e+00
1.300000000000000044e+00 2.169999999999999929e+00 2.154999999999999805e+00 2.209999999999999964e+00 1.600000000000000089e+00
