8.699999999999999956e-01 2.740000000000000213e+00 1.850000000000000089e+00 2.629999999999999893e+00 1.350000000000000089e+00
9.061489305357496304e-01 2.776956485036849553e+00 1.860578818796313261e+00 2.610458455193338967e+00 1.341460013072428570e+00
9.415103227205101621e-01 2.808198796145122245e+00 1.875609137165803242e+00 2.590077440955071975e+00 1.331861731470541876e+00
9.801252297561358073e-01 2.803222780357522037e+00 1.899612907197969269e+00 2.574788733543327268e+00 1.332303418259721983e+00
1.006994392573522967e+00 2.765106720616290481e+00 1.924078282845487653e+00 2.556152691645364072e+00 1.335065210325523610e+00
1.032107151994849481e+00 2.740317463298162171e+00 1.955799593541917458e+00 2.539762260506219338e+00 1.332707840708776903e+00
1.060983724040531984e+00 2.738741113916252079e+00 1.990330711967232213e+00 2.532791145366416696e+00 1.328553698994942467e+00
1.094793358292696972e+00 2.743306973400089888e+00 2.022137495403753871e+00 2.528673719782059237e+00 1.324945884358717851e+00
1.133242632303517183e+00 2.742036243439224030e+00 2.049547619689504163e+00 2.521437032394628908e+00 1.322400220222588629e+00
1.170290831320076608e+00 2.731289054123393178e+00 2.076575284836869262e+00 2.509411768744782556e+00 1.321946388864486677e+00
1.195865532182034396e+00 2.734328383881775792e+00 2.112840477708215925e+00 2.504057595093436728e+00 1.322063732061852681e+00
1.216314066934042870e+00 2.731898376233511172e+00 2.151847749460785941e+00 2.498801799314827932e+00 1.326268849268427585e+00
1.241997618878144971e+00 2.729440083553708263e+00 2.188204283332980893e+00 2.499809574541885571e+00 1.333085922556971781e+00
1.267111729150621535e+00 2.685259289465526056e+00 2.208666034198382366e+00 2.489282294214838931e+00 1.333107272420843259e+00
1.279402831494830917e+00 2.624806207477715425e+00 2.203022882084278322e+00 2.466450360655385587e+00 1.321456609536587390e+00
1.282224661122299825e+00 2.559534120626473896e+00 2.204237260949103661e+00 2.440939760399344127e+00 1.318442463043778101e+00
1.283265212829471480e+00 2.492177484410891708e+00 2.208899678332562733e+00 2.425252346846047402e+00 1.331309750028348171e+00
1.287869288669025725e+00 2.436070131976452835e+00 2.209593141298242358e+00 2.399641407501506674e+00 1.346748866639467357e+00
1.288274649023841700e+00 2.406520992602647624e+00 2.201449661315233453e+00 2.356699715985068444e+00 1.356993987261619461e+00
1.284378990002886578e+00 2.391990766719004569e+00 2.186207913176633877e+00 2.313163875657814561e+00 1.367333339572142537e+00
1.285655696475192400e+00 2.389651592099587329e+00 2.166620099653401521e+00 2.271677920898674152e+00 1.379288924749725531e+00
1.299225139362897297e+00 2.384901444509339274e+00 2.150917981005105784e+00 2.239243837946533144e+00 1.396805097805333240e+00
1.284564222283264723e+00 2.411067517227928114e+00 2.152833723073544370e+00 2.251214255956895727e+00 1.428866759520670993e+00
1.271724146364717534e+00 2.409866969285122007e+00 2.154341995224383854e+00 2.247163435501192019e+00 1.465117421271305176e+00
1.259156234296234134e+00 2.406603085309779289e+00 2.155803613322679890e+00 2.241939628117903816e+00 1.501307392155871945e+00
1.246599123486304972e+00 2.403259979099773513e+00 2.157263398611894090e+00 2.236670874724026259e+00 1.537494051654325844e+00
1.236183534828077413e+00 2.395909422385151810e+00 2.160282425409901563e+00 2.232346832495456290e+00 1.573905792740107223e+00
1.231246815585480325e+00 2.376065579840246134e+00 2.160390418524842815e+00 2.231717632557144615e+00 1.610022247362051573e+00
1.218041522126590337e+00 2.313831253969977908e+00 2.148835522552919208e+00 2.215002043986637581e+00 1.610578608437486459e+00
1.243806540682060202e+00 2.267895180504472474e+00 2.165884809879927708e+00 2.233632116223823960e+00 1.619454390273110889e+00
1.272581578430125315e+00 2.213495639005551574e+00 2.161371894685189421e+00 2.214644877235727005e+00 1.622521520207264256e+00
1.300000000000000044e+00 2.169999999999999929e+00 2.154999999999999805e+00 2.209999999999999964e+00 1.600000000000000089e+00
