8.699999999999999956e-01 2.740000000000000213e+00 1.850000000000000089e+00 2.629999999999999893e+00 1.350000000000000089e+00
8.991207271121923750e-01 2.746042195396964924e+00 1.856081470623383911e+00 2.615472169779520240e+00 1.335843110393466482e+00
9.304164491789409519e-01 2.750188498612028631e+00 1.864632705084032338e+00 2.597008375415542858e+00 1.331109574512689075e+00
9.599766616402720665e-01 2.744325141325479667e+00 1.876402779772554652e+00 2.577137736948790447e+00 1.330252011826316583e+00
9.863908950552965349e-01 2.731809823357181699e+00 1.895355783119236248e+00 2.561237265895253579e+00 1.331973544379385865e+00
1.010087769885875897e+00 2.718208618342075500e+00 1.919402989690447869e+00 2.550373216513270869e+00 1.335173742498110272e+00
1.034201842892613632e+00 2.706926926589359628e+00 1.944815009740143319e+00 2.542868531899787676e+00 1.338409048220968511e+00
1.060467397894977015e+00 2.699923106088824909e+00 1.969764240412100964e+00 2.537968952543075751e+00 1.340794843724129048e+00
1.087755877970422169e+00 2.697669134493499765e+00 1.994154892567636450e+00 2.532439816695491785e+00 1.342197426334401422e+00
1.113746037368394282e+00 2.701514819085915065e+00 2.019187206031964443e+00 2.525334993585254928e+00 1.340709248685947541e+00
1.136652475440638410e+00 2.718021896758836764e+00 2.044971769519995153e+00 2.521906976065613204e+00 1.339056391986558125e+00
1.155153786712697750e+00 2.746210655207187656e+00 2.069233672055296847e+00 2.525191632228628968e+00 1.341260084713471246e+00
1.172137603068699407e+00 2.769733168388945010e+00 2.096338389906945210e+00 2.528579120562366001e+00 1.345404968267639889e+00
1.186625672783189867e+00 2.764443339215359341e+00 2.126840817640006875e+00 2.523750167572235803e+00 1.346973287309624956e+00
1.197356175462472860e+00 2.734989419895939466e+00 2.152061994602039618e+00 2.512789676841469699e+00 1.344839644006958324e+00
1.208984815858382023e+00 2.698704038747651968e+00 2.172586966423948773e+00 2.500401044349092050e+00 1.341340882814832103e+00
1.222608034950332767e+00 2.660255946963357765e+00 2.190274407243931964e+00 2.487591974517560978e+00 1.339303108278016241e+00
1.236274580329559392e+00 2.621274292522021820e+00 2.206973034787605314e+00 2.474437379920975566e+00 1.341708718471584127e+00
1.249018744518347157e+00 2.583180125256169468e+00 2.223776739498978028e+00 2.460770185259796072e+00 1.347401278220362153e+00
1.261451700827578293e+00 2.543143360877577308e+00 2.239064743771257415e+00 2.446319540053762953e+00 1.349644743474880171e+00
1.273491681311884172e+00 2.500766065649292269e+00 2.250077064107726788e+00 2.432157377125840458e+00 1.344465074937249760e+00
1.287824335312290458e+00 2.462226494081180661e+00 2.254453111408392552e+00 2.417016596686959673e+00 1.333001318319685158e+00
1.307269149515816631e+00 2.450513128597697321e+00 2.248300274659677633e+00 2.405133133762495934e+00 1.339263992686299476e+00
1.288685097833198290e+00 2.441328209244248093e+00 2.228995976164211523e+00 2.399329667325974746e+00 1.357743149068984634e+00
1.273034566960278280e+00 2.425944799174003741e+00 2.212933426615667276e+00 2.379585291391423496e+00 1.372778119542341191e+00
1.260331919664524403e+00 2.408357675171042711e+00 2.199100296024992129e+00 2.354331429550519328e+00 1.384933612919742707e+00
1.248301492304410454e+00 2.391219278019227179e+00 2.186046803101915792e+00 2.327989498675326452e+00 1.396813655506463636e+00
1.236710450310194886e+00 2.377247140605452724e+00 2.174336049657691561e+00 2.300573973302846298e+00 1.409545830904851638e+00
1.227174569167512885e+00 2.375383910307932389e+00 2.164226079443613227e+00 2.274970468795876055e+00 1.427614608010300268e+00
1.228720133900947920e+00 2.394413088293359859e+00 2.159430444608655630e+00 2.271616287598761996e+00 1.454376410210578952e+00
1.235791303298639621e+00 2.402315163696409961e+00 2.167726719308608274e+00 2.264896320183274359e+00 1.481323003221243884e+00
1.243192785249098486e+00 2.405536604589909810e+00 2.180234596059185570e+00 2.252686706480009793e+00 1.506225495254180036e+00
1.250077897865956800e+00 2.407040475763680298e+00 2.192715282625167461e+00 2.240061559026289562e+00 1.531191790032771616e+00
1.255586566161982276e+00 2.405393953122791473e+00 2.204034507851614588e+00 2.228092370042017656e+00 1.556903880403764484e+00
1.258792553048214469e+00 2.398536521081028994e+00 2.213215653425534057e+00 2.217440050343952862e+00 1.583482245746159256e+00
1.258683119001003270e+00 2.381904625528473041e+00 2.217739445028120926e+00 2.209262858982386390e+00 1.610149529132808066e+00
1.265397553530848596e+00 2.355952532711567571e+00 2.203336064047717535e+00 2.205765593515089940e+00 1.630465702510186743e+00
1.265332720551779477e+00 2.319504261289777602e+00 2.179899568003996535e+00 2.199866897571266300e+00 1.628652231979336396e+00
1.263916699313183400e+00 2.305941722237835556e+00 2.187174411436160870e+00 2.204561368720673098e+00 1.603461638033286007e+00
1.279898680342947070e+00 2.262000336059683647e+00 2.181257177952623749e+00 2.203274824059282544e+00 1.593025749391291379e+00
1.296964839843037565e+00 2.219463163363722735e+00 2.167449472807174704e+00 2.202687162883835814e+00 1.598391355362381194e+00
1.300000000000000044e+00 2.169999999999999929e+00 2.154999999999999805e+00 2.209999999999999964e+00 1.600000000000000089e+00
