8.699999999999999956e-01 2.740000000000000213e+00 1.850000000000000089e+00 2.629999999999999893e+00 1.350000000000000089e+00
8.917721390682082916e-01 2.731358529768125543e+00 1.868323334029270866e+00 2.614297773605768871e+00 1.340556166238255464e+00
9.099980663070097453e-01 2.732913956797028199e+00 1.888740959546165721e+00 2.593136571397199663e+00 1.337162709755199241e+00
9.312957117953618580e-01 2.761116020209636979e+00 1.905896701157650641e+00 2.580074975549130567e+00 1.341816474512173452e+00
9.488821550172117369e-01 2.804141041144692093e+00 1.920872848151936374e+00 2.574918591133503742e+00 1.337343024457822604e+00
9.700560453373237024e-01 2.838554624570307716e+00 1.939873818375691172e+00 2.573233562344960923e+00 1.334704997298843177e+00
9.996022819153267402e-01 2.843776549654112973e+00 1.957181152885620445e+00 2.565527271606144133e+00 1.336645639413324149e+00
1.025845492529751102e+00 2.814056031745010955e+00 1.969605985182581120e+00 2.554865521456248345e+00 1.338647813544993737e+00
1.047113640203613638e+00 2.791111095296592293e+00 1.992370294099858441e+00 2.553501981947124300e+00 1.340548041503993870e+00
1.064994925275608795e+00 2.785538654538427750e+00 2.020239711504353330e+00 2.554439707519371439e+00 1.341762008817866336e+00
1.084380692432436399e+00 2.774404075434480532e+00 2.044684780272469915e+00 2.543760115602768490e+00 1.339326639500197702e+00
1.103992274430354303e+00 2.750723574013085759e+00 2.057373734097255991e+00 2.522425419434467742e+00 1.334426792092651359e+00
1.130040875132124478e+00 2.732724810621164568e+00 2.071392892748643355e+00 2.505463477519079163e+00 1.335168323028658177e+00
1.151438466538829086e+00 2.717668441889179665e+00 2.094658712595040662e+00 2.498700126851699288e+00 1.339285168521447300e+00
1.165683874509636286e+00 2.684304998994427649e+00 2.116755083347825472e+00 2.490825514249058070e+00 1.341505409615179278e+00
1.190483009844210294e+00 2.649898364396658934e+00 2.131178163920095514e+00 2.487390859555651978e+00 1.343207605640856173e+00
1.220271439610322695e+00 2.622047813847044662e+00 2.142473261126414563e+00 2.480631092089323086e+00 1.345548603425713807e+00
1.241965401779492550e+00 2.593409710929377887e+00 2.156352565709692026e+00 2.464641581981972251e+00 1.350604190421626827e+00
1.256164133450817344e+00 2.567796906661061751e+00 2.173059169489221620e+00 2.444987474309069153e+00 1.359005105324721630e+00
1.269754219789429595e+00 2.545889884328431219e+00 2.190001223749959980e+00 2.424853489664994033e+00 1.369044009787921290e+00
1.282785455267693830e+00 2.511252629731006714e+00 2.190149811291672854e+00 2.402690524564953023e+00 1.375474526637798567e+00
1.289231905526697863e+00 2.464709432912102649e+00 2.174850793585213271e+00 2.389651509138674523e+00 1.375802739436831290e+00
1.301389135304170885e+00 2.437402626763875535e+00 2.190122533181079412e+00 2.387984934366732759e+00 1.368143349920741603e+00
1.287156603262752830e+00 2.478930204755428690e+00 2.200018575480981564e+00 2.380858278645997750e+00 1.363337482076444784e+00
1.263996124049504344e+00 2.508507083304621688e+00 2.186588872767890379e+00 2.365105415009042922e+00 1.365660224403293599e+00
1.245566898186248217e+00 2.522927542488618613e+00 2.173488874103606694e+00 2.340786696082391316e+00 1.368629364553945127e+00
1.238178619047292983e+00 2.518183385204752156e+00 2.172239910952098008e+00 2.307480489263521228e+00 1.374063344409983456e+00
1.238132088397106756e+00 2.508016886285707958e+00 2.178995741013179721e+00 2.279834230930449568e+00 1.387889582840412750e+00
1.238793179524232180e+00 2.510877336738565724e+00 2.179283589320628156e+00 2.261257730110512121e+00 1.409395809778023478e+00
1.244836726416191919e+00 2.519230724094969620e+00 2.170865695279825758e+00 2.250001825584828641e+00 1.431981773514948042e+00
1.253281728106628190e+00 2.524371048672332307e+00 2.157105196644414136e+00 2.245389889655737825e+00 1.454056307996349107e+00
1.261897629267082266e+00 2.525940716735660896e+00 2.142554392031876365e+00 2.244280852749881650e+00 1.476112510639156161e+00
1.269917583088276736e+00 2.519571487907689811e+00 2.129914791986778244e+00 2.242745405670908188e+00 1.498664780633986560e+00
1.276763540647846806e+00 2.494771722962692451e+00 2.125452361666052781e+00 2.238134874528038942e+00 1.520196467032029819e+00
1.281814503597848987e+00 2.451754309884430327e+00 2.138152117042287692e+00 2.231712315128703938e+00 1.533875742811937837e+00
1.283743777075237791e+00 2.408565059231056349e+00 2.156852204333629786e+00 2.224906531397170539e+00 1.542171834757323667e+00
1.283885837616080661e+00 2.366437759884685743e+00 2.165522623972544913e+00 2.215830952278296184e+00 1.558066334799141472e+00
1.283883710643599851e+00 2.327621911272258259e+00 2.166903954467719551e+00 2.206082709084430604e+00 1.576557437591671995e+00
1.284312581694442734e+00 2.292963167156544024e+00 2.162000140582497565e+00 2.193654290098903115e+00 1.595332173048541469e+00
1.283617782938843099e+00 2.260762975313833412e+00 2.154943700496990910e+00 2.192853231713721929e+00 1.614599270662154584e+00
1.288615647583452040e+00 2.227216693380298818e+00 2.156881662328480775e+00 2.206563791490109505e+00 1.596423768739833049e+00
1.300000000000000044e+00 2.169999999999999929e+00 2.154999999999999805e+00 2.209999999999999964e+00 1.600000000000000089e+00
