8.699999999999999956e-01 2.740000000000000213e+00 1.850000000000000089e+00 2.629999999999999893e+00 1.350000000000000089e+00
8.973810777860538046e-01 2.735766101497217218e+00 1.837109398946693561e+00 2.603785236572374373e+00 1.340321614642957293e+00
9.257575940128036640e-01 2.715566027996236365e+00 1.832839827868512295e+00 2.578038717294321991e+00 1.334389020936147308e+00
9.552799224197966454e-01 2.698302306976796849e+00 1.856044486542377969e+00 2.561783154118066452e+00 1.332074278267092682e+00
9.833000841124572844e-01 2.702134836553006458e+00 1.890379761000842818e+00 2.558582737364754944e+00 1.331769580596702918e+00
1.009906973694582932e+00 2.718433338806689470e+00 1.923822826355762183e+00 2.553929575133777163e+00 1.330823087212126721e+00
1.034888795055009858e+00 2.736115073426656608e+00 1.956649610027069608e+00 2.543383704415297153e+00 1.331785702238927227e+00
1.058097008173165987e+00 2.751209537840355601e+00 1.990620357522852046e+00 2.531754862596670375e+00 1.336341883912725459e+00
1.079165179314682366e+00 2.766520505211623515e+00 2.027843018333529201e+00 2.525283260625315940e+00 1.340460205698363660e+00
1.097720405430035573e+00 2.776291850737580447e+00 2.068127008318782156e+00 2.523785631066445490e+00 1.337005981557160217e+00
1.110775808431423650e+00 2.745056710511681430e+00 2.089357736723086667e+00 2.516435233577630548e+00 1.324118723856931412e+00
1.124457589244291400e+00 2.705618067767348922e+00 2.118032454944715148e+00 2.512562142070085880e+00 1.318806515081336839e+00
1.141740825926768732e+00 2.677674972429804789e+00 2.152366639434819096e+00 2.503703609551544140e+00 1.315641182890607386e+00
1.166551680997166107e+00 2.650437208533997335e+00 2.173978445097596079e+00 2.484565788348065407e+00 1.312306962406694311e+00
1.198502583539972743e+00 2.628441030455800576e+00 2.188029099330814020e+00 2.466001425263993685e+00 1.314415758665153255e+00
1.232629256579121257e+00 2.615148640612597220e+00 2.205024560036273229e+00 2.456667074735337408e+00 1.324581494151252592e+00
1.262144714790832456e+00 2.600909025592811119e+00 2.227420310410385351e+00 2.454100701435643295e+00 1.338323363322441395e+00
1.284096156061237393e+00 2.567392597434913881e+00 2.248937054232096777e+00 2.447575087689255913e+00 1.349745467840849589e+00
1.296747937659353589e+00 2.520753183834722133e+00 2.259937312945964116e+00 2.436015121971654818e+00 1.359966807931293653e+00
1.305071052953053368e+00 2.472151288298585659e+00 2.263622801304594034e+00 2.424038669273133717e+00 1.371695897127938490e+00
1.310744207236311576e+00 2.420561434703431658e+00 2.254786206606800292e+00 2.411667660365588439e+00 1.378377305562036748e+00
1.314599738731468292e+00 2.370176208259472173e+00 2.264516097883046086e+00 2.393878084590323585e+00 1.379616046160637266e+00
1.321968253599018706e+00 2.358989271295641288e+00 2.282898862923131489e+00 2.357387410696174967e+00 1.382405524076488312e+00
1.320882846393213184e+00 2.367660230533109367e+00 2.269462579786185596e+00 2.318488680797793577e+00 1.387039602779044589e+00
1.311760630175372810e+00 2.364662473661481634e+00 2.244208107211275838e+00 2.286202278895141049e+00 1.393946767005867615e+00
1.301499305202222345e+00 2.349013388278729852e+00 2.217757947924279271e+00 2.258351275152617355e+00 1.403040039424391150e+00
1.293175546463728010e+00 2.325249364343829672e+00 2.188088475597977478e+00 2.236108025317234294e+00 1.412216899290388294e+00
1.279419612182923327e+00 2.317464566696812334e+00 2.167369315759684056e+00 2.211746660735964376e+00 1.428427651472686799e+00
1.264380550051365404e+00 2.338665459025133231e+00 2.168356041559976966e+00 2.199042575778344055e+00 1.450253200718240043e+00
1.253146899997107599e+00 2.340744204351563162e+00 2.165959032700421005e+00 2.193837994449607809e+00 1.477364193216232913e+00
1.244087954518449557e+00 2.330843462618093831e+00 2.161094949029356727e+00 2.190560778443047418e+00 1.504904266720684669e+00
1.234476874586138528e+00 2.327254784148682809e+00 2.158706049167908425e+00 2.189410998557284493e+00 1.532939494832749272e+00
1.224116184492636039e+00 2.345351345662705977e+00 2.162329894804735364e+00 2.193621280621933067e+00 1.558718957910428360e+00
1.215957112248385208e+00 2.377667026377727755e+00 2.168100733214737286e+00 2.203362648473339291e+00 1.580571154514774257e+00
1.214095089772978309e+00 2.377491575541719193e+00 2.156802496776506928e+00 2.201570422842399566e+00 1.604288655618700821e+00
1.224035484373140026e+00 2.325462200503594978e+00 2.149652952048742183e+00 2.188805199204225005e+00 1.604693275437186761e+00
1.224453151749642199e+00 2.270412766473344668e+00 2.153608149934985505e+00 2.190598838033589679e+00 1.596542205875894904e+00
1.230940684551098174e+00 2.215643737891123788e+00 2.159757160055379988e+00 2.195005237705863976e+00 1.599280422281591063e+00
1.267777151833224369e+00 2.195984506300940442e+00 2.160438358134886716e+00 2.196042627513778100e+00 1.609222594377399895e+00
1.300000000000000044e+00 2.169999999999999929e+00 2.154999999999999805e+00 2.209999999999999964e+00 1.600000000000000089e+00
