8.699999999999999956e-01 2.740000000000000213e+00 1.850000000000000089e+00 2.629999999999999893e+00 1.350000000000000089e+00
9.062086054965359239e-01 2.757240533474271338e+00 1.872643586443583752e+00 2.604934063877257344e+00 1.342119375282654348e+00
9.487676605844584943e-01 2.783691610007084982e+00 1.891979271864720369e+00 2.593293892557860580e+00 1.339029354354681622e+00
9.914633667714523035e-01 2.795692851954159952e+00 1.917604628967778169e+00 2.583049366136338509e+00 1.337795973545214512e+00
1.024295900754502497e+00 2.792207646219653228e+00 1.954186236456765258e+00 2.570367578354768590e+00 1.331539927597937600e+00
1.051975296714799057e+00 2.790052454680736815e+00 1.994194046767570505e+00 2.555315316059345587e+00 1.323890122360054322e+00
1.082260489401254855e+00 2.797654921151564444e+00 2.031918458241246395e+00 2.538876238644528271e+00 1.319131482499623864e+00
1.115654697158292130e+00 2.808210047216343153e+00 2.067769938046310152e+00 2.524200521064159375e+00 1.316874202123562654e+00
1.155133595921918221e+00 2.795405342809652360e+00 2.095329996042411214e+00 2.511405501354523562e+00 1.313635222307429906e+00
1.193846581883021285e+00 2.770846856789712653e+00 2.116255613252395307e+00 2.517943967419691287e+00 1.327772556956968053e+00
1.216070163014911110e+00 2.787387108115202405e+00 2.158950045792970229e+00 2.527551030411705035e+00 1.333203653821950940e+00
1.237987840584173549e+00 2.797756520994029383e+00 2.205125377378011287e+00 2.529242007626496758e+00 1.331147319388298778e+00
1.264557871667727706e+00 2.781644470801398761e+00 2.246468618380669025e+00 2.520201754261761629e+00 1.330808693055556047e+00
1.281270037345257684e+00 2.727008633519758085e+00 2.248219218678314757e+00 2.496510778561397359e+00 1.324873438556803062e+00
1.293674864425996107e+00 2.665925015551711130e+00 2.233583749899205717e+00 2.472236998109883288e+00 1.319125624410544040e+00
1.301191173550241720e+00 2.599967557388836781e+00 2.227269097152784649e+00 2.447343540085504365e+00 1.317821354137552303e+00
1.298447662480183951e+00 2.534718806686505843e+00 2.219128219886712827e+00 2.422220620716966089e+00 1.323594288114805728e+00
1.297143889100083936e+00 2.480369870357799211e+00 2.207733404373742658e+00 2.391105121248020993e+00 1.336530173896086415e+00
1.302852028862123257e+00 2.443318813450500837e+00 2.196207879607636748e+00 2.352512380104473610e+00 1.353061402141521929e+00
1.306756707859941580e+00 2.418522056808376952e+00 2.180606961499956586e+00 2.310999143464886441e+00 1.370357288202759705e+00
1.299308449897542905e+00 2.412631174820687896e+00 2.156413888057413963e+00 2.272582285290194459e+00 1.388789126167718324e+00
1.273839081729642331e+00 2.397717935769480668e+00 2.149321791067587029e+00 2.237186799149891048e+00 1.406327745600961743e+00
1.263097875679809245e+00 2.370421789701097737e+00 2.152431389331144640e+00 2.224531023114044714e+00 1.443803901998748307e+00
1.252971433950954339e+00 2.368027557455793186e+00 2.149061483966301811e+00 2.225672002346376299e+00 1.485808254373232273e+00
1.244228222417106178e+00 2.374127770878147636e+00 2.147176995539196387e+00 2.228387949675737723e+00 1.527928728658222379e+00
1.239034722462036608e+00 2.386708129111698717e+00 2.151380481877367856e+00 2.229985877468842137e+00 1.569918067442342968e+00
1.242528520156460203e+00 2.364880290495082971e+00 2.154372302136645878e+00 2.220051613515209965e+00 1.609631459332546255e+00
1.254193526700635664e+00 2.325352734219590989e+00 2.145136478474986230e+00 2.190596442113771136e+00 1.633330752299972488e+00
1.237668680779691943e+00 2.280360303577864567e+00 2.148657903424176840e+00 2.193050599980100657e+00 1.664296364493271563e+00
1.237322138471637079e+00 2.207627323439944611e+00 2.148996652126892393e+00 2.203773819759016650e+00 1.657229039264453752e+00
1.261963305854734152e+00 2.171215225438502650e+00 2.142473926152071328e+00 2.203154874899559523e+00 1.626401192935108986e+00
1.300000000000000044e+00 2.169999999999999929e+00 2.154999999999999805e+00 2.209999999999999964e+00 1.600000000000000089e+00
