8.699999999999999956e-01 2.740000000000000213e+00 1.850000000000000089e+00 2.629999999999999893e+00 1.350000000000000089e+00
8.928467783142141068e-01 2.740205592361417253e+00 1.865146536350858364e+00 2.611362246355132921e+00 1.341261006303439807e+00
9.181741662343806398e-01 2.754328376212217044e+00 1.874327369494992901e+00 2.591440673918990800e+00 1.333776359922667742e+00
9.443970595886966857e-01 2.782628985154091961e+00 1.879514528996014677e+00 2.575206269664827907e+00 1.332287069044617578e+00
9.722434968078716988e-01 2.803926341501068897e+00 1.892325631687525433e+00 2.564514120348093673e+00 1.332535581616660192e+00
1.000595543581151770e+00 2.810006358355661149e+00 1.909717996273753604e+00 2.557479956480757988e+00 1.332903257374052464e+00
1.026997175570507848e+00 2.796347262644994558e+00 1.927478663017689664e+00 2.549885262500819039e+00 1.334938871307013386e+00
1.044442011879245236e+00 2.764211435796311456e+00 1.943275647350812374e+00 2.537097447543028128e+00 1.337933224737009263e+00
1.054914330754420426e+00 2.742450821882696843e+00 1.965391041060433608e+00 2.521923040961536966e+00 1.336353342104599884e+00
1.065676315978255850e+00 2.753488291347396366e+00 1.991096807529193713e+00 2.517422410337469163e+00 1.331097363085427254e+00
1.079989142787019851e+00 2.768209781576386419e+00 2.016703686967672216e+00 2.517535040487704823e+00 1.327162704374292623e+00
1.096892897415712387e+00 2.776312482185782748e+00 2.042261260215489038e+00 2.516809447858908033e+00 1.324439108176575841e+00
1.115292206962657628e+00 2.777816013753613422e+00 2.067499924856728288e+00 2.514351703945952199e+00 1.322345408717352289e+00
1.135315478376212273e+00 2.768584892302600853e+00 2.091139271051355664e+00 2.509113043550502908e+00 1.321702983551602983e+00
1.156146622178560346e+00 2.744784067643778247e+00 2.108248570570619318e+00 2.497026618512447449e+00 1.325352297840146409e+00
1.174270046185648120e+00 2.719440665649274447e+00 2.127689906841433665e+00 2.485308419666881541e+00 1.327260133746145154e+00
1.191470173198845739e+00 2.687791526489674787e+00 2.145402464602676140e+00 2.475426326195834026e+00 1.323346411921216159e+00
1.209782499955164070e+00 2.646617685700430211e+00 2.154075187651327994e+00 2.463871095716714699e+00 1.320105144324946078e+00
1.229600253077383520e+00 2.603907636917491608e+00 2.156059426034246052e+00 2.452962667145809128e+00 1.324401037761775202e+00
1.249082714183032294e+00 2.566260628865919990e+00 2.152902479274257708e+00 2.445181022491355716e+00 1.337466239810056079e+00
1.267653004619254897e+00 2.529699288079794162e+00 2.149207634224062247e+00 2.440192150631387058e+00 1.353169602605350796e+00
1.278666534849346226e+00 2.495961780140632857e+00 2.136154541897744341e+00 2.439927150940480516e+00 1.369744720285854589e+00
1.283015397661785961e+00 2.451122739050643595e+00 2.142169917671363777e+00 2.425054667768638428e+00 1.376457299184994598e+00
1.281790856374839027e+00 2.420488801549628644e+00 2.155815822009113703e+00 2.405369223781754329e+00 1.383360737782951322e+00
1.272661430469240074e+00 2.398257076147663369e+00 2.146422081453398079e+00 2.378425147695939934e+00 1.393632043968753509e+00
1.260709337654548623e+00 2.384347408481672037e+00 2.133513194340600272e+00 2.350830098138195545e+00 1.400894362088979772e+00
1.247231111949225868e+00 2.374535008445780804e+00 2.125433536906003340e+00 2.320485846012237285e+00 1.406944560405114952e+00
1.241344227585022164e+00 2.388726172581585150e+00 2.125507309697781011e+00 2.291620806324308646e+00 1.418929098050673909e+00
1.253128329397865892e+00 2.422646070886318892e+00 2.130238184885302921e+00 2.278765515603791592e+00 1.436960831761911361e+00
1.264115330272185034e+00 2.447423041549297018e+00 2.133673731835473930e+00 2.264591753879026115e+00 1.458468033284453069e+00
1.267126635530419154e+00 2.458554452468038498e+00 2.138266112091694815e+00 2.249674057638288982e+00 1.483984101272169953e+00
1.268235439159850264e+00 2.463240251073901987e+00 2.142494770161429862e+00 2.243956349345250789e+00 1.512450220133988443e+00
1.266203806799505172e+00 2.454871059430651759e+00 2.143439292219924575e+00 2.247647853046462085e+00 1.540816633321967277e+00
1.257214133403757650e+00 2.417497128107252369e+00 2.145284622375402073e+00 2.251442184820175996e+00 1.560941099825086997e+00
1.256401549833032760e+00 2.376027337556762209e+00 2.153759624412338258e+00 2.245289186802009951e+00 1.577787895072151558e+00
1.266281318812450873e+00 2.349457799213088727e+00 2.165474868775755457e+00 2.233220020803696748e+00 1.597133661803163962e+00
1.278537304997418911e+00 2.317612590956432239e+00 2.172293923507905067e+00 2.224156419118272332e+00 1.616622508433127825e+00
1.283223962499806969e+00 2.271598363655340069e+00 2.164498051594310635e+00 2.228318399750929935e+00 1.630444168217997536e+00
1.277710404774123676e+00 2.240421719541521028e+00 2.141988963436308957e+00 2.234899455746612418e+00 1.628301099013812481e+00
1.279464770294495235e+00 2.240811876496087152e+00 2.129818055715097191e+00 2.222039576864562882e+00 1.604221188796599584e+00
1.293015942501508642e+00 2.211251742629171346e+00 2.139432670330410957e+00 2.206133621373763898e+00 1.589390829986099707e+00
1.300000000000000044e+00 2.169999999999999929e+00 2.154999999999999805e+00 2.209999999999999964e+00 1.600000000000000089e+00
