8.699999999999999956e-01 2.740000000000000213e+00 1.850000000000000089e+00 2.629999999999999893e+00 1.350000000000000089e+00
8.987334381737546174e-01 2.731841396572230796e+00 1.869511018550168879e+00 2.611788794890308907e+00 1.351206711840228669e+00
9.274668763475092392e-01 2.723682793144461378e+00 1.889022037100337670e+00 2.593577589780617476e+00 1.352413423680457250e+00
9.553838935727321235e-01 2.720629569647155854e+00 1.908026070843825694e+00 2.572740751190413455e+00 1.353664510476924043e+00
9.825742341554857262e-01 2.729120085260114958e+00 1.904977925426025953e+00 2.559688463910637424e+00 1.339257913788297172e+00
1.003986605817939637e+00 2.750615208271729450e+00 1.932962290237488112e+00 2.560723828982852446e+00 1.335524672290216319e+00
1.026786158918234104e+00 2.775020476780161172e+00 1.959257891472757418e+00 2.558883493997981873e+00 1.335181308079362417e+00
1.053096224206208298e+00 2.785456950280872590e+00 1.985208574754535826e+00 2.549082958316098768e+00 1.336457107543996381e+00
1.079421081504235325e+00 2.787795078938702709e+00 2.009513050309565063e+00 2.534589010596180803e+00 1.341062736968627656e+00
1.104633474571994123e+00 2.792478244921417385e+00 2.036626137621020405e+00 2.524232881404038231e+00 1.344386083500719531e+00
1.126167306335272844e+00 2.799102144388314173e+00 2.067211322266355289e+00 2.524595606821379068e+00 1.340247609950101060e+00
1.148622121631521553e+00 2.796274577025042785e+00 2.096772024226753128e+00 2.526884804457387279e+00 1.333183235682397827e+00
1.174668997389381353e+00 2.781305361021181533e+00 2.122022057366220960e+00 2.526202665137081471e+00 1.326954408776135352e+00
1.202000966955866668e+00 2.754946227092783584e+00 2.141292586460362912e+00 2.521721918381107486e+00 1.321670760546521883e+00
1.221152693747212137e+00 2.713427488251978215e+00 2.154282852635102330e+00 2.510468012296013018e+00 1.319161395704159911e+00
1.235488568398829923e+00 2.674982086698470596e+00 2.176324423915624973e+00 2.502177733427600526e+00 1.320448131428560323e+00
1.251571006736333702e+00 2.654971425812588492e+00 2.207342356903466918e+00 2.502966320662941335e+00 1.321541275055765130e+00
1.265368846999071151e+00 2.626049275704193331e+00 2.236473927079732249e+00 2.500575070097190711e+00 1.322361622236767120e+00
1.274938132553795844e+00 2.579371842697138817e+00 2.248661932174422340e+00 2.488696226187560256e+00 1.323617217314874583e+00
1.282234656757054614e+00 2.530495599139190421e+00 2.248790338642443487e+00 2.470146309911676497e+00 1.327162413027676235e+00
1.287755480169480604e+00 2.486500266634685818e+00 2.247975176149841658e+00 2.446533069347012201e+00 1.333941670589010142e+00
1.292533836805729086e+00 2.446236699721614283e+00 2.246461417723593978e+00 2.419759529772309570e+00 1.341615181215600305e+00
1.298095777371107040e+00 2.407496539148038295e+00 2.240494357306933804e+00 2.392561498429406353e+00 1.348787802486388632e+00
1.302922911702894648e+00 2.374309507992550472e+00 2.226198407449528904e+00 2.368596729766020648e+00 1.359776739422851932e+00
1.299308960276927882e+00 2.370104448885048676e+00 2.205112681882913872e+00 2.356435678351817220e+00 1.378916459464730959e+00
1.286851394714410679e+00 2.384841611326577571e+00 2.194909522964218596e+00 2.331367148070400575e+00 1.394355423276202766e+00
1.276366292304185412e+00 2.390807816598609747e+00 2.194169548810231962e+00 2.292943420322061776e+00 1.399664122651992360e+00
1.268829532597739451e+00 2.376833502869305725e+00 2.187608458992913008e+00 2.254957239934491930e+00 1.398609458066467415e+00
1.246260289172763214e+00 2.378701623210587535e+00 2.177776004187532255e+00 2.232822842273127772e+00 1.409200362307221122e+00
1.235500648919211741e+00 2.369696479304188141e+00 2.172199238813590227e+00 2.233108411068831067e+00 1.437032187794710314e+00
1.225964000532521192e+00 2.353912116646774244e+00 2.166979831921303834e+00 2.231782258095411198e+00 1.464305269817632205e+00
1.214308740764441286e+00 2.337911492543242264e+00 2.154546140561834910e+00 2.231373861110754309e+00 1.489573906422287930e+00
1.226817937774499434e+00 2.310963331645430774e+00 2.149695597483311182e+00 2.222720081963567296e+00 1.512393851855185156e+00
1.219544127709907722e+00 2.301299105153700619e+00 2.140371079658772491e+00 2.195855957391267932e+00 1.531296055139891754e+00
1.232499691983465873e+00 2.299187137221392341e+00 2.151501267930655548e+00 2.178692015798186610e+00 1.554493560458197532e+00
1.247394839472860673e+00 2.314867222353377940e+00 2.163648470144445835e+00 2.174905566809943291e+00 1.578827920578914412e+00
1.263038702797773194e+00 2.326440018820094213e+00 2.174450076416057698e+00 2.173176737034918649e+00 1.603960933780482989e+00
1.282340104900037359e+00 2.321431821365522286e+00 2.182069283119573821e+00 2.177527656239574227e+00 1.628416575495966079e+00
1.302410953148573691e+00 2.282607553134545331e+00 2.184243428180254742e+00 2.188899339567179414e+00 1.640289356348869187e+00
1.299639369437215919e+00 2.230767219340493934e+00 2.173994864416125772e+00 2.200357451081574212e+00 1.640728351748989233e+00
1.291321529237936527e+00 2.190353780595193811e+00 2.158667045585443756e+00 2.208942919515588965e+00 1.626793136383381189e+00
1.300000000000000044e+00 2.169999999999999929e+00 2.154999999999999805e+00 2.209999999999999964e+00 1.600000000000000089e+00
