8.699999999999999956e-01 2.740000000000000213e+00 1.850000000000000089e+00 2.629999999999999893e+00 1.350000000000000089e+00
9.114453022011194117e-01 2.778025270107268518e+00 1.884996707507200719e+00 2.604817700429183258e+00 1.333647516879172157e+00
9.770132008930528800e-01 2.764770914571118787e+00 1.902435786187579358e+00 2.590093868401098121e+00 1.331783877672695793e+00
1.029967514514649629e+00 2.749300470688784248e+00 1.940571583957158230e+00 2.568011311345391512e+00 1.333506981132398961e+00
1.071866543012171880e+00 2.751442573485556320e+00 1.993618138363722592e+00 2.565306983409849639e+00 1.341374670200234709e+00
1.117759598246508945e+00 2.756347411443737627e+00 2.043939710642320495e+00 2.555922513205526769e+00 1.343296675495238901e+00
1.165712218090330765e+00 2.745936416165579264e+00 2.091481755016060706e+00 2.543249096430623357e+00 1.343622434783752206e+00
1.200281507667102288e+00 2.723513504029020815e+00 2.145837356686575159e+00 2.526682594989001718e+00 1.342119592971515507e+00
1.214480254325187580e+00 2.720381876138708410e+00 2.210338135672440973e+00 2.515021018343674974e+00 1.338003817962094111e+00
1.258734727544682519e+00 2.689004715678349200e+00 2.253872024380869643e+00 2.503121227792063586e+00 1.328072723497313978e+00
1.303070767934906282e+00 2.622264413246372161e+00 2.263624627243449261e+00 2.484959181018114194e+00 1.326346111353529977e+00
1.326531954890968423e+00 2.547999904353352996e+00 2.236875536281151433e+00 2.463622812278235319e+00 1.333263454349608690e+00
1.320170019364564906e+00 2.472319628781421308e+00 2.215303892639920669e+00 2.432899074219007751e+00 1.346691194704884076e+00
1.317102635411373512e+00 2.400174086282940156e+00 2.215003259518118384e+00 2.393709628621690122e+00 1.365277345657297303e+00
1.318112377207794950e+00 2.331644418506273464e+00 2.216199418007590793e+00 2.358602648091807197e+00 1.387141862087592825e+00
1.321351101641762504e+00 2.318415839145846480e+00 2.189856318888832476e+00 2.295010146957894737e+00 1.370892358268058775e+00
1.319199585656054996e+00 2.282031909923009749e+00 2.158013903585501936e+00 2.240754493925338764e+00 1.356769128330169494e+00
1.306174010087418402e+00 2.258111882623919264e+00 2.150619162836694187e+00 2.178271560919548211e+00 1.378466671354210416e+00
1.292948354767894381e+00 2.227863047909958816e+00 2.165138843232623955e+00 2.139527432126373974e+00 1.412148969652575303e+00
1.310209863212395964e+00 2.271122112683700234e+00 2.168249818096502857e+00 2.175897658804891943e+00 1.446086274499431612e+00
1.290635571993820063e+00 2.288275590245603119e+00 2.150031461061657101e+00 2.189992852794024447e+00 1.488963474238470974e+00
1.270721285944241385e+00 2.305089715880476398e+00 2.131638066690539901e+00 2.203800205737640905e+00 1.531802272356417305e+00
1.260579458693477983e+00 2.307357986826207519e+00 2.121749171205430162e+00 2.222068094061941945e+00 1.577689941211555702e+00
1.267860858707796190e+00 2.230348267929781692e+00 2.115703407019689841e+00 2.226190261669852344e+00 1.601115344289778530e+00
1.300000000000000044e+00 2.169999999999999929e+00 2.154999999999999805e+00 2.209999999999999964e+00 1.600000000000000089e+00
