8.699999999999999956e-01 2.740000000000000213e+00 1.850000000000000089e+00 2.629999999999999893e+00 1.350000000000000089e+00
9.061839769003832146e-01 2.728848905967095728e+00 1.840863896227582064e+00 2.613037869525387524e+00 1.343919168004348519e+00
9.369452990985267515e-01 2.705949055958189131e+00 1.838641302382174825e+00 2.590350916317623930e+00 1.337705423605556332e+00
9.487730839066453870e-01 2.681645366533316199e+00 1.851296829677410383e+00 2.559048440828711080e+00 1.327498401284636032e+00
9.714564461306031129e-01 2.714001409411602506e+00 1.871613859635270938e+00 2.549787983999642904e+00 1.334388413897320103e+00
9.960184806358528542e-01 2.737143002430514116e+00 1.901293850412872910e+00 2.558109934483726366e+00 1.334500164699642388e+00
1.020026335060840283e+00 2.748682624168113264e+00 1.934688278181341481e+00 2.564381449900445809e+00 1.330673920916910502e+00
1.045619982728030140e+00 2.765239878447675714e+00 1.966179945724588762e+00 2.561375358615217479e+00 1.334317504702857704e+00
1.070749591234751996e+00 2.770945179739305431e+00 1.997572361322117906e+00 2.551297134755745599e+00 1.341204203457784905e+00
1.089233551802812006e+00 2.779337006992461667e+00 2.034032319421930524e+00 2.541793722193610883e+00 1.339293440025960846e+00
1.105126297743451280e+00 2.789301130297216602e+00 2.071513121699743998e+00 2.533096989142933797e+00 1.334240530400848446e+00
1.123488285614542281e+00 2.789469916972394881e+00 2.109034406616938639e+00 2.525328644854411664e+00 1.332030171085975434e+00
1.154697028602457820e+00 2.777508786986211398e+00 2.133661126739871516e+00 2.520342743656975415e+00 1.325567280509232226e+00
1.181430722315774728e+00 2.764020108955633770e+00 2.113183351179699798e+00 2.519877472993551581e+00 1.316265163349745082e+00
1.209791472182619509e+00 2.741959808076810390e+00 2.136847966999693593e+00 2.512682452179190840e+00 1.325104925543542533e+00
1.226391255934870861e+00 2.735133981391089542e+00 2.174276115050080005e+00 2.508798222967495217e+00 1.333414704658818284e+00
1.238534482146997018e+00 2.728685979098696812e+00 2.214598686556243479e+00 2.507980245606501679e+00 1.337861510921689145e+00
1.251141997948127305e+00 2.706288499655662871e+00 2.251405527906179316e+00 2.508642861945111324e+00 1.337202231393996410e+00
1.270548304775942494e+00 2.658024777713508424e+00 2.249659374459365591e+00 2.513857641439477320e+00 1.325803887792465385e+00
1.285726846192750905e+00 2.608447179691204987e+00 2.233525927832397784e+00 2.506743673797106720e+00 1.322821338874668795e+00
1.290922893965969598e+00 2.554563351686407024e+00 2.223816658506896804e+00 2.491356599959449802e+00 1.324318887338789441e+00
1.292038148343509274e+00 2.505891674813386150e+00 2.212778189013529850e+00 2.469657370684415376e+00 1.327001225669952156e+00
1.293521943499255977e+00 2.464359436020062688e+00 2.207846656482151726e+00 2.441352161904463802e+00 1.334173247866673240e+00
1.296484347307905516e+00 2.422608978150675441e+00 2.215983043663460439e+00 2.414390237207286294e+00 1.342429220750305019e+00
1.306184065340076472e+00 2.381986864628820477e+00 2.229959459907240760e+00 2.389730893086498220e+00 1.348772844540408578e+00
1.316828071619092100e+00 2.346827736311046131e+00 2.232009459493444758e+00 2.361708790938128466e+00 1.359168752488116416e+00
1.317487124182251446e+00 2.338890863948767773e+00 2.223513017996234797e+00 2.329176089060055688e+00 1.377822784385502208e+00
1.310524470956399012e+00 2.353758781700138414e+00 2.214494433473671364e+00 2.293745763430558249e+00 1.390509978997983120e+00
1.300992869582594746e+00 2.368034794272479981e+00 2.203795747661981164e+00 2.256365416189614059e+00 1.395390772224402554e+00
1.286959417287430796e+00 2.365691156053061572e+00 2.189609484434211772e+00 2.221014347394297594e+00 1.401945102560765211e+00
1.269006324045921064e+00 2.349268477447940651e+00 2.177543647352391254e+00 2.198208694702857624e+00 1.420638985043844782e+00
1.258874717410216615e+00 2.337151114545809261e+00 2.173272673191605442e+00 2.192428743416542591e+00 1.452400611736614167e+00
1.245896412356981564e+00 2.328005775961644375e+00 2.171318395673345947e+00 2.189870020489109947e+00 1.484219699214446520e+00
1.231078718942791639e+00 2.330155910033795408e+00 2.167512126387368454e+00 2.188016892782125300e+00 1.515639967999114601e+00
1.218821453673163635e+00 2.351949827043402053e+00 2.163275171704935662e+00 2.189198659642195732e+00 1.544146790357352472e+00
1.212381410989176400e+00 2.313085878667082262e+00 2.166049765507903402e+00 2.191003456250745884e+00 1.569514015696534148e+00
1.210123608172968712e+00 2.273852554430216166e+00 2.159867638923119948e+00 2.199696464923910799e+00 1.593443249958541141e+00
1.211620936581619956e+00 2.279578067834684862e+00 2.168114648126417521e+00 2.205830398915562096e+00 1.625239769287995628e+00
1.240724810941337797e+00 2.265474199028672864e+00 2.192853779646496193e+00 2.200827041615391000e+00 1.635573649000293894e+00
1.274111364877203556e+00 2.244025584802089579e+00 2.203070283845586896e+00 2.198449393425597531e+00 1.621584087966769339e+00
1.295303293743775841e+00 2.208413258282521774e+00 2.186133873871133559e+00 2.202493350267199723e+00 1.605319856989820160e+00
1.300000000000000044e+00 2.169999999999999929e+00 2.154999999999999805e+00 2.209999999999999964e+00 1.600000000000000089e+00
