8.699999999999999956e-01 2.740000000000000213e+00 1.850000000000000089e+00 2.629999999999999893e+00 1.350000000000000089e+00
8.994999193759416478e-01 2.753358238049425921e+00 1.854245803025331485e+00 2.604930466287880275e+00 1.343445990440254478e+00
9.333578379568651107e-01 2.738556422591763351e+00 1.861675535301116735e+00 2.586155467095922589e+00 1.346120961505458791e+00
9.528174445835417838e-01 2.716504498128903933e+00 1.832938987821083332e+00 2.573833984090534432e+00 1.350352588724659020e+00
9.666823304955456386e-01 2.733077208769119970e+00 1.865445520325777817e+00 2.576565283168275045e+00 1.343003717328461244e+00
9.839024694281391925e-01 2.757811233986358967e+00 1.900040810927313029e+00 2.574488518728265785e+00 1.341524871758096316e+00
1.009184313988731985e+00 2.775195659780694601e+00 1.929687128623809311e+00 2.572673570241977181e+00 1.340077132281478844e+00
1.042821227556305130e+00 2.771725096034049152e+00 1.951036544046768739e+00 2.575005459294268384e+00 1.339052256409974717e+00
1.070208703935213279e+00 2.766889771230759187e+00 1.974599029442148712e+00 2.556119326194314478e+00 1.341514526366057725e+00
1.089716723178555835e+00 2.762009923058219574e+00 2.007752556243381559e+00 2.540771409737162756e+00 1.342284271510371108e+00
1.109049233327934925e+00 2.757134606581793435e+00 2.041056735915782738e+00 2.525509596543599855e+00 1.343020103131217668e+00
1.121422417746213540e+00 2.701353746435007253e+00 2.043885446051434851e+00 2.517197427909137364e+00 1.347897676784059584e+00
1.122067953774420701e+00 2.675686121558560782e+00 2.066469244710650965e+00 2.501643890800583581e+00 1.335559417547608430e+00
1.149527400514589015e+00 2.655929673656795664e+00 2.094580276332359769e+00 2.499893480901206111e+00 1.336514427798771498e+00
1.181022288435473522e+00 2.632145900604439426e+00 2.115402879470255737e+00 2.497087125820842246e+00 1.340892500198130666e+00
1.212892042708653140e+00 2.615315813348126017e+00 2.138707952292690173e+00 2.499704122090084635e+00 1.339802169755909489e+00
1.229979083379344251e+00 2.611048021856514190e+00 2.176384764746396971e+00 2.497984176629110653e+00 1.340525404805461118e+00
1.241305423602113267e+00 2.585704264100618932e+00 2.210597514277382380e+00 2.483960001265114848e+00 1.341365576130761017e+00
1.253407666008325982e+00 2.570647740369005341e+00 2.227742577204490093e+00 2.453805063842265710e+00 1.351504622287710511e+00
1.259533428015239931e+00 2.566876101613407180e+00 2.228193203736252404e+00 2.420972539185434425e+00 1.366691022279377332e+00
1.258669938321562931e+00 2.559186849972840072e+00 2.215373829625976843e+00 2.387391299166470304e+00 1.379292633073933683e+00
1.250545434310870618e+00 2.541348931616278950e+00 2.186806856326495740e+00 2.361763799917552031e+00 1.375987695453462223e+00
1.239256412064325241e+00 2.526146011160923077e+00 2.167953733717571829e+00 2.342030739171539366e+00 1.361575475521966005e+00
1.232660006143688758e+00 2.510590368190418697e+00 2.168533316645856690e+00 2.320041271730523658e+00 1.382282117389906251e+00
1.226905459726006065e+00 2.503783594203354834e+00 2.164872496687015424e+00 2.305708157787082158e+00 1.405989996370445638e+00
1.222946585999742375e+00 2.513123209901812150e+00 2.164820169329709110e+00 2.306914777112428983e+00 1.431590067259033816e+00
1.223337046877429168e+00 2.534785612726620396e+00 2.168584529369687708e+00 2.327522811380476675e+00 1.452508460846810401e+00
1.229666788750281237e+00 2.570680867096629907e+00 2.179744639992609478e+00 2.350590928165035010e+00 1.467296397818921738e+00
1.235763568102993037e+00 2.595359873411761775e+00 2.195092899451551727e+00 2.360663994473453986e+00 1.488028119814962302e+00
1.234443695467760227e+00 2.562192473624367750e+00 2.179861838289652187e+00 2.341056866424870986e+00 1.488227456934181792e+00
1.240535921863571422e+00 2.532513422683461801e+00 2.168196102579508899e+00 2.308411744390986620e+00 1.491720972805190559e+00
1.249911894574447180e+00 2.522398979689749243e+00 2.171821567040963075e+00 2.280125750331497336e+00 1.509164003785787855e+00
1.259291330461691727e+00 2.509063653257325388e+00 2.175191616799148076e+00 2.255239322473359564e+00 1.528183386820547440e+00
1.267835781825023433e+00 2.471464252053114929e+00 2.172137712861170744e+00 2.239324017134181499e+00 1.546478638062295685e+00
1.271759998131669178e+00 2.407433033670709488e+00 2.164621257164540680e+00 2.231238039234615833e+00 1.552482277172169134e+00
1.277226894833323634e+00 2.344026905454831056e+00 2.156520018887570611e+00 2.222654583416182827e+00 1.545231074124665316e+00
1.285911021263441256e+00 2.277888401627137238e+00 2.154018154361994952e+00 2.224350191131733823e+00 1.541314085312691207e+00
1.280505063682061850e+00 2.218558834467649898e+00 2.167061669255738732e+00 2.231174463659810314e+00 1.549808138203728314e+00
1.273784956550140901e+00 2.186797557840330253e+00 2.190493631947936226e+00 2.230342355967470880e+00 1.563420018992980998e+00
1.285000026344978341e+00 2.134220115292329911e+00 2.184405615179655147e+00 2.209609990839047189e+00 1.561062407685729125e+00
1.290788794839365705e+00 2.124795047614171040e+00 2.169988658426351247e+00 2.203529811279250961e+00 1.583959913751028514e+00
1.300000000000000044e+00 2.169999999999999929e+00 2.154999999999999805e+00 2.209999999999999964e+00 1.600000000000000089e+00
