8.699999999999999956e-01 2.740000000000000213e+00 1.850000000000000089e+00 2.629999999999999893e+00 1.350000000000000089e+00
8.989882930806539774e-01 2.757840176479813721e+00 1.858906584555088060e+00 2.614364769339840855e+00 1.347232586459351067e+00
9.315500511622670787e-01 2.761023883218488351e+00 1.866432334386852077e+00 2.602377393763813274e+00 1.341948412849965244e+00
9.600102854729235524e-01 2.755902383035155445e+00 1.881783601070093681e+00 2.588985993121600604e+00 1.338088796715620976e+00
9.869945077633924813e-01 2.747233303633619617e+00 1.899248178789710195e+00 2.575537207877026891e+00 1.337202278869754402e+00
1.013387074373100161e+00 2.732020217585885202e+00 1.915058117948096772e+00 2.561495873332627848e+00 1.339397605583946271e+00
1.037390372384813020e+00 2.712254910255373908e+00 1.931076845134740427e+00 2.547715106637805427e+00 1.343655408412631092e+00
1.058418845064926561e+00 2.691657120422322524e+00 1.949627276512721608e+00 2.534984283771140490e+00 1.348721951755344151e+00
1.076754383152990435e+00 2.672697539632898689e+00 1.971645257177737642e+00 2.523706469093222715e+00 1.352772167540538861e+00
1.092263185126001179e+00 2.657966091764315308e+00 1.997323543294589498e+00 2.514294358533021967e+00 1.353915779064904568e+00
1.104905073602202137e+00 2.649548125212580096e+00 2.025417410484841252e+00 2.507144459909111944e+00 1.351730543895962589e+00
1.117120292185527664e+00 2.644668446431668318e+00 2.053812911839645317e+00 2.501950214953648999e+00 1.347408937936261930e+00
1.133267131462181831e+00 2.636467956238386812e+00 2.080335390974945131e+00 2.497942284531691648e+00 1.342530822796982992e+00
1.154990607509130962e+00 2.621524630160464664e+00 2.102723286717749662e+00 2.494520103188683002e+00 1.338428188495871973e+00
1.179567576094536552e+00 2.602602399919604625e+00 2.121939421308391971e+00 2.490144857008731449e+00 1.335420822316035538e+00
1.203024335751956553e+00 2.583584994990034911e+00 2.141472576303814712e+00 2.481695623397747852e+00 1.332967303630213873e+00
1.222227471620400019e+00 2.567362202102361213e+00 2.162425135251995201e+00 2.465867328917624945e+00 1.330908606434068053e+00
1.236419360986445781e+00 2.557820611064114402e+00 2.182666887306486725e+00 2.441179081157428765e+00 1.330478819037267835e+00
1.245799097207367145e+00 2.559908138273663702e+00 2.199218725004863817e+00 2.410439446117488060e+00 1.334827296921295092e+00
1.249885114395661523e+00 2.571197137265330390e+00 2.209948998521745089e+00 2.381424058900359242e+00 1.346397538806398897e+00
1.250124197203733800e+00 2.581593631010412615e+00 2.214973490502011977e+00 2.358807724625369584e+00 1.363712710989696486e+00
1.249241488707168779e+00 2.587670585532223289e+00 2.215457902929196088e+00 2.342392898404593637e+00 1.383889923207266337e+00
1.248282728543498532e+00 2.593191723983855557e+00 2.212873181100300624e+00 2.332201212725674822e+00 1.405311396081919462e+00
1.246463670841543525e+00 2.597910287222422454e+00 2.208117562103984355e+00 2.327724271166985659e+00 1.427183136646491324e+00
1.243400911427663402e+00 2.596247271071011387e+00 2.200942289936381080e+00 2.325273081214355386e+00 1.448837653180641949e+00
1.240415695860183076e+00 2.585503060402400077e+00 2.191111838204574891e+00 2.320195227123295734e+00 1.469224155416943844e+00
1.239412645468308094e+00 2.568888692676465801e+00 2.179234157056646470e+00 2.310450721331974488e+00 1.487758933496464486e+00
1.241811617450517158e+00 2.549962124494734361e+00 2.166351458901665250e+00 2.296375844367687158e+00 1.504529451056209721e+00
1.249188159005422571e+00 2.527975334898394877e+00 2.154569826371945940e+00 2.277108538073733257e+00 1.518473479438412710e+00
1.261701214934794368e+00 2.501196059158908636e+00 2.148743305108882673e+00 2.250533002629396151e+00 1.524846987047830504e+00
1.273531335500058814e+00 2.474598313183514087e+00 2.152034834752137638e+00 2.221884131505347248e+00 1.520131976509254246e+00
1.281464063062629055e+00 2.447360259906522284e+00 2.159494136844988699e+00 2.197177134223471828e+00 1.509705927673970383e+00
1.287681568907711904e+00 2.412736124261486204e+00 2.166645797674258578e+00 2.179489335943857409e+00 1.498542469106110442e+00
1.293820315454613068e+00 2.368397551777337462e+00 2.172365734509035473e+00 2.172973447113433654e+00 1.490657311930063678e+00
1.296741411597379656e+00 2.320282071866924145e+00 2.174262253345949247e+00 2.179966813646859958e+00 1.492344599201944844e+00
1.290754746839232858e+00 2.292517727893817803e+00 2.167083582786693441e+00 2.195078282250729540e+00 1.506473053248370109e+00
1.280547498542562668e+00 2.290860994139942264e+00 2.156597576279639661e+00 2.209709254437937975e+00 1.524653689782134114e+00
1.272546552735291048e+00 2.260441299819478278e+00 2.147949894717369634e+00 2.229113179382832044e+00 1.535263211005180706e+00
1.285199881095451246e+00 2.217268077683907546e+00 2.155808102471199472e+00 2.229023134368168346e+00 1.540340037427790687e+00
1.290430394151090177e+00 2.209050362906236575e+00 2.158773405709905724e+00 2.230264232872920083e+00 1.562129811404654456e+00
1.294705723230044736e+00 2.197361054208754716e+00 2.158455888618400209e+00 2.224992536202248683e+00 1.583576182313020997e+00
1.300000000000000044e+00 2.169999999999999929e+00 2.154999999999999805e+00 2.209999999999999964e+00 1.600000000000000089e+00
