8.699999999999999956e-01 2.740000000000000213e+00 1.850000000000000089e+00 2.629999999999999893e+00 1.350000000000000089e+00
8.903144197104343460e-01 2.753616384675368067e+00 1.870402748519225389e+00 2.617120939720928519e+00 1.344453350996977381e+00
9.047873100254584244e-01 2.770705929752566465e+00 1.890194301721296100e+00 2.599084535218723069e+00 1.338068750625177827e+00
9.171427855902284376e-01 2.777142093469372242e+00 1.907115240817872426e+00 2.574185192327309135e+00 1.344083087155887979e+00
9.393428466292476076e-01 2.755871327564234363e+00 1.914433020773297134e+00 2.557472806540312504e+00 1.354300417047618943e+00
9.712545879139298233e-01 2.735335310441191936e+00 1.919391980983108814e+00 2.551964200390145265e+00 1.350867717115834976e+00
1.002184708695373239e+00 2.736560662571375424e+00 1.929293926696832528e+00 2.555197689501259806e+00 1.340958649541669656e+00
1.024039046971017219e+00 2.755096330774815527e+00 1.949030034485242924e+00 2.561237803655831868e+00 1.335663240782724026e+00
1.036081792637606691e+00 2.766455142158839031e+00 1.976024093746977295e+00 2.556599427372531430e+00 1.335628087416665943e+00
1.047255517692121440e+00 2.755240296331504801e+00 1.999753071640319790e+00 2.540161067674009843e+00 1.336016477117491386e+00
1.061300268371828670e+00 2.736614099640488629e+00 2.021630316946398942e+00 2.523676260809536220e+00 1.335767454085881489e+00
1.077154688155976814e+00 2.720280235952477810e+00 2.045008801350067351e+00 2.511172167075221839e+00 1.335537882099340434e+00
1.094331909247373114e+00 2.702414353088976817e+00 2.067628908576486957e+00 2.499123446075523614e+00 1.335654907981972173e+00
1.112379899029257935e+00 2.672866404060860290e+00 2.079895145410510793e+00 2.481601358677662628e+00 1.336358648787590919e+00
1.139566010813475749e+00 2.678045448556852115e+00 2.089267332575579950e+00 2.473943508868347685e+00 1.332585886255177599e+00
1.159969000353251900e+00 2.693303097128989521e+00 2.112076379949978211e+00 2.478401069001980428e+00 1.332701658323993676e+00
1.185302857339344262e+00 2.689502807120575323e+00 2.132743613272468419e+00 2.474322867964279027e+00 1.337142479004084672e+00
1.210359724560108319e+00 2.671904010505223415e+00 2.150240129457796634e+00 2.467760696803385834e+00 1.343176121778782095e+00
1.234083309855504851e+00 2.644082476852997576e+00 2.165014804308100338e+00 2.467468248083045435e+00 1.349783356466930151e+00
1.253076306902879855e+00 2.601868895553257399e+00 2.169289948266410306e+00 2.466885108886014866e+00 1.356303254864797525e+00
1.263487576405342150e+00 2.558493777054662743e+00 2.168233706817791706e+00 2.449167337522426990e+00 1.358113052215921268e+00
1.265840230166245917e+00 2.535734376535164980e+00 2.174016804074728970e+00 2.418674494886581261e+00 1.360030177980533939e+00
1.258298186471806357e+00 2.543185515944208053e+00 2.177187902571914080e+00 2.384046558988216713e+00 1.361067715077186602e+00
1.249285042425923198e+00 2.555983555147662400e+00 2.175475600540183407e+00 2.350354420098566877e+00 1.361866221218842599e+00
1.243581262560853551e+00 2.553599090677391548e+00 2.172921279485851898e+00 2.315451724402543210e+00 1.365404777824491322e+00
1.243688795771594524e+00 2.537902217679134598e+00 2.170767084572551298e+00 2.284337585157097283e+00 1.375284429518752738e+00
1.249030663173150701e+00 2.517548782589658973e+00 2.164456296092958087e+00 2.263944531655659897e+00 1.392240961876962002e+00
1.256410181964460859e+00 2.510311630191063514e+00 2.149576643676589960e+00 2.258341799606755629e+00 1.412781839864772682e+00
1.262336081243560670e+00 2.519857398156846617e+00 2.133915189397131762e+00 2.259182545796137642e+00 1.433331963907491957e+00
1.266899316584039648e+00 2.530282980568262285e+00 2.128169193065634790e+00 2.258131310446360729e+00 1.457193694248763549e+00
1.271754900614768369e+00 2.527253906527396232e+00 2.133649372644231157e+00 2.255374935816472526e+00 1.481326484076959771e+00
1.272955452271190335e+00 2.509813072612379070e+00 2.136248324883650351e+00 2.252082293808985280e+00 1.504701439790547379e+00
1.273877516918477504e+00 2.481117746215641073e+00 2.132085559998181168e+00 2.248259212376481742e+00 1.525302418983372377e+00
1.274484118031065982e+00 2.437619313002646226e+00 2.127339905644014095e+00 2.240686958246238092e+00 1.538056590229764264e+00
1.275706977710468149e+00 2.427106816169958936e+00 2.145971408930312130e+00 2.238611375174424989e+00 1.551840108718625988e+00
1.277018070798924931e+00 2.413758610939737981e+00 2.145240179256419299e+00 2.252373851839702290e+00 1.573100661421234836e+00
1.270488104818333852e+00 2.370491718635841405e+00 2.135692712046766140e+00 2.263477955415940546e+00 1.581904185285415654e+00
1.261582387771945646e+00 2.323400908999223802e+00 2.126644492109084794e+00 2.271443891611313326e+00 1.581349621977157005e+00
1.260452787911565231e+00 2.278178405267761164e+00 2.126600588826896843e+00 2.253789974108979077e+00 1.586118633192751259e+00
1.269499658153909971e+00 2.253389212410149334e+00 2.136564424763637060e+00 2.228461135399240511e+00 1.593792352246448774e+00
1.286002563284959210e+00 2.213305639497320509e+00 2.149299567997185800e+00 2.219705765595427760e+00 1.591701642867021205e+00
1.300000000000000044e+00 2.169999999999999929e+00 2.154999999999999805e+00 2.209999999999999964e+00 1.600000000000000089e+00
