8.699999999999999956e-01 2.740000000000000213e+00 1.850000000000000089e+00 2.629999999999999893e+00 1.350000000000000089e+00
9.191102109561685163e-01 2.752627650066408194e+00 1.864306853714328360e+00 2.600359735196170252e+00 1.344270269551295582e+00
9.665608142014924242e-01 2.760652121930168512e+00 1.845241588500118324e+00 2.573176492412412308e+00 1.333081794523787167e+00
1.012951251556446053e+00 2.760489291316250871e+00 1.880944076431317669e+00 2.569103515255613868e+00 1.338136804254867140e+00
1.052102596149808722e+00 2.743548642340088328e+00 1.923484371973581464e+00 2.560942435811952134e+00 1.334534918478355703e+00
1.086047871803905274e+00 2.738870660191997430e+00 1.970682344010984632e+00 2.548656347483062135e+00 1.330360080949204216e+00
1.118353968110118890e+00 2.738913100491043195e+00 2.018923825154401719e+00 2.535381607995483844e+00 1.326464269831332032e+00
1.156119144456908332e+00 2.754268181339857513e+00 2.063513043505566635e+00 2.529817000691434004e+00 1.326037917618257733e+00
1.180338375886984537e+00 2.770854124216604930e+00 2.116546521022557581e+00 2.533809540947695282e+00 1.325220624885109277e+00
1.193935392586568778e+00 2.765220051346123586e+00 2.174210040806749067e+00 2.530024340626827684e+00 1.323662672764771786e+00
1.223951596074385639e+00 2.728622686986323487e+00 2.216130290768688393e+00 2.514885872114458909e+00 1.321741547180489196e+00
1.257313376411916206e+00 2.671260101373712725e+00 2.237726727965724027e+00 2.495218115461803610e+00 1.325951443852210421e+00
1.286653050984492230e+00 2.620024725144098454e+00 2.252582365801746533e+00 2.482651357599786834e+00 1.350556946898410882e+00
1.290316501602132959e+00 2.550695556596255020e+00 2.237523542029264956e+00 2.458534419332391696e+00 1.365785634513513314e+00
1.285774619138809527e+00 2.480998513803446048e+00 2.218748763793403800e+00 2.431770658253752160e+00 1.376248124573179021e+00
1.278410050297492218e+00 2.406820912378148769e+00 2.211331886425164317e+00 2.403848116940433766e+00 1.383154285656633009e+00
1.270191655239483186e+00 2.354567461953145813e+00 2.192453509922035693e+00 2.360527217607073069e+00 1.378315359688417896e+00
1.275670427028950282e+00 2.339419621407257122e+00 2.176790068757242125e+00 2.303764678506321051e+00 1.369595706682172898e+00
1.287196572197083277e+00 2.336945266829618895e+00 2.155769162168912345e+00 2.248289851258009620e+00 1.361859177746700400e+00
1.287636550325871765e+00 2.329826588157387413e+00 2.162675888891150588e+00 2.206533230394166711e+00 1.391410487515149619e+00
1.265312000221607391e+00 2.332915315756328933e+00 2.137697037524089794e+00 2.200130816220525976e+00 1.428420639307245610e+00
1.246463534429396613e+00 2.364075112442672211e+00 2.121443170180139948e+00 2.196043388125595630e+00 1.466062783064922659e+00
1.230948105403617099e+00 2.392579793095785945e+00 2.112284632962676323e+00 2.188841223333675146e+00 1.506031408163686525e+00
1.196679196059245553e+00 2.424047938947260228e+00 2.078081366427046550e+00 2.188882928628788083e+00 1.526490465261937324e+00
1.191350601177656232e+00 2.365950750934207925e+00 2.106729930717837540e+00 2.210490049066707208e+00 1.545630024024463811e+00
1.198484337148645107e+00 2.305124761850432691e+00 2.119519347448345581e+00 2.212691455959870268e+00 1.575642986541278212e+00
1.213663639123495841e+00 2.254566319500915128e+00 2.118523709664068555e+00 2.206318124909456557e+00 1.609883956239517744e+00
1.255718846891520135e+00 2.203217615084893666e+00 2.136099619185039433e+00 2.209656835374275818e+00 1.620389550092442343e+00
1.300000000000000044e+00 2.169999999999999929e+00 2.154999999999999805e+00 2.209999999999999964e+00 1.600000000000000089e+00
