8.699999999999999956e-01 2.740000000000000213e+00 1.850000000000000089e+00 2.629999999999999893e+00 1.350000000000000089e+00
9.083285783832195648e-01 2.713727462894917952e+00 1.859680763329965236e+00 2.601954305139096313e+00 1.342264982419739683e+00
9.465441845557814871e-01 2.693708358447937101e+00 1.864961701539306738e+00 2.570255825902131974e+00 1.335118242303533265e+00
9.722414519705334657e-01 2.754732449562512286e+00 1.860982653222172267e+00 2.557869192971197858e+00 1.340724809265955830e+00
9.961651749506493791e-01 2.773768607005206555e+00 1.904508548511015809e+00 2.556536946321994463e+00 1.337161711978981593e+00
1.015478896712089574e+00 2.761104856751989800e+00 1.947694163091656883e+00 2.541823495318132675e+00 1.328367527227664269e+00
1.043794431935374245e+00 2.757399669353829630e+00 1.986736448140671296e+00 2.524333126124847393e+00 1.322206597664836059e+00
1.078909321408095368e+00 2.757600273354117615e+00 2.022309367669390845e+00 2.509785050822008756e+00 1.318278851514791405e+00
1.114287268869526226e+00 2.755946616730583720e+00 2.060429148060473725e+00 2.504967974749407134e+00 1.316682940378562483e+00
1.143751208822165966e+00 2.756001983107155606e+00 2.102522967223028338e+00 2.513228996740072496e+00 1.319233157216454178e+00
1.170500098829864388e+00 2.755671833703237539e+00 2.145494743862323084e+00 2.523121768711237500e+00 1.324204403493753457e+00
1.202336954727576845e+00 2.745999535719925611e+00 2.185454319801669154e+00 2.527776249189939595e+00 1.329057004875455750e+00
1.234982406164841784e+00 2.716009936271888137e+00 2.218696082082319609e+00 2.515587364099726830e+00 1.330369791695311887e+00
1.257153715821193396e+00 2.664278463370198580e+00 2.235527453792656605e+00 2.487741360152540437e+00 1.329994306748977895e+00
1.274657872847415163e+00 2.600223066981310005e+00 2.235763961819514201e+00 2.463213062278161392e+00 1.333767294497449907e+00
1.289904210899608383e+00 2.533774268648951722e+00 2.225945118586776683e+00 2.442936715608310383e+00 1.339148097386357206e+00
1.302968298317435103e+00 2.468102770926056788e+00 2.211507502276558235e+00 2.423362597729850521e+00 1.345161675523242062e+00
1.307416638453757773e+00 2.417535174499152895e+00 2.186066857029177690e+00 2.401070612113624936e+00 1.357879767244659197e+00
1.295163234233102534e+00 2.422241050626774417e+00 2.156797440617676198e+00 2.365885062096047431e+00 1.372172368728875158e+00
1.288666817877774040e+00 2.427883641418473459e+00 2.135737679739413863e+00 2.320129243592774504e+00 1.379087210669953656e+00
1.289184459128542404e+00 2.416278910016015136e+00 2.121033041231489946e+00 2.272063166486970598e+00 1.384861355816449313e+00
1.298855407763273018e+00 2.368817081589973839e+00 2.121469429342495605e+00 2.237710234069928639e+00 1.397001788492253649e+00
1.288471323934533341e+00 2.345926388676936369e+00 2.113790441594163738e+00 2.227630026133185392e+00 1.429157054098329160e+00
1.270329377002670235e+00 2.343501586857299923e+00 2.108996248684047004e+00 2.228487199253152085e+00 1.462571075395828979e+00
1.253155573472446438e+00 2.338166007420537706e+00 2.108612021758424326e+00 2.229945734993880269e+00 1.496301932317885885e+00
1.235415691355852053e+00 2.335552409521464590e+00 2.108590585133994111e+00 2.227119471424759301e+00 1.529915954981049930e+00
1.218236115262186559e+00 2.335306332696959419e+00 2.106683319329518689e+00 2.215521562375605935e+00 1.562680293507848095e+00
1.212927909517965919e+00 2.300385831056594554e+00 2.100293183896184246e+00 2.199741738672493341e+00 1.591973086842932927e+00
1.227423635887979314e+00 2.232796779884112404e+00 2.114376283329527872e+00 2.203390637890341619e+00 1.603079153027496595e+00
1.259827181753277348e+00 2.221753477121380271e+00 2.153121947080351095e+00 2.211038164372866266e+00 1.598516190095177203e+00
1.300000000000000044e+00 2.169999999999999929e+00 2.154999999999999805e+00 2.209999999999999964e+00 1.600000000000000089e+00
