8.699999999999999956e-01 2.740000000000000213e+00 1.850000000000000089e+00 2.629999999999999893e+00 1.350000000000000089e+00
8.910767156176430115e-01 2.729300954447285932e+00 1.845589978233476591e+00 2.605604206452889038e+00 1.338789466440677201e+00
9.122242027244248375e-01 2.718676207956421287e+00 1.841190994660643065e+00 2.581224343583016889e+00 1.327600687978238270e+00
9.440349221919704936e-01 2.727978575978110776e+00 1.842148993499422627e+00 2.564008439128552030e+00 1.320680565405556894e+00
9.619003520021977005e-01 2.740995962113991880e+00 1.868570160953418213e+00 2.566335556189457190e+00 1.327750018971975532e+00
9.786586114448524443e-01 2.735335898482603056e+00 1.893994871256584389e+00 2.562200788258254924e+00 1.341238158469204134e+00
9.988106754244722163e-01 2.750412254738467954e+00 1.917737165533465182e+00 2.568597803792961543e+00 1.351589152469777844e+00
1.020771347403154561e+00 2.770907105937702397e+00 1.942703884351219878e+00 2.572711567696154056e+00 1.353969844549700152e+00
1.048725898685470170e+00 2.782369490288015168e+00 1.965338115368103544e+00 2.568925131022256281e+00 1.352224195288380226e+00
1.075021405674175146e+00 2.757989184657835491e+00 1.979588736509956926e+00 2.559099880117949866e+00 1.345483905730104457e+00
1.092899825669515046e+00 2.741101215566663196e+00 2.006110042597621046e+00 2.552894779889939070e+00 1.339063097434624261e+00
1.106325135409828464e+00 2.739093939710772752e+00 2.036028618072613927e+00 2.544235202967472187e+00 1.332483500524145548e+00
1.118082111021813541e+00 2.742343384549442487e+00 2.065844418911840119e+00 2.532848844000314958e+00 1.326450866517828953e+00
1.128371022470244345e+00 2.743011783944026227e+00 2.096370428428340205e+00 2.519912263022019872e+00 1.325529831760976940e+00
1.138960605006368532e+00 2.734249555574572721e+00 2.126827899091601637e+00 2.508159113060820289e+00 1.324867208529877827e+00
1.155982332608021190e+00 2.716846206507988359e+00 2.153872770573942663e+00 2.500027685894842033e+00 1.320367431759680743e+00
1.181109165241484682e+00 2.695649771976501352e+00 2.175350308570858093e+00 2.492885065758922991e+00 1.319183471699790333e+00
1.207521594152070721e+00 2.669307948192327196e+00 2.191906155199381701e+00 2.483729929601401487e+00 1.322601058385024064e+00
1.228132466325491556e+00 2.634744059751773282e+00 2.205883889509005602e+00 2.471873317570157269e+00 1.328137725724851226e+00
1.241392963151209505e+00 2.593759713794279609e+00 2.216985605887053179e+00 2.457890823480782583e+00 1.334622228082638973e+00
1.252135272953406986e+00 2.550036286019671472e+00 2.222364780362121373e+00 2.442092785170483005e+00 1.341061068524015187e+00
1.264722561916760579e+00 2.507361882791852459e+00 2.222087790290164122e+00 2.425047528531503183e+00 1.347148407176378404e+00
1.280607465042441717e+00 2.467623670711469153e+00 2.222390146223776064e+00 2.408582720821073497e+00 1.355172959226921714e+00
1.298945653290143332e+00 2.429965921005853069e+00 2.225963917651645030e+00 2.397662344477017538e+00 1.367078773996202479e+00
1.316088650263844029e+00 2.391719723747929738e+00 2.224915275934225001e+00 2.396022185091096102e+00 1.381907547849359208e+00
1.309767598365011665e+00 2.379550759085380385e+00 2.211054012035146066e+00 2.388546570781502343e+00 1.392799115914177044e+00
1.287843761865215875e+00 2.397871162013101909e+00 2.213306250485567617e+00 2.364215489498441514e+00 1.389009757464342742e+00
1.270610255034025915e+00 2.391567422590940684e+00 2.215014925284114700e+00 2.334831132231962592e+00 1.392864353122811316e+00
1.255315395290547364e+00 2.385218023740590887e+00 2.200157082979872225e+00 2.310780345678514980e+00 1.403654832801281671e+00
1.243056460896159399e+00 2.387429794792958582e+00 2.178628843612240740e+00 2.290225597655791479e+00 1.414438307817392548e+00
1.234046593050848628e+00 2.384120978305816596e+00 2.159141117270242383e+00 2.275519130530219591e+00 1.429330674599572859e+00
1.241872872589740995e+00 2.392331691764534085e+00 2.154436795753001732e+00 2.280779159435078807e+00 1.454711359525617587e+00
1.252113691365191794e+00 2.402310611534502982e+00 2.156404453931070275e+00 2.273909413720422990e+00 1.479916637188098960e+00
1.259163028278339258e+00 2.406513151871275458e+00 2.156710333192519258e+00 2.265649155616923593e+00 1.505839452587575789e+00
1.265274350159588002e+00 2.402881871316977502e+00 2.155082533593098315e+00 2.258511525093082284e+00 1.531817645891200286e+00
1.268824195291870627e+00 2.379648515896079619e+00 2.146559548018946550e+00 2.252965609709824513e+00 1.554967785780896339e+00
1.269721794072294019e+00 2.346342688872710802e+00 2.140020705864986716e+00 2.246956678946603780e+00 1.575195003682476225e+00
1.271865018780283796e+00 2.325028956383152767e+00 2.145927081049741503e+00 2.237220407700576175e+00 1.598607491976097750e+00
1.273856702104294580e+00 2.302665671082062993e+00 2.156127090125509405e+00 2.225905677560909623e+00 1.619926508963578371e+00
1.275723899862978072e+00 2.254856052607116634e+00 2.157320161778240930e+00 2.211855127348234529e+00 1.625945572441794162e+00
1.282903362182717943e+00 2.207996614277742964e+00 2.148361198255283711e+00 2.210727523941516282e+00 1.614894982166165560e+00
1.300000000000000044e+00 2.169999999999999929e+00 2.154999999999999805e+00 2.209999999999999964e+00 1.600000000000000089e+00
