8.699999999999999956e-01 2.740000000000000213e+00 1.850000000000000089e+00 2.629999999999999893e+00 1.350000000000000089e+00
9.235014323306622863e-01 2.781745741077525036e+00 1.869022730894877693e+00 2.608218651482024253e+00 1.343648190744233251e+00
9.718275172700958642e-01 2.741571755527647092e+00 1.866461147478966298e+00 2.571460904670046510e+00 1.327598367685789649e+00
1.015286013097242312e+00 2.728416349184295431e+00 1.904999460632339048e+00 2.551601945997668430e+00 1.325098521988606004e+00
1.050001430867179231e+00 2.737978755692017430e+00 1.951522302250924712e+00 2.542926561854122802e+00 1.328476008899370564e+00
1.083588910437668140e+00 2.750784244405762191e+00 1.998584351362437284e+00 2.535875525085945714e+00 1.332518583608762075e+00
1.116643892622908973e+00 2.760718854256856147e+00 2.045881055528760761e+00 2.530521629071662559e+00 1.339594604807110345e+00
1.142627782199958641e+00 2.770829008443903341e+00 2.094305481504078248e+00 2.536550772356894967e+00 1.353758198058966800e+00
1.173977816050083556e+00 2.765072257999709127e+00 2.142371983117987710e+00 2.533488681545358556e+00 1.350253485791879982e+00
1.208185562546364000e+00 2.707345935344740884e+00 2.168481571167947042e+00 2.509506130032734816e+00 1.342380638792926906e+00
1.239155159981001120e+00 2.631333333854418033e+00 2.182664707384113001e+00 2.483239138780038324e+00 1.335847874341265840e+00
1.267050403968694061e+00 2.552667128945047992e+00 2.171537642742025653e+00 2.456126904675474343e+00 1.332100203887420120e+00
1.287066419227557379e+00 2.487907473044676632e+00 2.145010953002643994e+00 2.421374221823839878e+00 1.322774447948730225e+00
1.298835704549117676e+00 2.435933367672132643e+00 2.135737198886517696e+00 2.373713683106562833e+00 1.295662951260450946e+00
1.309926637140214289e+00 2.384716851770475987e+00 2.150140597395564512e+00 2.322155248749660839e+00 1.273895348663118376e+00
1.304988348656732411e+00 2.332030716387777591e+00 2.152099745655469132e+00 2.277326819999105911e+00 1.302238027481503746e+00
1.301424631794345199e+00 2.308809114895603809e+00 2.152418222804081793e+00 2.233258046176700429e+00 1.346391478764131344e+00
1.299354963900482440e+00 2.311373026954156806e+00 2.147563416867465325e+00 2.187269459918646408e+00 1.391194527257401781e+00
1.289303702438258536e+00 2.330602648848422387e+00 2.124867684116927169e+00 2.166242388831811638e+00 1.438663576355927232e+00
1.274725063056155072e+00 2.346974920575677359e+00 2.096118380758603461e+00 2.174536998882439676e+00 1.484507537236242625e+00
1.259323654250713798e+00 2.294804371887903649e+00 2.086122374485218867e+00 2.177352971279004734e+00 1.529581451735972042e+00
1.255661178343467466e+00 2.212859524454353632e+00 2.083812837149299657e+00 2.183271503082595100e+00 1.560037963845220421e+00
1.268844188452029842e+00 2.196131787975133420e+00 2.108803586503794403e+00 2.202331299547234167e+00 1.605843338310218193e+00
1.300000000000000044e+00 2.169999999999999929e+00 2.154999999999999805e+00 2.209999999999999964e+00 1.600000000000000089e+00
