8.699999999999999956e-01 2.740000000000000213e+00 1.850000000000000089e+00 2.629999999999999893e+00 1.350000000000000089e+00
9.021487731532922272e-01 2.725279515430081290e+00 1.854680143058353936e+00 2.605927010831559976e+00 1.343647804688320901e+00
9.365599504692253552e-01 2.724216271342413176e+00 1.867827261781050296e+00 2.588687974316381535e+00 1.336677432911638874e+00
9.664343409351719982e-01 2.757191075778371747e+00 1.880048500616347207e+00 2.583601387978522457e+00 1.346140337216649607e+00
9.901755719246509990e-01 2.715581335175015543e+00 1.890098869625365774e+00 2.568301605957714173e+00 1.350336344353715967e+00
1.010283691926958882e+00 2.686108571958096825e+00 1.891566269217029417e+00 2.536105471710679904e+00 1.352942831133519652e+00
1.027106996918381698e+00 2.692982364614917135e+00 1.922028312697663610e+00 2.542431928092353299e+00 1.344863838758379115e+00
1.040116999873744730e+00 2.713830073043347113e+00 1.953693606448531295e+00 2.554068157222430635e+00 1.339950897587090184e+00
1.056400910818521499e+00 2.735735937542663976e+00 1.986041220038561539e+00 2.558102949984836449e+00 1.339768835185114249e+00
1.078648368890033016e+00 2.726243613428128043e+00 2.013120794142321479e+00 2.542189617029324999e+00 1.337686368225630140e+00
1.098188145851464181e+00 2.699269504732078495e+00 2.036842332963720636e+00 2.521743220758988713e+00 1.337343470120875066e+00
1.112592700162060133e+00 2.670606696709088901e+00 2.064064812498244805e+00 2.503718548154622248e+00 1.335792858213136869e+00
1.130143290238434295e+00 2.633859819614112752e+00 2.089010310045904095e+00 2.493040369647849364e+00 1.340126703139892683e+00
1.152767502613129214e+00 2.601744578126514273e+00 2.114275185868707663e+00 2.488399339226426754e+00 1.345021828503115691e+00
1.177172532038846642e+00 2.578305449784189296e+00 2.141970788732796560e+00 2.485493676451862477e+00 1.346727209628690858e+00
1.202048675381288900e+00 2.555733105825283680e+00 2.167009550815076402e+00 2.480090640601190000e+00 1.339226306281928291e+00
1.234320197872862623e+00 2.535083249579181075e+00 2.186857650724555846e+00 2.473106616682019254e+00 1.337565495395818038e+00
1.253915457041847148e+00 2.517237885763076388e+00 2.194958872288463869e+00 2.445591699728471458e+00 1.348314002844431814e+00
1.254864989504134831e+00 2.505531566452568359e+00 2.194378677384857035e+00 2.405551834922191823e+00 1.349864226260472755e+00
1.246616254663864831e+00 2.529933156445697051e+00 2.189097706325879411e+00 2.369114817706464482e+00 1.347908012727635940e+00
1.243366391420982930e+00 2.513647390150482774e+00 2.188535698215944070e+00 2.331427618415539804e+00 1.348983436970372374e+00
1.248982685625239286e+00 2.500610955769884125e+00 2.195636990029333102e+00 2.305766951193006342e+00 1.367704189801229209e+00
1.253102834757955808e+00 2.502844738951106152e+00 2.205503758949473259e+00 2.290108121477019143e+00 1.392790809152039566e+00
1.253995675933699205e+00 2.517007284047444227e+00 2.216241897038346842e+00 2.276238745118218887e+00 1.417778254926203907e+00
1.244521241922535326e+00 2.561663868775799546e+00 2.205931115817145738e+00 2.275242726594383313e+00 1.429873892136787061e+00
1.227490505442358826e+00 2.574393946053408655e+00 2.180617359480460760e+00 2.297366913909180575e+00 1.431468141686390583e+00
1.222628238385700117e+00 2.574226523473742478e+00 2.175764269580035659e+00 2.289786152870245228e+00 1.455832829239970705e+00
1.234446661695832503e+00 2.568645380313288040e+00 2.176592464469947696e+00 2.276395301313305364e+00 1.481622407689602294e+00
1.249129498890177103e+00 2.561835120103605590e+00 2.175827899154755052e+00 2.265137009419303293e+00 1.507230924788760529e+00
1.262309410695990675e+00 2.562139336414228197e+00 2.173394250018826135e+00 2.258900599676313625e+00 1.534015549720422200e+00
1.273559744519472847e+00 2.573005228550890866e+00 2.166015754249083436e+00 2.265131356289544762e+00 1.560040500402984920e+00
1.280230471971610218e+00 2.541726291679522909e+00 2.143958111712144898e+00 2.258586596047818862e+00 1.556780422601231617e+00
1.273549139038237854e+00 2.508900259808973132e+00 2.139163614537527458e+00 2.237186540399954016e+00 1.537310563056341284e+00
1.269305970129403827e+00 2.454448177361717498e+00 2.134954471948895538e+00 2.225518285534081375e+00 1.523837748482064436e+00
1.272773368889184020e+00 2.388531624434796719e+00 2.137136149888022807e+00 2.233061840978706414e+00 1.520815571993401338e+00
1.273197537120508205e+00 2.328087936008563563e+00 2.151251798695956285e+00 2.239666677243669302e+00 1.516245365637282294e+00
1.262922790099911374e+00 2.277466802337793972e+00 2.167824438234386975e+00 2.226126898273507404e+00 1.511636798767357348e+00
1.262353718204783037e+00 2.233675470036752042e+00 2.173618761046738790e+00 2.212331847759246628e+00 1.530694939046691072e+00
1.267559835632897425e+00 2.174288287137499776e+00 2.168581399687592892e+00 2.207108504132448079e+00 1.542756511754020510e+00
1.269875956684249019e+00 2.135816684046297098e+00 2.142256961742986743e+00 2.209647861371744959e+00 1.551331312319422118e+00
1.287131130145245717e+00 2.148505155059547533e+00 2.140338085789970535e+00 2.209304569963395526e+00 1.576791004469145996e+00
1.300000000000000044e+00 2.169999999999999929e+00 2.154999999999999805e+00 2.209999999999999964e+00 1.600000000000000089e+00
