8.699999999999999956e-01 2.740000000000000213e+00 1.850000000000000089e+00 2.629999999999999893e+00 1.350000000000000089e+00
9.068395356343303959e-01 2.731214165557429130e+00 1.885876357709268980e+00 2.595541315988820319e+00 1.332069722309541238e+00
9.533359263687056773e-01 2.745104419253902250e+00 1.926633951085885865e+00 2.590768275578617441e+00 1.321378768403737247e+00
1.004573473925142624e+00 2.774888809708441428e+00 1.961478099085756543e+00 2.587349429999208361e+00 1.320969356555810714e+00
1.052186402304470469e+00 2.748553398683510007e+00 1.971079008930247012e+00 2.545992424899869100e+00 1.326641838103144400e+00
1.099621273816543621e+00 2.733422629500893208e+00 2.009711427163212605e+00 2.534622031751573967e+00 1.339137542152810223e+00
1.142458246386703014e+00 2.723119333560247934e+00 2.054120976143675392e+00 2.530540245595203519e+00 1.347540668493597771e+00
1.178157191355697631e+00 2.703600968973471907e+00 2.102154355687813059e+00 2.526963721108919536e+00 1.348872170415378990e+00
1.208783035836998643e+00 2.677433186019384070e+00 2.150908048465956846e+00 2.522972990544540828e+00 1.342857454689366348e+00
1.251812084903416888e+00 2.650643199636832037e+00 2.191626521867404698e+00 2.511964756140364852e+00 1.334474409437617304e+00
1.292737052419390853e+00 2.599292779656117602e+00 2.187642958466891052e+00 2.475547089310631499e+00 1.321329612258589581e+00
1.297410185898927537e+00 2.556424428964979345e+00 2.149147399569117933e+00 2.435819488572951830e+00 1.314193587260490625e+00
1.289187123355981068e+00 2.521036015911525929e+00 2.110767117722745834e+00 2.392290825171818458e+00 1.308269646535892949e+00
1.275803535440426906e+00 2.481243604295626071e+00 2.089669716055528426e+00 2.341443661420993028e+00 1.287515914270620065e+00
1.276239742060895743e+00 2.429009606854895420e+00 2.079513058592232788e+00 2.293199710212020737e+00 1.263280436355994851e+00
1.308304088048678260e+00 2.370839782337841761e+00 2.064861407128708137e+00 2.256319960529695745e+00 1.271788711087763257e+00
1.339488523623085126e+00 2.344129700381849535e+00 2.067826452131088288e+00 2.238675042698353934e+00 1.317938281303229875e+00
1.338467201283903174e+00 2.320923512431877889e+00 2.098678706602432609e+00 2.230609378225880679e+00 1.364067289678621453e+00
1.314816181159054409e+00 2.283786788911307930e+00 2.132634081759331668e+00 2.219864321193378842e+00 1.398459169305177330e+00
1.295610064889089585e+00 2.257809201612733574e+00 2.151506647029814978e+00 2.195418638158067370e+00 1.443926951137317394e+00
1.291842616273864541e+00 2.243561458800186870e+00 2.147404916529604968e+00 2.181162679392787851e+00 1.500152326106954925e+00
1.288180601734243425e+00 2.220029769047374035e+00 2.146502800271987699e+00 2.188158484963136807e+00 1.556172094229952840e+00
1.300000000000000044e+00 2.169999999999999929e+00 2.154999999999999805e+00 2.209999999999999964e+00 1.600000000000000089e+00
