8.699999999999999956e-01 2.740000000000000213e+00 1.850000000000000089e+00 2.629999999999999893e+00 1.350000000000000089e+00
9.146776052929500578e-01 2.742210064364619004e+00 1.847915845344419772e+00 2.609880610243024091e+00 1.346024446918454798e+00
9.581459080495210445e-01 2.753268694835609320e+00 1.856857917164029592e+00 2.589877087945307021e+00 1.344103089415644492e+00
9.674055277733278890e-01 2.811540064886405954e+00 1.877795164972323239e+00 2.582018158321771839e+00 1.334156830332531518e+00
9.998884920295832979e-01 2.779836387440487666e+00 1.904647727541225022e+00 2.572975073396108314e+00 1.342967674053512805e+00
1.025274150599282841e+00 2.740229254237524614e+00 1.931101742777365349e+00 2.554004781169130212e+00 1.338907438922517734e+00
1.032379674590786056e+00 2.688860735687689019e+00 1.953494958585414443e+00 2.532100130855555076e+00 1.327881890613451521e+00
1.041846596636649691e+00 2.681611181016766654e+00 1.995757799686291856e+00 2.521385759488303346e+00 1.315553198779674693e+00
1.060886391799060968e+00 2.694385167398776648e+00 2.038977511981963531e+00 2.518736281843690250e+00 1.309780737446337273e+00
1.090013079917483196e+00 2.715496778288250201e+00 2.073989934697071380e+00 2.515131497891207601e+00 1.316606577297737113e+00
1.115171868523809895e+00 2.691422998491513674e+00 2.100810397882328040e+00 2.510307087947280635e+00 1.334857275511919683e+00
1.125588821324213340e+00 2.724612968492426290e+00 2.132992602916431224e+00 2.521047349746507127e+00 1.330764669444524539e+00
1.157374302901733154e+00 2.716391619214258757e+00 2.158840259910316473e+00 2.510276252120589913e+00 1.324920963815133801e+00
1.193711504678717672e+00 2.687853023809926967e+00 2.178150247330133737e+00 2.491671218121040976e+00 1.321256079500189529e+00
1.228133109084563745e+00 2.659848266478774814e+00 2.200897010787830066e+00 2.472559862374889228e+00 1.318890892435157891e+00
1.249228517147512374e+00 2.627585330075631553e+00 2.234058483042268506e+00 2.454204850875035149e+00 1.318844290849210177e+00
1.258417892903970881e+00 2.567828000509954300e+00 2.251083558093957659e+00 2.437205842273805878e+00 1.322874013404567117e+00
1.265992566602873959e+00 2.502330285864287074e+00 2.237717497895663321e+00 2.426819599579441267e+00 1.331553570525173535e+00
1.274082172923390877e+00 2.437699519454375796e+00 2.217619544089902028e+00 2.422432365273286869e+00 1.340699809072325221e+00
1.279227357220976025e+00 2.380292611105011780e+00 2.195434740321473122e+00 2.407018613671561447e+00 1.351576011343719630e+00
1.283864821243435816e+00 2.346647052660884469e+00 2.176132900546458693e+00 2.375036059884631623e+00 1.366373897051286646e+00
1.293241925980491924e+00 2.333064909670539144e+00 2.165506743449792104e+00 2.337913464604819858e+00 1.385345086682578275e+00
1.303206626993559603e+00 2.327046779136886290e+00 2.160485817164954803e+00 2.303951602733984583e+00 1.409435734212197699e+00
1.299513722503200963e+00 2.323306543638190114e+00 2.155102423816040336e+00 2.275395563737750315e+00 1.437849814056376019e+00
1.274670469110758653e+00 2.345924034649186307e+00 2.151416114873696550e+00 2.250127225440377909e+00 1.458450527088712256e+00
1.245282593087031930e+00 2.389278741662477223e+00 2.153931531761103635e+00 2.227853944312402135e+00 1.469359570915602209e+00
1.222171396939212062e+00 2.433370333289612386e+00 2.160792715396009811e+00 2.211891936383951762e+00 1.489196464979410717e+00
1.217653301652563691e+00 2.462364179548048870e+00 2.168590388192781049e+00 2.216647612844856230e+00 1.521227074701942517e+00
1.216836911912894337e+00 2.489184738829590238e+00 2.174508747162091638e+00 2.229248287739870271e+00 1.553624453730577448e+00
1.215959024047539305e+00 2.462288328473095422e+00 2.162844365602180297e+00 2.236158320587870563e+00 1.583876446409432814e+00
1.224662854856195970e+00 2.395874244801739383e+00 2.142907020918533245e+00 2.239870069520766727e+00 1.587492722848558024e+00
1.256080385496531893e+00 2.344458312448499449e+00 2.134723733636388232e+00 2.244726769558659019e+00 1.596679406580659322e+00
1.289253933600791990e+00 2.308299926851805406e+00 2.155303308270125395e+00 2.229160396459705318e+00 1.602074679301878524e+00
1.300629994078258189e+00 2.239013164341026929e+00 2.167300817615463338e+00 2.222650328421286403e+00 1.606695362701744401e+00
1.300000000000000044e+00 2.169999999999999929e+00 2.154999999999999805e+00 2.209999999999999964e+00 1.600000000000000089e+00
