8.699999999999999956e-01 2.740000000000000213e+00 1.850000000000000089e+00 2.629999999999999893e+00 1.350000000000000089e+00
9.070287069277551684e-01 2.745630935134184991e+00 1.854309426971370689e+00 2.620010192292554496e+00 1.342784545963348730e+00
9.416506438433775994e-01 2.741921275895945254e+00 1.856804126325965365e+00 2.602279964824972591e+00 1.335918196123008661e+00
9.667485549817410595e-01 2.746898532341149224e+00 1.875607703127303072e+00 2.580260237067063755e+00 1.337527602014760619e+00
9.820727723754018035e-01 2.743045552297063150e+00 1.900135817935644678e+00 2.562301827284183986e+00 1.350005608641154708e+00
1.004969686744590751e+00 2.719809314325330352e+00 1.918728333963434007e+00 2.548218342716733087e+00 1.358425222304298963e+00
1.036703698510514915e+00 2.701565878699818235e+00 1.934753391261393229e+00 2.543791886457488882e+00 1.355781944587812093e+00
1.056877370773033897e+00 2.726978240208810522e+00 1.953618883149052410e+00 2.552534060200527755e+00 1.350586877747732339e+00
1.058402280370514426e+00 2.739698293494595926e+00 1.983547149597332915e+00 2.541770518260450196e+00 1.340531607938564962e+00
1.067305388622838747e+00 2.760552449477139625e+00 2.014469411177352676e+00 2.536507231833181830e+00 1.335058732413286764e+00
1.090565709172374831e+00 2.774169901096573909e+00 2.040861210225861644e+00 2.525670268134714735e+00 1.336029435646886032e+00
1.114072942763186802e+00 2.774840355178495699e+00 2.068403517084879351e+00 2.515403890574999579e+00 1.336888854062484366e+00
1.134437541185232323e+00 2.761261651956014251e+00 2.097758964119585734e+00 2.511351442307620641e+00 1.332921315784168392e+00
1.156504183727170343e+00 2.744165159042121438e+00 2.125617402669072398e+00 2.515202022891881661e+00 1.331286744625979956e+00
1.185972532414329539e+00 2.725300587276620501e+00 2.146297578589570598e+00 2.520450574111897879e+00 1.333336535306386628e+00
1.218628941785345088e+00 2.703208848672525200e+00 2.161180722972550150e+00 2.523703082595146086e+00 1.335692526389213874e+00
1.245114930339645820e+00 2.684809133347675569e+00 2.185515995382644405e+00 2.526824415613890817e+00 1.334582500947419481e+00
1.261210505833783913e+00 2.644967836798862049e+00 2.203762510241290329e+00 2.516065606123019549e+00 1.333041955077853835e+00
1.269527020400076589e+00 2.604499058929532040e+00 2.216741474220117247e+00 2.493355404058908320e+00 1.329405617857143396e+00
1.275779340053304178e+00 2.570652195132172579e+00 2.230581627707210135e+00 2.466194286049167683e+00 1.323297062099850541e+00
1.282549150052376463e+00 2.532789678268928313e+00 2.236373503314921241e+00 2.437761067367340662e+00 1.319133485360681757e+00
1.288328989712116845e+00 2.492862329770866303e+00 2.223945609702327797e+00 2.415450019830018835e+00 1.323382068791531863e+00
1.286924017444850854e+00 2.465116014094542507e+00 2.196371626092732399e+00 2.408699786419380651e+00 1.335139984129626756e+00
1.286559859592313781e+00 2.432428921776769837e+00 2.174960097935251913e+00 2.392553482917392227e+00 1.346234131124117495e+00
1.288176920487091870e+00 2.402748331495367040e+00 2.166156359906597828e+00 2.362361358139631662e+00 1.356960742714212742e+00
1.284342705584135658e+00 2.384980403811987060e+00 2.160106904015629325e+00 2.329450368462542720e+00 1.371438403961318331e+00
1.275611451024667220e+00 2.375460514362718545e+00 2.155095407414673758e+00 2.295860059439537526e+00 1.386389701777735350e+00
1.265015071606241603e+00 2.365739197061145216e+00 2.157895265851137445e+00 2.262256563231090034e+00 1.400986817580220700e+00
1.251790693097385221e+00 2.354812169181161430e+00 2.165784592746173409e+00 2.235053549505488402e+00 1.419263324445217744e+00
1.233021058764540934e+00 2.349760554691270986e+00 2.162425473538385656e+00 2.215478144751917178e+00 1.440935734923592726e+00
1.214809106313610165e+00 2.340783091080268274e+00 2.152736195520084550e+00 2.203789641716883185e+00 1.464259765451357831e+00
1.204888462386636938e+00 2.317337124124842163e+00 2.150753749151706362e+00 2.204779247511207352e+00 1.489714532498748856e+00
1.205963404218278301e+00 2.298807962046933273e+00 2.160382700704598147e+00 2.214405026445895874e+00 1.515465018297493360e+00
1.215977697964000903e+00 2.307096911611401957e+00 2.168846546246520735e+00 2.217714683557077571e+00 1.542326638546821727e+00
1.235683949140065963e+00 2.325085332335314003e+00 2.169195815020277696e+00 2.208923788534983501e+00 1.565143090136369430e+00
1.258967853279175708e+00 2.320076749990200415e+00 2.171641526133033295e+00 2.194441407084446460e+00 1.586048373164516301e+00
1.268848120590189144e+00 2.331171383604259351e+00 2.175126351186727813e+00 2.190752084326334170e+00 1.612714216375354503e+00
1.280610301022999220e+00 2.352219354879809821e+00 2.161218704730621720e+00 2.206834557095602278e+00 1.631250727223834796e+00
1.292996336707763927e+00 2.301761488432231051e+00 2.165284041636748480e+00 2.198806770144064338e+00 1.631338787502651932e+00
1.289066205882682059e+00 2.256769977878168909e+00 2.182851963778181581e+00 2.195466788840734207e+00 1.624722159353927609e+00
1.290870991250293365e+00 2.208818381669409803e+00 2.174403227408064243e+00 2.200374788558527417e+00 1.611223735451501105e+00
1.300000000000000044e+00 2.169999999999999929e+00 2.154999999999999805e+00 2.209999999999999964e+00 1.600000000000000089e+00
