8.699999999999999956e-01 2.740000000000000213e+00 1.850000000000000089e+00 2.629999999999999893e+00 1.350000000000000089e+00
9.023680561175062564e-01 2.739057033854507495e+00 1.858451956270717798e+00 2.612051226613997024e+00 1.347304246274726447e+00
9.339879881015273888e-01 2.752053663334710354e+00 1.870115224101356333e+00 2.597534171473034004e+00 1.344053033258297614e+00
9.612876317105332191e-01 2.757597259902605291e+00 1.889525739471370036e+00 2.581860205757350979e+00 1.338793739935738580e+00
9.848570834462249124e-01 2.750059536786424896e+00 1.913698985515826401e+00 2.567204762411674501e+00 1.333978101825925133e+00
1.008237311008696402e+00 2.739827695282547992e+00 1.940028564098988273e+00 2.556100224274179489e+00 1.331036489593598438e+00
1.032277345578260785e+00 2.733193744771500899e+00 1.967755785752872466e+00 2.548149291853951670e+00 1.329704555846165537e+00
1.055210822284558869e+00 2.730448913936009525e+00 1.996921229779424989e+00 2.540856078235375737e+00 1.330015459878247652e+00
1.075239313447703404e+00 2.728761331776142551e+00 2.027645356243457098e+00 2.532145102656658153e+00 1.331626577063368400e+00
1.092256769316594545e+00 2.722670668051205389e+00 2.059600791475256543e+00 2.522588098620499153e+00 1.332482043513588232e+00
1.107547505085612283e+00 2.707962895610828369e+00 2.091352285365808417e+00 2.514774152291786358e+00 1.330906530342637062e+00
1.122923215921227014e+00 2.687554554163417819e+00 2.121756547826662676e+00 2.509702331954274612e+00 1.327643207677965842e+00
1.140573562916711081e+00 2.669047101160663349e+00 2.151556230829514416e+00 2.504962263753473195e+00 1.323929498833750218e+00
1.162392342010126089e+00 2.656547683361670575e+00 2.179770817731191634e+00 2.498034174093687998e+00 1.320195643473352831e+00
1.189424601075416588e+00 2.645755841438926392e+00 2.203282135284790222e+00 2.489134658036618042e+00 1.317340249922581030e+00
1.219820323693755704e+00 2.628752653990443111e+00 2.219863261113860453e+00 2.479207055640087809e+00 1.317132992917712242e+00
1.247440751619713462e+00 2.600393224878606802e+00 2.229318348529978788e+00 2.467572497102024087e+00 1.321253155824357206e+00
1.266965636047021615e+00 2.562856826588846282e+00 2.233425059330671925e+00 2.454527206838231557e+00 1.329216259097644626e+00
1.280149578529272913e+00 2.521304754069186416e+00 2.234215624883788109e+00 2.440578011059278740e+00 1.338248580464856063e+00
1.290640398291319713e+00 2.478147454977063902e+00 2.234007995109265288e+00 2.425109549129246478e+00 1.345891388382540299e+00
1.300912682070942017e+00 2.434530947255594491e+00 2.240619026227880006e+00 2.409914928365342490e+00 1.351556565844626023e+00
1.312863042863658070e+00 2.403086122815367265e+00 2.261109678710520043e+00 2.394496488322372940e+00 1.358064593613560467e+00
1.324030211054322059e+00 2.378662235310216033e+00 2.278246221676670125e+00 2.371319717569586594e+00 1.366466911723119182e+00
1.328402022390904325e+00 2.352955026624412582e+00 2.273678995316670282e+00 2.342013835513683695e+00 1.374605052621859169e+00
1.325675599544416272e+00 2.336812034924536263e+00 2.253163156558561919e+00 2.314926984926198639e+00 1.381562941790909216e+00
1.319430810936093490e+00 2.328326552301319019e+00 2.227818739365766465e+00 2.290659672533200020e+00 1.388495077084662466e+00
1.309598098074846506e+00 2.328659946839573891e+00 2.203873529949451626e+00 2.266871653600488035e+00 1.397576584783224884e+00
1.293973082885307768e+00 2.346835677309352164e+00 2.189715143928792074e+00 2.245116411173663895e+00 1.409883293844269803e+00
1.274588723202848994e+00 2.372424892744805724e+00 2.190189366202934806e+00 2.226161483393417129e+00 1.422779746956772895e+00
1.253108398742059926e+00 2.385906205901259014e+00 2.187932732930379043e+00 2.201910050224363591e+00 1.433282124556279680e+00
1.243450162353535005e+00 2.379752491244652823e+00 2.184878769641327434e+00 2.195669225935358515e+00 1.457607378998750036e+00
1.235660867012699615e+00 2.371894867333196988e+00 2.183311605188674953e+00 2.191750221997502912e+00 1.482412196237998137e+00
1.228654899812971824e+00 2.361261021136191740e+00 2.182478426074118349e+00 2.188315415323386581e+00 1.507122226159354428e+00
1.223663007919342016e+00 2.343988710361451844e+00 2.182913295465113812e+00 2.186576967021208073e+00 1.531244691279147752e+00
1.220333191264883155e+00 2.324357418473385728e+00 2.182095700316840414e+00 2.188083952819997346e+00 1.555065691330990152e+00
1.217587662636447021e+00 2.318222134658420419e+00 2.178778406239606724e+00 2.188748524250375915e+00 1.580464789187143726e+00
1.228121127128696255e+00 2.278774266369913093e+00 2.171186891913995609e+00 2.192786968252147695e+00 1.594641497256071405e+00
1.246645598787201381e+00 2.238028870701796347e+00 2.161621752840601207e+00 2.200295655917445359e+00 1.588086378938919019e+00
1.275944437344971316e+00 2.205865976516911076e+00 2.155967854888223290e+00 2.204798514765962114e+00 1.590767775005756057e+00
1.300000000000000044e+00 2.169999999999999929e+00 2.154999999999999805e+00 2.209999999999999964e+00 1.600000000000000089e+00
