8.699999999999999956e-01 2.740000000000000213e+00 1.850000000000000089e+00 2.629999999999999893e+00 1.350000000000000089e+00
9.101242451471515116e-01 2.767278909918585938e+00 1.884220762711855457e+00 2.593142066850561367e+00 1.338122327430968816e+00
9.666559886366837828e-01 2.795507183770134407e+00 1.858426534154837606e+00 2.574181007483749450e+00 1.338365855145054573e+00
9.978785545665282974e-01 2.765770525249518830e+00 1.903774481731651758e+00 2.559765334271009163e+00 1.320118764205552742e+00
1.029562945710731370e+00 2.755599004387291551e+00 1.959887287305329462e+00 2.553087093963935406e+00 1.330779002261910371e+00
1.075391911479674167e+00 2.762275719231163329e+00 2.008045443143711584e+00 2.548782719283475107e+00 1.337984923052284447e+00
1.123803512770080948e+00 2.769405817109056755e+00 2.054940259391375701e+00 2.544933938066650470e+00 1.340824452715661197e+00
1.172397165413775255e+00 2.767311828399098506e+00 2.102028793761904435e+00 2.542475843682014514e+00 1.339020848960832843e+00
1.214098762928344843e+00 2.730053283513303342e+00 2.145048495502073660e+00 2.537817194094771800e+00 1.329819225405015182e+00
1.233489770741228675e+00 2.724030532533170401e+00 2.204967383092078403e+00 2.521360844103497811e+00 1.324943658888917186e+00
1.262372800397258743e+00 2.672673987264051920e+00 2.241996585530773078e+00 2.491942142829071560e+00 1.326529326405275322e+00
1.287137454035047313e+00 2.597812754137135194e+00 2.220649345845236322e+00 2.473326804731739159e+00 1.332761969220088050e+00
1.298697053618102615e+00 2.514911214485186175e+00 2.202521525845626549e+00 2.448019013339634231e+00 1.339581723533139757e+00
1.299845292485826587e+00 2.438276147236286384e+00 2.201932057431185363e+00 2.412341861582955271e+00 1.354991890342290173e+00
1.309164871513227801e+00 2.374804801177038183e+00 2.216543438538300936e+00 2.380872958664490557e+00 1.380210134670355027e+00
1.317255838043530192e+00 2.333387177828517789e+00 2.209127315962450044e+00 2.319150683188198503e+00 1.381490230445775680e+00
1.313258399984305269e+00 2.319139346519944578e+00 2.179157011316338100e+00 2.260487607747130312e+00 1.365600054622544191e+00
1.310363966384027634e+00 2.300503570270570286e+00 2.157475970981176605e+00 2.194261182151966416e+00 1.370933740256671252e+00
1.298628738037321595e+00 2.287231013071277630e+00 2.135154948020486554e+00 2.159822578429128281e+00 1.405324598294053429e+00
1.280892559746130255e+00 2.291406392915620316e+00 2.115038696721680100e+00 2.175751187697986477e+00 1.446074451636831792e+00
1.263397573197994062e+00 2.314649495928010392e+00 2.107951723308426395e+00 2.192204338751958304e+00 1.487514649376581399e+00
1.252065463384838040e+00 2.321272437392425836e+00 2.104830571679042972e+00 2.209696340953354987e+00 1.531200709096174339e+00
1.253279273480139455e+00 2.297610540929151846e+00 2.106708728221749372e+00 2.222175773051313641e+00 1.574835075909936322e+00
1.269340030790179652e+00 2.239218756768544427e+00 2.123825828086195244e+00 2.224009195858822174e+00 1.606714565186617927e+00
1.300000000000000044e+00 2.169999999999999929e+00 2.154999999999999805e+00 2.209999999999999964e+00 1.600000000000000089e+00
