8.699999999999999956e-01 2.740000000000000213e+00 1.850000000000000089e+00 2.629999999999999893e+00 1.350000000000000089e+00
9.029577611853227825e-01 2.761582772266433228e+00 1.860093310871609784e+00 2.599842330390988554e+00 1.343029725344667469e+00
9.390192133560288923e-01 2.769038233471082133e+00 1.867030335915881523e+00 2.567866616941734126e+00 1.336732664102462387e+00
9.742765932090422520e-01 2.756211413107849673e+00 1.891251222805595988e+00 2.555457562151378426e+00 1.334403077995365061e+00
1.000775336337859978e+00 2.732860209203815671e+00 1.923487341837641473e+00 2.556658495842967227e+00 1.334795709459825952e+00
1.024635399275753755e+00 2.714468553483826430e+00 1.957961063925647061e+00 2.557655004968102830e+00 1.340551114357949825e+00
1.046781941392206594e+00 2.704737464595303287e+00 1.994364894846916370e+00 2.552692408359619414e+00 1.347471385076455253e+00
1.066775080684473576e+00 2.697653295694285358e+00 2.032427987390430513e+00 2.540704123831637684e+00 1.347488644667164781e+00
1.085644576257449589e+00 2.693880845115481204e+00 2.069542646667415831e+00 2.525986217188556093e+00 1.341003301029594974e+00
1.108466725211157744e+00 2.698034061979032394e+00 2.104847152959302914e+00 2.514242463055394339e+00 1.333619906190784299e+00
1.140471751625352193e+00 2.689057397698075391e+00 2.133101017389759768e+00 2.504862040131251799e+00 1.328493235187989008e+00
1.157226275789218661e+00 2.643232085040295942e+00 2.124334237545211224e+00 2.492915148474579734e+00 1.330982323480542462e+00
1.183612001676590086e+00 2.610221667090290687e+00 2.143609247762429781e+00 2.478334186389882010e+00 1.335020500670207166e+00
1.211960110839017890e+00 2.612784671494018607e+00 2.177701878909283906e+00 2.472168490140049357e+00 1.331374693122556740e+00
1.241955392623818710e+00 2.610861784491642190e+00 2.209978075351613835e+00 2.463597271211367623e+00 1.331111665430163793e+00
1.270910709073251432e+00 2.588205443709850062e+00 2.227733844032143917e+00 2.447811549357830518e+00 1.343488687784737845e+00
1.287697652963485817e+00 2.548025012112983045e+00 2.223074534036478145e+00 2.431151115488843217e+00 1.361355072856028192e+00
1.300861926272873559e+00 2.495691000795977388e+00 2.219704972005930532e+00 2.416485215109353213e+00 1.373449036648857202e+00
1.305891590090380916e+00 2.438027352399273262e+00 2.233772964103080572e+00 2.405728171167875296e+00 1.380331209527313030e+00
1.303421702360525902e+00 2.383538935082625709e+00 2.251834223710302396e+00 2.396216555166088114e+00 1.381551973362681540e+00
1.270156013498737968e+00 2.376163438123019223e+00 2.223029690133283776e+00 2.390845587770069613e+00 1.376090428771740148e+00
1.253891602410182049e+00 2.337535958726886243e+00 2.198291860385784169e+00 2.370907883729339360e+00 1.384674436737926673e+00
1.259016420829639715e+00 2.336305652934955734e+00 2.202449577747514819e+00 2.317823733245537809e+00 1.393339879508376455e+00
1.263313805415880120e+00 2.320816989418518439e+00 2.187601715687473636e+00 2.267848408069002009e+00 1.400434508532800715e+00
1.257471649135999403e+00 2.303766338406657788e+00 2.168691445963254694e+00 2.224588624214658861e+00 1.412014715426306966e+00
1.245747947550441381e+00 2.293562724406035702e+00 2.153073419712357328e+00 2.187360683300044517e+00 1.429360881358706870e+00
1.234309464253078525e+00 2.287343848179360872e+00 2.143592466779089989e+00 2.157240865097179494e+00 1.451792164775010052e+00
1.225772429807990394e+00 2.281647687564364535e+00 2.138777974609249899e+00 2.133431582291054340e+00 1.477171316239000332e+00
1.217320034983262689e+00 2.281168259376513241e+00 2.133248974490606464e+00 2.112967205378392332e+00 1.503390872731728001e+00
1.203454962288724506e+00 2.306443858380245349e+00 2.135325045116605036e+00 2.102027386446597479e+00 1.526866858156688878e+00
1.199425021102600519e+00 2.345002606141382451e+00 2.159914941911017738e+00 2.121980597781079059e+00 1.534600363609466500e+00
1.206462316969098225e+00 2.370163717886207611e+00 2.174610661129490197e+00 2.152727758948499659e+00 1.552674506650308039e+00
1.213023847976528069e+00 2.342122016586321465e+00 2.173711389648053327e+00 2.167576977401961980e+00 1.576688437433946932e+00
1.216901176942118745e+00 2.281841461373530500e+00 2.180969021679760367e+00 2.178075167880451080e+00 1.583637772450393832e+00
1.219939887868096484e+00 2.220757708086237070e+00 2.193633168886202078e+00 2.187121425854811729e+00 1.583962384515168242e+00
1.238356803112037774e+00 2.180000853493840651e+00 2.206480351060512213e+00 2.200478567133181240e+00 1.596232303017464327e+00
1.263212796087590739e+00 2.197144143745616063e+00 2.171900546918664521e+00 2.200135774667836497e+00 1.595810566918691498e+00
1.300000000000000044e+00 2.169999999999999929e+00 2.154999999999999805e+00 2.209999999999999964e+00 1.600000000000000089e+00
