8.699999999999999956e-01 2.740000000000000213e+00 1.850000000000000089e+00 2.629999999999999893e+00 1.350000000000000089e+00
8.982292645190392832e-01 2.746153104449531313e+00 1.846234442272091325e+00 2.606199220726185928e+00 1.340084928162818434e+00
9.234622062214548066e-01 2.754222242271395338e+00 1.857813103955850975e+00 2.583491377142498990e+00 1.348420500346884099e+00
9.534148432322219202e-01 2.749143096064340153e+00 1.865736376689326681e+00 2.578883199146215333e+00 1.333517541704697607e+00
9.814353158622798334e-01 2.739819671929364375e+00 1.879295509191510893e+00 2.562290773869472904e+00 1.328648549403992574e+00
1.006453791630272709e+00 2.741443897006407671e+00 1.903306050739341782e+00 2.559818805954919618e+00 1.335301212198394705e+00
1.030670883753529221e+00 2.748675406112686570e+00 1.926863932401461810e+00 2.565654530955126855e+00 1.343189470587421885e+00
1.051181393696216215e+00 2.754299081977168662e+00 1.953281998138179931e+00 2.561977183237194922e+00 1.346979306412369404e+00
1.063552756055637261e+00 2.758896705766183732e+00 1.979780043178874793e+00 2.544651073310514100e+00 1.340673863325786419e+00
1.073089633525111664e+00 2.764616373270404992e+00 2.008885178998154775e+00 2.535028137545473292e+00 1.332626639823988324e+00
1.085901680635840361e+00 2.754215310199346511e+00 2.039107312718105192e+00 2.531162827175860830e+00 1.331712152093422530e+00
1.102530093728760985e+00 2.742698093908074064e+00 2.067880030243393286e+00 2.527252106157721556e+00 1.332906266058337286e+00
1.121481637148166621e+00 2.735763891197959374e+00 2.095753292908924426e+00 2.520718045949795094e+00 1.334934738201862370e+00
1.142077295172945428e+00 2.730924302116444213e+00 2.121819772612014710e+00 2.509258097186315872e+00 1.336550133557914855e+00
1.163338533406388153e+00 2.714309071802694984e+00 2.141316181067435931e+00 2.489976450557633392e+00 1.335333494363296847e+00
1.161282679924082961e+00 2.687088340764296479e+00 2.127770457598245457e+00 2.481833188801526369e+00 1.329888822023361339e+00
1.170328554685800881e+00 2.687941539827345405e+00 2.132907075841599998e+00 2.498219306634712478e+00 1.324876366784398796e+00
1.189897678724741725e+00 2.672936367661890245e+00 2.158612867179793504e+00 2.495235076287565690e+00 1.318233820046385230e+00
1.213801296540931274e+00 2.634865324869933190e+00 2.162810622503653857e+00 2.480190490172963447e+00 1.314884394200993789e+00
1.229530676979696535e+00 2.590671751239796539e+00 2.166052274240502840e+00 2.468167505249623694e+00 1.325064850009720852e+00
1.236074368653346411e+00 2.553547381295312668e+00 2.176188428333573288e+00 2.454425315968331578e+00 1.342191982411714335e+00
1.243793985870215835e+00 2.515461617383821569e+00 2.173079738626051860e+00 2.436538986654773531e+00 1.357996480220734270e+00
1.255965034949186876e+00 2.482022970551146734e+00 2.153393955261885484e+00 2.432766181957505491e+00 1.371050279006515105e+00
1.261793156439889207e+00 2.445973306586842089e+00 2.132801988392176717e+00 2.432052114009335408e+00 1.381893789176989129e+00
1.256127867639297069e+00 2.399759748924999769e+00 2.127809705966528409e+00 2.412407966641399781e+00 1.386790329971423263e+00
1.245661934117823666e+00 2.370875635907586432e+00 2.128436786115185608e+00 2.380881031992185815e+00 1.391882287046002808e+00
1.234738260337982840e+00 2.359473934545853080e+00 2.128086287951894473e+00 2.345362476477903080e+00 1.400136677768792692e+00
1.230021738603265913e+00 2.356735006205150196e+00 2.126138624727118120e+00 2.310450080844521192e+00 1.413552487171102046e+00
1.238386899669318586e+00 2.381704941822486266e+00 2.130642762666046686e+00 2.288289673712161409e+00 1.432345508552634428e+00
1.248118677016806677e+00 2.420044047431122447e+00 2.139992542791673280e+00 2.276721815503764290e+00 1.449220388299482964e+00
1.256300030539787782e+00 2.459455587524238762e+00 2.147114886447748283e+00 2.263175460177939247e+00 1.466038768490988353e+00
1.265911353208042378e+00 2.502921512035917395e+00 2.147409212510004384e+00 2.253000314828255135e+00 1.481906215512305058e+00
1.273756787797281298e+00 2.501387820600729395e+00 2.145618807291137298e+00 2.256232300568274063e+00 1.505343158022324435e+00
1.269903922536941510e+00 2.454995384632326250e+00 2.137665245862070407e+00 2.256192605491332159e+00 1.520133969640839799e+00
1.275380160209424796e+00 2.420193426083023347e+00 2.129386655000498507e+00 2.255486333021525791e+00 1.541468011771490287e+00
1.283569924626695613e+00 2.392329500018856248e+00 2.128540994977776268e+00 2.256421192549286303e+00 1.566879240729772915e+00
1.282508964248588290e+00 2.359920830856101936e+00 2.131371819291819847e+00 2.253398440388431734e+00 1.591261530421433923e+00
1.275894077601972931e+00 2.326347954964034237e+00 2.141290600275423284e+00 2.245744652739683822e+00 1.612271875351162675e+00
1.270320089264699970e+00 2.289669638542880303e+00 2.155546188369933613e+00 2.231558332310878967e+00 1.626000649200742165e+00
1.268663108527724015e+00 2.242207116580750448e+00 2.158010102582959000e+00 2.212916801429941405e+00 1.625737823533819348e+00
1.274684404355452827e+00 2.202406317172746153e+00 2.144029290491622941e+00 2.207423656729805117e+00 1.611724977148464744e+00
1.300000000000000044e+00 2.169999999999999929e+00 2.154999999999999805e+00 2.209999999999999964e+00 1.600000000000000089e+00
