8.699999999999999956e-01 2.740000000000000213e+00 1.850000000000000089e+00 2.629999999999999893e+00 1.350000000000000089e+00
9.015014344738438989e-01 2.738845094430021554e+00 1.861076176873840415e+00 2.605957620252481455e+00 1.348697885008446784e+00
9.330634385026228550e-01 2.736949177894383745e+00 1.871747691382645185e+00 2.581865517988108039e+00 1.346947265556268869e+00
9.634294172203445861e-01 2.720933841654726848e+00 1.879916594789541318e+00 2.564381514704478171e+00 1.335564675425696457e+00
9.907366761730368454e-01 2.721857285436660057e+00 1.905423933027228900e+00 2.561730111107076269e+00 1.326689260318624664e+00
1.009666052083167953e+00 2.726958366720816151e+00 1.937480814502076543e+00 2.552370045831657386e+00 1.321239386949305095e+00
1.037439418976960237e+00 2.722890299676278492e+00 1.962571331426583354e+00 2.543423207650976625e+00 1.328159753179291247e+00
1.069036859571480536e+00 2.719968650307534208e+00 1.983468358362414419e+00 2.537490808332087955e+00 1.337211406105089706e+00
1.101154089300111716e+00 2.715097084177048536e+00 2.004485225160446138e+00 2.527264557677554535e+00 1.342245667449923241e+00
1.132263253410054293e+00 2.718826733516513716e+00 2.027337842364062226e+00 2.516082923907001057e+00 1.343979787713972085e+00
1.156991083844078894e+00 2.739446564141201357e+00 2.054505330652194317e+00 2.511744441659764071e+00 1.343392481070939670e+00
1.174204389676922977e+00 2.754308273761433945e+00 2.087615594060536761e+00 2.513562937475688486e+00 1.339759745846073269e+00
1.187920075947745735e+00 2.746869302820032388e+00 2.122186811828487230e+00 2.512523793634524161e+00 1.332975693404645945e+00
1.200382645032364248e+00 2.733605116455307904e+00 2.155223202600615728e+00 2.504642576527750020e+00 1.324566822326341153e+00
1.212381637843407356e+00 2.727508827050522999e+00 2.188602019958872269e+00 2.492573549915597209e+00 1.317075185799632342e+00
1.224256221452554305e+00 2.716793315800011044e+00 2.222478232954492317e+00 2.480911329940422849e+00 1.311983946462489836e+00
1.236096654398980421e+00 2.678065349142794371e+00 2.247754838054423665e+00 2.479752874580153588e+00 1.308226668847101815e+00
1.250783083887861302e+00 2.625349475999809723e+00 2.252555652931738539e+00 2.489988903216674210e+00 1.308581337482945806e+00
1.270195833510020966e+00 2.576177490073591869e+00 2.246227928054231882e+00 2.495144234991221843e+00 1.314855170164571430e+00
1.285727134818738460e+00 2.531643331948342457e+00 2.229738765689759816e+00 2.491581657902516067e+00 1.324072617363169169e+00
1.295382029452788242e+00 2.488141969567120082e+00 2.211431049580937724e+00 2.480653474123905688e+00 1.333716707610265617e+00
1.304526241860267000e+00 2.442558386808476811e+00 2.204109371658340422e+00 2.462746274677214853e+00 1.344252545414819311e+00
1.315632714267488401e+00 2.402522225523265664e+00 2.214122150344866924e+00 2.439849024295152713e+00 1.353057932688988885e+00
1.324615784012978414e+00 2.365587567264999080e+00 2.226422695008237085e+00 2.413414721214756309e+00 1.360004401385526140e+00
1.325134817279371546e+00 2.322929409455225525e+00 2.228175322907399725e+00 2.388660796591898006e+00 1.369956470855434372e+00
1.318152575729698794e+00 2.286649050604732558e+00 2.225377532827537141e+00 2.361872883142992929e+00 1.381966566620404180e+00
1.310165704801273368e+00 2.288044523803514974e+00 2.219733609991128009e+00 2.322919215649226210e+00 1.387762518195657879e+00
1.299664780887719306e+00 2.303752109744092724e+00 2.207400390724368222e+00 2.287195226350876354e+00 1.392110628947548667e+00
1.284450457285831293e+00 2.319459570130956383e+00 2.190563207658298595e+00 2.255186069763125634e+00 1.394910235359557049e+00
1.266604176854403629e+00 2.331205636556953120e+00 2.167484831015352498e+00 2.228844038527236560e+00 1.391799019651287939e+00
1.251364865193635545e+00 2.350450457333929322e+00 2.144120295486187988e+00 2.208186988930830097e+00 1.395938418559459215e+00
1.256718058590465814e+00 2.353378678296891291e+00 2.165638787849503810e+00 2.207873244878281405e+00 1.419289306045192767e+00
1.253273271676079270e+00 2.332240782782909250e+00 2.174848670399613493e+00 2.202240725784772035e+00 1.444865003199762743e+00
1.244188368723365912e+00 2.305335396094086775e+00 2.175364533884462492e+00 2.194489076223945290e+00 1.469132043961543621e+00
1.233717529421801018e+00 2.278562548177648139e+00 2.173483522318140349e+00 2.187217849115051127e+00 1.493194884747493401e+00
1.224250707116985692e+00 2.254845602613132272e+00 2.171725653881545703e+00 2.182860660284923870e+00 1.518515060629847868e+00
1.219001686961487474e+00 2.244821712047014195e+00 2.170033979336914332e+00 2.184303103419849013e+00 1.546496338553775107e+00
1.230769943625743323e+00 2.267675789468785119e+00 2.163172251448996164e+00 2.182036786300478148e+00 1.569754643816347439e+00
1.245403208273565099e+00 2.241037503445100221e+00 2.163600884661961210e+00 2.185289057861036888e+00 1.593035171101336411e+00
1.274377576232391895e+00 2.209256749685274190e+00 2.158690767751139106e+00 2.194031707012344512e+00 1.604337888878651697e+00
1.300000000000000044e+00 2.169999999999999929e+00 2.154999999999999805e+00 2.209999999999999964e+00 1.600000000000000089e+00
