8.699999999999999956e-01 2.740000000000000213e+00 1.850000000000000089e+00 2.629999999999999893e+00 1.350000000000000089e+00
9.003518517919909536e-01 2.747846698972768564e+00 1.842321780690284516e+00 2.593044646844762546e+00 1.343451593403788724e+00
9.352481802968033442e-01 2.741437668966027807e+00 1.855704853860473902e+00 2.567215427032436104e+00 1.336674603171859044e+00
9.667003649867953463e-01 2.723502662470242974e+00 1.881751593177824811e+00 2.556778314231542559e+00 1.330854004236948773e+00
9.965743629389995917e-01 2.709950587602777183e+00 1.913386462139414546e+00 2.555132876831285760e+00 1.330097007668206155e+00
1.031407207854142971e+00 2.696928780538878190e+00 1.935253387210740694e+00 2.561157852655134626e+00 1.337973432627607151e+00
1.062127384387359097e+00 2.691485147484933727e+00 1.966293043268993124e+00 2.556931455741592085e+00 1.341439730556958088e+00
1.079999342350553615e+00 2.691072017547046169e+00 2.004977465662931557e+00 2.541134831833072205e+00 1.338904622701385660e+00
1.092513556026488475e+00 2.690183538390849449e+00 2.045101995159248620e+00 2.521726001022584374e+00 1.335657115263296557e+00
1.104244165429168589e+00 2.693480084845685685e+00 2.085951844741002592e+00 2.503950870663690154e+00 1.332623397853551106e+00
1.116802238701910532e+00 2.717063340029379770e+00 2.125040341688954726e+00 2.499051821836129950e+00 1.329152991148222496e+00
1.148308487204620532e+00 2.705238512534510864e+00 2.151796659676080470e+00 2.498580040190501617e+00 1.326626783963551492e+00
1.181251867588583693e+00 2.669618817172294989e+00 2.165773391714056473e+00 2.486724493030540550e+00 1.327341703289983688e+00
1.211902022733347684e+00 2.651513403437750771e+00 2.194726657804498604e+00 2.480441736021677279e+00 1.326027984502762935e+00
1.240954396958099837e+00 2.634891466713852104e+00 2.226321170148565898e+00 2.474826250960307839e+00 1.326547300211418090e+00
1.267470785985336246e+00 2.602690209760368578e+00 2.246462569812202936e+00 2.463837579769704966e+00 1.337178916711438292e+00
1.279113386768482741e+00 2.560894987491208141e+00 2.242258380962024233e+00 2.447200926442726576e+00 1.355108957605299480e+00
1.286292523874027705e+00 2.515936752056751491e+00 2.227860160377391985e+00 2.425624794980860699e+00 1.369856460732746362e+00
1.289716202322146898e+00 2.468248651104854030e+00 2.206909084110769026e+00 2.403505653968147637e+00 1.378999721739806228e+00
1.283700935825585754e+00 2.410986539652854255e+00 2.208864209261796940e+00 2.382142005724088740e+00 1.379318231870663158e+00
1.272194833209623344e+00 2.361192801993901913e+00 2.216598288010954487e+00 2.350069934961802609e+00 1.378801216435363131e+00
1.262619589132859765e+00 2.332286117060252906e+00 2.204791915468801822e+00 2.309025998226791998e+00 1.387888025319408136e+00
1.257449107715260084e+00 2.314380231364741025e+00 2.193124168399824825e+00 2.260957057256731240e+00 1.397741173536349191e+00
1.255397757690955851e+00 2.300269040790629216e+00 2.173807069492589950e+00 2.215030820369037645e+00 1.406929837429890195e+00
1.245363437148226948e+00 2.277888613883563451e+00 2.151025331535818985e+00 2.179433946825567237e+00 1.418595755174418160e+00
1.229587492203068955e+00 2.248265656513929400e+00 2.157778298952761631e+00 2.145093517958523766e+00 1.432485996923063443e+00
1.221448926735095419e+00 2.251794053617676816e+00 2.160346372195029563e+00 2.123056646707748296e+00 1.458443798094617883e+00
1.212623382393223537e+00 2.264949940486699287e+00 2.159904068501169228e+00 2.106887230994416438e+00 1.485040239352123592e+00
1.206035947932219798e+00 2.285787670440775798e+00 2.161003074551739456e+00 2.095727270562312228e+00 1.511646767175801598e+00
1.207975845641660495e+00 2.329960517400357922e+00 2.165769201015897316e+00 2.104629922540206977e+00 1.532241508749540237e+00
1.209851314493098906e+00 2.384806775420424074e+00 2.165772469565596214e+00 2.131275155084577211e+00 1.540385768905219610e+00
1.198921101030212544e+00 2.410902916862194267e+00 2.183093874254733446e+00 2.168670410019934103e+00 1.545576759465071337e+00
1.211982630685597195e+00 2.358047901483144582e+00 2.202587878883313532e+00 2.173282956522680998e+00 1.553591450440451327e+00
1.219693512485667153e+00 2.302233161222993374e+00 2.209772479070891471e+00 2.175469223025784604e+00 1.567601653931868899e+00
1.222428687879412834e+00 2.247632234596390610e+00 2.212208502927411669e+00 2.181146027608679372e+00 1.583540528228709388e+00
1.231392134547076633e+00 2.199330541896852065e+00 2.187594601842048458e+00 2.196577142328388632e+00 1.586667019915815047e+00
1.270753967529068884e+00 2.207440503399939580e+00 2.171223738106329293e+00 2.200070526316047381e+00 1.591932780008192161e+00
1.300000000000000044e+00 2.169999999999999929e+00 2.154999999999999805e+00 2.209999999999999964e+00 1.600000000000000089e+00
