8.699999999999999956e-01 2.740000000000000213e+00 1.850000000000000089e+00 2.629999999999999893e+00 1.350000000000000089e+00
9.105875904102399554e-01 2.767683153206113023e+00 1.853183088344366514e+00 2.609320687607195932e+00 1.345034514839546391e+00
9.528177557172456957e-01 2.777325812113862202e+00 1.867646468629967194e+00 2.588316277425439349e+00 1.343717236583707786e+00
9.897437406476873312e-01 2.743809028426489327e+00 1.886035124182266154e+00 2.576291048228895875e+00 1.344268622058578444e+00
1.020775596560046461e+00 2.708821415156879020e+00 1.912964182030340909e+00 2.565601133960422331e+00 1.346768795137555763e+00
1.044475776988123439e+00 2.695589531704184694e+00 1.946873007002056122e+00 2.547465085107742944e+00 1.337712349045928617e+00
1.045106695834081112e+00 2.686187817391844757e+00 1.981197742958859198e+00 2.519600889769264107e+00 1.326079655635198140e+00
1.056336844692969734e+00 2.679365027769402552e+00 2.021749328370829435e+00 2.499154339524685131e+00 1.327183838602734145e+00
1.089969742492470139e+00 2.693500939203372635e+00 2.054024607980881267e+00 2.501533813495818048e+00 1.328470234555605423e+00
1.116987031169531575e+00 2.704992954173866870e+00 2.092618732044329910e+00 2.506870240673069627e+00 1.326507221467009945e+00
1.145693921960635020e+00 2.690706335138397520e+00 2.124053802543924174e+00 2.510701044831913364e+00 1.319750058514134627e+00
1.184257615016074627e+00 2.654223367936959566e+00 2.123693834432086813e+00 2.496707283017175261e+00 1.321074431388489900e+00
1.222518167424596180e+00 2.647703553490024841e+00 2.148471661209783612e+00 2.481785377789774483e+00 1.320021852397300188e+00
1.245894544084522826e+00 2.655256973054353153e+00 2.188853762126118152e+00 2.475367165538572056e+00 1.319930873210319211e+00
1.251744087258565896e+00 2.644024448948434358e+00 2.230818174284906696e+00 2.461865823270183551e+00 1.319364592694899141e+00
1.254973239161179421e+00 2.588023838610384431e+00 2.247061106911105277e+00 2.445357358517934010e+00 1.323059906779002537e+00
1.258557188394230586e+00 2.529449086627201471e+00 2.228072665269983155e+00 2.434202655974987195e+00 1.334040670230632886e+00
1.264938226634866769e+00 2.472357102150711583e+00 2.210487117713591854e+00 2.420698464595471666e+00 1.345901923907260933e+00
1.277498747525584566e+00 2.415045562327723605e+00 2.198029816430423722e+00 2.404014348685167501e+00 1.353917473064526034e+00
1.285240024589424879e+00 2.391785883667787438e+00 2.159275352315609187e+00 2.398745038142745312e+00 1.366133555853342951e+00
1.292415488407978152e+00 2.360889961228587186e+00 2.148859167110990231e+00 2.363274157739093884e+00 1.382236571027293692e+00
1.299872264402477162e+00 2.330132837965665171e+00 2.153477333631494961e+00 2.323591987390835722e+00 1.394720563850046835e+00
1.309906865841471202e+00 2.307683530266770866e+00 2.161176476141297265e+00 2.280296641112774747e+00 1.403151083351605655e+00
1.309072270646511660e+00 2.308748263986849736e+00 2.170561851820242971e+00 2.238340923341950450e+00 1.419977269987801272e+00
1.279022947204182081e+00 2.337671714072150131e+00 2.156401633238002269e+00 2.227885498210770532e+00 1.439605033252747246e+00
1.261364256313473042e+00 2.342693452849647251e+00 2.147631874700755450e+00 2.233307858573108540e+00 1.471395886701784672e+00
1.251335190858063662e+00 2.340388729111906763e+00 2.152737263094053333e+00 2.231103280878721229e+00 1.505366275867447534e+00
1.241576128946026536e+00 2.341589179213392935e+00 2.159381455269855810e+00 2.228410889539469419e+00 1.539295743715021647e+00
1.230729689828274021e+00 2.378265385903294504e+00 2.169896335695502110e+00 2.227652892408447993e+00 1.566461740222198529e+00
1.225460377016566405e+00 2.434511390589690460e+00 2.171511365295292872e+00 2.233092241853910309e+00 1.562317718544568024e+00
1.237969622705936690e+00 2.385445292611545476e+00 2.143590058753411132e+00 2.229898243565861193e+00 1.572524412505127422e+00
1.259035699288521881e+00 2.336021750854884615e+00 2.133988968546503884e+00 2.212512873487679332e+00 1.586773588020769177e+00
1.282120577319146193e+00 2.290945771931048647e+00 2.139883956487650618e+00 2.198058334958653770e+00 1.604629659123121055e+00
1.299177070595866290e+00 2.233700984296671521e+00 2.145444882043336943e+00 2.216114542028032819e+00 1.612862535200435765e+00
1.300000000000000044e+00 2.169999999999999929e+00 2.154999999999999805e+00 2.209999999999999964e+00 1.600000000000000089e+00
