8.699999999999999956e-01 2.740000000000000213e+00 1.850000000000000089e+00 2.629999999999999893e+00 1.350000000000000089e+00
9.097549083648097668e-01 2.761275442120119106e+00 1.857225405586753419e+00 2.602976373806339616e+00 1.346936886733155037e+00
9.457138854135250794e-01 2.763644169984003085e+00 1.856436847197735496e+00 2.567285179988128441e+00 1.342175506287932141e+00
9.839551223275805336e-01 2.773823043604838556e+00 1.880932874291492363e+00 2.559652178501347297e+00 1.334860438329460663e+00
1.012694051915218552e+00 2.777257026584126542e+00 1.916932160394064555e+00 2.558231267270368203e+00 1.338057192680324858e+00
1.025610095008905098e+00 2.762161097980864177e+00 1.958159022508376035e+00 2.549428454218855222e+00 1.335890824032868407e+00
1.041126313483443200e+00 2.762889561633763424e+00 1.998501593118164443e+00 2.535173917134430965e+00 1.332438998341013869e+00
1.051974059486246560e+00 2.769066091780787442e+00 2.038018138189776618e+00 2.546306875387161384e+00 1.335643705190192598e+00
1.053287324900233912e+00 2.778689592954318499e+00 2.058499312660777569e+00 2.579223925819386309e+00 1.344798224031487743e+00
1.085702827538664872e+00 2.772532304450028295e+00 2.088739957675609382e+00 2.562877834373123775e+00 1.338347578554029527e+00
1.118945628839589146e+00 2.766556626342564496e+00 2.116928852137905270e+00 2.544252671866987114e+00 1.332116402167516478e+00
1.159208381327613724e+00 2.767778702877750518e+00 2.133464637994235247e+00 2.523459745944184540e+00 1.334802180042722997e+00
1.180696605675572108e+00 2.745032346249701050e+00 2.111909797026320312e+00 2.491155639028159730e+00 1.341195324027785629e+00
1.202560075483247948e+00 2.687158472075202198e+00 2.125853308917548645e+00 2.480419856588456984e+00 1.331248831680467593e+00
1.232417195584122327e+00 2.644882420480549445e+00 2.148349878944663338e+00 2.479723660253721373e+00 1.319985331904289794e+00
1.267815943546436452e+00 2.620067162891476453e+00 2.172611495402433590e+00 2.469280146026061828e+00 1.309474882033734522e+00
1.275418511935502819e+00 2.588843055421174100e+00 2.195442834229088369e+00 2.433060683935028390e+00 1.312216467159149635e+00
1.273495946578857119e+00 2.529085716061584055e+00 2.196573318619432058e+00 2.408534369391853946e+00 1.324019412912559535e+00
1.277263638327036377e+00 2.461365485204239700e+00 2.191955677146554038e+00 2.405476476794428109e+00 1.338459977940059442e+00
1.285639073170242730e+00 2.403356367639285285e+00 2.187339557794394818e+00 2.395014968658542021e+00 1.360934556914684679e+00
1.282219466481269610e+00 2.399635638927714254e+00 2.158141878091059951e+00 2.367871100711401056e+00 1.373813840417434040e+00
1.276213665790371543e+00 2.399878374336539721e+00 2.137357122203184634e+00 2.328126242342510643e+00 1.389543336602019785e+00
1.273279681428158172e+00 2.388158084085235444e+00 2.132613893739708111e+00 2.283760106649976862e+00 1.407634172781744741e+00
1.277479589427003015e+00 2.369726055791252506e+00 2.142042485879052993e+00 2.237337676659683972e+00 1.415011598409652294e+00
1.278817267862506490e+00 2.347172547639203355e+00 2.146023268391725747e+00 2.212273762548415235e+00 1.444455850437000421e+00
1.268844017716710404e+00 2.345026089635519728e+00 2.132840514972550672e+00 2.218626110636135351e+00 1.482024334135700450e+00
1.255731795915949078e+00 2.341147411316526483e+00 2.129242422608832008e+00 2.223326804193934247e+00 1.521613779928558507e+00
1.242839795767777478e+00 2.332736864234548957e+00 2.132531948689838419e+00 2.224534661527265644e+00 1.561353840225223166e+00
1.231262618425091437e+00 2.320617300433869712e+00 2.142732212303320782e+00 2.221486286980024705e+00 1.599901564970344525e+00
1.232155906963080971e+00 2.276665208168791477e+00 2.157979409256224557e+00 2.228525005844285367e+00 1.626072011186454835e+00
1.257828077282803214e+00 2.249559225054516443e+00 2.186325345419858124e+00 2.216373646849728374e+00 1.614659625122636388e+00
1.295029613880868125e+00 2.206494762955581557e+00 2.192022915473561095e+00 2.216573470842945426e+00 1.608089595782212555e+00
1.300000000000000044e+00 2.169999999999999929e+00 2.154999999999999805e+00 2.209999999999999964e+00 1.600000000000000089e+00
