8.699999999999999956e-01 2.740000000000000213e+00 1.850000000000000089e+00 2.629999999999999893e+00 1.350000000000000089e+00
9.142016549619518262e-01 2.721834803818116821e+00 1.862725102943140643e+00 2.581015130781609379e+00 1.333555474291102882e+00
9.698484449125663875e-01 2.705907391037564835e+00 1.886594700959491000e+00 2.561119624491858815e+00 1.316438519400532803e+00
1.019347343800262928e+00 2.743379633573238330e+00 1.918316840732465556e+00 2.557729472304345997e+00 1.318877323102124244e+00
1.056809044877795589e+00 2.772008369045757981e+00 1.959992508955352264e+00 2.554849852693011680e+00 1.330071205585849681e+00
1.090035943876147106e+00 2.778454584577893627e+00 2.006541878923500999e+00 2.549188709643226858e+00 1.340445791270324261e+00
1.123497551157025987e+00 2.778786017489164095e+00 2.053679910318646940e+00 2.543291468336783989e+00 1.347962267397459168e+00
1.162771981352531458e+00 2.772029408002214979e+00 2.098408659511241225e+00 2.536749004717351319e+00 1.348271854281956728e+00
1.203155496897897470e+00 2.726030039344793821e+00 2.126887490874900255e+00 2.513116119460614861e+00 1.337343963351612652e+00
1.225327706353031676e+00 2.663945128027492171e+00 2.153422792193716795e+00 2.480570512174652187e+00 1.326019356836686036e+00
1.249256934656055584e+00 2.586785581113730359e+00 2.164495177853359653e+00 2.450220075538198650e+00 1.319907174487976675e+00
1.280413557916743716e+00 2.510492913892441891e+00 2.169187196842162990e+00 2.421069767799121752e+00 1.318446723526344400e+00
1.291660343095941244e+00 2.439751398059464282e+00 2.168398752784405303e+00 2.380027470582149363e+00 1.300719898396675678e+00
1.293142439727911874e+00 2.384653549851195820e+00 2.149370106950377668e+00 2.336757066652534132e+00 1.275858783255316542e+00
1.301615816015910365e+00 2.322127769821730414e+00 2.135225434688825086e+00 2.289180086083390187e+00 1.286634489273337456e+00
1.308813297397211750e+00 2.302162288647950472e+00 2.145481360564429618e+00 2.250190249965307920e+00 1.331183990874103884e+00
1.308737470845876105e+00 2.326734698378292610e+00 2.150553655174569201e+00 2.211824815516295839e+00 1.377479464117702168e+00
1.311026821312987201e+00 2.346780669656987506e+00 2.162335069891716088e+00 2.180693100762674863e+00 1.426623719902986531e+00
1.290903338326258920e+00 2.340958997567267108e+00 2.118994676588133785e+00 2.176954025094440581e+00 1.450786045601056617e+00
1.268716604001402404e+00 2.346699447440671715e+00 2.083169379785395847e+00 2.184796796852022105e+00 1.488870014261015617e+00
1.247869340899694590e+00 2.332484271859216030e+00 2.077187067681209864e+00 2.191969262664623663e+00 1.541807593595761583e+00
1.245103397855510829e+00 2.247479577286648045e+00 2.085764826717271259e+00 2.190944162362105541e+00 1.565384380798616082e+00
1.262169959195139191e+00 2.205062570429725533e+00 2.115631162709975310e+00 2.193221399278570516e+00 1.603133039580988628e+00
1.300000000000000044e+00 2.169999999999999929e+00 2.154999999999999805e+00 2.209999999999999964e+00 1.600000000000000089e+00
