8.699999999999999956e-01 2.740000000000000213e+00 1.850000000000000089e+00 2.629999999999999893e+00 1.350000000000000089e+00
9.023112971488995715e-01 2.734939955912924159e+00 1.859357733325969875e+00 2.609472874742358339e+00 1.350240119781472181e+00
9.327799588635411476e-01 2.726209886402288340e+00 1.860180698116975728e+00 2.586420750914710354e+00 1.344393252371879788e+00
9.601226195037119160e-01 2.748070322387101694e+00 1.875185974200190397e+00 2.569440022978941585e+00 1.340985131198901392e+00
9.875617902827871220e-01 2.766037225636578611e+00 1.896608286317091885e+00 2.577689155354164541e+00 1.336290218965399124e+00
1.009361829109840070e+00 2.773906107526614928e+00 1.924290956197527880e+00 2.574141623717045135e+00 1.328639845876395498e+00
1.025585393519663047e+00 2.798153702450740798e+00 1.953086516884912083e+00 2.575653394243694549e+00 1.323440792406687772e+00
1.031729349436293575e+00 2.807528384532570254e+00 1.960968775891104299e+00 2.573889490292815108e+00 1.341515596195807403e+00
1.048667246858152380e+00 2.768632273277775724e+00 1.947094450386569919e+00 2.571861323915243691e+00 1.343036273702904237e+00
1.062463947774568762e+00 2.744173973164660829e+00 1.973673598074407121e+00 2.558406634682839353e+00 1.341938690014424562e+00
1.073495105183180032e+00 2.739423129973969306e+00 2.006582025483777620e+00 2.548089330010101961e+00 1.337471655413823735e+00
1.084461635905175303e+00 2.738866741536462257e+00 2.039785195425108277e+00 2.537634100990964647e+00 1.334087991112586469e+00
1.094616275745978529e+00 2.742253722180554298e+00 2.073320964178667403e+00 2.526847984288966398e+00 1.333180653741523169e+00
1.104961871252140071e+00 2.737593073772414343e+00 2.105042244046289479e+00 2.515338431766607208e+00 1.334376512302556828e+00
1.126203362394937457e+00 2.706027219408396078e+00 2.126202459802899458e+00 2.503106110422039343e+00 1.331428782167329627e+00
1.154060008360021872e+00 2.677151873132028737e+00 2.144591107423647447e+00 2.495763005808019130e+00 1.330000699439272793e+00
1.184902909606914356e+00 2.652780298248896163e+00 2.162358711720106630e+00 2.492036199072508840e+00 1.330520362659727729e+00
1.218570161082820569e+00 2.629714116431858706e+00 2.176175697404567622e+00 2.491655622124537839e+00 1.330336642640076672e+00
1.242778172504425349e+00 2.585958577309601214e+00 2.183220402800398752e+00 2.484079016810829987e+00 1.331304788038641052e+00
1.248319914508480899e+00 2.561923810948072866e+00 2.182124088448312182e+00 2.452835045935640057e+00 1.342734466287089701e+00
1.248221087684391994e+00 2.550397002203926178e+00 2.182160187503820126e+00 2.416237472589510382e+00 1.350644424672495791e+00
1.242624294959909559e+00 2.544724989321084152e+00 2.187198679038111937e+00 2.378936157874110169e+00 1.356157669445952063e+00
1.237699183459594288e+00 2.544151843533029922e+00 2.196592818289809124e+00 2.341682918166612559e+00 1.353740341346386655e+00
1.242051505683539503e+00 2.542807544565690137e+00 2.207517838460310688e+00 2.307568179337256886e+00 1.363079619887985761e+00
1.247944376571095582e+00 2.539493446679260913e+00 2.208867179908409195e+00 2.289523384463841627e+00 1.385952650369898009e+00
1.249448715552580857e+00 2.527050039054008934e+00 2.201136889297190091e+00 2.285158957711002525e+00 1.411106068747409958e+00
1.244856308231462538e+00 2.527181107856790732e+00 2.195905361496552022e+00 2.289781039027634080e+00 1.436992526177763185e+00
1.241006484815911026e+00 2.538130099393858252e+00 2.198792887257519979e+00 2.297707171098057444e+00 1.462341785598553434e+00
1.244434081966076855e+00 2.540926623661084793e+00 2.202192595981130374e+00 2.302137645368967700e+00 1.488466053095872432e+00
1.253879937882615092e+00 2.536812937791015798e+00 2.198822459317614442e+00 2.299493531127838608e+00 1.513939387880225640e+00
1.265115746648001860e+00 2.530969276228107745e+00 2.190287162647093666e+00 2.292585900400030852e+00 1.538084313489200383e+00
1.276646174307054515e+00 2.516131957564479826e+00 2.172700914153959495e+00 2.280019848404077454e+00 1.556830595897347624e+00
1.282348725580200854e+00 2.486198444018827836e+00 2.147823028458767602e+00 2.262555586742773794e+00 1.555291682945631360e+00
1.277266119651390808e+00 2.449412644376655734e+00 2.136870099948446011e+00 2.250642376375358911e+00 1.537928232639216297e+00
1.268553301820556811e+00 2.399796573182749082e+00 2.145523297904064375e+00 2.246994095565025606e+00 1.525322261836190130e+00
1.265807046714167994e+00 2.342976839596138561e+00 2.159318463781760400e+00 2.245382590848983284e+00 1.525894120235082640e+00
1.266985713748696174e+00 2.285349933600157701e+00 2.171267501762054852e+00 2.240351025896425874e+00 1.526924286735585001e+00
1.270731194269763220e+00 2.226809094133075373e+00 2.172964485158123349e+00 2.236836585092125240e+00 1.521396532866758466e+00
1.275479289552166939e+00 2.191527217207832834e+00 2.148199147785270213e+00 2.225326406937276680e+00 1.527355232502998650e+00
1.282672070473812820e+00 2.178989699627425392e+00 2.137141840900490308e+00 2.215176366434393085e+00 1.550394348178120607e+00
1.291208598666823582e+00 2.172983003943087965e+00 2.141950248203770002e+00 2.211919937928624957e+00 1.575913433041995715e+00
1.300000000000000044e+00 2.169999999999999929e+00 2.154999999999999805e+00 2.209999999999999964e+00 1.600000000000000089e+00
