8.699999999999999956e-01 2.740000000000000213e+00 1.850000000000000089e+00 2.629999999999999893e+00 1.350000000000000089e+00
8.999741781796173345e-01 2.713732965089663107e+00 1.850672041696848513e+00 2.608321773727206860e+00 1.343300260066979668e+00
9.309142307003686057e-01 2.694819858823822578e+00 1.850694948952642083e+00 2.582972750833333997e+00 1.337683527867923772e+00
9.633565108413595368e-01 2.692465816787781741e+00 1.869608785361166481e+00 2.564797730357261329e+00 1.335671802747658399e+00
9.880526896279029359e-01 2.704221307243360517e+00 1.900140894915112622e+00 2.557315727983994424e+00 1.334402880956859105e+00
1.010820434114010125e+00 2.720612975192984173e+00 1.931507700035890451e+00 2.551739935634100842e+00 1.332703660089234576e+00
1.031615444250586711e+00 2.737485372445473519e+00 1.963359138252737779e+00 2.546751553033240523e+00 1.337540632221577264e+00
1.048899901413423486e+00 2.744002510773792203e+00 1.995579150209899622e+00 2.541613619260236767e+00 1.349129790420411812e+00
1.070045934838526502e+00 2.739813712615668972e+00 2.028306381418214510e+00 2.533121762349208161e+00 1.354732883556392320e+00
1.095436880673406499e+00 2.732208236247752442e+00 2.057896292187996856e+00 2.522767484404890848e+00 1.351025306484007205e+00
1.123606905777228882e+00 2.728264324364510163e+00 2.085803538629438236e+00 2.514518768423832817e+00 1.345853643417668666e+00
1.152430115032481384e+00 2.738752173559020786e+00 2.113408533001224665e+00 2.511669819980105967e+00 1.342771358767189671e+00
1.178738382269079121e+00 2.759519065718988529e+00 2.140494711149945051e+00 2.515526623515096372e+00 1.339656313214667716e+00
1.204215046572898906e+00 2.759653049537503122e+00 2.169853550622436344e+00 2.517471527726284464e+00 1.331911978431958632e+00
1.223770908858790918e+00 2.733125837675405734e+00 2.195762077461990813e+00 2.511748554332412287e+00 1.321952614997321973e+00
1.238739908695233760e+00 2.690441733370295907e+00 2.213896689434744935e+00 2.501705376423028593e+00 1.315186736127340827e+00
1.251168122073480937e+00 2.638791851003092770e+00 2.220142458229407367e+00 2.490633716882626025e+00 1.315604797064351850e+00
1.262381626713472649e+00 2.586026161341122620e+00 2.216656412545642496e+00 2.481731406221283631e+00 1.320484070743075389e+00
1.275926788026493064e+00 2.533303973106713514e+00 2.210175600530805973e+00 2.478881403166017350e+00 1.324185218655237861e+00
1.293335348173244359e+00 2.482874324259601639e+00 2.211495263470331096e+00 2.487252661653603703e+00 1.323466066320777568e+00
1.308069789350020606e+00 2.431928770284545571e+00 2.215771863543889886e+00 2.477133423241403065e+00 1.324676094407837290e+00
1.319887886540312971e+00 2.389355795332138044e+00 2.220920802327249088e+00 2.453529705611260603e+00 1.332216898940538075e+00
1.318790104460342061e+00 2.367814760963381726e+00 2.228921555475622096e+00 2.422254540503605114e+00 1.348485342010231625e+00
1.323021956817588496e+00 2.348920061713978935e+00 2.251696495096132011e+00 2.392018136855739385e+00 1.357633114228643967e+00
1.325427548683536072e+00 2.324596702863272135e+00 2.259979677271299447e+00 2.360768416950585813e+00 1.372978037743432855e+00
1.319562849087570600e+00 2.310232949571271899e+00 2.237434033384156251e+00 2.334429819892319902e+00 1.387281142331313610e+00
1.311064817283724482e+00 2.300840086835343801e+00 2.211475070607857862e+00 2.303665842461836810e+00 1.394197439499315738e+00
1.296731192602572191e+00 2.313744656975013747e+00 2.203181012074963530e+00 2.264646236886815434e+00 1.399718795688158490e+00
1.274908537870717451e+00 2.331508545353117690e+00 2.187690656316993998e+00 2.234509794993124743e+00 1.405530593186499644e+00
1.257695117883958158e+00 2.353673406726734640e+00 2.161682591142762178e+00 2.212005605285594534e+00 1.408561660433230278e+00
1.256676815320833196e+00 2.323603321161161084e+00 2.173571392031618199e+00 2.183796758777208247e+00 1.409531725695322368e+00
1.246711279035138009e+00 2.289046073059756381e+00 2.183504198234243798e+00 2.176961945833272072e+00 1.429669504745423314e+00
1.233703745824058728e+00 2.277608745400674373e+00 2.177430267554318455e+00 2.165783282980800806e+00 1.455364877188175310e+00
1.220580601794330367e+00 2.284820242374437260e+00 2.170593935396198049e+00 2.152753694124117434e+00 1.481000082287330599e+00
1.209299222423127596e+00 2.307226062526664290e+00 2.169278370550950630e+00 2.142553086597086764e+00 1.505739375310406025e+00
1.206328127072198386e+00 2.331330006158857771e+00 2.180354246264461615e+00 2.146664053916218506e+00 1.530498287508802235e+00
1.212165491046838905e+00 2.332834623038241073e+00 2.192145243588127901e+00 2.166271111749860090e+00 1.554708926155938364e+00
1.217927615177616385e+00 2.317927328594009850e+00 2.184572272428528361e+00 2.180903400777510548e+00 1.580188347957255601e+00
1.232713320283648217e+00 2.287094889858621194e+00 2.171984563527339596e+00 2.191054640570973877e+00 1.599384768792317946e+00
1.254991350210466594e+00 2.250998110526430729e+00 2.159047435422647432e+00 2.203759111724663544e+00 1.610202767798315060e+00
1.273771441248871650e+00 2.204677292868275629e+00 2.151226076481802085e+00 2.216652753827214717e+00 1.613446380407680625e+00
1.300000000000000044e+00 2.169999999999999929e+00 2.154999999999999805e+00 2.209999999999999964e+00 1.600000000000000089e+00
