8.699999999999999956e-01 2.740000000000000213e+00 1.850000000000000089e+00 2.629999999999999893e+00 1.350000000000000089e+00
9.086411940716978553e-01 2.752164502547446823e+00 1.861207569083954905e+00 2.590517084128817871e+00 1.353145735555055351e+00
9.477461004918084075e-01 2.749377123998844930e+00 1.877163392981911816e+00 2.553136399991765781e+00 1.345836730594749175e+00
9.762466243495310225e-01 2.703665809269584663e+00 1.877865627876384558e+00 2.547443610467234443e+00 1.332460384974387679e+00
9.877236825662936148e-01 2.748501372565336442e+00 1.922757896735906691e+00 2.561281099361849556e+00 1.343417974249979219e+00
1.003654077131440392e+00 2.804416516405899173e+00 1.964955524691189837e+00 2.562815231500043645e+00 1.342708058574604735e+00
1.035785548413066692e+00 2.839660554939650083e+00 2.000410012599506349e+00 2.546719783091991207e+00 1.330679200387023586e+00
1.079141243742308243e+00 2.813627456048520603e+00 2.018158621369943173e+00 2.519091716847697615e+00 1.322958224033909946e+00
1.125321923684610592e+00 2.781464808676613387e+00 2.042449667115348699e+00 2.504050045528084745e+00 1.321905776809968902e+00
1.156678733533266890e+00 2.764782028284397786e+00 2.087727355088463632e+00 2.520982758574406901e+00 1.326424282096515084e+00
1.186440697312971304e+00 2.761166260987281795e+00 2.137329165736728598e+00 2.533537367684512542e+00 1.324781233494599197e+00
1.220307521701948561e+00 2.746454975102031959e+00 2.184598850638101109e+00 2.537323660090619271e+00 1.320207883114704384e+00
1.239513592479543957e+00 2.709090783952436965e+00 2.233589508770499776e+00 2.528904428129102211e+00 1.315005729771510090e+00
1.261941713458119008e+00 2.657066679814391819e+00 2.256639927948969948e+00 2.496947625034871443e+00 1.314665346598055784e+00
1.287814511539702167e+00 2.602506156269933868e+00 2.246603248770016936e+00 2.466636656471258515e+00 1.328075319669971943e+00
1.307732838432363431e+00 2.542149883635382857e+00 2.233372824628518494e+00 2.443708990524722680e+00 1.347602091208534913e+00
1.316351665039678931e+00 2.470166521678196059e+00 2.230602216967085827e+00 2.417760602917261359e+00 1.360332884097801509e+00
1.323018869655070873e+00 2.392475088381067039e+00 2.234852747825772479e+00 2.399021619070057287e+00 1.352217825811811158e+00
1.309175536081354618e+00 2.390565200534682244e+00 2.187288439685310060e+00 2.369229808310884255e+00 1.351657961588007772e+00
1.299901673983469230e+00 2.388218457061397793e+00 2.168499959363033192e+00 2.317780890916135483e+00 1.350515739399884563e+00
1.299655485981725311e+00 2.355115028036022462e+00 2.152808090337983593e+00 2.270683676824144293e+00 1.361446192352925300e+00
1.296527915629860139e+00 2.362270017153983215e+00 2.133183319274969847e+00 2.232800650801116227e+00 1.389510831907345700e+00
1.277215804780371666e+00 2.382014408953558871e+00 2.122844627618467594e+00 2.226776377704418497e+00 1.428916208706833668e+00
1.253851224446572266e+00 2.356311348006542961e+00 2.115014638393344804e+00 2.211921160773407280e+00 1.465418700102671723e+00
1.233407913713726822e+00 2.339934464747368548e+00 2.108686547048724602e+00 2.203410200246250561e+00 1.505657660407896614e+00
1.213735565307466402e+00 2.330093832580685032e+00 2.103122273073232851e+00 2.199972724364518850e+00 1.547208501658157598e+00
1.195641638819864516e+00 2.331098527472782678e+00 2.100139750861763854e+00 2.207667007102541490e+00 1.589217817275063283e+00
1.193376130067317131e+00 2.306079883826883226e+00 2.111974381564441838e+00 2.206177300731952062e+00 1.629822399305046243e+00
1.236987702919407628e+00 2.289219606240198157e+00 2.148615076511942945e+00 2.209568351505793338e+00 1.630272298353977245e+00
1.266234433624357392e+00 2.215225202450350483e+00 2.152580587984842975e+00 2.217800518048867353e+00 1.627811645881013014e+00
1.300000000000000044e+00 2.169999999999999929e+00 2.154999999999999805e+00 2.209999999999999964e+00 1.600000000000000089e+00
