8.699999999999999956e-01 2.740000000000000213e+00 1.850000000000000089e+00 2.629999999999999893e+00 1.350000000000000089e+00
9.014076318860654302e-01 2.714492466873364762e+00 1.848543680428777591e+00 2.604157881038438038e+00 1.345547936029813485e+00
9.350263479943619060e-01 2.697483599079265826e+00 1.860239747491967410e+00 2.580114132060192578e+00 1.341964842896725907e+00
9.653384626450599582e-01 2.694530056410554764e+00 1.886728849076882986e+00 2.562786642773689838e+00 1.340156388406923638e+00
9.880526120066187579e-01 2.704829134662250389e+00 1.921144832124388913e+00 2.552479547442986885e+00 1.339774703987854476e+00
1.008878377305095331e+00 2.732244955336295078e+00 1.947699037510595366e+00 2.543060476563835159e+00 1.328182014458672899e+00
1.039346066756390519e+00 2.741038858711081438e+00 1.977178528111732003e+00 2.543173375853545970e+00 1.330041096456981764e+00
1.063452628933310162e+00 2.755670560861169349e+00 1.998272896511321894e+00 2.530829882135749553e+00 1.348375976357565564e+00
1.091012910903913502e+00 2.763364839829272501e+00 2.027958339283873368e+00 2.520018377604403170e+00 1.352983224522180006e+00
1.122330700180897312e+00 2.758564138718747394e+00 2.056815682479127272e+00 2.511965692763896030e+00 1.350547594734102574e+00
1.154739646202151748e+00 2.746921265497414666e+00 2.078111816510901821e+00 2.509265897649587185e+00 1.337137304599370413e+00
1.174813823941506907e+00 2.757262225764439023e+00 2.107122670580245050e+00 2.505311048487053327e+00 1.321133066732567141e+00
1.192022003562491550e+00 2.751921412021484770e+00 2.142738249490379054e+00 2.498382190053825003e+00 1.311643558897485073e+00
1.210430356742379976e+00 2.729241613605379868e+00 2.177110929462260813e+00 2.493550956696659604e+00 1.308694082948543169e+00
1.225654717646039726e+00 2.727567606834450764e+00 2.213470170824337835e+00 2.499034700287409816e+00 1.315438423548976665e+00
1.242129499306237062e+00 2.694427407661373675e+00 2.242110915628120704e+00 2.488927131788490676e+00 1.312392934462791150e+00
1.254154265924469325e+00 2.637835015726259780e+00 2.247734557805411537e+00 2.488263820514217795e+00 1.313957211031884009e+00
1.263588514879748104e+00 2.580522936201929518e+00 2.243952355387199837e+00 2.491296488434997514e+00 1.317879916985486011e+00
1.274808266995206107e+00 2.527120588709150351e+00 2.229639325984697606e+00 2.495506962917602323e+00 1.321526245367248276e+00
1.286450271312358451e+00 2.475624040029369421e+00 2.211844056157967309e+00 2.495316653785603744e+00 1.324714584134836892e+00
1.296805183950617169e+00 2.422579284894639695e+00 2.201214725982103548e+00 2.483655494102422701e+00 1.330122487871907122e+00
1.306841747064195314e+00 2.380005874956602430e+00 2.207927849041448010e+00 2.457168391156884901e+00 1.339460210135145157e+00
1.316216758254118657e+00 2.360189982597055369e+00 2.230097987266252968e+00 2.424702702566813084e+00 1.349231914404622090e+00
1.321729010813023297e+00 2.346859188109355898e+00 2.252859000816016533e+00 2.390910536294464706e+00 1.360455454931117858e+00
1.319306268050208786e+00 2.326569702320386845e+00 2.258568744222002600e+00 2.353642386821462207e+00 1.375868735807491472e+00
1.309993711172578790e+00 2.317063914078442366e+00 2.246756338701672462e+00 2.314342078434678207e+00 1.388177921587592678e+00
1.297135759153449142e+00 2.322006830196544414e+00 2.229596623174078029e+00 2.275078260168487798e+00 1.394182347008503964e+00
1.282380298364659943e+00 2.328587058446313751e+00 2.209337915700456456e+00 2.238294816467384152e+00 1.399413711175868436e+00
1.266154677057154343e+00 2.334918805713003032e+00 2.180926042053814573e+00 2.208993757230128807e+00 1.403007785608227698e+00
1.254851224232580886e+00 2.333006111869549315e+00 2.156507756756435246e+00 2.192149689144392788e+00 1.403144102568230966e+00
1.256910077075083398e+00 2.301994539199048617e+00 2.176430867855198237e+00 2.175323691648561208e+00 1.417058096710583470e+00
1.244802085865333696e+00 2.284361439203729027e+00 2.174155094530796362e+00 2.169102174739740985e+00 1.447687771185423689e+00
1.230750787100846733e+00 2.273263567521440986e+00 2.167693552550913338e+00 2.165429894436113223e+00 1.478755093311913127e+00
1.217220152244912645e+00 2.271000758034207756e+00 2.162527128592088843e+00 2.161976904005018518e+00 1.510350632815058436e+00
1.207875154885961422e+00 2.290456384702808545e+00 2.163813304654182978e+00 2.158950541733092532e+00 1.541255641495037132e+00
1.204150654103472551e+00 2.326486179645649965e+00 2.167665607058808064e+00 2.163335224703310633e+00 1.567467343787897649e+00
1.202588964752603351e+00 2.351222161628003793e+00 2.167540979140642587e+00 2.184065106934989231e+00 1.591245254121728347e+00
1.207104466554907107e+00 2.295125138940126153e+00 2.170558964768257937e+00 2.181232443203794613e+00 1.597676956467056097e+00
1.218021836303629257e+00 2.272255611478995796e+00 2.174458463631169902e+00 2.175982271500709775e+00 1.626559185249710104e+00
1.254462986676914360e+00 2.244738793365473661e+00 2.183349299711134339e+00 2.182764524468630896e+00 1.621535636604166442e+00
1.270437085230544216e+00 2.205471814186999335e+00 2.168720382685661363e+00 2.203671335808839782e+00 1.610223726252478116e+00
1.300000000000000044e+00 2.169999999999999929e+00 2.154999999999999805e+00 2.209999999999999964e+00 1.600000000000000089e+00
