8.699999999999999956e-01 2.740000000000000213e+00 1.850000000000000089e+00 2.629999999999999893e+00 1.350000000000000089e+00
9.090649013075386975e-01 2.746627128029198506e+00 1.854931066184853705e+00 2.610642347073006242e+00 1.347458089446652352e+00
9.408827784118145576e-01 2.763688035705022195e+00 1.872710912304744735e+00 2.590964948234586007e+00 1.345829595624244535e+00
9.598160999215905598e-01 2.760220352477909422e+00 1.896944354864631643e+00 2.566337216681910505e+00 1.356334077476169409e+00
9.611009862622941213e-01 2.719626246619225363e+00 1.906225276252880407e+00 2.552242348487262724e+00 1.375336132103856190e+00
9.848068872131309215e-01 2.710287548980011785e+00 1.926230483788165193e+00 2.553821479001662009e+00 1.362434788686677667e+00
1.018443388723211385e+00 2.712843703115891181e+00 1.936590249333210556e+00 2.555429248682496546e+00 1.345153173640026845e+00
1.047402091599897167e+00 2.721476572867571608e+00 1.963682400330821975e+00 2.547201396613244295e+00 1.340163384842260719e+00
1.069189413181161674e+00 2.730520895051300023e+00 1.995157481808951472e+00 2.532768836100931509e+00 1.339597833620237211e+00
1.093077103509247472e+00 2.734181269891880373e+00 2.025499026884145959e+00 2.517528446189993829e+00 1.337571109567517569e+00
1.118289472789238070e+00 2.740551833348471966e+00 2.056107515975481803e+00 2.507860841313038769e+00 1.336781353680207785e+00
1.139000696368788201e+00 2.748700028699096798e+00 2.088664153198962481e+00 2.507690390924109725e+00 1.338604585913116374e+00
1.163502503367523477e+00 2.726977950475244494e+00 2.116816710780928368e+00 2.507263210397649544e+00 1.331662653396161300e+00
1.194828641480047082e+00 2.704872147864092913e+00 2.140740455924477814e+00 2.508638823438019916e+00 1.330932926702872443e+00
1.221594267641903819e+00 2.679696284283545005e+00 2.167659278702599224e+00 2.507656506818929376e+00 1.329105566333258714e+00
1.248394362404266156e+00 2.650422661187662676e+00 2.191944441275986311e+00 2.509583887030859550e+00 1.328876788801974129e+00
1.252043710522046105e+00 2.606414453144013432e+00 2.212780715262465669e+00 2.499438678301192152e+00 1.316462451513996434e+00
1.262079338189340261e+00 2.555647672306888385e+00 2.228243539847337473e+00 2.485379613367533658e+00 1.313871020066063044e+00
1.274771092748696821e+00 2.506243336339767591e+00 2.241560612393657781e+00 2.468343262958840434e+00 1.315865550730968891e+00
1.286116846817759507e+00 2.462066471884669205e+00 2.238149288270056658e+00 2.443503613919069117e+00 1.324613733077925737e+00
1.290184253632309819e+00 2.431058968500697581e+00 2.217227773911542688e+00 2.419178653852436689e+00 1.336645974763496891e+00
1.290854727144148395e+00 2.403890115761515567e+00 2.192434602330191940e+00 2.398095964742099184e+00 1.350807037649442099e+00
1.292784719504496138e+00 2.373600913678640900e+00 2.174629085548077434e+00 2.374561849294345439e+00 1.367652662605437275e+00
1.294569765870325240e+00 2.353217954135204515e+00 2.170642632213847456e+00 2.341654422545746517e+00 1.385540341820533428e+00
1.288729773163521664e+00 2.364168639456526666e+00 2.176736512828950865e+00 2.303342302805485797e+00 1.397498304983352035e+00
1.273787466893978593e+00 2.388110679034008310e+00 2.178838157644328088e+00 2.265980565142441616e+00 1.400293178759690615e+00
1.250514078121196082e+00 2.405229372729457804e+00 2.168120961359731425e+00 2.239518507577928474e+00 1.394138960767598023e+00
1.250133962046602321e+00 2.374391393698948693e+00 2.161982543942070123e+00 2.253979938925228410e+00 1.414914169212923234e+00
1.240269362913537066e+00 2.354216886242080697e+00 2.151171476309944097e+00 2.236453558006298081e+00 1.439895040299258744e+00
1.223130449418792232e+00 2.351326283573091480e+00 2.142221424729398471e+00 2.217476600337858983e+00 1.465004142242249507e+00
1.212380291489559392e+00 2.356955999715566907e+00 2.143848465805907377e+00 2.199683119688106370e+00 1.493465141796085582e+00
1.212612536387679185e+00 2.348913042066312684e+00 2.143781032016535804e+00 2.183454288311076130e+00 1.522750447739165125e+00
1.215917065237113626e+00 2.307867126231975874e+00 2.140376586603751186e+00 2.171696868558544491e+00 1.543638180450327191e+00
1.226760293637319421e+00 2.310315118346744967e+00 2.139129504270255389e+00 2.170088708924669874e+00 1.573624462731354701e+00
1.231801985955472967e+00 2.346242821714966453e+00 2.145425510184650886e+00 2.182236249892700819e+00 1.596987224959447671e+00
1.253192122262018149e+00 2.371243301046956020e+00 2.149821166344726198e+00 2.192574661371155198e+00 1.619805357132889423e+00
1.283391302226783104e+00 2.364392815621413124e+00 2.157431845196300824e+00 2.204485718489465729e+00 1.639333418346163862e+00
1.309167783848344646e+00 2.322514095133780376e+00 2.168362699020627726e+00 2.213453905654305220e+00 1.643624054728842099e+00
1.307702987431488051e+00 2.283162232822904425e+00 2.187986772974245486e+00 2.212514854269421072e+00 1.625127953096489275e+00
1.289941580402333532e+00 2.258249722545382365e+00 2.199158967181769508e+00 2.206249108268522274e+00 1.601554924650308909e+00
1.287221387751447121e+00 2.207580472561629925e+00 2.182009506201562754e+00 2.205407271101404554e+00 1.591651979897043656e+00
1.300000000000000044e+00 2.169999999999999929e+00 2.154999999999999805e+00 2.209999999999999964e+00 1.600000000000000089e+00
