8.699999999999999956e-01 2.740000000000000213e+00 1.850000000000000089e+00 2.629999999999999893e+00 1.350000000000000089e+00
8.974348305078241328e-01 2.735816187017074519e+00 1.868596854142940078e+00 2.606563589874776987e+00 1.346923491295312303e+00
9.281932770085893347e-01 2.738103221078655114e+00 1.883118808757079377e+00 2.583452252539573113e+00 1.345647500248837503e+00
9.617286520205907685e-01 2.735801104519912208e+00 1.897178166569003954e+00 2.566447654230903819e+00 1.343354691537257395e+00
9.941487670026948331e-01 2.729459417101694818e+00 1.916074675749102729e+00 2.557604450901659554e+00 1.340474135942090639e+00
1.021759192613673983e+00 2.723539864188850856e+00 1.941429372188030911e+00 2.554841457509237745e+00 1.337997949451435575e+00
1.043950880418941907e+00 2.721046213431578042e+00 1.971306664233427375e+00 2.554088934975670355e+00 1.336293441397917059e+00
1.062445725510234862e+00 2.722875703339352249e+00 2.003282966059487968e+00 2.551933400953650288e+00 1.335432212585812017e+00
1.079405317633096661e+00 2.728824288378078666e+00 2.035512596000505603e+00 2.546351382360577897e+00 1.335520809500836625e+00
1.097711865613543836e+00 2.735123140334692948e+00 2.066470165269266968e+00 2.536494528318200103e+00 1.335027822419903032e+00
1.120030739321784985e+00 2.729545478662235958e+00 2.093087901472363566e+00 2.523777955258393657e+00 1.329199370456330964e+00
1.141774045935732840e+00 2.707619161116484818e+00 2.115630058268809677e+00 2.511446863305727639e+00 1.322368078943051417e+00
1.161047262174099037e+00 2.685122019941467375e+00 2.141558898345393036e+00 2.500109263778670599e+00 1.321202208931490096e+00
1.181368759020705594e+00 2.673203044246396320e+00 2.170220436945886622e+00 2.490355079131269189e+00 1.324012345183532613e+00
1.206649398743095070e+00 2.664028374155303691e+00 2.196161590047758683e+00 2.483434811697288414e+00 1.328627111865698041e+00
1.234626717230573600e+00 2.643529092815934511e+00 2.215109062390845818e+00 2.480257776776218837e+00 1.335196225397060843e+00
1.256954639428621734e+00 2.607676219966580611e+00 2.227689329909567029e+00 2.477545600301803486e+00 1.342693531472804569e+00
1.271036528979310187e+00 2.563609718367930501e+00 2.237385839197541415e+00 2.470281479538952496e+00 1.349646918742891000e+00
1.278292194028422202e+00 2.516150773473288638e+00 2.241045669735850510e+00 2.456606776141081028e+00 1.355217572679235261e+00
1.282013242825187804e+00 2.470046225066753198e+00 2.230371388386142684e+00 2.443896595186045850e+00 1.359707782658615249e+00
1.292250013951486531e+00 2.426354018416777780e+00 2.222690351786680285e+00 2.433531916336229894e+00 1.369690978572420281e+00
1.303805206270144845e+00 2.388314965991699790e+00 2.231446668705362679e+00 2.416266217213490997e+00 1.381565495040473435e+00
1.309523821928179510e+00 2.347611000691838701e+00 2.240646204379610484e+00 2.392716615684146397e+00 1.388417572618625195e+00
1.302064806346213466e+00 2.307966912027476614e+00 2.230994962176239937e+00 2.369121052771336000e+00 1.384598721548226941e+00
1.280692841941398541e+00 2.311450086800757919e+00 2.207873752812947732e+00 2.344331991974001994e+00 1.382593577239554117e+00
1.262892672260924609e+00 2.322961906341584726e+00 2.196626951589211174e+00 2.307796513605075983e+00 1.389615566707538941e+00
1.249031608365214208e+00 2.321969394733942593e+00 2.185546092168771271e+00 2.268024402641032111e+00 1.397819921435359269e+00
1.238245552367824631e+00 2.318258926455047497e+00 2.168692045589731610e+00 2.234308903652572287e+00 1.410448017807327536e+00
1.234664192176786468e+00 2.321506873974858998e+00 2.154934755893909148e+00 2.208880398014842594e+00 1.431585749232105353e+00
1.234067472043813840e+00 2.333208156088193874e+00 2.154751047833451505e+00 2.189208149731768138e+00 1.456681843114330466e+00
1.227627377970603506e+00 2.347370216149508693e+00 2.163028524633670902e+00 2.174321028618563911e+00 1.481342137482105858e+00
1.223727807846367144e+00 2.349104344646603781e+00 2.167184738184778858e+00 2.161754247933128426e+00 1.508385886149947508e+00
1.220971454550705548e+00 2.323965562898754555e+00 2.165768487286066524e+00 2.149026125080835126e+00 1.532031117825029654e+00
1.216004715052377616e+00 2.296804934777760820e+00 2.168703008924972142e+00 2.153293460813517690e+00 1.555850441395087325e+00
1.217444687691161320e+00 2.275878892621291172e+00 2.178343714175138501e+00 2.166317636217523379e+00 1.579526540168606275e+00
1.220608474254411213e+00 2.262351899041773695e+00 2.173686718446584898e+00 2.178158264355916973e+00 1.605252455931770683e+00
1.251674273881334232e+00 2.239033022045787025e+00 2.166687076040596072e+00 2.183045421651759632e+00 1.615293943330835980e+00
1.274181762718326283e+00 2.200835423670302049e+00 2.158832218659849644e+00 2.194887779712427101e+00 1.609831840535854486e+00
1.300000000000000044e+00 2.169999999999999929e+00 2.154999999999999805e+00 2.209999999999999964e+00 1.600000000000000089e+00
