8.699999999999999956e-01 2.740000000000000213e+00 1.850000000000000089e+00 2.629999999999999893e+00 1.350000000000000089e+00
9.119772102767701449e-01 2.765408628928635704e+00 1.887574713351033884e+00 2.593681193723285539e+00 1.348927570355469285e+00
9.541967543730741630e-01 2.709948565761295836e+00 1.893739545351002640e+00 2.555158968410923492e+00 1.330812804709640362e+00
1.015080913638968907e+00 2.681678651009538505e+00 1.915546053223267542e+00 2.533623459873383776e+00 1.318628226114122892e+00
1.056016252351728912e+00 2.699893100101337762e+00 1.963158658317587957e+00 2.538162992968301168e+00 1.322222435077859526e+00
1.094117897695429997e+00 2.722163666896507905e+00 2.012274404131300543e+00 2.545093665082626355e+00 1.327259473535854939e+00
1.132130950676410341e+00 2.744532763731112102e+00 2.061412470343555459e+00 2.552084640402596527e+00 1.332332701569924893e+00
1.171791243641344238e+00 2.713594607160096039e+00 2.106323063711322607e+00 2.543554219207319722e+00 1.338885294780331137e+00
1.200196386734620813e+00 2.674792020784224622e+00 2.148628664989198356e+00 2.509705702963373142e+00 1.339329751787682099e+00
1.228456981098732692e+00 2.614634032424405508e+00 2.177416194490815471e+00 2.471479011022199579e+00 1.336419835137293788e+00
1.261366429959372759e+00 2.544794435160641299e+00 2.197233264456383228e+00 2.437366555617463515e+00 1.336012748467014566e+00
1.293961190118954718e+00 2.470069029428174190e+00 2.182306171675350015e+00 2.409064415686386518e+00 1.332100532889691547e+00
1.302655319660686040e+00 2.424747088487685609e+00 2.148824997903453493e+00 2.372339339013336268e+00 1.302706908204246616e+00
1.306307050050832252e+00 2.381765133665656009e+00 2.118697350317488848e+00 2.328317761672361819e+00 1.272167550810202385e+00
1.307245396974958451e+00 2.324279812721451233e+00 2.115563439582858862e+00 2.275981025209194097e+00 1.293558003330404826e+00
1.301377867135591115e+00 2.312535483001952663e+00 2.128761256829662774e+00 2.240835512120842310e+00 1.347838223036950778e+00
1.299967378675912055e+00 2.322626046805190025e+00 2.134076203909626379e+00 2.196469850387607892e+00 1.399321100452057376e+00
1.308744667703537035e+00 2.306553059608502210e+00 2.143180083841488504e+00 2.167634545843092564e+00 1.456412040004539499e+00
1.302978193802496909e+00 2.283313168073191513e+00 2.143314315293659345e+00 2.188881696508802488e+00 1.515249957545899306e+00
1.270036557135050037e+00 2.298555685414251037e+00 2.103595379774588547e+00 2.194093168328014265e+00 1.552326658244913338e+00
1.253492794894240703e+00 2.267649158684279520e+00 2.071285644401365644e+00 2.191213323160727366e+00 1.597664164030260237e+00
1.278064672086366649e+00 2.200333046930671888e+00 2.104164174778158980e+00 2.199684688328085169e+00 1.618048449240801157e+00
1.300000000000000044e+00 2.169999999999999929e+00 2.154999999999999805e+00 2.209999999999999964e+00 1.600000000000000089e+00
