8.699999999999999956e-01 2.740000000000000213e+00 1.850000000000000089e+00 2.629999999999999893e+00 1.350000000000000089e+00
9.244630690968320685e-01 2.733514870469100799e+00 1.847435066065377773e+00 2.600668910670467682e+00 1.356021511372275778e+00
9.752412757123647413e-01 2.760225629088079113e+00 1.866805719404760033e+00 2.576120924287521596e+00 1.350982815758681399e+00
1.019150515836070081e+00 2.741461355150572210e+00 1.904367337646009739e+00 2.559139968012865474e+00 1.346611842645031976e+00
1.055638792111766255e+00 2.754847923635449725e+00 1.952564045485197131e+00 2.553765783723689786e+00 1.345428171383294735e+00
1.094300178923498734e+00 2.755904759964873829e+00 2.000021795454326234e+00 2.548505149801627123e+00 1.344139271386867396e+00
1.131443960103067026e+00 2.753455383035455117e+00 2.046110823151134905e+00 2.535556818366858867e+00 1.337056275553653473e+00
1.176020540302344930e+00 2.771714397210822245e+00 2.085653820728591512e+00 2.531601405792258674e+00 1.330499456837460182e+00
1.216133690646980403e+00 2.796978410798931503e+00 2.129413315771574666e+00 2.530958368678498438e+00 1.332873091785437003e+00
1.244508738289829664e+00 2.784903716548184249e+00 2.181402627887854440e+00 2.520853859168779021e+00 1.335921797536058664e+00
1.252619034475328963e+00 2.727673651309016289e+00 2.226915885126800720e+00 2.504948098251531530e+00 1.330279882741073116e+00
1.263169288121745115e+00 2.645847552627219823e+00 2.254235348866393984e+00 2.483637641679034225e+00 1.330722890597179520e+00
1.282947455547078786e+00 2.569119775346387691e+00 2.249623073137175133e+00 2.458685227481715696e+00 1.346325416822313992e+00
1.297849900320054761e+00 2.491810797113799936e+00 2.241662229908476078e+00 2.432928874805177166e+00 1.364262375981641684e+00
1.308578406389872217e+00 2.405225249407064059e+00 2.231800596507378387e+00 2.413464584373194999e+00 1.379007389682707752e+00
1.307097649627366742e+00 2.348716807836292997e+00 2.186564695940957481e+00 2.394560643011493628e+00 1.380843416888994479e+00
1.296134793532972340e+00 2.349266180759412848e+00 2.152499242250677902e+00 2.346348658618883753e+00 1.369862488246239351e+00
1.298394561868206010e+00 2.348952103549089010e+00 2.145525274383574654e+00 2.284942658802028959e+00 1.359789503552140788e+00
1.297331244393246763e+00 2.324028632538195360e+00 2.132802339980496065e+00 2.225126226428781884e+00 1.364212544409995287e+00
1.277828294656459418e+00 2.292991668921251058e+00 2.112435157522157603e+00 2.186381860292499368e+00 1.387346601086921982e+00
1.253030741894406663e+00 2.307146916992458330e+00 2.108632225722030462e+00 2.180078756189621991e+00 1.424658833516542211e+00
1.231977735166825294e+00 2.335996432445576865e+00 2.112370347280110749e+00 2.184406289741138263e+00 1.461569760324338274e+00
1.221430281790265582e+00 2.320935110435979887e+00 2.116358737545525504e+00 2.203065915687656862e+00 1.500092398758277934e+00
1.218644304506973919e+00 2.318103315381508711e+00 2.127343692073326853e+00 2.222654116814158698e+00 1.538811956636491507e+00
1.219548280645571747e+00 2.278024492276155222e+00 2.132456073378941053e+00 2.226459033174379432e+00 1.576779325864538173e+00
1.234066862670499587e+00 2.212024043244362748e+00 2.127165374120322472e+00 2.220918187317535430e+00 1.606479256607249440e+00
1.263254950394470555e+00 2.136169263049882971e+00 2.111169927222869891e+00 2.200758427466949385e+00 1.602550929409643166e+00
1.300000000000000044e+00 2.169999999999999929e+00 2.154999999999999805e+00 2.209999999999999964e+00 1.600000000000000089e+00
