8.699999999999999956e-01 2.740000000000000213e+00 1.850000000000000089e+00 2.629999999999999893e+00 1.350000000000000089e+00
8.938382855712181385e-01 2.757322630490832260e+00 1.861549690801363344e+00 2.609164921884859822e+00 1.343550731934105347e+00
9.286735652998675539e-01 2.748333018948637019e+00 1.856840098638416814e+00 2.597442573996537440e+00 1.341892214555509000e+00
9.495778566655379560e-01 2.762781891919154464e+00 1.878663746037173565e+00 2.583147639428993614e+00 1.344320749496768608e+00
9.736200661629950126e-01 2.778520750744691625e+00 1.900822964264877513e+00 2.573738284033955548e+00 1.343241539283066333e+00
1.000537929881464283e+00 2.782917260487130395e+00 1.922441952599870385e+00 2.564925306222060275e+00 1.340607977522048966e+00
1.027850412842751471e+00 2.767338909821676296e+00 1.941211306507015344e+00 2.556052482480239085e+00 1.337048920793816098e+00
1.053074287648557927e+00 2.738252849887165219e+00 1.955792342790351634e+00 2.547406045493420645e+00 1.333321290192737374e+00
1.077356804312590732e+00 2.710077732316463095e+00 1.972474387297627807e+00 2.538640027268269428e+00 1.330531657092746567e+00
1.099484402059920596e+00 2.694059718564051131e+00 1.995981191266329668e+00 2.530110678682388592e+00 1.328677524658938180e+00
1.114502595244515337e+00 2.696214682970363263e+00 2.025167317376513232e+00 2.522799162359068870e+00 1.327102884190985765e+00
1.127537998509049011e+00 2.706908713577525383e+00 2.055215291130186639e+00 2.518608332678785366e+00 1.326230612495039374e+00
1.147036964410136139e+00 2.706489150522445986e+00 2.082779402368400312e+00 2.514685010579276625e+00 1.322535778489359437e+00
1.172378946093469043e+00 2.684726499224822760e+00 2.100107727054019158e+00 2.506472505597973743e+00 1.317513970613773289e+00
1.198507550177010383e+00 2.652754648958623562e+00 2.110635741695097600e+00 2.496922816005096468e+00 1.317077679085119968e+00
1.221112733423055818e+00 2.619790297139418023e+00 2.125267931127928556e+00 2.488608575723710636e+00 1.321070653762797198e+00
1.236388555820526536e+00 2.584070010364375669e+00 2.141771858737198109e+00 2.479805187685227619e+00 1.329242779790547724e+00
1.247261085553117876e+00 2.544656895385428719e+00 2.153639712202338519e+00 2.468709742375652105e+00 1.340309212979915232e+00
1.260176504243683215e+00 2.507750046612891470e+00 2.165398413879796813e+00 2.455019563770341584e+00 1.351037454938061044e+00
1.275749223333865201e+00 2.476937289769321815e+00 2.179443173154378854e+00 2.438812727032183325e+00 1.360827379918196467e+00
1.288625803038605744e+00 2.452262350689992321e+00 2.190576596053630531e+00 2.416395132379375088e+00 1.372185936667885686e+00
1.288337626495541510e+00 2.439854064102849662e+00 2.192887054828257298e+00 2.386137904993215653e+00 1.383910732456800297e+00
1.275824137768534872e+00 2.439938213733807260e+00 2.191836361580334014e+00 2.354559928878428909e+00 1.392909242002265513e+00
1.258900499623698765e+00 2.446929023375381096e+00 2.192841340223178115e+00 2.324584114231508902e+00 1.401363301751003876e+00
1.241659286082757108e+00 2.456942991850760372e+00 2.194400598267805869e+00 2.297108395582589946e+00 1.413133974808393312e+00
1.227498740186471426e+00 2.462203590987519508e+00 2.196027586541281273e+00 2.274006978266565504e+00 1.431456828168203632e+00
1.224517850671089647e+00 2.454457378699022474e+00 2.203051343572786536e+00 2.261954954763025327e+00 1.455858106304422916e+00
1.228088177276810855e+00 2.435652409206646052e+00 2.192297404208795264e+00 2.260101634257641212e+00 1.479079425698734962e+00
1.235210076007322133e+00 2.432842822770019620e+00 2.176300341819887407e+00 2.256970768652224901e+00 1.502950944460295757e+00
1.248921819406894063e+00 2.444520433217791222e+00 2.164469664277678618e+00 2.257356017698450845e+00 1.526404950377602709e+00
1.263799182658441378e+00 2.455197686595689710e+00 2.153032436485009526e+00 2.260913896928851141e+00 1.549722179643826303e+00
1.274437719564739169e+00 2.447912149761490408e+00 2.141041020961087060e+00 2.264699863709674243e+00 1.574176494140341998e+00
1.277521883514749934e+00 2.418181310455018718e+00 2.131245998228024963e+00 2.265995658572662386e+00 1.595663694382539077e+00
1.274377378713319464e+00 2.376303519104443929e+00 2.125352319731704576e+00 2.264507830190698900e+00 1.612305434348099364e+00
1.254197916400030310e+00 2.338315494177168663e+00 2.135092078742156563e+00 2.259062984981313971e+00 1.618219820872156323e+00
1.240637817715814162e+00 2.367402696517024285e+00 2.152540691488688651e+00 2.255788953482737114e+00 1.604535764233232964e+00
1.260312137804737276e+00 2.401879028436083807e+00 2.160062097644410706e+00 2.241065864608010383e+00 1.604818074255924820e+00
1.285027223602586810e+00 2.364507619109086800e+00 2.159837899291913388e+00 2.232951585540633221e+00 1.608984111083473945e+00
1.286055851434006136e+00 2.312544319515738245e+00 2.157786164444332133e+00 2.230335634902258501e+00 1.602906069222163721e+00
1.275722589410807295e+00 2.264023216608908040e+00 2.153897216339751619e+00 2.222846169809022054e+00 1.609385288157694660e+00
1.281566311308346862e+00 2.213168577451738006e+00 2.150238032467082672e+00 2.213399177752023217e+00 1.608856669807720241e+00
1.300000000000000044e+00 2.169999999999999929e+00 2.154999999999999805e+00 2.209999999999999964e+00 1.600000000000000089e+00
