8.699999999999999956e-01 2.740000000000000213e+00 1.850000000000000089e+00 2.629999999999999893e+00 1.350000000000000089e+00
8.895138617242555057e-01 2.764157589638889689e+00 1.870157152050857308e+00 2.616990316807319861e+00 1.350067263304073339e+00
9.095058815902188343e-01 2.786594966358696190e+00 1.890248873783741512e+00 2.603335689114669282e+00 1.348699209122687037e+00
9.336778612931354582e-01 2.784201129425207366e+00 1.902148343171389255e+00 2.580669569586632850e+00 1.349758420560078775e+00
9.483159087869258430e-01 2.745934014271418366e+00 1.896861510184472133e+00 2.563607173573607234e+00 1.349510953957102188e+00
9.761596303704314082e-01 2.724489899804416027e+00 1.908738430323168700e+00 2.556368166301476563e+00 1.343605927191157345e+00
1.003797421908050769e+00 2.719508951532989549e+00 1.928350526462649484e+00 2.547390947268763028e+00 1.341072338742252068e+00
1.026851016535675454e+00 2.733442698353643507e+00 1.950258713709148717e+00 2.537998078944827096e+00 1.338782835994686282e+00
1.049665686575292245e+00 2.748479126765299263e+00 1.971308339382274122e+00 2.527098242035853204e+00 1.334468126655884435e+00
1.073658759734983814e+00 2.748296681927161700e+00 1.991146716180389964e+00 2.513721957248328476e+00 1.328355825809425905e+00
1.095138145932817997e+00 2.729775822620763570e+00 2.009905949836051864e+00 2.500366546097914533e+00 1.322140728249186159e+00
1.112678957628747245e+00 2.700677281762325244e+00 2.029658187403112102e+00 2.490523422712084045e+00 1.317892911875887307e+00
1.129094134870921362e+00 2.672502882311955652e+00 2.052532879640113883e+00 2.487225345964392709e+00 1.317351414466996884e+00
1.148225023955590895e+00 2.650061361887283251e+00 2.076154005240383515e+00 2.488058605095627041e+00 1.320210308737644445e+00
1.168920197331295929e+00 2.624637229588482779e+00 2.096559552973602969e+00 2.482713265848904616e+00 1.324201740956113094e+00
1.182585092372079982e+00 2.592898042074465170e+00 2.111715920874973840e+00 2.465808053404227707e+00 1.328223658679103636e+00
1.189070830597944495e+00 2.559474283652462656e+00 2.123487822402370551e+00 2.442377594710075428e+00 1.330661526328050570e+00
1.195612001037662075e+00 2.526841694535259197e+00 2.132667427164012697e+00 2.418569966601692656e+00 1.325750494644829525e+00
1.210504597133727600e+00 2.511650409455310484e+00 2.127873608567980135e+00 2.419896540616387703e+00 1.310196075924380033e+00
1.231054376176020870e+00 2.503835532920743567e+00 2.116729263272050243e+00 2.439272404839756714e+00 1.317115648396350425e+00
1.247920886832885268e+00 2.483285247862940803e+00 2.126182618010783454e+00 2.431092372297368076e+00 1.335367830239582387e+00
1.263415901181815126e+00 2.466078920778720818e+00 2.144629252128543939e+00 2.417415861442604896e+00 1.348571756323466264e+00
1.281339780535359463e+00 2.454655024471096958e+00 2.167328232033141067e+00 2.407163532859848853e+00 1.358345229308713042e+00
1.298671023603557684e+00 2.439249511912801260e+00 2.191318478479008736e+00 2.395630946777898895e+00 1.362808779680752425e+00
1.290325068157519572e+00 2.439553771827173367e+00 2.180471240637677610e+00 2.371723350351552906e+00 1.365761701059127420e+00
1.270005149797519994e+00 2.451776160192941756e+00 2.167942112946379840e+00 2.348068414612440424e+00 1.371791979594216393e+00
1.249287537364701439e+00 2.462662651531003277e+00 2.163528147951295999e+00 2.321492735602212143e+00 1.378961487948340059e+00
1.233030489474256752e+00 2.470853971040019026e+00 2.167576735527333209e+00 2.292674250944925607e+00 1.387250069703132249e+00
1.231148045004958114e+00 2.473078184480741903e+00 2.183841382747456095e+00 2.266182571171109661e+00 1.398100624664133651e+00
1.241920993097241688e+00 2.472451238191098799e+00 2.200381805470986940e+00 2.247353942813374861e+00 1.414198815942501186e+00
1.253910792443925004e+00 2.475031056521214801e+00 2.205289551553919036e+00 2.233060557564083393e+00 1.436809678120785749e+00
1.262295530110688402e+00 2.478750038923911436e+00 2.197211239457201870e+00 2.223847797451139918e+00 1.461017431462254601e+00
1.269797693986008724e+00 2.472220599802632091e+00 2.179628462942100331e+00 2.223744723365069564e+00 1.482382551189002529e+00
1.273885564043803820e+00 2.455375598635500367e+00 2.164814056689592370e+00 2.229650075205161119e+00 1.503905502549162776e+00
1.273294626538048924e+00 2.433432416137894627e+00 2.162733482509319405e+00 2.232393619878424218e+00 1.528046454929822495e+00
1.273659345430718348e+00 2.402582929551083435e+00 2.161207773393534204e+00 2.227162613830818927e+00 1.549597126706472539e+00
1.280762603480153583e+00 2.379187334467356862e+00 2.143514105720242036e+00 2.224068005377245250e+00 1.565697910361551815e+00
1.278164820191696638e+00 2.344055483119948935e+00 2.134423643815035021e+00 2.226373341433852016e+00 1.584307233958131889e+00
1.281192866566454924e+00 2.305492729465363766e+00 2.132671303902234250e+00 2.223461672695512092e+00 1.602478301166253782e+00
1.287477868841700568e+00 2.255855846592223379e+00 2.138529551065918355e+00 2.225658039796886811e+00 1.609226282273922948e+00
1.295425339435994694e+00 2.217600707756899325e+00 2.157311962152465679e+00 2.226256195917026837e+00 1.602028927891261390e+00
1.300000000000000044e+00 2.169999999999999929e+00 2.154999999999999805e+00 2.209999999999999964e+00 1.600000000000000089e+00
