8.699999999999999956e-01 2.740000000000000213e+00 1.850000000000000089e+00 2.629999999999999893e+00 1.350000000000000089e+00
9.149742973165189142e-01 2.731963772480003882e+00 1.861708072214613985e+00 2.602917384124547429e+00 1.343512975793866415e+00
9.625273527777074012e-01 2.746359949497907404e+00 1.879675102552817556e+00 2.584557220720975934e+00 1.344524866783344708e+00
1.005024806709172047e+00 2.766617496279471400e+00 1.907380044741699976e+00 2.569479064230404397e+00 1.342524588788463147e+00
1.041675832225426923e+00 2.775103977931785870e+00 1.943887332173702687e+00 2.553476540140288353e+00 1.340323811717302860e+00
1.075003377087450529e+00 2.768813780009834247e+00 1.982316716982981175e+00 2.535448310551096540e+00 1.336340405904007822e+00
1.105288272949307871e+00 2.754880899874893707e+00 2.021604341499757762e+00 2.516001648637746335e+00 1.332927202038935333e+00
1.136013982876341366e+00 2.738378798896624389e+00 2.064243178167767478e+00 2.508646844636965412e+00 1.333283681401144394e+00
1.157760969532378947e+00 2.696221782384633503e+00 2.102858236215265908e+00 2.510209887980627830e+00 1.338491793972999444e+00
1.184839061192718201e+00 2.684614362354179384e+00 2.148192468701511260e+00 2.512325149558128690e+00 1.340835040296446179e+00
1.216321169673730385e+00 2.676444640127168650e+00 2.190406052907269530e+00 2.504108232371951015e+00 1.334541878125956149e+00
1.250023578856745310e+00 2.670921692286729154e+00 2.232226919442442892e+00 2.495734510829336728e+00 1.332652106619708787e+00
1.271471890462136933e+00 2.624692665766291011e+00 2.263345095901509119e+00 2.479017115448272079e+00 1.328614034736415705e+00
1.273732482637360386e+00 2.557006875588769379e+00 2.254664684625557580e+00 2.459057031099414203e+00 1.335226051208510789e+00
1.272079765033876875e+00 2.499224138167290832e+00 2.229029453254521620e+00 2.442749316962259165e+00 1.349178489214807319e+00
1.271926370543222662e+00 2.444872063100010262e+00 2.198525368587791906e+00 2.426962199121881270e+00 1.361923745892382520e+00
1.291861314306046671e+00 2.399371964139238589e+00 2.170702818594821615e+00 2.402606787844507430e+00 1.369929456364562759e+00
1.306079110512326391e+00 2.383723957799516402e+00 2.156424039861188469e+00 2.355407431455723621e+00 1.373481719284293412e+00
1.310067565652847765e+00 2.376333812226926856e+00 2.158877671527495767e+00 2.303250620628396916e+00 1.377343198826185278e+00
1.312609833841177132e+00 2.353852740846972491e+00 2.151015004505176353e+00 2.253910429885046973e+00 1.383014577484112717e+00
1.306946040369995288e+00 2.316639141081400233e+00 2.123198730688839575e+00 2.232025470159487490e+00 1.404696187605646518e+00
1.293849251792296595e+00 2.314533612422351005e+00 2.124079597699786603e+00 2.231690507400600154e+00 1.443137929131513619e+00
1.275705037744907733e+00 2.326394235946803057e+00 2.131573499125144711e+00 2.232594784001054933e+00 1.479702582101692032e+00
1.253535653081844892e+00 2.338198908990335223e+00 2.134327746482060029e+00 2.237578247794184794e+00 1.515307729342300957e+00
1.230734565169078421e+00 2.348894906999322352e+00 2.135896600815759605e+00 2.240174448956709696e+00 1.550995482059417618e+00
1.206550872867485857e+00 2.350863311187434856e+00 2.134191897391626735e+00 2.228263812802212751e+00 1.585360580555304821e+00
1.216039967211103523e+00 2.295697673461146948e+00 2.113419005366426795e+00 2.221363033168636036e+00 1.578143915393361851e+00
1.224397665815427860e+00 2.242828634961373968e+00 2.108522744677059357e+00 2.213436239611776823e+00 1.605091055509316744e+00
1.257447727388557590e+00 2.193133354515574229e+00 2.131056966771965655e+00 2.212080347929206159e+00 1.614233371053896304e+00
1.300000000000000044e+00 2.169999999999999929e+00 2.154999999999999805e+00 2.209999999999999964e+00 1.600000000000000089e+00
