8.699999999999999956e-01 2.740000000000000213e+00 1.850000000000000089e+00 2.629999999999999893e+00 1.350000000000000089e+00
8.963117814674088635e-01 2.772976936379083934e+00 1.833819600255575111e+00 2.619367344688272148e+00 1.340292909014761946e+00
9.283962409469721511e-01 2.794646595081586860e+00 1.829067521160041343e+00 2.601857776624783902e+00 1.331732601154563822e+00
9.533614947382323956e-01 2.799152420914220230e+00 1.857964118438631740e+00 2.590451598849966786e+00 1.331474091317877750e+00
9.729633432446108676e-01 2.793624687190131350e+00 1.892644967042014015e+00 2.580180195422461686e+00 1.333384805394793426e+00
9.960367020197145038e-01 2.781140491845309981e+00 1.921250108221200126e+00 2.563935579772048001e+00 1.332794580976944365e+00
1.021138105026035081e+00 2.755943591752449073e+00 1.938171607415880127e+00 2.542963484741438407e+00 1.332142039706055492e+00
1.048460920965175180e+00 2.720231449410277058e+00 1.955852944324747877e+00 2.537305429781035571e+00 1.330623818361040822e+00
1.068817846143921946e+00 2.699563305749811182e+00 1.987540509208898687e+00 2.530976542228121851e+00 1.330934366876615593e+00
1.084679864716341369e+00 2.694842565436399884e+00 2.023633713234451292e+00 2.520897583562319078e+00 1.334861071239537456e+00
1.101635931207037178e+00 2.704965260955733086e+00 2.059576254739117207e+00 2.513083957788984968e+00 1.337525488974002252e+00
1.119661907263200806e+00 2.727593322152985778e+00 2.093180906547860154e+00 2.509196304015107515e+00 1.336087475050766527e+00
1.137576879397487195e+00 2.760051322848092070e+00 2.115377994469267886e+00 2.511182919654003864e+00 1.322845359409349442e+00
1.141056601587371766e+00 2.755307639656203733e+00 2.091964196783002716e+00 2.499307635465298993e+00 1.311146412093696645e+00
1.154037618102210727e+00 2.724475525443645463e+00 2.096372504710053875e+00 2.471235748510026031e+00 1.320421290690436678e+00
1.170943680635435857e+00 2.695695688185366645e+00 2.115266008820874344e+00 2.449291455967259168e+00 1.329807557713234667e+00
1.189207918995409896e+00 2.666882667431637710e+00 2.137094369465226240e+00 2.430515875438153728e+00 1.337453230759894085e+00
1.213669038976212811e+00 2.635782106860504292e+00 2.161403814748362517e+00 2.424868892180767510e+00 1.334460654042406880e+00
1.233872505495480443e+00 2.598734247268088104e+00 2.181587141372581584e+00 2.438406908252019445e+00 1.331530290465546829e+00
1.239009736012250062e+00 2.555916983419363575e+00 2.201425454766401835e+00 2.451068050076166571e+00 1.342007053419705942e+00
1.247426143281725741e+00 2.505063624576749692e+00 2.209152997303848842e+00 2.445121692586039952e+00 1.355963152481722833e+00
1.262562048384789470e+00 2.456703409529633397e+00 2.212206930757090184e+00 2.432176939147863592e+00 1.366723200982420616e+00
1.284316272003108050e+00 2.422154706102391586e+00 2.221662522445711829e+00 2.413376993853006525e+00 1.375858422359857336e+00
1.297436290308883411e+00 2.412601306965159953e+00 2.222049570505009175e+00 2.379825292785958002e+00 1.382013512597547900e+00
1.286176177549908539e+00 2.413701135592273506e+00 2.207710012449822568e+00 2.345626659164228300e+00 1.385652699955418177e+00
1.264188964590587716e+00 2.416640507901438806e+00 2.192207596423183968e+00 2.316311095260986441e+00 1.389109509776611961e+00
1.239228885940754754e+00 2.427419947463659966e+00 2.179967653162170560e+00 2.290305307672355184e+00 1.394243764290233445e+00
1.221237454318194526e+00 2.466781289851859960e+00 2.183221118406221350e+00 2.282222543767872924e+00 1.408568303752504525e+00
1.219446505695801708e+00 2.495326248048944429e+00 2.193607788271013881e+00 2.291098249531345221e+00 1.432052242725190716e+00
1.219186075692253901e+00 2.500055856704717527e+00 2.186114166961107941e+00 2.289448959173136178e+00 1.462150117375560887e+00
1.220347728045868108e+00 2.502015608276973779e+00 2.167710802269389170e+00 2.283651817009089147e+00 1.489547035185365464e+00
1.223219843314745425e+00 2.509814131744543264e+00 2.153683068822256796e+00 2.279624991082072505e+00 1.517494997593700656e+00
1.238544295208907187e+00 2.532224565733918187e+00 2.157411129335569555e+00 2.262728376484004489e+00 1.539732288498321999e+00
1.253208307076027150e+00 2.535943263089869504e+00 2.165730347570250292e+00 2.240679516544110683e+00 1.553934387145156748e+00
1.249118903085060683e+00 2.496753429270532010e+00 2.153426322883985833e+00 2.245198536399862999e+00 1.574418795264569848e+00
1.258162984744388257e+00 2.448410456059483931e+00 2.143462735243111261e+00 2.259650922177069976e+00 1.585478123598184297e+00
1.273763122314622853e+00 2.399047877307213916e+00 2.141475285382246962e+00 2.272482070822932965e+00 1.594021337099999824e+00
1.277890525979691105e+00 2.345887994201368176e+00 2.136364027082140904e+00 2.266801747460008176e+00 1.606426119956341214e+00
1.278383367622800693e+00 2.309171774474307881e+00 2.149556047295440475e+00 2.239748307747368994e+00 1.609481084503406434e+00
1.287675582380437778e+00 2.284651972981945445e+00 2.164217481940960752e+00 2.220976466981932962e+00 1.590871726426723365e+00
1.297796274771858105e+00 2.226856751465497997e+00 2.159717159819237509e+00 2.213734926015378690e+00 1.589261645358092556e+00
1.300000000000000044e+00 2.169999999999999929e+00 2.154999999999999805e+00 2.209999999999999964e+00 1.600000000000000089e+00
