8.699999999999999956e-01 2.740000000000000213e+00 1.850000000000000089e+00 2.629999999999999893e+00 1.350000000000000089e+00
9.035172018487755974e-01 2.758401138893249449e+00 1.847477847835348408e+00 2.593653710491933939e+00 1.349654924638654441e+00
9.329160082370311358e-01 2.755538942074614361e+00 1.850330361638553800e+00 2.552437459948940557e+00 1.344178839121132008e+00
9.683129016651814691e-01 2.754192468359228929e+00 1.878341017755955633e+00 2.549024698173064873e+00 1.340646286072579629e+00
1.004793595958046959e+00 2.733748759817654861e+00 1.904255680334456580e+00 2.553914607587601360e+00 1.341219402707866770e+00
1.029499066250451511e+00 2.733951684740636878e+00 1.940683224500043158e+00 2.552807958099987395e+00 1.338964195379861888e+00
1.047017090203072209e+00 2.734437852355561915e+00 1.978850289479958890e+00 2.540651704564147906e+00 1.334872999436984120e+00
1.067536071033671652e+00 2.716001887927321778e+00 2.010280139816632783e+00 2.517822073995505061e+00 1.330929090764935374e+00
1.091068164246718375e+00 2.691675411864898226e+00 2.038476098915805057e+00 2.493774721053445553e+00 1.327062607762278912e+00
1.111722962422303951e+00 2.696440439472681305e+00 2.074895774477878874e+00 2.486738230365475033e+00 1.323015761281905567e+00
1.134223522243045901e+00 2.659885978305174259e+00 2.097439339148777560e+00 2.494911912901024209e+00 1.329709500502487485e+00
1.170171368777364940e+00 2.630035429367738598e+00 2.119618344099331697e+00 2.488080575276027329e+00 1.327450507955910020e+00
1.204434830477825624e+00 2.589431317879321348e+00 2.133978468526986472e+00 2.473157390366528929e+00 1.329213651408810204e+00
1.232706470661212972e+00 2.537591528112768113e+00 2.142821670683538127e+00 2.457702744784002746e+00 1.333941921526536012e+00
1.253407793979546492e+00 2.483704694635826549e+00 2.151594771183408472e+00 2.437193751489452609e+00 1.342050560398460490e+00
1.268023735264411478e+00 2.438318387430970180e+00 2.161486614016884467e+00 2.407799441555171338e+00 1.354581889178735343e+00
1.279207980646904552e+00 2.405437491471950295e+00 2.169207756776660556e+00 2.371505765278522304e+00 1.370607897418387955e+00
1.289016391576152998e+00 2.378965787936530241e+00 2.171742973330199167e+00 2.332033622986783961e+00 1.387634081871182090e+00
1.296927946145314703e+00 2.350975561758874566e+00 2.169535069855404341e+00 2.290977420999721126e+00 1.402981982163640229e+00
1.298491407427208699e+00 2.324006303598467049e+00 2.168090014706183677e+00 2.248553564099960766e+00 1.418030574217852058e+00
1.286942831236856044e+00 2.311564664555532111e+00 2.174416643472984134e+00 2.213802860030320563e+00 1.440732532638208330e+00
1.266542813861329719e+00 2.299624250551169702e+00 2.180658675360117371e+00 2.200071059074458546e+00 1.469286498868352497e+00
1.257413326545010257e+00 2.275410381135251292e+00 2.183280761206752629e+00 2.196319542160102056e+00 1.500294706505810760e+00
1.251176037055690582e+00 2.251342426232670224e+00 2.186804937843489505e+00 2.193828278900594508e+00 1.531648262685901596e+00
1.254315172751070628e+00 2.236771040317835801e+00 2.194939322855918640e+00 2.195049162143510202e+00 1.553840909884189880e+00
1.268521275508669888e+00 2.261308655771136600e+00 2.195603922690894105e+00 2.201400878220493684e+00 1.523993685021101996e+00
1.278662155324571836e+00 2.287801618360753686e+00 2.186313899423367069e+00 2.210173973828605476e+00 1.495608028516572041e+00
1.272092304371940097e+00 2.317126141305902998e+00 2.159226600212656333e+00 2.220427591646820797e+00 1.480094350773722311e+00
1.245399303758015108e+00 2.308468327950391696e+00 2.133935428874083939e+00 2.220654998370356292e+00 1.497028012430199118e+00
1.230740710628442258e+00 2.271442376787422557e+00 2.133433799089524907e+00 2.213229506084171128e+00 1.523743834522171881e+00
1.216228515967365809e+00 2.234346349112694696e+00 2.133137012970392377e+00 2.205904867676763637e+00 1.550482788180459925e+00
1.204403555947355597e+00 2.197862191173399093e+00 2.136409098714008525e+00 2.199610213898427702e+00 1.576585419541374877e+00
1.220668415878032098e+00 2.188021497704900398e+00 2.174463176822406751e+00 2.195022143960101424e+00 1.584969117995829180e+00
1.247654217731643644e+00 2.201023988596439995e+00 2.201943592790548632e+00 2.174358102008894011e+00 1.589384419870992105e+00
1.274162389952571806e+00 2.176005347995553230e+00 2.182713383016456010e+00 2.184567445898915494e+00 1.608754323059115254e+00
1.300000000000000044e+00 2.169999999999999929e+00 2.154999999999999805e+00 2.209999999999999964e+00 1.600000000000000089e+00
