8.699999999999999956e-01 2.740000000000000213e+00 1.850000000000000089e+00 2.629999999999999893e+00 1.350000000000000089e+00
9.059997897644654907e-01 2.769151845252032729e+00 1.871843230255898050e+00 2.612182394291667098e+00 1.343406539202429917e+00
9.426001722672926464e-01 2.785829072782929128e+00 1.895024033060262569e+00 2.590829451291289498e+00 1.338144176760518445e+00
9.773369385845982471e-01 2.781482648123686729e+00 1.921282365681163062e+00 2.567572673453875076e+00 1.336056359771656377e+00
1.011358062507029310e+00 2.773131533117138225e+00 1.953018604351842047e+00 2.554342173608064925e+00 1.333161127904000764e+00
1.044161485985000581e+00 2.776216280360320532e+00 1.987478848759180350e+00 2.547098288696365120e+00 1.329310662453779601e+00
1.076815131169736484e+00 2.786040094382644661e+00 2.021331923233007366e+00 2.538049361820391869e+00 1.325550719026208135e+00
1.110045525305514369e+00 2.796267429120899983e+00 2.053805108521292944e+00 2.525564503754180290e+00 1.322119062609984574e+00
1.145176480096499860e+00 2.798783905643183800e+00 2.085617314565383573e+00 2.514123294756518412e+00 1.321905817907089498e+00
1.181144590764975799e+00 2.779068816291854205e+00 2.111946691545126153e+00 2.517496644342507306e+00 1.334422547739973153e+00
1.202111013693766273e+00 2.784932152015144435e+00 2.149825578246238322e+00 2.535528477922918800e+00 1.338920414118539126e+00
1.227754424982155923e+00 2.781463603549958030e+00 2.189658541929252689e+00 2.535090316184240411e+00 1.336838712954710351e+00
1.261033530021744564e+00 2.755111490978455535e+00 2.216943829623824858e+00 2.522756670991920913e+00 1.327527420731854368e+00
1.276770589251864818e+00 2.700952853660800734e+00 2.209073955632989250e+00 2.494304197776723075e+00 1.313767503354363875e+00
1.280168053013871043e+00 2.638973359096790539e+00 2.204066656576793903e+00 2.462567045930336818e+00 1.312285131765948742e+00
1.285355485629963601e+00 2.570231364166575716e+00 2.206312354496467787e+00 2.438901361053860573e+00 1.320534409505516482e+00
1.292888070415378898e+00 2.501715936444500965e+00 2.201351742922703192e+00 2.418853037039077947e+00 1.332641715556841522e+00
1.297398158043393313e+00 2.450297978253231257e+00 2.193133716944779543e+00 2.385274775421389659e+00 1.347142911860090830e+00
1.293215570354585120e+00 2.428350456724501338e+00 2.188294352409653865e+00 2.339297887858782232e+00 1.360378678219055892e+00
1.286516690652505623e+00 2.410048245565596936e+00 2.179626059757878043e+00 2.292907374168753343e+00 1.372050571881136882e+00
1.280749585417453984e+00 2.387088676073527704e+00 2.167434150569931273e+00 2.247745926776851810e+00 1.382350389695760962e+00
1.277150470417445671e+00 2.382658046508927541e+00 2.134530718791364468e+00 2.230846503809249981e+00 1.406613183155678959e+00
1.273436083599497337e+00 2.390091533689223890e+00 2.113239632159503500e+00 2.240455036140011291e+00 1.442501086829205414e+00
1.265859187645153705e+00 2.389581454393611359e+00 2.113795982451946998e+00 2.238777351967720985e+00 1.484036820394678990e+00
1.257267989620924675e+00 2.385998879811067841e+00 2.125219601225146970e+00 2.233049850601028119e+00 1.523876858283084390e+00
1.248014874135922714e+00 2.379717939200762800e+00 2.135567265838979267e+00 2.227686224998220776e+00 1.563795521503537289e+00
1.238831106931666426e+00 2.363339240432278388e+00 2.142691100061846488e+00 2.222367131903252080e+00 1.603519290738220748e+00
1.235823714098568393e+00 2.325052448879649347e+00 2.147895411834813473e+00 2.215353581294693175e+00 1.639645556283511052e+00
1.234366783462607309e+00 2.261468637590026809e+00 2.164060086754664880e+00 2.214768518007716125e+00 1.660525882023007771e+00
1.238110392328424680e+00 2.184182671885866345e+00 2.166645471041976023e+00 2.207249229862403794e+00 1.652736474058293936e+00
1.264120151855021135e+00 2.149047989115133728e+00 2.153551191378331175e+00 2.197013351037162554e+00 1.625590283783739043e+00
1.300000000000000044e+00 2.169999999999999929e+00 2.154999999999999805e+00 2.209999999999999964e+00 1.600000000000000089e+00
