8.699999999999999956e-01 2.740000000000000213e+00 1.850000000000000089e+00 2.629999999999999893e+00 1.350000000000000089e+00
8.967791989096495220e-01 2.735001997506468996e+00 1.844277118985477859e+00 2.609006843764404948e+00 1.344442996444877858e+00
9.247720740762968017e-01 2.750681382330654845e+00 1.847404106451572714e+00 2.595501754800745076e+00 1.334324074186606701e+00
9.527031691832427152e-01 2.750809754113373806e+00 1.861939865933148530e+00 2.587528460564993971e+00 1.325467608925609886e+00
9.797516053545772818e-01 2.747536218299438282e+00 1.881171529220597938e+00 2.582071163738921982e+00 1.322280362482939786e+00
1.006219378301228762e+00 2.751132450074004865e+00 1.901635974350230240e+00 2.579888249544834089e+00 1.324576378870797155e+00
1.030453027673988275e+00 2.765274380055107173e+00 1.921067513873398136e+00 2.584577927892713234e+00 1.331363894872314546e+00
1.049088859803188889e+00 2.790986821352149594e+00 1.936606672303068155e+00 2.598165069036388886e+00 1.340500183419338409e+00
1.065028500290604141e+00 2.784465753618035055e+00 1.952714476404308064e+00 2.579800603729903496e+00 1.344324427931938848e+00
1.072232833105136063e+00 2.759940055802838632e+00 1.966035253296251506e+00 2.554198922531720317e+00 1.338719872965782987e+00
1.084725332418006172e+00 2.745617992830874154e+00 1.987705560922125692e+00 2.534809028451547874e+00 1.333978464857370483e+00
1.099220371113049710e+00 2.738329330631151137e+00 2.012927991078372614e+00 2.520858817712062550e+00 1.330233450646276516e+00
1.113871923708247280e+00 2.733992872376965977e+00 2.039637449092710497e+00 2.510095141370551453e+00 1.327232348544598928e+00
1.127641919279143146e+00 2.729967085259449977e+00 2.067291511533217552e+00 2.501068512590541193e+00 1.324782385740690183e+00
1.139517817605358641e+00 2.725230026554032570e+00 2.096004361877333189e+00 2.493827024513422863e+00 1.322821107497691440e+00
1.148445374367356830e+00 2.715654888491446872e+00 2.125173513115195867e+00 2.491311090468442124e+00 1.322107429990985406e+00
1.161395807431648164e+00 2.684902487860734599e+00 2.146982995651092629e+00 2.498148876269139063e+00 1.325801602312260075e+00
1.187018040293566834e+00 2.661887577981613351e+00 2.163673694911535161e+00 2.492716122083863617e+00 1.326813068152339348e+00
1.214138130582334441e+00 2.641057871018635872e+00 2.176586091008724466e+00 2.482497527320799868e+00 1.323804837977611948e+00
1.234432552524093563e+00 2.618466914412008073e+00 2.183159984471030324e+00 2.459289920254196904e+00 1.326095160008320395e+00
1.244081531551195274e+00 2.597246749836653379e+00 2.166157164879851216e+00 2.440206525921101655e+00 1.335296702344809905e+00
1.255553376415015965e+00 2.549161965841137967e+00 2.177108680350655412e+00 2.441584224605198195e+00 1.334462971083394622e+00
1.263917917053919426e+00 2.504412342989160045e+00 2.183961321049116666e+00 2.431489697690582208e+00 1.346106192603505169e+00
1.272639600309183106e+00 2.461921938081496286e+00 2.185436509055488141e+00 2.419048737291493723e+00 1.359630878807349674e+00
1.282931395541400788e+00 2.416433040529544662e+00 2.186187086992335438e+00 2.408337764425005467e+00 1.370499138369972281e+00
1.283266027536656750e+00 2.376292488814536696e+00 2.174410132539301266e+00 2.395894178503658267e+00 1.380418258499984230e+00
1.265866480309424613e+00 2.375516079721716078e+00 2.167921797544948515e+00 2.370807956615567313e+00 1.393096194270126542e+00
1.254356822842767727e+00 2.367837692502924973e+00 2.158791967023041103e+00 2.342675300505079772e+00 1.404314364515790281e+00
1.244775090726990552e+00 2.365113757316038345e+00 2.148648565706209990e+00 2.314079674093448613e+00 1.415642316659555311e+00
1.242238426889812564e+00 2.376299898121384313e+00 2.147027778906007267e+00 2.285543887266043850e+00 1.430738829861701422e+00
1.252093414211082223e+00 2.397393817059289667e+00 2.152534635626105697e+00 2.273121797816893164e+00 1.452305188576189510e+00
1.261265403040197741e+00 2.416792134817024706e+00 2.151443932206168697e+00 2.270650741794391525e+00 1.476756981089245135e+00
1.265482334029120803e+00 2.432169982732327096e+00 2.144558354711814108e+00 2.268067690469462327e+00 1.501952144515740883e+00
1.269138108428241152e+00 2.434489624985562095e+00 2.138694716834482978e+00 2.265519927970419012e+00 1.528413924040823213e+00
1.273620908877409752e+00 2.423763296852296190e+00 2.135770400626264998e+00 2.263740839342683664e+00 1.554705868501884414e+00
1.268039896434870695e+00 2.395678041428344507e+00 2.142316500494323872e+00 2.253827925881323857e+00 1.575560207472301633e+00
1.267223939262930532e+00 2.366756391607961252e+00 2.143762510478407712e+00 2.241334124884713397e+00 1.596792914823393250e+00
1.266279548335432104e+00 2.327148141213530419e+00 2.141476741735853562e+00 2.225133652422482733e+00 1.611071813417079390e+00
1.263513576834866203e+00 2.284043821290035137e+00 2.155406446416355148e+00 2.209202101614364810e+00 1.609608667580640695e+00
1.269273951467264849e+00 2.242342043012840680e+00 2.171995644112676871e+00 2.208030681654535865e+00 1.619574026192510008e+00
1.285854148597305624e+00 2.193486994071308427e+00 2.172251412409046178e+00 2.208729066453606560e+00 1.616451268604266911e+00
1.300000000000000044e+00 2.169999999999999929e+00 2.154999999999999805e+00 2.209999999999999964e+00 1.600000000000000089e+00
