8.699999999999999956e-01 2.740000000000000213e+00 1.850000000000000089e+00 2.629999999999999893e+00 1.350000000000000089e+00
9.251601855573271527e-01 2.750762595642274988e+00 1.860314397170655498e+00 2.600868375629257212e+00 1.340249082441573147e+00
9.830222067733034308e-01 2.759619623100303620e+00 1.879623572604068871e+00 2.576841513410894624e+00 1.339975757787206012e+00
1.009671517222855863e+00 2.791383611324714131e+00 1.934020139413947570e+00 2.559877252762762900e+00 1.343279567844597233e+00
1.048746530651625486e+00 2.808880693388863925e+00 1.985898881230011792e+00 2.547677140653748395e+00 1.342427129356015270e+00
1.097079801957125289e+00 2.800053660567886737e+00 2.029423800644598153e+00 2.534715570408733853e+00 1.339532977902401667e+00
1.138054916204095601e+00 2.782073879856220344e+00 2.079526158427849492e+00 2.522643667376970544e+00 1.337454424691477017e+00
1.171334434885601627e+00 2.767501379502378622e+00 2.137214449910012082e+00 2.517541787089930594e+00 1.336272642289896728e+00
1.205355355521881222e+00 2.744983827023980361e+00 2.193137081399687549e+00 2.517087630057961434e+00 1.333622498367259990e+00
1.241092416011600807e+00 2.706604765638652044e+00 2.241933252931210596e+00 2.510516604652313966e+00 1.329374907394196503e+00
1.271996676899213030e+00 2.650701107201781870e+00 2.280769376739919529e+00 2.491570193334475380e+00 1.330157509980687713e+00
1.289960580522517386e+00 2.574643295591481085e+00 2.292287294270042075e+00 2.466282738432772792e+00 1.339503213916496849e+00
1.296501735333337013e+00 2.495353659720097372e+00 2.275082324500627085e+00 2.445607788961674078e+00 1.351102661738728505e+00
1.304524947765289600e+00 2.419669026221694441e+00 2.248333525924948617e+00 2.427513124752490370e+00 1.362625088487706915e+00
1.310766453338966464e+00 2.355458662271126435e+00 2.212497833207903497e+00 2.402560926255550289e+00 1.374225947209327670e+00
1.302097549524878328e+00 2.305290779645084775e+00 2.171718693535278355e+00 2.365636642446769855e+00 1.375917266613432721e+00
1.296670640134551133e+00 2.261829106315274451e+00 2.148962066132894311e+00 2.315381642665304884e+00 1.366520308692638519e+00
1.301495796721611642e+00 2.247552778230959447e+00 2.153170554375395174e+00 2.253620448485860184e+00 1.357235250279465344e+00
1.304758603393691319e+00 2.264824489030709653e+00 2.145296599351410372e+00 2.191370238836755746e+00 1.355399702903003822e+00
1.301528893373987028e+00 2.310690804798114950e+00 2.129708806785911790e+00 2.192191175212637511e+00 1.388824552648758370e+00
1.300593163819746767e+00 2.337347716913884099e+00 2.134206107578883405e+00 2.203640584482877252e+00 1.426373817847953474e+00
1.288373904485617283e+00 2.339253619435746057e+00 2.123589854705907332e+00 2.209676165484605548e+00 1.465040926525084330e+00
1.266701829613088526e+00 2.333644427905086083e+00 2.108781260346983988e+00 2.207386747691302276e+00 1.501745470542334093e+00
1.242514197641715334e+00 2.319891702049165172e+00 2.105871795681379943e+00 2.211083014919672962e+00 1.538404261773711923e+00
1.248121465043363854e+00 2.266183138869803049e+00 2.108949303346092652e+00 2.227820448445204882e+00 1.569067797811468434e+00
1.256801559056470063e+00 2.232088504101185755e+00 2.132837208253755001e+00 2.202840715415943507e+00 1.599132957534835420e+00
1.300000000000000044e+00 2.169999999999999929e+00 2.154999999999999805e+00 2.209999999999999964e+00 1.600000000000000089e+00
