8.699999999999999956e-01 2.740000000000000213e+00 1.850000000000000089e+00 2.629999999999999893e+00 1.350000000000000089e+00
8.975896621112724461e-01 2.742528025279254766e+00 1.844828543923474617e+00 2.608685605938793728e+00 1.359581104577180177e+00
9.218130987155424005e-01 2.739852160567272765e+00 1.845557823680274101e+00 2.582003689496183529e+00 1.353632515003053038e+00
9.396387496877419698e-01 2.749794318466937781e+00 1.864697822941363992e+00 2.563651779950008702e+00 1.343027603418991189e+00
9.625906972907846137e-01 2.761118189695593195e+00 1.889475835368377821e+00 2.556313665059940288e+00 1.341641956116198964e+00
9.910309355721693692e-01 2.761539736329750028e+00 1.910594823035070444e+00 2.549206532669300085e+00 1.344666180035086755e+00
1.019381142814399954e+00 2.750336802562954652e+00 1.930200387250157412e+00 2.540373798937048733e+00 1.343695704742945418e+00
1.043302920282972224e+00 2.742364484384645529e+00 1.954845748255667592e+00 2.535266168106172557e+00 1.339008650324420069e+00
1.064930919650099117e+00 2.737925883194435528e+00 1.975530501590186061e+00 2.519497806417057006e+00 1.342530256021785995e+00
1.092315909678195140e+00 2.726033047109169161e+00 1.996928989645009311e+00 2.517370719238308130e+00 1.345457507567689337e+00
1.114924920063201874e+00 2.719636706639013468e+00 2.024136520644542081e+00 2.521340963497553211e+00 1.345457714424332485e+00
1.135301474931301291e+00 2.711951463464183032e+00 2.052809993763382579e+00 2.522735273116343269e+00 1.344444052795990885e+00
1.150855082511880401e+00 2.707513806016766722e+00 2.083084326305754796e+00 2.518647776101373914e+00 1.338842671280514596e+00
1.142748039808270777e+00 2.727349025456726750e+00 2.098232512877267641e+00 2.506284718894184582e+00 1.321647990007903006e+00
1.147981176663808167e+00 2.740102577852834287e+00 2.128048893709673095e+00 2.501330298221292825e+00 1.316162874461356935e+00
1.168096066543066192e+00 2.726581950071121696e+00 2.154790899725787412e+00 2.499501186647402839e+00 1.319896729507866517e+00
1.192113156890056702e+00 2.698964181345289148e+00 2.171887414782859516e+00 2.490657383584517603e+00 1.322724707070983330e+00
1.214834463942433551e+00 2.665887313670474157e+00 2.181700780374798310e+00 2.475657646679651602e+00 1.323691594575948427e+00
1.234069695698190028e+00 2.627561615986216292e+00 2.187702214260508260e+00 2.459895246554852477e+00 1.324604230804421245e+00
1.248000625616168868e+00 2.580854191479106774e+00 2.191827814057635493e+00 2.450610252810188960e+00 1.326599182079682970e+00
1.264968674414096661e+00 2.540269956594907619e+00 2.204100091336747891e+00 2.451744445410305229e+00 1.334489740324030560e+00
1.284710880241736408e+00 2.507905919155940300e+00 2.212426301219846625e+00 2.447070676941768497e+00 1.348469279377960239e+00
1.294170530727646984e+00 2.471026433953830814e+00 2.204927881290389635e+00 2.431488511846036538e+00 1.361771552759134751e+00
1.295329079837493236e+00 2.439194864677357799e+00 2.196944005706611858e+00 2.409620411452925826e+00 1.375333728270125455e+00
1.289621591746586304e+00 2.424746774057045418e+00 2.197382234091060482e+00 2.379463574093927392e+00 1.389101372628163134e+00
1.278939778328118670e+00 2.423527078677328639e+00 2.203246065131883924e+00 2.348743563532714074e+00 1.401738124049371814e+00
1.265109423597193805e+00 2.426217758797686308e+00 2.209744831127992359e+00 2.319691663821307870e+00 1.414721007432122590e+00
1.248664624810921664e+00 2.438692406575155402e+00 2.215797088309450213e+00 2.293155151361736088e+00 1.427504570966205755e+00
1.230850808569187604e+00 2.462920874109744140e+00 2.207192619981893866e+00 2.277028196725764175e+00 1.435861916546765427e+00
1.242706894898629510e+00 2.464653157614704160e+00 2.182197857952119069e+00 2.275094451920746774e+00 1.448533628654023797e+00
1.259488379809497349e+00 2.477617749027580363e+00 2.169685217312506520e+00 2.266908882530779934e+00 1.469688969785464261e+00
1.272153745256495050e+00 2.491051835291425043e+00 2.155297722297829566e+00 2.256869309234239562e+00 1.490896606524631851e+00
1.276156146896287424e+00 2.490915586123752412e+00 2.143533210280764045e+00 2.250777195183711665e+00 1.514741919497301748e+00
1.274185570881191554e+00 2.469592796607116725e+00 2.143639248455075474e+00 2.254387763840609349e+00 1.540222469328342392e+00
1.275749706065455680e+00 2.437475314591857956e+00 2.145898329534995153e+00 2.254632855190368712e+00 1.561664413128727613e+00
1.278134905159721724e+00 2.398184502172416632e+00 2.143897823281403880e+00 2.246290879251556127e+00 1.578330130024100386e+00
1.276982267103179858e+00 2.371907735981961363e+00 2.137088418483626295e+00 2.239169309934895935e+00 1.601302491975007403e+00
1.278445108766186555e+00 2.337368927862308876e+00 2.129904197113496878e+00 2.235657485080360107e+00 1.616697059555816107e+00
1.280975778871489279e+00 2.298884204999464220e+00 2.146444758457269675e+00 2.220996761813375908e+00 1.609765389738292196e+00
1.284304605444493541e+00 2.268040978002165087e+00 2.165312271852489534e+00 2.211017770693009865e+00 1.596780922384602786e+00
1.291966233646667517e+00 2.217239332928500062e+00 2.166485718071292865e+00 2.207654031103710501e+00 1.594317291559116834e+00
1.300000000000000044e+00 2.169999999999999929e+00 2.154999999999999805e+00 2.209999999999999964e+00 1.600000000000000089e+00
