8.699999999999999956e-01 2.740000000000000213e+00 1.850000000000000089e+00 2.629999999999999893e+00 1.350000000000000089e+00
9.168875662834075069e-01 2.762463426098064279e+00 1.870628541649155263e+00 2.583023302864871251e+00 1.333330847633227512e+00
9.801300647531620003e-01 2.745808869057976498e+00 1.853681849901795742e+00 2.556252340437732418e+00 1.324595873762660192e+00
1.016158318293503893e+00 2.719774742330789419e+00 1.909964803067747408e+00 2.559067717630369110e+00 1.319624433121245666e+00
1.060331560019070363e+00 2.728717850162482694e+00 1.961235583396508275e+00 2.535205573283935809e+00 1.322583193680840985e+00
1.110402988191804052e+00 2.734872724160704927e+00 2.010630398232362115e+00 2.520076557622972224e+00 1.326400786130878418e+00
1.139016036804949339e+00 2.765537280694094324e+00 2.068440882946667170e+00 2.520579019113251107e+00 1.340749780522862533e+00
1.179264892208982340e+00 2.746028030434011669e+00 2.121220107302965285e+00 2.508261789103799710e+00 1.332204522275314940e+00
1.217826621297265266e+00 2.696281200513158893e+00 2.166033957572612412e+00 2.488120192096074046e+00 1.326996417185557942e+00
1.239128185864285303e+00 2.632850841650644647e+00 2.214819224291756150e+00 2.472766977749231820e+00 1.325156969571301468e+00
1.272332025420948476e+00 2.573420140711189852e+00 2.255681748841633638e+00 2.456976397178043836e+00 1.338860990665173833e+00
1.290582514801717595e+00 2.512759511270127977e+00 2.208108834051750069e+00 2.441686713442900114e+00 1.341078264338212644e+00
1.292408130262348021e+00 2.455832617702034426e+00 2.156732384747196640e+00 2.414239306121075401e+00 1.332626452688276952e+00
1.296622525305254126e+00 2.413916788171365901e+00 2.146983796982064430e+00 2.365711111181870496e+00 1.299810826052855139e+00
1.288404878618920169e+00 2.364637042496175567e+00 2.143950616665638798e+00 2.304456100997173351e+00 1.310782630288962247e+00
1.275647564001321843e+00 2.361978062457252836e+00 2.140666898564735909e+00 2.300223384535168059e+00 1.364751640069355343e+00
1.291073506762727252e+00 2.383835396064878598e+00 2.150336509460981205e+00 2.228906590167603508e+00 1.376891381698800654e+00
1.300459861843180187e+00 2.363617665944921509e+00 2.151542803242162183e+00 2.166477091003115696e+00 1.406728298072469130e+00
1.318740566203828291e+00 2.321653218797206097e+00 2.172288112201000487e+00 2.144803004072938890e+00 1.448027737504447687e+00
1.285902704360237347e+00 2.310756555928297651e+00 2.132041045086078945e+00 2.163409807780937388e+00 1.475684377335980013e+00
1.256514354344634210e+00 2.294901006804557664e+00 2.096610559068677215e+00 2.193526646582358186e+00 1.511108520834113289e+00
1.263397306765483785e+00 2.263389268884607120e+00 2.093546135956043219e+00 2.196765901171426449e+00 1.561910661357556185e+00
1.269281166975338992e+00 2.198723510864661890e+00 2.096277728738213941e+00 2.190712934741654738e+00 1.601136158102320239e+00
1.300000000000000044e+00 2.169999999999999929e+00 2.154999999999999805e+00 2.209999999999999964e+00 1.600000000000000089e+00
