8.699999999999999956e-01 2.740000000000000213e+00 1.850000000000000089e+00 2.629999999999999893e+00 1.350000000000000089e+00
9.015543486885725377e-01 2.748797874629827387e+00 1.860370671804179477e+00 2.608887620814415165e+00 1.345156592438611076e+00
9.286140687919022252e-01 2.755067683514853538e+00 1.856044251984622750e+00 2.588438809352366032e+00 1.330853554783940629e+00
9.483462734516103776e-01 2.718262750967493258e+00 1.862228908784044012e+00 2.580097837608104072e+00 1.319038791002705935e+00
9.712524549401281293e-01 2.681322869901790806e+00 1.875720025111537570e+00 2.568860039100826054e+00 1.317662011765421193e+00
9.982949589072941388e-01 2.671369901097726540e+00 1.898753171898400760e+00 2.554274527171062292e+00 1.323137021690514281e+00
1.022867359504412432e+00 2.682693496124259447e+00 1.925538264149485812e+00 2.545585609095318613e+00 1.330691831406173087e+00
1.050665984744483694e+00 2.702715865095966397e+00 1.946241814210327492e+00 2.542083123145619794e+00 1.339627252525862788e+00
1.075831697764308537e+00 2.710514403580542186e+00 1.975023158400876166e+00 2.534503496903659947e+00 1.338125182648639555e+00
1.092283071441901399e+00 2.722678170781667184e+00 2.008399329816210166e+00 2.527728895887487059e+00 1.333295797403027727e+00
1.109658789755986641e+00 2.735812175949289937e+00 2.040976150880530859e+00 2.519538987542674580e+00 1.328979114448334942e+00
1.130311120955116877e+00 2.745318275791467588e+00 2.072061801453285668e+00 2.510922972544834764e+00 1.326102718720613582e+00
1.159075484299947556e+00 2.734454305308669841e+00 2.096240086078885234e+00 2.501508269601689260e+00 1.328688158965428467e+00
1.182239862030131983e+00 2.707133555578740580e+00 2.119293426892239207e+00 2.492061905426082635e+00 1.331697464181907264e+00
1.204095798459346556e+00 2.687822699397633297e+00 2.146945875160387818e+00 2.480376545285754464e+00 1.331238700914962436e+00
1.225060448200531837e+00 2.664778814216534286e+00 2.174011833148818074e+00 2.471101231170277135e+00 1.328612064983138996e+00
1.239657773282055953e+00 2.630364849486973799e+00 2.198703101763502143e+00 2.481136141948442564e+00 1.329360292742553629e+00
1.246225024371021783e+00 2.605906688775414981e+00 2.231358630685418731e+00 2.482566902178522383e+00 1.336560342528641643e+00
1.255830513102586199e+00 2.579733796376247668e+00 2.258617184171524350e+00 2.463431854953035405e+00 1.337127224396787106e+00
1.271087378568186210e+00 2.544275242260496839e+00 2.255942281902051150e+00 2.438876487269206805e+00 1.330844193276567111e+00
1.286127217104557019e+00 2.509629802180451286e+00 2.243007557205971558e+00 2.417740262706685517e+00 1.323776818446516845e+00
1.304628213509661627e+00 2.466776485033723265e+00 2.234123768703362600e+00 2.405243101496011171e+00 1.322039470487058832e+00
1.321724654556180045e+00 2.432549671176253092e+00 2.251699078493053285e+00 2.409615666681032664e+00 1.331822129479244943e+00
1.331303941754405251e+00 2.427073552991834582e+00 2.285208109576384317e+00 2.397126556293349253e+00 1.336578872516178906e+00
1.318270495098385897e+00 2.417796495061177442e+00 2.272648500988312392e+00 2.375033992709346453e+00 1.349084333888817433e+00
1.301952046214723158e+00 2.407834452471550257e+00 2.251389644679765212e+00 2.353448845895505848e+00 1.362223717184563032e+00
1.285614715001530017e+00 2.397890690140898506e+00 2.229989666525180603e+00 2.331964847470954894e+00 1.375328206287466548e+00
1.269277383788336877e+00 2.387946927810246311e+00 2.208589688370595550e+00 2.310480849046404384e+00 1.388432695390370064e+00
1.252988013767927677e+00 2.379443730320630834e+00 2.187377005198773094e+00 2.289044229251754992e+00 1.402005017758973349e+00
1.237211229531374634e+00 2.378066949703721900e+00 2.167605738354080991e+00 2.268301829317699969e+00 1.417786575581162056e+00
1.222674816928006614e+00 2.386992699531742090e+00 2.155998507306907008e+00 2.254156406705599913e+00 1.439229781495351856e+00
1.230331788298899776e+00 2.384949440303731905e+00 2.151961325486324128e+00 2.240439788657661246e+00 1.463741031730902309e+00
1.243762328923219584e+00 2.375936010655018915e+00 2.144640722724146187e+00 2.219907162296792968e+00 1.484527996159816787e+00
1.258504736078340347e+00 2.374606878029921653e+00 2.139300744157417888e+00 2.196637349754761548e+00 1.504383926381177572e+00
1.269539580147727165e+00 2.352916793172303844e+00 2.141317553271997909e+00 2.182129067176753257e+00 1.525743765299134136e+00
1.264961629827125567e+00 2.343387405987232164e+00 2.149294758125599003e+00 2.192626531731428852e+00 1.550750794575849412e+00
1.260837910687364838e+00 2.356928336688202119e+00 2.156756471458380009e+00 2.201411198739800845e+00 1.575982688950840149e+00
1.257336538636008694e+00 2.360768880081240528e+00 2.164462617538040590e+00 2.209804353453147296e+00 1.602222799669557052e+00
1.271304483116588280e+00 2.313569176212036727e+00 2.167026271048196229e+00 2.201717870736533467e+00 1.605439510969067785e+00
1.281247951707323418e+00 2.266776202075683866e+00 2.177737875383224608e+00 2.201315790966803299e+00 1.598521068869083628e+00
1.286042855363325854e+00 2.219584202663982264e+00 2.160011577632213520e+00 2.204757663324988126e+00 1.598958530546732870e+00
1.300000000000000044e+00 2.169999999999999929e+00 2.154999999999999805e+00 2.209999999999999964e+00 1.600000000000000089e+00
