8.699999999999999956e-01 2.740000000000000213e+00 1.850000000000000089e+00 2.629999999999999893e+00 1.350000000000000089e+00
9.030347334533268544e-01 2.744567487873680989e+00 1.846485269886038560e+00 2.597164341282746314e+00 1.349940880054018688e+00
9.350086698842736688e-01 2.744682556645954286e+00 1.854460789398231890e+00 2.571399402790589761e+00 1.339914319244899010e+00
9.635543567223766592e-01 2.727991457956141730e+00 1.877609364624246213e+00 2.557077224939174442e+00 1.338150158033513559e+00
9.874487732511957327e-01 2.714160283332519796e+00 1.906883965008229209e+00 2.552333080234756135e+00 1.342757747661756929e+00
1.013531604126059582e+00 2.706097315634410805e+00 1.935917755411316499e+00 2.558671854327068562e+00 1.344336084815141552e+00
1.039867893697600243e+00 2.694511845971066410e+00 1.964470794831957523e+00 2.563307266777303361e+00 1.343733220827584729e+00
1.061551439388095375e+00 2.683707257805470370e+00 1.996464024980349139e+00 2.558325123236040444e+00 1.342427071573454089e+00
1.077597774131872743e+00 2.680955661327032669e+00 2.031224310487145690e+00 2.547285949419765494e+00 1.339290500763866021e+00
1.090064231468381717e+00 2.684382665781993804e+00 2.066666626303632626e+00 2.535519222598336953e+00 1.333836969865650701e+00
1.101300054306789900e+00 2.688028248703020040e+00 2.102382027772308870e+00 2.525077309660733071e+00 1.327440549326249997e+00
1.115754832596348667e+00 2.688182196261630796e+00 2.137833498861399395e+00 2.515902606466190683e+00 1.322991058014563626e+00
1.138580503722359749e+00 2.683841828545860508e+00 2.169315392466998116e+00 2.507324451460520187e+00 1.322821253765684268e+00
1.169127123294182447e+00 2.674303037845533471e+00 2.192840004429394973e+00 2.498163885832112463e+00 1.325570620916814324e+00
1.202934264859674585e+00 2.658617707149817821e+00 2.209539760651953788e+00 2.486885436613493816e+00 1.328079177101823216e+00
1.234591686746487449e+00 2.632913515334776910e+00 2.223700615519088597e+00 2.472909300480828243e+00 1.329885688758747797e+00
1.257094804124417431e+00 2.591971273420837996e+00 2.234244732710627179e+00 2.456771505452319815e+00 1.335002413056903592e+00
1.266978837422479298e+00 2.544084209421707321e+00 2.233903511879691717e+00 2.441117277246344308e+00 1.346377508713344273e+00
1.270995617197621108e+00 2.497255404636954168e+00 2.229962454111845016e+00 2.425189817309113760e+00 1.360402810998558643e+00
1.273275741010266415e+00 2.449738524885376467e+00 2.233815194894250844e+00 2.404554569804277619e+00 1.372483283951305921e+00
1.268226819297294528e+00 2.405365356146039524e+00 2.230634174865312236e+00 2.370573990197081926e+00 1.377688688637029646e+00
1.258090439680211947e+00 2.382434250097181128e+00 2.207867068292986623e+00 2.333594041479357006e+00 1.379797207175417206e+00
1.250143194361652776e+00 2.360155426283093050e+00 2.185007221858354498e+00 2.296564579937649064e+00 1.386698816195370831e+00
1.245818917252084601e+00 2.334254125898408638e+00 2.164940165109423109e+00 2.259759132306929708e+00 1.396326851796162671e+00
1.241889765936490031e+00 2.307865957199554341e+00 2.150386365523833554e+00 2.221168182795436596e+00 1.408605009800297792e+00
1.234850030908077434e+00 2.288401785088024720e+00 2.143849566857943145e+00 2.187153894590616154e+00 1.427359250959378434e+00
1.226408298666269436e+00 2.279776989077500815e+00 2.141937958132524855e+00 2.164172024531206606e+00 1.451194166652540307e+00
1.217758621109768402e+00 2.278673047298032550e+00 2.141014442587683586e+00 2.146764254246811277e+00 1.476498933106562328e+00
1.208710317986344762e+00 2.282698124861454847e+00 2.141078346704816227e+00 2.127350373508974268e+00 1.501373666049635736e+00
1.201382056192223713e+00 2.289751887770370864e+00 2.146940522661675566e+00 2.100094318821289718e+00 1.524219778319310770e+00
1.203224880331331903e+00 2.302509735468583951e+00 2.163828121927533488e+00 2.092324222941987166e+00 1.547160131034442054e+00
1.210065721364326441e+00 2.346727238760461631e+00 2.167644725338731426e+00 2.119342640306038028e+00 1.554539250274652895e+00
1.214607421650987007e+00 2.363445153379513997e+00 2.186686395428969476e+00 2.162703243952113219e+00 1.553197415386409208e+00
1.220308180681834997e+00 2.318168100500592743e+00 2.203364228319224516e+00 2.174404008214267492e+00 1.563917997829700868e+00
1.229749174289184621e+00 2.268183358894173107e+00 2.204512038366363225e+00 2.180477979618972828e+00 1.576185483028499368e+00
1.246767194579382787e+00 2.225039325866843054e+00 2.192996729511319742e+00 2.186225028153508276e+00 1.587868599542445969e+00
1.270018919402511326e+00 2.191072821394011161e+00 2.174498321534032108e+00 2.197736690059367337e+00 1.595181088101315314e+00
1.300000000000000044e+00 2.169999999999999929e+00 2.154999999999999805e+00 2.209999999999999964e+00 1.600000000000000089e+00
