8.699999999999999956e-01 2.740000000000000213e+00 1.850000000000000089e+00 2.629999999999999893e+00 1.350000000000000089e+00
9.040485551371455486e-01 2.736330808011850912e+00 1.853603859709258117e+00 2.613166319999366216e+00 1.344843123487979186e+00
9.320348046965215572e-01 2.729135080041126926e+00 1.867630885704564037e+00 2.590180861923343958e+00 1.346965660175808210e+00
9.549880840195992260e-01 2.734471063927638390e+00 1.894606494613640280e+00 2.576250952015341156e+00 1.349290959697581060e+00
9.614366863734707946e-01 2.736884237584679802e+00 1.923410578513516045e+00 2.557089991257987194e+00 1.361131301204225430e+00
9.661833470904954702e-01 2.708326541127542342e+00 1.908272483980279155e+00 2.547084695327535897e+00 1.376717875406956226e+00
9.963184091497285788e-01 2.688436794657539153e+00 1.922396004579149054e+00 2.543753357356025813e+00 1.368184804616763950e+00
1.020761669855251297e+00 2.689464025991632479e+00 1.947339081041709719e+00 2.542894679388325141e+00 1.357004273484427426e+00
1.040959816370905511e+00 2.709415325765895943e+00 1.972051898757259947e+00 2.545865762693046985e+00 1.345718953115917937e+00
1.066231230790975815e+00 2.735175201090666253e+00 1.989365142667867570e+00 2.536797727253425450e+00 1.337261149628081291e+00
1.089879235355057707e+00 2.756688717765495511e+00 2.013354797851360178e+00 2.526700742452848036e+00 1.335111717344433790e+00
1.111346233039422815e+00 2.771625253827976643e+00 2.042823838754051380e+00 2.526028331439648333e+00 1.337425106637662342e+00
1.130530552857670568e+00 2.771812398315431913e+00 2.075593217932442780e+00 2.525670221953345340e+00 1.337454127882339083e+00
1.148321855376471357e+00 2.755060341818317049e+00 2.106094953917752921e+00 2.520611691294514234e+00 1.332897465190912456e+00
1.169627464154891827e+00 2.734606133070361267e+00 2.133134308394684098e+00 2.515934158562203038e+00 1.327998630241667755e+00
1.195809606719324680e+00 2.715010874483457570e+00 2.157120680189889228e+00 2.515072694024071076e+00 1.327042722165027389e+00
1.222446349840748514e+00 2.689201772571038873e+00 2.177541036886588621e+00 2.514022652711682682e+00 1.328305876083509807e+00
1.245090292939848409e+00 2.655193289229299314e+00 2.196120990589188970e+00 2.507886044133909920e+00 1.327738842445886691e+00
1.261900791737074590e+00 2.616590759979691150e+00 2.214561841751349736e+00 2.497096712867211021e+00 1.325498886083502637e+00
1.273811243404371130e+00 2.574960033270010662e+00 2.233106805750741053e+00 2.484871627797625493e+00 1.324315247327037870e+00
1.282505035803446658e+00 2.530231977787622100e+00 2.248686835133057560e+00 2.470805695929838119e+00 1.324987870310499805e+00
1.289846010698920242e+00 2.485953450946094989e+00 2.251441476802383601e+00 2.448947701173406877e+00 1.328419438489693238e+00
1.295531621085014518e+00 2.457389193965827445e+00 2.234528551445694955e+00 2.423448923645567632e+00 1.337309608928291427e+00
1.298161603190324698e+00 2.441393358433998184e+00 2.209003002187866826e+00 2.402822452266236031e+00 1.350277242309660064e+00
1.296517976099830438e+00 2.425707343742030897e+00 2.183635426909015020e+00 2.383220119610330201e+00 1.364559237868059105e+00
1.290191731720806256e+00 2.407543594279661026e+00 2.165529821572698577e+00 2.356954122888728076e+00 1.378363521333118236e+00
1.281681394330399515e+00 2.391675539533028250e+00 2.160184942327963764e+00 2.323006802551375483e+00 1.390245656579565559e+00
1.273589633287483203e+00 2.378453676404501227e+00 2.164009187755934871e+00 2.287705615699295425e+00 1.402034811986086815e+00
1.264463035551255166e+00 2.362795125089132142e+00 2.169484018251625734e+00 2.257171891917113982e+00 1.417823127790669879e+00
1.252258058082173608e+00 2.344049872763548592e+00 2.171182561449773729e+00 2.236629533173335016e+00 1.438619921002705082e+00
1.239574412834098638e+00 2.326220960719883379e+00 2.170448849552655712e+00 2.225336592308014172e+00 1.462715078981108530e+00
1.233136309197510494e+00 2.312467275696733715e+00 2.172997820274986669e+00 2.218301208992544904e+00 1.489458345390663796e+00
1.237563307207381946e+00 2.305955642005919959e+00 2.181048838675994972e+00 2.211264231308431860e+00 1.516434971424622358e+00
1.245975779318432952e+00 2.310460879976565352e+00 2.186935095402982920e+00 2.200273241575819050e+00 1.542796743341965815e+00
1.247299039092458761e+00 2.327862424729047586e+00 2.175795809001307646e+00 2.186739490934761054e+00 1.566111313433778740e+00
1.252036372157856015e+00 2.344822006939996761e+00 2.159546765054987993e+00 2.177331458422602672e+00 1.589273847849068666e+00
1.261123037029286520e+00 2.360462359130527599e+00 2.147642505550562131e+00 2.175631426502356192e+00 1.614217638771995533e+00
1.276268028566824420e+00 2.345738173650082636e+00 2.154254563842979309e+00 2.193639686559270885e+00 1.632653094810427863e+00
1.295621212968057545e+00 2.312553320781794763e+00 2.175724438883624767e+00 2.198966516981867958e+00 1.628283610616412247e+00
1.302754472908227656e+00 2.261574288555435075e+00 2.177509036720060909e+00 2.201852753695258791e+00 1.619559031248716918e+00
1.297771537110867790e+00 2.210954810874245169e+00 2.172932104700906031e+00 2.197654360732701484e+00 1.610328495966331985e+00
1.300000000000000044e+00 2.169999999999999929e+00 2.154999999999999805e+00 2.209999999999999964e+00 1.600000000000000089e+00
