8.699999999999999956e-01 2.740000000000000213e+00 1.850000000000000089e+00 2.629999999999999893e+00 1.350000000000000089e+00
9.040479177412319434e-01 2.722661565935250216e+00 1.828715504548332760e+00 2.594187131577581962e+00 1.310913105604475826e+00
9.643250752749196186e-01 2.741805888504665223e+00 1.851075038593677835e+00 2.569073459367826828e+00 1.305625727325872232e+00
1.002747406632014116e+00 2.735962456690365752e+00 1.911406790250747001e+00 2.550772589953606673e+00 1.315901257566931548e+00
1.047307284032830133e+00 2.733886118812089094e+00 1.970645063212160597e+00 2.540848309415424389e+00 1.319052140575933008e+00
1.092721720214864245e+00 2.748129963463651571e+00 2.027939359395559471e+00 2.537635262694892813e+00 1.327052421269927729e+00
1.131830717009677745e+00 2.750690322588136727e+00 2.091827828474979611e+00 2.528805134494542806e+00 1.327372230890798255e+00
1.170828017037284230e+00 2.715464439549003295e+00 2.145528910043330573e+00 2.510779637480326176e+00 1.323284460796655404e+00
1.209817090019131403e+00 2.668153329083523317e+00 2.194449400422512575e+00 2.494330397723603987e+00 1.325791897319011925e+00
1.246078728473183794e+00 2.642564828456539061e+00 2.253839066798261737e+00 2.481443496281259709e+00 1.337752282792465719e+00
1.289725356191948169e+00 2.585439457925255535e+00 2.275833075902240488e+00 2.460946025394296743e+00 1.349208214306361286e+00
1.301651191276959274e+00 2.514867270004005562e+00 2.228547635562961204e+00 2.443779862299964911e+00 1.347963188904168108e+00
1.305825032058158364e+00 2.439032159058713400e+00 2.193786431901133760e+00 2.414045409365333850e+00 1.350001222821219482e+00
1.303719376807686681e+00 2.383183400506854177e+00 2.172169329430628792e+00 2.358242566716867383e+00 1.351436897037789242e+00
1.305382267400277518e+00 2.342326805844358706e+00 2.165447087448900909e+00 2.292115351324333972e+00 1.353316548381509721e+00
1.310519079504335771e+00 2.316150202121097124e+00 2.167242853394695690e+00 2.224119634692274694e+00 1.368443458280595326e+00
1.315293927748765190e+00 2.306267479053659475e+00 2.166167036670567647e+00 2.172140416079363590e+00 1.409571371442954746e+00
1.310749815002038687e+00 2.288256920368660463e+00 2.150343316842839858e+00 2.164230376915977860e+00 1.465860730856582528e+00
1.298187162193373378e+00 2.277732289439798663e+00 2.131338120576345752e+00 2.171351564348632301e+00 1.522284298116428847e+00
1.283324562536299451e+00 2.269600769410939911e+00 2.111951563310018987e+00 2.180471413782254508e+00 1.578319776142744546e+00
1.262552730105802601e+00 2.250483498429333817e+00 2.088685323673254324e+00 2.189697174885911313e+00 1.630811126628303853e+00
1.253190176315962745e+00 2.222282585525136689e+00 2.086782828039025706e+00 2.184824082561049430e+00 1.591323820182274584e+00
1.256688304209126583e+00 2.272128705559531614e+00 2.077824373053256402e+00 2.186018130612553456e+00 1.624912978202504465e+00
1.259460757758103844e+00 2.189461736149203919e+00 2.111348259147647344e+00 2.196057575751392932e+00 1.631681396600793477e+00
1.300000000000000044e+00 2.169999999999999929e+00 2.154999999999999805e+00 2.209999999999999964e+00 1.600000000000000089e+00
