8.699999999999999956e-01 2.740000000000000213e+00 1.850000000000000089e+00 2.629999999999999893e+00 1.350000000000000089e+00
9.020742211908102659e-01 2.728825008116973372e+00 1.858292768787592530e+00 2.611502284108492056e+00 1.344096183536843458e+00
9.363902418230105607e-01 2.727607271877664274e+00 1.860489318081768984e+00 2.591080948273472018e+00 1.343953548397202491e+00
9.695849790800697976e-01 2.728864754899526623e+00 1.869851660123029946e+00 2.572984060102287973e+00 1.348575742593182358e+00
9.985577680116410892e-01 2.726493219381172395e+00 1.889086990570279401e+00 2.557561701139368537e+00 1.352588680981083868e+00
1.021174500769318483e+00 2.722698274970202004e+00 1.916674011675226108e+00 2.548366813650826845e+00 1.351005576956384235e+00
1.038819119042321493e+00 2.726242880540196811e+00 1.947875037828875389e+00 2.548806989956317715e+00 1.347854487540355528e+00
1.056669894299511858e+00 2.727964568726478412e+00 1.979431113458073543e+00 2.547976963734886802e+00 1.346734963318501288e+00
1.078779097508243634e+00 2.715524260869880635e+00 2.005908074394478824e+00 2.537355987485542030e+00 1.345937567693851866e+00
1.099554584316802863e+00 2.692403461872967529e+00 2.028334589329618520e+00 2.520936687892613826e+00 1.343907437006663486e+00
1.117066951338188563e+00 2.667655280561329167e+00 2.052715313158285593e+00 2.505554494989695957e+00 1.340844643943606807e+00
1.134655907899606575e+00 2.644380936297708207e+00 2.078762482307267234e+00 2.493628991345656853e+00 1.337170916391042130e+00
1.155714045078703789e+00 2.620996535056449694e+00 2.103409848858699860e+00 2.484505200903529776e+00 1.333437776232986094e+00
1.181261152284355909e+00 2.593975963909414428e+00 2.123604878933299300e+00 2.477430093469073835e+00 1.331821485279520934e+00
1.207645528077870178e+00 2.562197430545289034e+00 2.139303226878412900e+00 2.472753749013193669e+00 1.336205086753548210e+00
1.227457507388392655e+00 2.532841689838987165e+00 2.159116065754616010e+00 2.464343684501712595e+00 1.345097462449249326e+00
1.236594688293576993e+00 2.521414982904497837e+00 2.183189140306123655e+00 2.439680113276029516e+00 1.347917263951632805e+00
1.242148063694024973e+00 2.526182034214995653e+00 2.198474534749760068e+00 2.403486744382785201e+00 1.344698580817996092e+00
1.248919573029652286e+00 2.533748175004619352e+00 2.201427526285351544e+00 2.363131950028634520e+00 1.345769414361518868e+00
1.253884259945638791e+00 2.536654927924550051e+00 2.197677797210980000e+00 2.328143139705586506e+00 1.358255302795163599e+00
1.255277061360517310e+00 2.535792435453121385e+00 2.198196277131062804e+00 2.303825366502361582e+00 1.378731235291545953e+00
1.253920924058400610e+00 2.533869875324666676e+00 2.204271241971728301e+00 2.287054130499037718e+00 1.401650176336165066e+00
1.249810929130232839e+00 2.531975613141149051e+00 2.210304554277235933e+00 2.276096089827321034e+00 1.425763052792655028e+00
1.243568885289897175e+00 2.539381231715286624e+00 2.208400868524027949e+00 2.274134274565851932e+00 1.450406255853330606e+00
1.243787429243460529e+00 2.578384729780210272e+00 2.195936461288531039e+00 2.279209520949256440e+00 1.448769189534270252e+00
1.247789909107668960e+00 2.592370683172134704e+00 2.195601422745252052e+00 2.280034721351281934e+00 1.426489081352078303e+00
1.250116985477513376e+00 2.598215213890524566e+00 2.202037313794991569e+00 2.310581124063058045e+00 1.441215145796381547e+00
1.258182925704146360e+00 2.607404600484255930e+00 2.208517953622889163e+00 2.311668450957001575e+00 1.465203401715171605e+00
1.264786713690634556e+00 2.610047736439386590e+00 2.205730398021156446e+00 2.301972967378531187e+00 1.489530225914651007e+00
1.267826114804512905e+00 2.605669629213483329e+00 2.196817913510796583e+00 2.290309755980393991e+00 1.513088063087187241e+00
1.270473468905780834e+00 2.594120359460814207e+00 2.185550223935773140e+00 2.277568374110916061e+00 1.535175686787732197e+00
1.273171878689812742e+00 2.561712596965168842e+00 2.169191926584892904e+00 2.263628598369717970e+00 1.549082251380597075e+00
1.276357774383050314e+00 2.513449393992475578e+00 2.152919152441757689e+00 2.253506875337004445e+00 1.545657343127771144e+00
1.279376261024610439e+00 2.467176960442640343e+00 2.142489693336075529e+00 2.245142258248292499e+00 1.533418181651666101e+00
1.278811212512678042e+00 2.419802739094421895e+00 2.139947834708133101e+00 2.230851760648020488e+00 1.521862083500422624e+00
1.273759206241297015e+00 2.369695379244690869e+00 2.147907737145942964e+00 2.218417361182862368e+00 1.514538772954250101e+00
1.270078590178087108e+00 2.313003922410395319e+00 2.152657900999020324e+00 2.215973484041581454e+00 1.517612655806060973e+00
1.266123855939138565e+00 2.260174801433885605e+00 2.155128723628412235e+00 2.211910844437757095e+00 1.527524203874703890e+00
1.265700125288955480e+00 2.208499037223521810e+00 2.152555536955596427e+00 2.207823789604029141e+00 1.538627277090611312e+00
1.272352316731747646e+00 2.168212479395494885e+00 2.145813951821835097e+00 2.215388687417534808e+00 1.554932189499649509e+00
1.286456099935654018e+00 2.163014344568105152e+00 2.142988515331916588e+00 2.218856137945028451e+00 1.578453002232322433e+00
1.300000000000000044e+00 2.169999999999999929e+00 2.154999999999999805e+00 2.209999999999999964e+00 1.600000000000000089e+00
