8.699999999999999956e-01 2.740000000000000213e+00 1.850000000000000089e+00 2.629999999999999893e+00 1.350000000000000089e+00
8.990221841441832229e-01 2.740205055083416052e+00 1.842525659581108810e+00 2.601680430519932585e+00 1.342053559484497560e+00
9.281489286911415171e-01 2.744092495422455702e+00 1.851586914891985236e+00 2.572859246257019450e+00 1.337221810383770970e+00
9.523074334463530466e-01 2.765596100081607833e+00 1.873794422168747031e+00 2.563512279617073286e+00 1.347311940943281661e+00
9.774937447715673633e-01 2.757063298896341053e+00 1.899227443713556784e+00 2.555140184264462988e+00 1.348200671151738916e+00
1.001828407054805359e+00 2.777180225855330420e+00 1.927051560294071209e+00 2.559185618175089161e+00 1.349998683036004010e+00
1.027845135980576030e+00 2.767248786439658659e+00 1.951915685979286774e+00 2.558467703236592783e+00 1.344279268664478444e+00
1.046492692965927063e+00 2.721524628988035488e+00 1.961973020617514996e+00 2.545014685769912521e+00 1.336775223225270981e+00
1.066376210415639791e+00 2.699339329100094886e+00 1.992519982700995396e+00 2.536842914687316153e+00 1.336176258812438178e+00
1.086574485494048670e+00 2.698964131070976880e+00 2.026765423635839003e+00 2.534061938793206181e+00 1.336937441040163099e+00
1.104008689625323170e+00 2.712142229531481430e+00 2.061319086655982957e+00 2.530058447902999497e+00 1.336979372345420636e+00
1.114740702373836045e+00 2.740599766332082687e+00 2.093890167904071564e+00 2.520828646360199876e+00 1.335227419938981308e+00
1.135956185943326036e+00 2.741765242837806760e+00 2.117972381865855347e+00 2.516524257089384875e+00 1.335717640265746464e+00
1.153844149218148374e+00 2.686695272463515582e+00 2.118728000757471364e+00 2.511133686378341334e+00 1.332519906989511060e+00
1.171622947257955127e+00 2.643567894732315793e+00 2.131546416318868875e+00 2.493145236736838743e+00 1.325222358660926636e+00
1.198007137753367424e+00 2.619208675144259146e+00 2.152641560977346824e+00 2.476182429230944670e+00 1.321538325328855068e+00
1.230436981997268253e+00 2.605256412286406142e+00 2.172845391312869356e+00 2.464027688119406534e+00 1.323138244319801871e+00
1.247160263656726276e+00 2.561418882564802324e+00 2.187497635712214894e+00 2.452049326011552566e+00 1.334112768283608474e+00
1.249629504636733612e+00 2.510522140378272482e+00 2.188254155402925338e+00 2.432417097132668182e+00 1.345541450667453676e+00
1.250388239770191534e+00 2.463401564478194583e+00 2.186948415725839645e+00 2.410899126492263900e+00 1.358718399573906055e+00
1.258442188661323069e+00 2.419037875145210403e+00 2.189999462442266065e+00 2.388771127523174442e+00 1.372043258400812427e+00
1.271758856645018199e+00 2.383518310209040703e+00 2.198116450276159650e+00 2.362145885885305940e+00 1.384049497274639551e+00
1.282791546907379843e+00 2.362246352191801346e+00 2.207977965514847707e+00 2.328681222188870414e+00 1.395936263525665133e+00
1.288677433652755999e+00 2.347913447274579291e+00 2.214150480969707235e+00 2.291883767438729791e+00 1.408837678874008459e+00
1.282433058571873286e+00 2.334992606135919857e+00 2.208219682556352925e+00 2.254187159162819309e+00 1.419780577755116457e+00
1.271171224569290104e+00 2.321637239470307534e+00 2.181701688622886159e+00 2.229170771465499357e+00 1.423753910393322331e+00
1.263683649367272066e+00 2.298912528133480571e+00 2.167238398525586085e+00 2.229992710450296567e+00 1.438916709029446350e+00
1.272420086567901176e+00 2.306506621875182184e+00 2.188033116978419290e+00 2.234625628453818624e+00 1.460830221311987254e+00
1.265558198633370601e+00 2.299379057203724042e+00 2.196145187225366335e+00 2.228864698060877725e+00 1.487424198981786461e+00
1.252506413374785854e+00 2.284096789547522377e+00 2.197837025821249846e+00 2.220113159310075801e+00 1.512810800695161495e+00
1.239646675170092749e+00 2.268447082859826658e+00 2.198928799077932705e+00 2.210209827245900538e+00 1.538043878971906864e+00
1.227613391284109179e+00 2.252487841414706704e+00 2.199867217783254336e+00 2.200239767698758619e+00 1.563399874916057808e+00
1.221556496597837826e+00 2.232262323180167041e+00 2.198303785216940476e+00 2.190366119258920108e+00 1.588913978699493246e+00
1.237899990858880361e+00 2.196613057369263711e+00 2.185465971835951482e+00 2.185354113592439695e+00 1.606161120340633186e+00
1.262801557051011381e+00 2.162019656172546433e+00 2.165846348486768491e+00 2.194392248667947243e+00 1.601325058899967679e+00
1.300000000000000044e+00 2.169999999999999929e+00 2.154999999999999805e+00 2.209999999999999964e+00 1.600000000000000089e+00
