8.699999999999999956e-01 2.740000000000000213e+00 1.850000000000000089e+00 2.629999999999999893e+00 1.350000000000000089e+00
9.238258648401266315e-01 2.739969775905847449e+00 1.854852044405946643e+00 2.592596860552828453e+00 1.342801922503624512e+00
9.742481002113998478e-01 2.727878280310219061e+00 1.871281655260334187e+00 2.567022420429070362e+00 1.324126979580203978e+00
1.024734494259064377e+00 2.744415993934127052e+00 1.908016238465945147e+00 2.552725935982382843e+00 1.329876733799543853e+00
1.066123421661732129e+00 2.762194822397146865e+00 1.954747245187870908e+00 2.548009655212737812e+00 1.340549309355359764e+00
1.105982108618602133e+00 2.775597473169162832e+00 2.004761272023532825e+00 2.545211357743057068e+00 1.348794002613762366e+00
1.147142778089714543e+00 2.787101865797400713e+00 2.055524050503134248e+00 2.542445594634324735e+00 1.347775152618252870e+00
1.179468432763650876e+00 2.786560839472017825e+00 2.112413462388009311e+00 2.536213072631558152e+00 1.345099147548106000e+00
1.205725064466642182e+00 2.779803167181544854e+00 2.171740829036455711e+00 2.529281734313348018e+00 1.340106368391978053e+00
1.230141176190852725e+00 2.760250545600475558e+00 2.229875584404378497e+00 2.517712084396960925e+00 1.335801221248152704e+00
1.250581077989780132e+00 2.702700773930583722e+00 2.271755189793445595e+00 2.496573231907456059e+00 1.339698453475580475e+00
1.263525363281367220e+00 2.619680293315653774e+00 2.271289068572157621e+00 2.474071878547790426e+00 1.349527769352110385e+00
1.273675502408080584e+00 2.539718150542804587e+00 2.250237406177925781e+00 2.452571834308562071e+00 1.359442710763503426e+00
1.285736757725204571e+00 2.459739937123011977e+00 2.233293339330074456e+00 2.426912914736944593e+00 1.367943590743422311e+00
1.299205398198650885e+00 2.381757920088112268e+00 2.229154146683938631e+00 2.392656256932943037e+00 1.373173960789792369e+00
1.307918494742752458e+00 2.308915139345463441e+00 2.220266359820583624e+00 2.351719805366993210e+00 1.375890043420727515e+00
1.301684587930440617e+00 2.259931784793879128e+00 2.182232145183523819e+00 2.310744956607375222e+00 1.378351716725130904e+00
1.294623151727883004e+00 2.265820166769604516e+00 2.158544698899691028e+00 2.248704823700542033e+00 1.377926036061707604e+00
1.295592795581741674e+00 2.291075867699855717e+00 2.147862390885985739e+00 2.188060216883656484e+00 1.391178094709466295e+00
1.295574854651267760e+00 2.313742137201139748e+00 2.155617186738548963e+00 2.195162774081929946e+00 1.431187465316342777e+00
1.284994463997117364e+00 2.334646485623770307e+00 2.152876284388603789e+00 2.211828435848205210e+00 1.470284533916567549e+00
1.273084097863769193e+00 2.342662302445774003e+00 2.141686008258605778e+00 2.226217119195331495e+00 1.509902613335697641e+00
1.268431425436759019e+00 2.304990581173839370e+00 2.132440262925323182e+00 2.231019455092507986e+00 1.547735553513425621e+00
1.263052595458167948e+00 2.283614948982574333e+00 2.125278546146376346e+00 2.251616823401173750e+00 1.586242216710045616e+00
1.262290666400058825e+00 2.201186018800276312e+00 2.109818107426665978e+00 2.229486527324607614e+00 1.595188731813457217e+00
1.300000000000000044e+00 2.169999999999999929e+00 2.154999999999999805e+00 2.209999999999999964e+00 1.600000000000000089e+00
