8.699999999999999956e-01 2.740000000000000213e+00 1.850000000000000089e+00 2.629999999999999893e+00 1.350000000000000089e+00
8.914983271780323459e-01 2.720834009892177274e+00 1.833366612426964970e+00 2.614971071366134048e+00 1.345848054837514907e+00
9.139849289545157740e-01 2.709288595547793221e+00 1.843609885503724843e+00 2.592687560865206464e+00 1.341999263499106920e+00
9.333790412762399402e-01 2.730208686023556375e+00 1.863440379839988115e+00 2.582367664908725935e+00 1.337430851966153966e+00
9.554683715733613969e-01 2.751617569730342883e+00 1.883090174325223520e+00 2.575527923603020408e+00 1.335396474045120518e+00
9.704283380864224817e-01 2.769404880494835464e+00 1.909227838740085170e+00 2.571531053773208342e+00 1.336942997884466022e+00
9.867581265582339167e-01 2.781166226842763489e+00 1.935986848716028774e+00 2.570260150984470915e+00 1.339857863689777551e+00
1.011888192338401549e+00 2.773370489786692428e+00 1.955431118183662997e+00 2.562273562172176167e+00 1.340591344435778431e+00
1.034714287147451284e+00 2.745282167881759605e+00 1.965833003024719750e+00 2.548574528505603176e+00 1.338585778402298532e+00
1.053087038987681190e+00 2.709135623033849249e+00 1.975538995806436215e+00 2.535304458633099056e+00 1.335929919207873962e+00
1.070556731977384102e+00 2.673035322904109279e+00 1.988311438078301574e+00 2.523858143013981703e+00 1.333658718238418750e+00
1.089249148409156431e+00 2.644816842189271711e+00 2.006481650035483622e+00 2.513540393242627680e+00 1.332059114886505746e+00
1.107823859029979596e+00 2.635439247847075173e+00 2.031109853732893988e+00 2.505047757690990196e+00 1.331114893987063175e+00
1.122537101851010188e+00 2.650611181112344283e+00 2.057571560498615781e+00 2.501090326736440161e+00 1.330607014781421960e+00
1.135130747779514948e+00 2.681310981254832360e+00 2.080298461738216531e+00 2.502707305424167306e+00 1.330878542431939815e+00
1.151499025330320336e+00 2.708201882931779547e+00 2.102531494976826121e+00 2.507646290496118535e+00 1.331897257304360149e+00
1.171957344166503212e+00 2.707218000111942136e+00 2.126893573966334383e+00 2.510753392336257050e+00 1.333144770009292657e+00
1.191218819623892422e+00 2.681795119241273007e+00 2.147519287368934382e+00 2.509210785230581386e+00 1.335110379697538319e+00
1.210059164791084330e+00 2.649414029693132111e+00 2.164044875759983722e+00 2.503223446419108544e+00 1.338400289705169444e+00
1.228521466621172786e+00 2.618861582762534557e+00 2.174935156314355300e+00 2.487794002361553236e+00 1.343879744905615903e+00
1.237888197013129243e+00 2.600879208159036615e+00 2.174108707345661529e+00 2.459317139036742983e+00 1.351683752276338302e+00
1.239963261940469019e+00 2.590370687458494636e+00 2.167626338424823995e+00 2.428668595636838567e+00 1.361358180216613922e+00
1.240318382895281291e+00 2.575844426173623081e+00 2.161063824932463184e+00 2.399023824718179654e+00 1.371500304160866879e+00
1.239935207177341292e+00 2.556870943270884489e+00 2.157579635210432834e+00 2.367790172652236791e+00 1.378669444225108620e+00
1.239680913248769389e+00 2.540010618736804560e+00 2.158628151228869640e+00 2.335137765601841053e+00 1.384751346038992859e+00
1.240380458933833641e+00 2.526011717501921883e+00 2.161954386122933336e+00 2.304364747415364789e+00 1.394340418323309017e+00
1.242928724051552969e+00 2.510122450833174312e+00 2.163902664333289927e+00 2.278343744397781201e+00 1.407961361351316221e+00
1.248203919442879783e+00 2.490144946024470674e+00 2.162708175325948279e+00 2.256904240323038380e+00 1.423335365667452335e+00
1.256013772528416395e+00 2.467578987572568217e+00 2.158963231482033507e+00 2.238670005269781882e+00 1.439058300022060255e+00
1.264769891197240925e+00 2.441915423992448986e+00 2.154120985920681353e+00 2.223300006538126095e+00 1.454757985491520023e+00
1.271634665961155042e+00 2.407936208859111193e+00 2.150073618931895858e+00 2.213976689112651108e+00 1.469674291931249765e+00
1.273446118803788218e+00 2.371400076066075613e+00 2.150083831209030016e+00 2.218375543031858577e+00 1.484730222588954041e+00
1.271831432830436981e+00 2.367817643397348348e+00 2.154228842980882241e+00 2.230412230446132682e+00 1.503890845190259951e+00
1.269745177027134631e+00 2.391889151057638774e+00 2.155880729069672874e+00 2.232566965634985579e+00 1.523262045628442918e+00
1.265131184473214265e+00 2.406917390035901771e+00 2.152696849373948229e+00 2.234385427433709825e+00 1.544220998455574811e+00
1.259766460607022465e+00 2.391714458589000447e+00 2.145921447953595074e+00 2.243908537990419116e+00 1.563249320784132035e+00
1.259736670173352557e+00 2.342898200934021347e+00 2.145413844313057705e+00 2.246610691776183444e+00 1.566915928890190823e+00
1.264015834060401300e+00 2.293810122862885326e+00 2.148104273315190049e+00 2.236862834291965196e+00 1.563337839453168066e+00
1.267250977108472343e+00 2.256891319462643430e+00 2.141873645796154246e+00 2.230161941705794071e+00 1.577218580095708589e+00
1.277215425263541260e+00 2.259178753620947333e+00 2.144741916927594527e+00 2.237178470245266837e+00 1.597173193759538812e+00
1.288923506708429922e+00 2.214801377829220375e+00 2.150002603805492019e+00 2.223705298082397253e+00 1.598924828045705793e+00
1.300000000000000044e+00 2.169999999999999929e+00 2.154999999999999805e+00 2.209999999999999964e+00 1.600000000000000089e+00
