8.699999999999999956e-01 2.740000000000000213e+00 1.850000000000000089e+00 2.629999999999999893e+00 1.350000000000000089e+00
9.041478749894407141e-01 2.755014227477840194e+00 1.878912917117040449e+00 2.609222046172402720e+00 1.335973687733876147e+00
9.401910009198184426e-01 2.787500837337607784e+00 1.888053767585647025e+00 2.579901569445604004e+00 1.329214028286284544e+00
9.751227412788097126e-01 2.778060090307106655e+00 1.918198361338550928e+00 2.556009420781693908e+00 1.328761934157185021e+00
1.005544026421231418e+00 2.762903802285824995e+00 1.958391012347750815e+00 2.541377894479202926e+00 1.329060451227803918e+00
1.037768138075271462e+00 2.766605976649249232e+00 1.998760770707164403e+00 2.528172976281175988e+00 1.328472059146800666e+00
1.070995973418179092e+00 2.785755445344554548e+00 2.036301682162102278e+00 2.515137144657414670e+00 1.327639696960142723e+00
1.106029999191259439e+00 2.810904021630572291e+00 2.071289241516037105e+00 2.504294318756396187e+00 1.326644542854907183e+00
1.150694980732376971e+00 2.830456259726091162e+00 2.094284426977574221e+00 2.498128131467191704e+00 1.321514835019422129e+00
1.193146540064310646e+00 2.798647887574199800e+00 2.103360570226631143e+00 2.513166998979360134e+00 1.323334000822951051e+00
1.213487547621093565e+00 2.800840271721983132e+00 2.148682691551517809e+00 2.523449539556541943e+00 1.332928504369629952e+00
1.226907721187033617e+00 2.805289295944646710e+00 2.200299103971258052e+00 2.522925391097029291e+00 1.337084718409194517e+00
1.254337419189359482e+00 2.788083368758594194e+00 2.241575227682806037e+00 2.520530972449525287e+00 1.327008981334031334e+00
1.267627604350396009e+00 2.731759892942435375e+00 2.232959889110041285e+00 2.498113151356105899e+00 1.317441483415160652e+00
1.277095059996792292e+00 2.685898032779124200e+00 2.264336237873397994e+00 2.482320960078497674e+00 1.337544734022021897e+00
1.283184753037655446e+00 2.614625897955201062e+00 2.265649452518053941e+00 2.463957295168507144e+00 1.348822492647828719e+00
1.284543193336087796e+00 2.545793383253813769e+00 2.244795225587151943e+00 2.445548226935308378e+00 1.348836179477374664e+00
1.286435866618786505e+00 2.481765791528196097e+00 2.219602940533662583e+00 2.426178968749201470e+00 1.343348972809332187e+00
1.289849820974699135e+00 2.425828116984197980e+00 2.203770725947495901e+00 2.392395088372690548e+00 1.339141749704906958e+00
1.290096363186256090e+00 2.396830421184855009e+00 2.195895816350270202e+00 2.344823407554596617e+00 1.346514666026712659e+00
1.288080330332098677e+00 2.382423062149166881e+00 2.180283036831374588e+00 2.298227421602761833e+00 1.359912081669073958e+00
1.284039772433005488e+00 2.379303686438370757e+00 2.156008026226893026e+00 2.254646848620869726e+00 1.373598610497535510e+00
1.279253432891614750e+00 2.393415068692623660e+00 2.125422605521438246e+00 2.236127138634935729e+00 1.402474290514610811e+00
1.274678860005721726e+00 2.395297591233348289e+00 2.121031131904155487e+00 2.235294973820714404e+00 1.445179450520809761e+00
1.260367609049945381e+00 2.389395045233808634e+00 2.119865829666615742e+00 2.229978318725209796e+00 1.486343548133477466e+00
1.246277597626336942e+00 2.384138221712996497e+00 2.126257111851227233e+00 2.226859490192588442e+00 1.527465957707006661e+00
1.232418957941297633e+00 2.374217080008545366e+00 2.132382477409633381e+00 2.222158774108305312e+00 1.568296230743424724e+00
1.221202117551800193e+00 2.340477648080037998e+00 2.136932788209844780e+00 2.211723480917445084e+00 1.605285748837765647e+00
1.221859000018400643e+00 2.315675962944698796e+00 2.144381971159675437e+00 2.234174924634921400e+00 1.641383790141562882e+00
1.254454278995049910e+00 2.261840582215528528e+00 2.149245289000437431e+00 2.227531267379771140e+00 1.654146014739880766e+00
1.273684909951063426e+00 2.206890298627078195e+00 2.145149945855531204e+00 2.211112084023900248e+00 1.630846062634337290e+00
1.300000000000000044e+00 2.169999999999999929e+00 2.154999999999999805e+00 2.209999999999999964e+00 1.600000000000000089e+00
