8.699999999999999956e-01 2.740000000000000213e+00 1.850000000000000089e+00 2.629999999999999893e+00 1.350000000000000089e+00
9.047714015293886192e-01 2.739600238623311590e+00 1.870144965789799496e+00 2.612361290234679334e+00 1.351923694062327597e+00
9.389658044927038372e-01 2.736701368780358301e+00 1.881331705571898993e+00 2.588103113364919938e+00 1.346556514607376576e+00
9.586044179415746935e-01 2.715899438566146351e+00 1.857740307314599493e+00 2.567332277012497332e+00 1.343866907421179979e+00
9.885767877732049014e-01 2.705162009603355067e+00 1.881826343215007080e+00 2.578418016503494670e+00 1.343229850218772947e+00
1.009598549213440499e+00 2.712831281413921047e+00 1.918539004278146276e+00 2.576739034323455968e+00 1.341796935191635010e+00
1.030739579039364306e+00 2.717518311581246682e+00 1.951563712848918053e+00 2.562559882074115780e+00 1.340512398610232969e+00
1.052587741005696742e+00 2.709588127184483497e+00 1.969061154284638571e+00 2.533344228700241896e+00 1.342277958887112099e+00
1.065756335438810876e+00 2.696680122843438276e+00 1.994506494090643178e+00 2.540445052223249345e+00 1.361668106696474645e+00
1.082816711791308562e+00 2.675213781342924868e+00 2.029091331406176035e+00 2.532713269479263118e+00 1.366533942795937540e+00
1.109042236221277289e+00 2.675778265351161256e+00 2.061313239326235447e+00 2.524795611824247832e+00 1.372904289675278111e+00
1.123840021187494820e+00 2.652786742844856605e+00 2.090505005792978377e+00 2.504851324129990342e+00 1.364493822822832936e+00
1.145180824436942579e+00 2.624797236765138209e+00 2.118043816941125979e+00 2.493562516730515544e+00 1.356530733085288043e+00
1.170846042383762331e+00 2.591492405585624326e+00 2.140570568404876362e+00 2.484614119187217973e+00 1.350670991884122873e+00
1.197941683234190258e+00 2.554918581078274631e+00 2.158681525328403517e+00 2.476585066419897174e+00 1.344167915303004834e+00
1.224675027890292922e+00 2.527181573209265952e+00 2.179114099554821937e+00 2.473232384798079497e+00 1.332275514276875850e+00
1.245802549933737957e+00 2.528469586333604635e+00 2.205750314971223425e+00 2.460862122176340261e+00 1.328767442139863419e+00
1.250154160921636004e+00 2.528574548769634500e+00 2.210413574841305628e+00 2.427729886102593326e+00 1.348993165144285022e+00
1.249476197379342679e+00 2.528406959233996609e+00 2.210931610475365350e+00 2.390738046394419225e+00 1.366667831203460359e+00
1.247218901596244933e+00 2.532995339016485659e+00 2.212808282671502091e+00 2.353486252074750595e+00 1.383835994094146038e+00
1.239695792570763455e+00 2.551220669677280561e+00 2.208551085362144395e+00 2.327597071855965982e+00 1.400241474436023870e+00
1.242262339665487492e+00 2.521975395842539935e+00 2.186349883955279960e+00 2.324876360326805447e+00 1.379671915443213770e+00
1.246724894111153059e+00 2.496872519710903404e+00 2.172332876047545103e+00 2.299778685467571027e+00 1.379464579723235440e+00
1.244837284784902742e+00 2.515222587465312021e+00 2.177821124908682293e+00 2.286124869614689636e+00 1.406357569578173816e+00
1.242385905130123813e+00 2.535070429719501917e+00 2.184959310388823628e+00 2.281640191174972632e+00 1.433686307026523332e+00
1.239231645520899150e+00 2.552364898300826468e+00 2.203337605547857070e+00 2.301710661050523132e+00 1.455521025848362848e+00
1.234051176112016757e+00 2.564753869611880788e+00 2.205710053462615505e+00 2.323507120253160085e+00 1.476906505006289061e+00
1.231172496040664255e+00 2.583177746973118971e+00 2.188737134580200028e+00 2.287448715572339974e+00 1.479658141308236363e+00
1.243588786871978158e+00 2.584079956958479141e+00 2.175060950592596853e+00 2.267926804935160856e+00 1.503598634408016110e+00
1.254704712259310018e+00 2.575193989103560899e+00 2.160307461111258043e+00 2.255662748363968628e+00 1.529226958494584565e+00
1.260011228570909303e+00 2.567292129014586699e+00 2.156793112328820428e+00 2.249021492301362279e+00 1.558430916308024994e+00
1.265911511658380562e+00 2.523621987548609891e+00 2.153259356670712332e+00 2.238195463120938644e+00 1.543757297814178475e+00
1.270641252840245095e+00 2.481196039520308538e+00 2.146169880443904443e+00 2.223003688328001548e+00 1.525615526585420989e+00
1.275552554305508401e+00 2.432590044865706069e+00 2.142100401932329312e+00 2.205158074720777073e+00 1.512503592687714171e+00
1.279526585552234863e+00 2.377162827951890378e+00 2.143861833915482240e+00 2.192186995625604595e+00 1.503942180498140324e+00
1.278317868647462330e+00 2.317124055524393267e+00 2.143489678289939970e+00 2.192337843325076197e+00 1.500120739273477888e+00
1.269492829958322577e+00 2.270457995365465553e+00 2.128949346615892413e+00 2.207870565076400560e+00 1.509635727250336901e+00
1.267701272503200638e+00 2.227290965749354257e+00 2.137541834082173242e+00 2.210364052663576384e+00 1.527462163125441696e+00
1.273248405753505619e+00 2.188566777122620710e+00 2.165513105802692628e+00 2.199816675571339086e+00 1.523408300866805565e+00
1.288960603281629202e+00 2.185651075173363544e+00 2.184986359525583843e+00 2.206835014448964127e+00 1.545084340148277890e+00
1.296464552071881826e+00 2.179508853228913523e+00 2.173502495448554672e+00 2.209368016709250426e+00 1.573370591448538303e+00
1.300000000000000044e+00 2.169999999999999929e+00 2.154999999999999805e+00 2.209999999999999964e+00 1.600000000000000089e+00
