8.699999999999999956e-01 2.740000000000000213e+00 1.850000000000000089e+00 2.629999999999999893e+00 1.350000000000000089e+00
8.995271267439308716e-01 2.733670138958390616e+00 1.854334668890838200e+00 2.610409656082130603e+00 1.344149433520183123e+00
9.239535404035313926e-01 2.721332424145670892e+00 1.851337642581929455e+00 2.588082616364873356e+00 1.334562995360881299e+00
9.532732784552502281e-01 2.732919407925915589e+00 1.853115238875943760e+00 2.571633359408428632e+00 1.326064444632696793e+00
9.769553012362465205e-01 2.748413204544753352e+00 1.874328093908941062e+00 2.563770296272857685e+00 1.331332762353018007e+00
9.986200828368752003e-01 2.755089597277782243e+00 1.900176690311301320e+00 2.556782157614818640e+00 1.337558693124259124e+00
1.020922918560087211e+00 2.755010727002337845e+00 1.926916933090705220e+00 2.550622386656919094e+00 1.341349613821156916e+00
1.043279396885633759e+00 2.748422906618603001e+00 1.953681769672755530e+00 2.545188326335429352e+00 1.343094656764838524e+00
1.064104225157139982e+00 2.741517204799016394e+00 1.978326920178688386e+00 2.531962160280832652e+00 1.338918672789743969e+00
1.081393900915348372e+00 2.735999761167854594e+00 2.000244802493833962e+00 2.512394555042902766e+00 1.330860985316531853e+00
1.098334999099090714e+00 2.728238851322676517e+00 2.025498814064107034e+00 2.496238685154934966e+00 1.325135927997391994e+00
1.115643136877099373e+00 2.719672644187032695e+00 2.054521863582591479e+00 2.488568145364759232e+00 1.323822858264932734e+00
1.132922660497581724e+00 2.713307276545391389e+00 2.084799827339922640e+00 2.487490243888845320e+00 1.325826547009808953e+00
1.149913362598536049e+00 2.708959532365832423e+00 2.115221242272537161e+00 2.489071668121981329e+00 1.329581307991624550e+00
1.166121175883350736e+00 2.702128800165797706e+00 2.145985096855723917e+00 2.490077133281467958e+00 1.332224524843960145e+00
1.183884697992951374e+00 2.683485995006344105e+00 2.172021362590029536e+00 2.483520239467631452e+00 1.332434107162601356e+00
1.203452744719996304e+00 2.655127693655150889e+00 2.182241944645205489e+00 2.466241052847153004e+00 1.335722545568265307e+00
1.222990778549668978e+00 2.624712475309958659e+00 2.191031377448855899e+00 2.449751417780594576e+00 1.342730887759255420e+00
1.242051093931261896e+00 2.592511009079539352e+00 2.204245755864754130e+00 2.440081023007091954e+00 1.350389756745876690e+00
1.263024158900189819e+00 2.559099401034393040e+00 2.218587883938085703e+00 2.440548025071127558e+00 1.354303207654377283e+00
1.284647523447716599e+00 2.528147158392299421e+00 2.225004929118151953e+00 2.436184057094478828e+00 1.344633243665723565e+00
1.287485737095722005e+00 2.503657635158229144e+00 2.229660422929591324e+00 2.407796916717771296e+00 1.346047576890859299e+00
1.283875159241184338e+00 2.480392252966068245e+00 2.223098262650312407e+00 2.379713209168495158e+00 1.355522510052789009e+00
1.273490593222929235e+00 2.465197106885515854e+00 2.206759132899483333e+00 2.357901258069726058e+00 1.368633262813452323e+00
1.259622601118121299e+00 2.454384303106136755e+00 2.188706526935112695e+00 2.339237622474862999e+00 1.383300908690763942e+00
1.245136735349505308e+00 2.444338080799434820e+00 2.170633999036637007e+00 2.321131329183045988e+00 1.398250635842317458e+00
1.230651958039417737e+00 2.434267946270893823e+00 2.152610691149253519e+00 2.303020296010053425e+00 1.413229624582429622e+00
1.220098843971018976e+00 2.417613100363950274e+00 2.142458315582360662e+00 2.282499315506305138e+00 1.430076967154546796e+00
1.222651048417123354e+00 2.381840401309999411e+00 2.145781975337646585e+00 2.268719967443474594e+00 1.440783706410383447e+00
1.230847196831510448e+00 2.360765277725036970e+00 2.154768434562200241e+00 2.261224704073437231e+00 1.461248561856261841e+00
1.232065187284402841e+00 2.351159991860789056e+00 2.160796152495976230e+00 2.252659535833731130e+00 1.486874063193622808e+00
1.229154500489602730e+00 2.341402245711651009e+00 2.164774961436908285e+00 2.242766773095664412e+00 1.512524499612589279e+00
1.225132104987740611e+00 2.331038165680527907e+00 2.168126162504297572e+00 2.232518386788859388e+00 1.538018279729550075e+00
1.221376791809267059e+00 2.320276553417475629e+00 2.171728220609453697e+00 2.222232362109383352e+00 1.563453205199540896e+00
1.220864087357980354e+00 2.307772369521136291e+00 2.177898270029389405e+00 2.212143917452285447e+00 1.588460040734721801e+00
1.226181281760110098e+00 2.297760143461588633e+00 2.197251609966277552e+00 2.204307403908404517e+00 1.608394058132063709e+00
1.247000491115494381e+00 2.323256481638350746e+00 2.211415507413390991e+00 2.201507287484485431e+00 1.610280793668172894e+00
1.265829049941538109e+00 2.330597777080717581e+00 2.190707503450543658e+00 2.216506672403204536e+00 1.611125100596817461e+00
1.271573729986640311e+00 2.287452625211498614e+00 2.181127021422071266e+00 2.225265085254410913e+00 1.617838953942088764e+00
1.274534422366234487e+00 2.239670306601804217e+00 2.176951351315401961e+00 2.225070341067200363e+00 1.621330776641855653e+00
1.281497954146727736e+00 2.196228220036014367e+00 2.167779793963067636e+00 2.217702081782776169e+00 1.614670387782564331e+00
1.300000000000000044e+00 2.169999999999999929e+00 2.154999999999999805e+00 2.209999999999999964e+00 1.600000000000000089e+00
