8.699999999999999956e-01 2.740000000000000213e+00 1.850000000000000089e+00 2.629999999999999893e+00 1.350000000000000089e+00
9.238269774657081879e-01 2.759065540530265093e+00 1.865143926123736140e+00 2.613925005741660534e+00 1.341807602459545556e+00
9.727878784546380997e-01 2.757339284895432119e+00 1.864689241454193569e+00 2.578611730145525804e+00 1.344426947873233136e+00
1.005791839237900387e+00 2.749914592978742522e+00 1.907542510775979805e+00 2.570988333759399502e+00 1.341154631522841978e+00
1.039198133148782066e+00 2.774105072090991442e+00 1.949833448465442931e+00 2.572238826014718871e+00 1.343271723934976736e+00
1.076693367147202762e+00 2.794007612353795356e+00 1.990424451747482282e+00 2.569974812211294424e+00 1.344324674922163343e+00
1.114328353160898066e+00 2.800767345410734244e+00 2.032024036891330709e+00 2.564888853475435493e+00 1.340799434230482534e+00
1.145891238039371318e+00 2.805011228658965905e+00 2.077723788580369657e+00 2.564449034042646680e+00 1.338112586595231246e+00
1.170139792477766116e+00 2.800594826683993066e+00 2.126677917759111747e+00 2.561602218953647814e+00 1.337039422882433382e+00
1.195300844645674321e+00 2.761482613408832165e+00 2.163602651647156261e+00 2.541359860302459861e+00 1.337673189779965854e+00
1.229642439216100946e+00 2.709930526520428540e+00 2.187019474140187825e+00 2.519064079055748806e+00 1.335113064814794859e+00
1.259680266217493072e+00 2.651876181986381642e+00 2.206993254724772147e+00 2.494784369802945267e+00 1.328937476077224789e+00
1.279949969675723054e+00 2.579420929215037628e+00 2.204538555666911481e+00 2.473048122476668720e+00 1.335614281934285330e+00
1.298385040763025966e+00 2.514394674848420053e+00 2.186608714706918200e+00 2.457448105769116875e+00 1.354182892402420180e+00
1.311153393760320807e+00 2.447744609939696669e+00 2.177946685840007834e+00 2.430800208163130804e+00 1.371179170766156252e+00
1.317734579599408207e+00 2.393304411898838691e+00 2.182864950892056122e+00 2.386583920288463556e+00 1.373691561903995773e+00
1.321025874203552775e+00 2.356895057855161291e+00 2.182148410955040418e+00 2.333854633043682014e+00 1.366847007258061186e+00
1.318056903087546416e+00 2.330870918845371786e+00 2.170892791507696540e+00 2.279077817623636371e+00 1.363969801138715576e+00
1.309358039274029384e+00 2.323322074970094686e+00 2.164826501309177864e+00 2.226965145796900636e+00 1.380779744536279496e+00
1.298595598183705180e+00 2.330383647123507540e+00 2.190143671836592532e+00 2.188798652947582024e+00 1.379145911978813643e+00
1.269757847418520935e+00 2.344922290526534336e+00 2.163781712390023593e+00 2.192780435413862694e+00 1.410663899507083041e+00
1.256637574513365108e+00 2.354424743543268583e+00 2.154188118505009353e+00 2.197906615775816697e+00 1.453445326632180068e+00
1.243471152297823235e+00 2.363972070789824631e+00 2.144541580330283193e+00 2.203034152115857403e+00 1.496204586170166717e+00
1.227009343534563035e+00 2.376723734830528567e+00 2.131114446115483396e+00 2.208258514863665312e+00 1.537380923498723906e+00
1.208625545690942715e+00 2.382779170756878617e+00 2.110635367391727524e+00 2.210307843842336695e+00 1.576573689857346139e+00
1.201933240286358062e+00 2.346852754970403687e+00 2.090134012712708156e+00 2.203179166632961206e+00 1.612893766309168475e+00
1.240002478203119152e+00 2.283477433602191464e+00 2.094547213817758546e+00 2.198763596546608579e+00 1.608241021632287771e+00
1.270571684599725470e+00 2.230866089555884724e+00 2.126357727858890545e+00 2.204408061073875214e+00 1.599933713513738809e+00
1.300000000000000044e+00 2.169999999999999929e+00 2.154999999999999805e+00 2.209999999999999964e+00 1.600000000000000089e+00
