8.699999999999999956e-01 2.740000000000000213e+00 1.850000000000000089e+00 2.629999999999999893e+00 1.350000000000000089e+00
9.200515129391515501e-01 2.738357308507539667e+00 1.865636632410467843e+00 2.590061628183471409e+00 1.339220440393558142e+00
9.774434019271899254e-01 2.748402493606433072e+00 1.869407476426835801e+00 2.556375759433568540e+00 1.331361856107173613e+00
1.035074890713266971e+00 2.746396928767024015e+00 1.902128755041735175e+00 2.564292941957426741e+00 1.333642405614670956e+00
1.080007398048578704e+00 2.741794055636543881e+00 1.950790810915748130e+00 2.557673382791303851e+00 1.332866914452850882e+00
1.122408004636286982e+00 2.738993628765659771e+00 2.001011119313224729e+00 2.547282081880501536e+00 1.331721063067523136e+00
1.152635968811236422e+00 2.782069146873616283e+00 2.047637807734073334e+00 2.532614366578796350e+00 1.340066793850455351e+00
1.174738170890981426e+00 2.808534684410380233e+00 2.106643240945012430e+00 2.532242330484101522e+00 1.340552002531395059e+00
1.197433640930786858e+00 2.777034413940437041e+00 2.163578385819573402e+00 2.538574997080712325e+00 1.343283480071554958e+00
1.230565068443812971e+00 2.718854759135116872e+00 2.199534677896738177e+00 2.519275358910550100e+00 1.338508980220699529e+00
1.254793630913784153e+00 2.664880285517721159e+00 2.240742934055815372e+00 2.493528326181694510e+00 1.333738726835528299e+00
1.283136804958278754e+00 2.588498163544269204e+00 2.260661455813098186e+00 2.475619622274991105e+00 1.339341856105885409e+00
1.306855277007306526e+00 2.513137958317228637e+00 2.245116570351222585e+00 2.453490965252568046e+00 1.352424633666394538e+00
1.320436909828744287e+00 2.439473423311707467e+00 2.228580264301653013e+00 2.424496677977259651e+00 1.367216351035038580e+00
1.317847934469506876e+00 2.360234374887461684e+00 2.221196304104003705e+00 2.389714377889510466e+00 1.376350995117298082e+00
1.304026084301309396e+00 2.289498184751359133e+00 2.200642713407155338e+00 2.350903854225657064e+00 1.376746833966846051e+00
1.292450228129411682e+00 2.270396885925845432e+00 2.154180359314850968e+00 2.306543992044890246e+00 1.372573177571537295e+00
1.288883995555082818e+00 2.267266126239333879e+00 2.127323318554583675e+00 2.243890606438799562e+00 1.374042031590613444e+00
1.288047305396650355e+00 2.268800617418126109e+00 2.144352067782681726e+00 2.178715379577915723e+00 1.380635931619313972e+00
1.277769729237620666e+00 2.303630900893816502e+00 2.151162404655796667e+00 2.187900027772245792e+00 1.416996188788274491e+00
1.270470554581426770e+00 2.332476778482401425e+00 2.129003659310515495e+00 2.210163863848112697e+00 1.451012255108704574e+00
1.265789041110520152e+00 2.343749163430505433e+00 2.117122014208402625e+00 2.223033455839510175e+00 1.490358538825078405e+00
1.265025616076091985e+00 2.309921598719521629e+00 2.122957954694769445e+00 2.216087778260455998e+00 1.528514493445680245e+00
1.254387720769520875e+00 2.263828091670817777e+00 2.103770822247246208e+00 2.221808517648953707e+00 1.561818130001265237e+00
1.260972093247892722e+00 2.212284579388847927e+00 2.110849431306183188e+00 2.217207441036888937e+00 1.595584544907583391e+00
1.300000000000000044e+00 2.169999999999999929e+00 2.154999999999999805e+00 2.209999999999999964e+00 1.600000000000000089e+00
