8.699999999999999956e-01 2.740000000000000213e+00 1.850000000000000089e+00 2.629999999999999893e+00 1.350000000000000089e+00
9.242088392631495619e-01 2.737632569580821240e+00 1.864109898928530074e+00 2.591933775164682263e+00 1.338492916156885704e+00
9.732590337971309680e-01 2.730349079551549707e+00 1.898059988135052167e+00 2.561882741577810929e+00 1.324110896587781472e+00
1.035522748580768537e+00 2.702109676922215264e+00 1.914761565648418262e+00 2.562986967074672329e+00 1.328854886502290666e+00
1.081687102080059137e+00 2.712502800299533057e+00 1.963526392132015852e+00 2.549950452213343155e+00 1.340539686022081511e+00
1.116319563931987169e+00 2.741067237474978491e+00 2.019482390872235911e+00 2.533535579262743642e+00 1.350808402027359412e+00
1.150037894113191683e+00 2.770923628817191453e+00 2.079835362801528476e+00 2.537123838974230772e+00 1.346055891928800152e+00
1.182557480324607280e+00 2.766745521695335164e+00 2.140997985552194116e+00 2.542355739630747902e+00 1.332121640354389180e+00
1.214426618348740217e+00 2.739961820252027280e+00 2.203016530896310776e+00 2.532219584420474678e+00 1.330473813010522699e+00
1.242621862528108689e+00 2.703395507016451038e+00 2.263066136558288921e+00 2.518058450625755285e+00 1.335793834795624635e+00
1.274010531090860487e+00 2.646305830833280748e+00 2.307896951086744863e+00 2.502326723699645150e+00 1.343647002115427869e+00
1.301372900496795326e+00 2.578127486983339267e+00 2.305546657202959704e+00 2.475264040076714966e+00 1.360895004151724708e+00
1.312297770436790856e+00 2.515050048086732382e+00 2.271191294935742011e+00 2.443558655184140616e+00 1.377260180689800828e+00
1.316519878855992420e+00 2.440841312372393102e+00 2.231216213556762362e+00 2.419337371416143689e+00 1.380831583755633085e+00
1.308242530892410826e+00 2.353289209786740166e+00 2.216387966209504512e+00 2.396210217675762699e+00 1.377300858426244057e+00
1.295258092861740762e+00 2.295210170902481916e+00 2.179639283032060337e+00 2.354017347365823465e+00 1.381647505166268219e+00
1.291978255268215525e+00 2.263920094511714609e+00 2.148844369528947862e+00 2.294328921249605635e+00 1.371584922469395895e+00
1.291719127952058344e+00 2.249735154601087306e+00 2.134510906441990485e+00 2.226651732400354966e+00 1.357433113687571025e+00
1.305765934210720625e+00 2.271971701543695765e+00 2.135520448128342963e+00 2.165881842615712038e+00 1.370804029194374607e+00
1.311357035807275029e+00 2.333392028359624337e+00 2.150704089905206118e+00 2.179662798626664788e+00 1.401861504242348566e+00
1.298583208423451207e+00 2.399916947836104431e+00 2.155064571812949303e+00 2.186912239422643456e+00 1.431467794546162908e+00
1.277119300452647987e+00 2.421223410151282174e+00 2.141993571078129044e+00 2.192412761858005155e+00 1.470528627011263190e+00
1.260519058764587141e+00 2.397142460512469597e+00 2.127505573955339901e+00 2.205713103620785986e+00 1.509553160527769888e+00
1.255750930671180043e+00 2.352203290911734523e+00 2.124456942201301324e+00 2.231977938384125171e+00 1.544603640153233703e+00
1.251386490338332713e+00 2.278829178177515846e+00 2.125661144675103031e+00 2.238220526755119621e+00 1.572440683366326919e+00
1.251402389401976567e+00 2.203963362691057970e+00 2.112053920290998477e+00 2.224335620647002187e+00 1.596308622222850637e+00
1.300000000000000044e+00 2.169999999999999929e+00 2.154999999999999805e+00 2.209999999999999964e+00 1.600000000000000089e+00
