8.699999999999999956e-01 2.740000000000000213e+00 1.850000000000000089e+00 2.629999999999999893e+00 1.350000000000000089e+00
9.161455780488630962e-01 2.752652162258939050e+00 1.863333637672402787e+00 2.589119202743612735e+00 1.336579466800239535e+00
9.654606556325224798e-01 2.723511287788014101e+00 1.878747329248699360e+00 2.552994074404292490e+00 1.336704379776415763e+00
9.784828516004193677e-01 2.715765608115420449e+00 1.887899151311195789e+00 2.547277413300845783e+00 1.336765593653483686e+00
9.840366919604189855e-01 2.712731392787005813e+00 1.893628056623539724e+00 2.546167615850883692e+00 1.336704378752312738e+00
9.967321957111615616e-01 2.706840228992530850e+00 1.911360286260820329e+00 2.546947408909850719e+00 1.336220296126683138e+00
1.027658601554124473e+00 2.753899762234261583e+00 1.975104117541865989e+00 2.572988339432447091e+00 1.331474538957932330e+00
1.032251206141953981e+00 2.725736895329322174e+00 1.999232802479430582e+00 2.549815898576864193e+00 1.332298815266353298e+00
1.039967649921867077e+00 2.713408302340863720e+00 2.013654248153228910e+00 2.530652171674691253e+00 1.335071031210314230e+00
1.060451685608557515e+00 2.715309372784552089e+00 2.036439777923828576e+00 2.516219659223222216e+00 1.335868662288461683e+00
1.115724360890485656e+00 2.727512682590571114e+00 2.077769289635476468e+00 2.496208535831339059e+00 1.332166197211001046e+00
1.131317356167142574e+00 2.729576254079556286e+00 2.087185115295340676e+00 2.490663542343665160e+00 1.331222918377479969e+00
1.145118736978607554e+00 2.734422024698602183e+00 2.096385312519791100e+00 2.486988402365267969e+00 1.331600250034377320e+00
1.175410016033847871e+00 2.750474786788464243e+00 2.120046412789473145e+00 2.481851117021602882e+00 1.335173018062698391e+00
1.196652458430291111e+00 2.755225917677093239e+00 2.144431573266166957e+00 2.480056244250370856e+00 1.338522027988632956e+00
1.227145039868438037e+00 2.717325295004210162e+00 2.172855042575357665e+00 2.471291014657537310e+00 1.332846213760951803e+00
1.249647275806061053e+00 2.646160436098295321e+00 2.161405425060028751e+00 2.464621774464749393e+00 1.320531321768593003e+00
1.270501974533911005e+00 2.532882503762515558e+00 2.210154215673796330e+00 2.430344650360257042e+00 1.342128866690146749e+00
1.276900757516150176e+00 2.460006468378677980e+00 2.211282068981220483e+00 2.403421727712286238e+00 1.353726960621318920e+00
1.290974854479918665e+00 2.392926599499654916e+00 2.214942253737241185e+00 2.378679783597671626e+00 1.361180351376579445e+00
1.304883503248415400e+00 2.356187628528545464e+00 2.221670710909606328e+00 2.359699042602537933e+00 1.364305739450425659e+00
1.310173790443832864e+00 2.350539860655540103e+00 2.218887087512142031e+00 2.339231006972894988e+00 1.371171491215480431e+00
1.308373641659170472e+00 2.382371295646036558e+00 2.186594387324919619e+00 2.268488491345749480e+00 1.406125536848970903e+00
1.302530896073501143e+00 2.391507952500939282e+00 2.166510932177978965e+00 2.242529410209716190e+00 1.432390632027793043e+00
1.281664239149280959e+00 2.362965268307865241e+00 2.124902129447654442e+00 2.228803204307270747e+00 1.440342001894193702e+00
1.267831238986723452e+00 2.357950845100409420e+00 2.114391759633351686e+00 2.222459337001382540e+00 1.448815537508214346e+00
1.260002009781494348e+00 2.351447805277103509e+00 2.115811685248213614e+00 2.220676693279430403e+00 1.467861391188813869e+00
1.250614419423376589e+00 2.344667696379550303e+00 2.119312053032341048e+00 2.219745766618166360e+00 1.495522112375407886e+00
1.225339711479955351e+00 2.356709776497740716e+00 2.134216593190543243e+00 2.231376617087751590e+00 1.602897651394056044e+00
1.235751352696677019e+00 2.342947287614823626e+00 2.134588696948330533e+00 2.234935478932018604e+00 1.626303024577966383e+00
1.254076384641697128e+00 2.282666799701299265e+00 2.150500772621354972e+00 2.227238548204193869e+00 1.627679023720236096e+00
1.271418510502068555e+00 2.234635557162317099e+00 2.149379879202403476e+00 2.219687442105839015e+00 1.622344821563465267e+00
1.291552366935666774e+00 2.185575289950024036e+00 2.148235601113793525e+00 2.211967103414504532e+00 1.610770440402532033e+00
1.300000000000000044e+00 2.169999999999999929e+00 2.154999999999999805e+00 2.209999999999999964e+00 1.600000000000000089e+00
