8.699999999999999956e-01 2.740000000000000213e+00 1.850000000000000089e+00 2.629999999999999893e+00 1.350000000000000089e+00
9.037024784678189260e-01 2.760209801215553149e+00 1.850376488636804595e+00 2.588884953369210429e+00 1.344741061937146043e+00
9.480114676077370239e-01 2.788096699731450911e+00 1.856393403629055250e+00 2.569312528005203600e+00 1.331979925867805781e+00
9.686235174911324020e-01 2.724089648839663091e+00 1.860176367130605302e+00 2.552571268059515841e+00 1.334437759275331148e+00
9.990864534442230882e-01 2.727469444125946829e+00 1.906187517550152366e+00 2.551699220278760727e+00 1.332057051492892441e+00
1.025950297879418827e+00 2.752539054528310380e+00 1.951178882936178693e+00 2.555369403324609046e+00 1.328893983709458881e+00
1.046146496655257163e+00 2.752076196447331924e+00 2.000289302372316946e+00 2.564011727832913756e+00 1.338237904308450243e+00
1.072438921900446429e+00 2.726551829914880543e+00 2.033938481016690503e+00 2.549060075694478122e+00 1.357189120467466426e+00
1.100812837829678648e+00 2.708861517442074707e+00 2.058432130017691097e+00 2.512414978151729539e+00 1.350839450341901005e+00
1.129739267319123330e+00 2.749442713906840474e+00 2.084008452480040852e+00 2.495442842629910452e+00 1.335425961119308669e+00
1.159658186935630608e+00 2.791198604161871266e+00 2.118159232060385921e+00 2.506908362375483090e+00 1.330018121835273348e+00
1.192473463343362905e+00 2.808913344087509145e+00 2.159705408187846398e+00 2.516869115950450819e+00 1.328045416211559138e+00
1.223953056613948043e+00 2.807670693284816110e+00 2.205011092659167282e+00 2.519235709079051588e+00 1.327044762109445442e+00
1.250777494146582347e+00 2.786513449992519043e+00 2.250049846290222533e+00 2.510457914588895889e+00 1.326511679115592424e+00
1.254930997388189251e+00 2.730551262654541844e+00 2.240164708184420927e+00 2.485987596897510699e+00 1.327352510116306394e+00
1.259033801067966030e+00 2.681868244677519719e+00 2.197464843685343894e+00 2.479753361084258589e+00 1.329548055802523221e+00
1.263663284020530408e+00 2.612461610084183761e+00 2.173682934462502381e+00 2.470208293394902999e+00 1.336134565454664136e+00
1.263925268953199677e+00 2.537668191067741219e+00 2.170144886408730933e+00 2.450548564838308963e+00 1.341585975707565881e+00
1.267896304346052494e+00 2.467880595080326422e+00 2.180158857479692625e+00 2.425431788617457229e+00 1.347099470496874396e+00
1.277455937661728713e+00 2.408095273037290429e+00 2.193765440893114871e+00 2.395351138342273867e+00 1.357284182741349099e+00
1.285996552611361476e+00 2.371694586380189040e+00 2.190493746714017753e+00 2.352143895389270156e+00 1.372826887952391495e+00
1.292482334874166083e+00 2.366305990876538257e+00 2.172610810703084816e+00 2.304958384370138003e+00 1.388376603081932004e+00
1.298050622801216969e+00 2.367684091065532570e+00 2.164764190333398730e+00 2.256701155524167390e+00 1.406325659585731636e+00
1.302637057681268029e+00 2.363673908370162113e+00 2.157595156881542575e+00 2.214090817598153738e+00 1.403477016572847180e+00
1.286737752894922648e+00 2.377086301925421363e+00 2.127595611468178216e+00 2.234184797343008899e+00 1.429709147457112195e+00
1.268255769799601751e+00 2.364821063272549040e+00 2.111926694641101943e+00 2.235794640655683008e+00 1.465590257644356464e+00
1.252125510058467839e+00 2.338788454364630010e+00 2.098954430997001630e+00 2.227412755934068400e+00 1.500343472327425598e+00
1.237326220977638780e+00 2.313479786864628185e+00 2.100127666059272702e+00 2.211911475794242410e+00 1.535599976064786043e+00
1.226208741781532829e+00 2.290085238482989727e+00 2.111646261851901851e+00 2.208476088988750696e+00 1.572645778189397880e+00
1.218553651892614775e+00 2.276886345976372183e+00 2.129276794051594202e+00 2.211328882726292022e+00 1.610112376534440504e+00
1.240450818297830660e+00 2.279683059609178830e+00 2.152261209571033618e+00 2.226945221468917158e+00 1.635276337904166821e+00
1.276317578687384380e+00 2.233283132152417583e+00 2.145745325753629640e+00 2.217334240541643187e+00 1.616771518111159489e+00
1.300000000000000044e+00 2.169999999999999929e+00 2.154999999999999805e+00 2.209999999999999964e+00 1.600000000000000089e+00
