8.699999999999999956e-01 2.740000000000000213e+00 1.850000000000000089e+00 2.629999999999999893e+00 1.350000000000000089e+00
9.059828093116193415e-01 2.767504609890191425e+00 1.863400837402398924e+00 2.615344852831437361e+00 1.352392597939637398e+00
9.432517194557094031e-01 2.773699251194591930e+00 1.875657941102058190e+00 2.593689765457010132e+00 1.352065461433852089e+00
9.731581738997587827e-01 2.788108179391687980e+00 1.896504647474605898e+00 2.572292006988047053e+00 1.345056409315842139e+00
1.000507519423909475e+00 2.771151212623443882e+00 1.922705773738238477e+00 2.556087817506224269e+00 1.338601455871497148e+00
1.025433583987388930e+00 2.742750893900895548e+00 1.951035938646374257e+00 2.547774378332612333e+00 1.333170064466675298e+00
1.048998719421674775e+00 2.727250746820288008e+00 1.984132842992765378e+00 2.541957758307937798e+00 1.328265274077206515e+00
1.070018103174347202e+00 2.725496161436090858e+00 2.020149210027371023e+00 2.535833019605049810e+00 1.325716950729031174e+00
1.089743800051104605e+00 2.733369431815332540e+00 2.056581984337571445e+00 2.529446518105774366e+00 1.326841383195265678e+00
1.112881598781591430e+00 2.728541204484506988e+00 2.091154966779224633e+00 2.522371198930723590e+00 1.329643877042710587e+00
1.143676011289099570e+00 2.693184420897042575e+00 2.107211809070833830e+00 2.510895644497034063e+00 1.328719659117638896e+00
1.177803869034412143e+00 2.654791883174496103e+00 2.114609358409935691e+00 2.498675907186519218e+00 1.323925561651689620e+00
1.213637778244213594e+00 2.624411829258670004e+00 2.127744103044541646e+00 2.488105210581351923e+00 1.318556302669209757e+00
1.246982603190202044e+00 2.610944619342822737e+00 2.153295580353995931e+00 2.484285183588391455e+00 1.320889210466631436e+00
1.254397147959506409e+00 2.627231009592761346e+00 2.189478793833997905e+00 2.491469441041350485e+00 1.328867113696150959e+00
1.255276658467582518e+00 2.603213100637169486e+00 2.225823741708377490e+00 2.484030281245795724e+00 1.332264501793530176e+00
1.257751469846829728e+00 2.549510033456599434e+00 2.214553569083053564e+00 2.463855089035018153e+00 1.339743102338865066e+00
1.263200492454717327e+00 2.496368314564051616e+00 2.201122929710257914e+00 2.441089124798015764e+00 1.346479677956870402e+00
1.272189388161396373e+00 2.438821038724841461e+00 2.201115082991121241e+00 2.420181777835854309e+00 1.353819166584062650e+00
1.277075559511603231e+00 2.390262512352184121e+00 2.206966289539856518e+00 2.392561077242040479e+00 1.364478305543440850e+00
1.280286674039813777e+00 2.360198057974442154e+00 2.201196996826150887e+00 2.357464808024138492e+00 1.378289396718120896e+00
1.286084687466664711e+00 2.339258115123309167e+00 2.185300661997807037e+00 2.325919207262012289e+00 1.395402858816788383e+00
1.296209064715437398e+00 2.328085232756970768e+00 2.170457243454943619e+00 2.294274510348619511e+00 1.414272070840306261e+00
1.305077067783783518e+00 2.327834662416370382e+00 2.174776515171646718e+00 2.262265924184728050e+00 1.436064028246012647e+00
1.303262719755780896e+00 2.322273423721726182e+00 2.183457998137716238e+00 2.239167816004263400e+00 1.463953210080946477e+00
1.290463493061876132e+00 2.315428736852865210e+00 2.188280881101747344e+00 2.225398637642347577e+00 1.494350113889717058e+00
1.268843174267016982e+00 2.308905133990361680e+00 2.191905470589632365e+00 2.219657732243071724e+00 1.523586513396752773e+00
1.245062427088517332e+00 2.291658794697887469e+00 2.196642631732617090e+00 2.220264314938520833e+00 1.550970933378526651e+00
1.226310052409262941e+00 2.267066235925302209e+00 2.196752025374736128e+00 2.218058571180826277e+00 1.579386064223687436e+00
1.217173101590355966e+00 2.277504277929799592e+00 2.180918433498249431e+00 2.209726522375820679e+00 1.606606213228437774e+00
1.214835269612902557e+00 2.328317805202107404e+00 2.160484358279927353e+00 2.211638708881080717e+00 1.618997958079190003e+00
1.242577540115764378e+00 2.336868120985379882e+00 2.150148519024377869e+00 2.220559086882776256e+00 1.602948528310610410e+00
1.269017787205394709e+00 2.284951233114323799e+00 2.137840807567765733e+00 2.220938169738839729e+00 1.600101273844166450e+00
1.290729169565670853e+00 2.227037065866636745e+00 2.134914200628495351e+00 2.214512038664201210e+00 1.593679895854643869e+00
1.300000000000000044e+00 2.169999999999999929e+00 2.154999999999999805e+00 2.209999999999999964e+00 1.600000000000000089e+00
