8.699999999999999956e-01 2.740000000000000213e+00 1.850000000000000089e+00 2.629999999999999893e+00 1.350000000000000089e+00
8.974303574321730315e-01 2.754756454872281157e+00 1.848244690734737405e+00 2.604958060541543663e+00 1.355491385165535911e+00
9.279026292297977152e-01 2.782970159187806658e+00 1.858045860014136075e+00 2.594889166072346764e+00 1.355959924800767880e+00
9.407195245580763920e-01 2.780700067984051227e+00 1.856481360423590354e+00 2.591372993538429093e+00 1.329790136054245231e+00
9.693626046148121622e-01 2.758619936011750262e+00 1.860139059658122651e+00 2.576877105815220670e+00 1.319177642965968511e+00
9.998188273077609489e-01 2.758375800018874724e+00 1.876798070354493309e+00 2.573057141098541667e+00 1.330636109973727388e+00
1.028003912042768420e+00 2.752207406231022890e+00 1.896307519602159264e+00 2.580248787602453131e+00 1.339831433194655919e+00
1.047490866677965871e+00 2.757664300856641049e+00 1.921490945819207763e+00 2.591145215899308685e+00 1.347181614721322918e+00
1.061106067122180807e+00 2.755436455062149737e+00 1.949296059739219711e+00 2.579749646615752567e+00 1.349346098801775140e+00
1.071625070945853242e+00 2.759725999963132281e+00 1.970916487045785814e+00 2.578981717367427429e+00 1.331400744386324497e+00
1.082366757252255507e+00 2.755622104750240275e+00 2.000675635422473952e+00 2.574212625149676192e+00 1.325109813541317960e+00
1.093852320650043897e+00 2.745015524437136811e+00 2.029395823683862510e+00 2.562376388866320021e+00 1.325151111502463008e+00
1.105690301591527369e+00 2.733290758357343364e+00 2.057256115151936626e+00 2.548806735122948197e+00 1.326359894115631599e+00
1.120981278836767903e+00 2.722456418634797704e+00 2.080680153147716371e+00 2.528423497697738664e+00 1.327360945456061092e+00
1.138250491024328293e+00 2.722795369991680037e+00 2.099899236746692655e+00 2.506837248296616139e+00 1.326947117670399523e+00
1.144718107074732760e+00 2.728509691359648492e+00 2.131368977703433032e+00 2.505935524758569066e+00 1.325947030788833247e+00
1.152987655952726787e+00 2.714670196303874405e+00 2.154110721791851368e+00 2.494576665179085051e+00 1.329898212544101455e+00
1.176909508166287477e+00 2.680761413640493807e+00 2.153727846513963318e+00 2.479059932356180607e+00 1.334950296184463481e+00
1.206348115058129000e+00 2.642837963500889398e+00 2.153484289644372218e+00 2.474276713158986230e+00 1.331081705674397542e+00
1.231469231934039232e+00 2.600623089215756245e+00 2.154924350852190695e+00 2.467529049240065220e+00 1.326806666652647237e+00
1.245895717127782687e+00 2.553754330790207305e+00 2.163374145896961309e+00 2.456578116305954573e+00 1.327609298582624442e+00
1.250427017180790301e+00 2.513069010947167392e+00 2.180178943343812570e+00 2.445775832398273231e+00 1.338479008515603974e+00
1.256673635242072651e+00 2.477986903145109832e+00 2.193088839814794078e+00 2.435879968796182737e+00 1.356044037576745742e+00
1.266837051427507577e+00 2.438244515570648474e+00 2.190827597782281977e+00 2.420882360066793026e+00 1.372044277137955515e+00
1.276096225669648865e+00 2.405877864184404302e+00 2.175781744451362520e+00 2.403166306864654711e+00 1.385479263949827233e+00
1.282762407461171206e+00 2.384007912181200783e+00 2.158482406144240251e+00 2.379241834496245822e+00 1.396657669496116139e+00
1.276866201667045342e+00 2.359032230595823787e+00 2.147620366665425884e+00 2.351255410051826367e+00 1.407451295848330286e+00
1.258179691953888790e+00 2.346778424626448256e+00 2.130966471514387894e+00 2.328143065586237626e+00 1.417096688636510615e+00
1.238855537917240124e+00 2.352300712952544615e+00 2.116011257916687427e+00 2.301978476232279025e+00 1.419450151906521018e+00
1.234351161140996078e+00 2.380950544231621446e+00 2.119110630842361509e+00 2.276815036830356576e+00 1.415537444619134222e+00
1.231509870713454635e+00 2.414036933404192453e+00 2.124166147213540690e+00 2.287217730112554470e+00 1.437369206245393549e+00
1.240903361916090963e+00 2.446712896334176435e+00 2.124759948516589336e+00 2.281768099398087557e+00 1.460688657126809176e+00
1.254559161571002113e+00 2.464588166343794740e+00 2.126760156561181336e+00 2.269609542128787627e+00 1.485612233597376486e+00
1.266691638663728359e+00 2.466691347775278320e+00 2.124351545684294962e+00 2.255070029170144430e+00 1.510620443405673363e+00
1.269462644015853181e+00 2.422268081220938729e+00 2.119628448820074507e+00 2.251624905539735266e+00 1.529381204188658305e+00
1.273742156796309866e+00 2.385495686120379766e+00 2.119469476578351497e+00 2.248573128445969349e+00 1.552525167914603710e+00
1.274559333830085350e+00 2.352304999822855347e+00 2.122414044087069129e+00 2.247016771458384188e+00 1.577207629257806998e+00
1.278170582973889857e+00 2.328657100058802776e+00 2.128295523148927337e+00 2.249540514403663316e+00 1.604018912337573211e+00
1.268144775405152025e+00 2.289820180717486942e+00 2.129414639460868841e+00 2.231811752409643912e+00 1.614839224559907027e+00
1.269410717957182300e+00 2.244907643138103204e+00 2.132596676502924282e+00 2.216769987829707134e+00 1.627747356469168682e+00
1.282236015369624393e+00 2.197104421422176657e+00 2.140916577777232099e+00 2.208007802985673784e+00 1.619004670935296319e+00
1.300000000000000044e+00 2.169999999999999929e+00 2.154999999999999805e+00 2.209999999999999964e+00 1.600000000000000089e+00
