8.699999999999999956e-01 2.740000000000000213e+00 1.850000000000000089e+00 2.629999999999999893e+00 1.350000000000000089e+00
9.109154496057731976e-01 2.706620110126282341e+00 1.849051329000774624e+00 2.595919453420887812e+00 1.351736217599135648e+00
9.628330021060318433e-01 2.697514520626504542e+00 1.855900544054057910e+00 2.571388287333607359e+00 1.349309526328560604e+00
9.908666511531195598e-01 2.753930057551528421e+00 1.886586366908710621e+00 2.566069282805333973e+00 1.346013016005120688e+00
1.007968966406150635e+00 2.786692847263699591e+00 1.936020377705933493e+00 2.563897521982796412e+00 1.339696259888402574e+00
1.043620470889380591e+00 2.785384705878050315e+00 1.978561402034557215e+00 2.551041731405426116e+00 1.333666261453738011e+00
1.082899578171706123e+00 2.765759966090524546e+00 2.015467115148684485e+00 2.534715150921477367e+00 1.332524106748016024e+00
1.117192705431959032e+00 2.737773503240259920e+00 2.055856544778905448e+00 2.521780795764812400e+00 1.334870760460019845e+00
1.150667487169581449e+00 2.723541604428121765e+00 2.101422288741116251e+00 2.524778111370055811e+00 1.337453105605833192e+00
1.184180602671178750e+00 2.724986647385666316e+00 2.146915956305727846e+00 2.535792324595878000e+00 1.339238741873619354e+00
1.218521899873360459e+00 2.722720082616614690e+00 2.193175425037305448e+00 2.536178692531986023e+00 1.338474018374249841e+00
1.249852912993831833e+00 2.698701351073046872e+00 2.234867589387715903e+00 2.519673957358129268e+00 1.335475053792699374e+00
1.270819221823339618e+00 2.639246701776760240e+00 2.250487086476724574e+00 2.491973066300077644e+00 1.342787396738813532e+00
1.276409984387759877e+00 2.579609311880167066e+00 2.225977171024311030e+00 2.468820828849783044e+00 1.359250323555848183e+00
1.285964496094121667e+00 2.516158366041381544e+00 2.197108347608886625e+00 2.445838827788231029e+00 1.363589518825856883e+00
1.301921598082085962e+00 2.453461209814213895e+00 2.186583491010199332e+00 2.412303887476944908e+00 1.360374944514127327e+00
1.312725884297276879e+00 2.405503073523291846e+00 2.184656584038612959e+00 2.366749358024298644e+00 1.361057647196324272e+00
1.315659817373267648e+00 2.370259680129447766e+00 2.180416064752016325e+00 2.315891398357236675e+00 1.365326688740050143e+00
1.311812225846006097e+00 2.338090963785142140e+00 2.171098265055037668e+00 2.265004200476568030e+00 1.370599814816497508e+00
1.291285356275511997e+00 2.336363126753204789e+00 2.151086507708414697e+00 2.220687313396565887e+00 1.385145594347654496e+00
1.268543377684589135e+00 2.380419032013614267e+00 2.143482875850963421e+00 2.221075801984085274e+00 1.417365544298836655e+00
1.250771194923481655e+00 2.408558293434866382e+00 2.143424383294247892e+00 2.220507395863389632e+00 1.456099990389708498e+00
1.235024274179609138e+00 2.420107355649712133e+00 2.139824043608451465e+00 2.218951590759293158e+00 1.497263147277301920e+00
1.223611142944565966e+00 2.407584016571290064e+00 2.130093036709249876e+00 2.217516260159825947e+00 1.538464698204360603e+00
1.209932786283573813e+00 2.386594537223727386e+00 2.126079205313571752e+00 2.218239951081866668e+00 1.579080965591569408e+00
1.192397692099305129e+00 2.312271573027069760e+00 2.127625459701500077e+00 2.225484874423914405e+00 1.587332240042234721e+00
1.197227296778097028e+00 2.243447470489845053e+00 2.097939501284260544e+00 2.222439278600942814e+00 1.599972869744709314e+00
1.228244313807739685e+00 2.202265620469358698e+00 2.079049532892657481e+00 2.216981178836529232e+00 1.624085708174463072e+00
1.271867801655317987e+00 2.193108433738407914e+00 2.116454416052762078e+00 2.215211902461393656e+00 1.621108716661798566e+00
1.300000000000000044e+00 2.169999999999999929e+00 2.154999999999999805e+00 2.209999999999999964e+00 1.600000000000000089e+00
