8.699999999999999956e-01 2.740000000000000213e+00 1.850000000000000089e+00 2.629999999999999893e+00 1.350000000000000089e+00
9.000721255598411741e-01 2.730422208781889903e+00 1.868203794744601076e+00 2.603393351195748107e+00 1.345756599839857515e+00
9.328285572603874920e-01 2.736443951974896205e+00 1.885262650799998330e+00 2.578073844931408232e+00 1.344407957417042221e+00
9.624058039381279128e-01 2.778885900902961392e+00 1.887513860575150026e+00 2.574392512633335350e+00 1.340795998051818483e+00
9.951286470900511105e-01 2.757336255392710100e+00 1.911642985630085168e+00 2.577433261077174187e+00 1.339673575842949660e+00
1.020610064043070642e+00 2.739666239900955702e+00 1.942433268955303216e+00 2.576241872989582848e+00 1.344120166264613836e+00
1.038584945162968953e+00 2.727959358007236546e+00 1.977456153597311417e+00 2.568212306172011239e+00 1.348205451874204819e+00
1.053272851089043449e+00 2.717045086735840442e+00 2.012924936292316502e+00 2.555154246660557238e+00 1.350516531061658476e+00
1.070205645077751733e+00 2.707105543015126514e+00 2.047120482766957572e+00 2.539689796877753647e+00 1.350166881240336236e+00
1.087865327706623697e+00 2.702427273027418586e+00 2.080680036228129026e+00 2.523098738157395271e+00 1.346045771812514058e+00
1.106205432792778831e+00 2.706754836981877244e+00 2.113861622859811717e+00 2.508850979956440685e+00 1.338707717357527249e+00
1.122676433045729505e+00 2.710607536404290752e+00 2.148774071781841766e+00 2.502355219442732981e+00 1.329516681395886302e+00
1.148758775283355016e+00 2.694494093104293775e+00 2.177590990890237332e+00 2.497781717464434781e+00 1.323960389260228743e+00
1.183264011422800577e+00 2.669300089672056675e+00 2.196397615554915639e+00 2.490504636386963178e+00 1.321359440432819499e+00
1.219384690238564106e+00 2.637536026432806491e+00 2.206086388734178172e+00 2.479951121520147517e+00 1.321567292911008717e+00
1.242419497757444757e+00 2.597944194219341973e+00 2.226450381397916178e+00 2.473300018606404027e+00 1.322850629513976362e+00
1.253756934552969771e+00 2.547336057008822152e+00 2.233776427217055716e+00 2.458456496566936433e+00 1.331882416716939188e+00
1.260130246777259266e+00 2.500085967707733836e+00 2.223697583705171343e+00 2.437036458437042974e+00 1.344682221594167615e+00
1.265990641787107407e+00 2.451330673827919693e+00 2.217438743796869005e+00 2.413330775799334305e+00 1.356054645493716571e+00
1.278600142894119385e+00 2.403896979473694628e+00 2.218969174987618143e+00 2.386786103726563191e+00 1.362702417716010306e+00
1.297050618449962167e+00 2.369162443390686157e+00 2.226175112218377272e+00 2.353946404532584413e+00 1.365799974273922412e+00
1.303187630492242288e+00 2.350378143071561787e+00 2.231648801149363148e+00 2.312081002381269013e+00 1.373354752692710568e+00
1.291574857230089579e+00 2.338140700360077151e+00 2.228060935521255281e+00 2.271862425183545309e+00 1.385575210012211400e+00
1.274164328552747971e+00 2.322735813262071680e+00 2.215128907944662995e+00 2.237293418299540537e+00 1.397967020791091475e+00
1.265408130813688636e+00 2.323510009303635826e+00 2.191384990913933350e+00 2.211007468408181520e+00 1.414602730585228008e+00
1.254431430449803431e+00 2.315656454184174873e+00 2.157306349360344377e+00 2.195687654004032208e+00 1.410767494124552934e+00
1.225299863470951767e+00 2.296122577372742501e+00 2.138123004808398342e+00 2.179054677673814666e+00 1.416929071419689379e+00
1.206483502299292354e+00 2.295270305060559846e+00 2.132063131342724294e+00 2.168950256184607017e+00 1.444909014115145496e+00
1.199754020469978144e+00 2.303630050070909707e+00 2.132920743226418114e+00 2.164996040686525181e+00 1.476676479553780119e+00
1.197279910613057829e+00 2.313044307076290718e+00 2.137869690928162481e+00 2.163076309890131110e+00 1.508478670069033578e+00
1.200087014630049076e+00 2.320648179191292293e+00 2.151211788536078195e+00 2.164446051678459160e+00 1.538823828453993237e+00
1.200673098418062024e+00 2.316702325706343490e+00 2.168807552689548501e+00 2.166767512453837252e+00 1.567909256230960446e+00
1.210223313663444156e+00 2.287839582761870716e+00 2.194938667065887472e+00 2.166876705437862149e+00 1.586265840734488730e+00
1.217240175674084934e+00 2.232548425051990915e+00 2.187401129669023003e+00 2.169230171945649932e+00 1.599655850994073036e+00
1.231246305575721456e+00 2.202821107894513464e+00 2.184765697887895097e+00 2.190713416436512073e+00 1.620212794455893057e+00
1.262369526050223012e+00 2.179474052741017687e+00 2.174485739341257329e+00 2.210567911690432652e+00 1.607834591180921091e+00
1.300000000000000044e+00 2.169999999999999929e+00 2.154999999999999805e+00 2.209999999999999964e+00 1.600000000000000089e+00
