8.699999999999999956e-01 2.740000000000000213e+00 1.850000000000000089e+00 2.629999999999999893e+00 1.350000000000000089e+00
8.927111766135730209e-01 2.766964482629222566e+00 1.862246796558612916e+00 2.612655898623470474e+00 1.351373342698447555e+00
9.140613044365863971e-01 2.786127889737713303e+00 1.882990569453480534e+00 2.600685365436665286e+00 1.350666767829040493e+00
9.295785524115020015e-01 2.789190553671240913e+00 1.910455832254355446e+00 2.592270158611149178e+00 1.349338040576910647e+00
9.513930112568808051e-01 2.784034981325389957e+00 1.934441361109595636e+00 2.583327124434266153e+00 1.349038759369218132e+00
9.800510560819116757e-01 2.777471095332469275e+00 1.952060844885908253e+00 2.574665787601859712e+00 1.346947344187046314e+00
1.010142158887754382e+00 2.774941662341804616e+00 1.967475596526734982e+00 2.563746773175626270e+00 1.345619348983631003e+00
1.031366471835667653e+00 2.750188453298467728e+00 1.978532853962184701e+00 2.544698166355143787e+00 1.342015067775542692e+00
1.046795270126473554e+00 2.718514674249411733e+00 1.989410885128073403e+00 2.524534662721372058e+00 1.335658709385143084e+00
1.064665433770008995e+00 2.693537134669024447e+00 2.004117364046146488e+00 2.506082324767647584e+00 1.328594705942821363e+00
1.084814890124509823e+00 2.680262240161806808e+00 2.025735885057124985e+00 2.492759964063004485e+00 1.324949043434306972e+00
1.105769303450792718e+00 2.688524260688756051e+00 2.050162937755499293e+00 2.488646365499398883e+00 1.326491777666959360e+00
1.126608625505413741e+00 2.705396186509665402e+00 2.074118834557413749e+00 2.488268997624651035e+00 1.328808182696658458e+00
1.146102257097727506e+00 2.707139090523039027e+00 2.100429347563376847e+00 2.488195112120110242e+00 1.330517243372661751e+00
1.166201559852080960e+00 2.689424684934708765e+00 2.124278809227716280e+00 2.488573644273589291e+00 1.332566553267646947e+00
1.190892095212675805e+00 2.668450358999593153e+00 2.143820288193615919e+00 2.488231513752022117e+00 1.335614061603720648e+00
1.217231556720336227e+00 2.653514310020115285e+00 2.162849332759106513e+00 2.483231272984818272e+00 1.339622725432270567e+00
1.236811344893940179e+00 2.639879600195766507e+00 2.181857755260816489e+00 2.465697753633332212e+00 1.343302876300213500e+00
1.240646711961439941e+00 2.621685285945423605e+00 2.189390133594667276e+00 2.434787026537688082e+00 1.343605793819027783e+00
1.234608068208902454e+00 2.602098896216126445e+00 2.182418927799619102e+00 2.403163728108288932e+00 1.341071557367037315e+00
1.229420182999378053e+00 2.582115492024779968e+00 2.171808432415531787e+00 2.371922825927329725e+00 1.340038343943034338e+00
1.234400807010589185e+00 2.565383461523682129e+00 2.169073399627525767e+00 2.340327374264275395e+00 1.346576832515514299e+00
1.246943079388324271e+00 2.565084316697944455e+00 2.182848176938449569e+00 2.326772182001850098e+00 1.362378222076279233e+00
1.245438734102114253e+00 2.548585656918630704e+00 2.186200475083014627e+00 2.311021158889039029e+00 1.381900676408641004e+00
1.241271595889529067e+00 2.526354288346393417e+00 2.175438844833838203e+00 2.295262540153034880e+00 1.399700585117780838e+00
1.243499769261643850e+00 2.508298135516000116e+00 2.164717041378798168e+00 2.284467291624118879e+00 1.420226092283485730e+00
1.251688878870761190e+00 2.490400028378244368e+00 2.156692777689937390e+00 2.275208314632253703e+00 1.441247119539251997e+00
1.263227908481346251e+00 2.467708136775799144e+00 2.148134749799225141e+00 2.264230763069888575e+00 1.459942148346068835e+00
1.275899080686174081e+00 2.458223186993323761e+00 2.130335574939288268e+00 2.251270224395029551e+00 1.475221592433217044e+00
1.281408275218753223e+00 2.488382754943339936e+00 2.127812444638984779e+00 2.250356405437277107e+00 1.492643813307554135e+00
1.281245072972359234e+00 2.511763815265753319e+00 2.136326337695184208e+00 2.251455870430981943e+00 1.513661044828936486e+00
1.279374486558035429e+00 2.477983665619978737e+00 2.140284291216409507e+00 2.234286820603963886e+00 1.512175287651262856e+00
1.273839448473913727e+00 2.469571272619122571e+00 2.136634387084250797e+00 2.243930399462028991e+00 1.534732042349108649e+00
1.271657664848961478e+00 2.432419646554571102e+00 2.139812237264815398e+00 2.243968385580847880e+00 1.552809599319758149e+00
1.270866547683748848e+00 2.396184089756989266e+00 2.148016444251591217e+00 2.242525269581312930e+00 1.570299018162837790e+00
1.267429902789789065e+00 2.351855615254373255e+00 2.157101478413164575e+00 2.238022196710041989e+00 1.582391737972849821e+00
1.261630180290626901e+00 2.307569859050666139e+00 2.158532720344153333e+00 2.224932638386469375e+00 1.572489147982467861e+00
1.264712371780093658e+00 2.304253925416276605e+00 2.147269002331892551e+00 2.212230205013277828e+00 1.552379279184671557e+00
1.269524448373173353e+00 2.252732688024164709e+00 2.142055278893117976e+00 2.206435972452709393e+00 1.548733585307353167e+00
1.275646771251280231e+00 2.203887139959397778e+00 2.143850654140758927e+00 2.206130801060115054e+00 1.558744609138203341e+00
1.286736406696279200e+00 2.173095202284692107e+00 2.148559695407223469e+00 2.207418412583839640e+00 1.577421779532893087e+00
1.300000000000000044e+00 2.169999999999999929e+00 2.154999999999999805e+00 2.209999999999999964e+00 1.600000000000000089e+00
