8.699999999999999956e-01 2.740000000000000213e+00 1.850000000000000089e+00 2.629999999999999893e+00 1.350000000000000089e+00
8.929555900072739805e-01 2.736646394037966168e+00 1.858318295640436935e+00 2.609030258461298324e+00 1.338700966033601558e+00
9.219282247624613902e-01 2.749741096977020849e+00 1.866495661518543736e+00 2.598984020373256154e+00 1.328170730439154568e+00
9.465044160437563470e-01 2.748411735649773924e+00 1.881669265433753235e+00 2.580765213499769395e+00 1.329071471632604640e+00
9.664642346870858658e-01 2.734825264416221202e+00 1.899933196984661343e+00 2.563674820253648790e+00 1.332189074571377141e+00
9.888388889419275074e-01 2.722617237322235262e+00 1.919365586251685629e+00 2.550657912699965557e+00 1.331784664302220200e+00
1.012129253891060454e+00 2.715481490661217912e+00 1.939422038075256483e+00 2.539200424437903614e+00 1.329019791762950042e+00
1.033973194048898758e+00 2.712893518926249303e+00 1.961032368443734963e+00 2.528050567823193262e+00 1.326608776103853637e+00
1.053409750747024587e+00 2.713995022213388619e+00 1.984753544818457227e+00 2.518494680525783735e+00 1.326283844509256626e+00
1.070699020669484858e+00 2.717797659767143603e+00 2.010077454800152097e+00 2.512114541987056970e+00 1.328243469552621292e+00
1.086694434094871653e+00 2.722680327186025817e+00 2.036195810927041272e+00 2.508956680825777941e+00 1.331449505917931431e+00
1.102083627771329066e+00 2.726138072736643103e+00 2.062814885084715222e+00 2.507630100440479293e+00 1.334166625330089895e+00
1.117098827893673541e+00 2.724623908722124455e+00 2.089728571283038239e+00 2.506442441326912629e+00 1.333976674607904700e+00
1.134430085666848775e+00 2.714966000222968301e+00 2.113275646038765387e+00 2.505795489936627263e+00 1.326155837172814156e+00
1.157297040310857561e+00 2.706350354384031931e+00 2.106851362701832819e+00 2.511301453860669497e+00 1.318671093415133333e+00
1.154072733815814100e+00 2.679376454674016639e+00 2.091824660330524388e+00 2.491664871959361705e+00 1.325246771287901693e+00
1.173167342164553872e+00 2.650895004201870631e+00 2.094756890105443414e+00 2.472920346706953154e+00 1.332935841937110899e+00
1.194600912559311556e+00 2.619319910181594935e+00 2.109400459317283705e+00 2.467049365868726696e+00 1.334944085030972838e+00
1.214304952044006125e+00 2.583919449357259257e+00 2.122097365597756635e+00 2.461178922193568486e+00 1.334555899058115891e+00
1.229881813584506212e+00 2.546387055756206941e+00 2.123718152429522554e+00 2.442930545290978195e+00 1.334557801582692660e+00
1.243084825691327167e+00 2.521538845242320193e+00 2.132120692779147397e+00 2.418900823188602889e+00 1.341292791492325165e+00
1.257147207722995930e+00 2.506574608159433559e+00 2.153141175949803365e+00 2.406450389325425210e+00 1.351549384437543466e+00
1.271349241961867271e+00 2.490392552237706170e+00 2.174843350835133027e+00 2.398036216284346711e+00 1.362459395199709489e+00
1.286844751824827604e+00 2.475385031134438751e+00 2.194306841457887902e+00 2.390744285084489995e+00 1.375478533773061729e+00
1.282733305683203096e+00 2.448642073884634840e+00 2.192597363720407699e+00 2.362096097875325817e+00 1.380367021477920675e+00
1.267673877615016043e+00 2.426123590058174795e+00 2.186190935502833721e+00 2.335270997330257003e+00 1.380797462697379352e+00
1.249668379499813575e+00 2.417522835804794212e+00 2.182628697133753626e+00 2.305959700830853443e+00 1.383672364355912121e+00
1.235120901757988721e+00 2.422137432080144759e+00 2.180679458515383473e+00 2.275044142180962847e+00 1.389609271336312846e+00
1.229603773642783837e+00 2.421826042046777427e+00 2.175661464693855685e+00 2.246132789784241357e+00 1.402890449992267641e+00
1.232871548857685795e+00 2.413111510860574960e+00 2.169066545170754701e+00 2.232492022370881735e+00 1.426440976370415337e+00
1.239949771171443560e+00 2.412358757647230068e+00 2.165918533192829010e+00 2.232946782312501988e+00 1.453342707880551199e+00
1.249558925363604800e+00 2.416229756725477351e+00 2.164180809573122310e+00 2.235369451530679896e+00 1.479797587843961537e+00
1.260561739249705715e+00 2.419611174128555753e+00 2.162542941327043167e+00 2.236550566052620148e+00 1.506023070179067558e+00
1.270401519826298564e+00 2.422530552889029298e+00 2.161840972076042533e+00 2.238005817545797527e+00 1.532541138764221378e+00
1.277215708555445195e+00 2.421656356544275024e+00 2.162828756996728607e+00 2.240877489081811280e+00 1.559521985970085733e+00
1.281631510378513639e+00 2.406343012099639633e+00 2.165375706827674662e+00 2.244421557763177866e+00 1.585221247615817841e+00
1.284332691240539726e+00 2.368071967465784411e+00 2.167504468482563507e+00 2.243977168630489238e+00 1.603203240461281709e+00
1.282287556377174287e+00 2.320392932041657641e+00 2.168035396604767850e+00 2.236992723862340604e+00 1.611546021380484639e+00
1.278037083970426924e+00 2.273759872889050904e+00 2.159142667197206489e+00 2.230402281477924742e+00 1.616592153158491696e+00
1.274882572790752677e+00 2.235897291423567967e+00 2.140476147665729911e+00 2.228053052259777456e+00 1.621374381571834222e+00
1.281572535075625074e+00 2.192617379088499074e+00 2.137621434915631280e+00 2.217264453781532918e+00 1.611255018653422688e+00
1.300000000000000044e+00 2.169999999999999929e+00 2.154999999999999805e+00 2.209999999999999964e+00 1.600000000000000089e+00
