8.699999999999999956e-01 2.740000000000000213e+00 1.850000000000000089e+00 2.629999999999999893e+00 1.350000000000000089e+00
8.957841168706733859e-01 2.747126070275488274e+00 1.845433736579724870e+00 2.607542391637575285e+00 1.345862808647433573e+00
9.144313209746339766e-01 2.748776472989585606e+00 1.859036240216462632e+00 2.582373917954111420e+00 1.339475409336399192e+00
9.455765822799629960e-01 2.748232580372463651e+00 1.856381344562954228e+00 2.584002464187038051e+00 1.348742617570387159e+00
9.731197539774970595e-01 2.750817565272982712e+00 1.834981799286952819e+00 2.581910559058066212e+00 1.349761208854243222e+00
9.896349335612910636e-01 2.752497276935528703e+00 1.868196322684024580e+00 2.578163340614655574e+00 1.345935243339844378e+00
1.006270443730370889e+00 2.758692662364993442e+00 1.901214853864205079e+00 2.576261897500706777e+00 1.341870329885204827e+00
1.022188645307932520e+00 2.777891237600415231e+00 1.932616311876645288e+00 2.578151961649453483e+00 1.338553847634861960e+00
1.042019453086752145e+00 2.791373243473055599e+00 1.962791093067707715e+00 2.578156578078536931e+00 1.335414507721243593e+00
1.063460877249650549e+00 2.790506597658221732e+00 1.991560748884273258e+00 2.570183530781862125e+00 1.332362993674683471e+00
1.082436654478598825e+00 2.773667713662765433e+00 2.016363066985248587e+00 2.554832938223422278e+00 1.329710790432180323e+00
1.099600627010187237e+00 2.745803465965832135e+00 2.037403524817175793e+00 2.538181012120516833e+00 1.327764756981121064e+00
1.118651545067856912e+00 2.714870734646900985e+00 2.057618103809415899e+00 2.524687831462738785e+00 1.326931735048950012e+00
1.141678701419518438e+00 2.689815551487561684e+00 2.079276616430941971e+00 2.515542214040285884e+00 1.327604141776755009e+00
1.167349355964147906e+00 2.673583389973095414e+00 2.102297929150836353e+00 2.509662215948389896e+00 1.329444173555141662e+00
1.193420427954214214e+00 2.659374422015274853e+00 2.125881484405061084e+00 2.505492800762056049e+00 1.331706986466009601e+00
1.216350921459136591e+00 2.634401277895963123e+00 2.149034682034143717e+00 2.501831684811317125e+00 1.334340193055272517e+00
1.230473130279674532e+00 2.595018690428421149e+00 2.170846441544396654e+00 2.497083129554429348e+00 1.337276700373060345e+00
1.237649508991071956e+00 2.553586787213507403e+00 2.192649165453074200e+00 2.485579131115902562e+00 1.338967120293502955e+00
1.243417923168413264e+00 2.541787995016044910e+00 2.202262717460064856e+00 2.456086462048179708e+00 1.339649705779023980e+00
1.244161419344099073e+00 2.552535796369475474e+00 2.195467078140267425e+00 2.423638340385120937e+00 1.345002436953836034e+00
1.240902752609969628e+00 2.553021163283066830e+00 2.187420496975823969e+00 2.393698216434489545e+00 1.355545390996351296e+00
1.237011124599404654e+00 2.546534848975747334e+00 2.182183649670293768e+00 2.368167381338414312e+00 1.370507814432784910e+00
1.235682177807998272e+00 2.539055914288384841e+00 2.180314640973907370e+00 2.348703417726156761e+00 1.389302811080137978e+00
1.236760088769977894e+00 2.535720220218417253e+00 2.180008005495776668e+00 2.334186137667452421e+00 1.410201019125148614e+00
1.237934274212179275e+00 2.542676137880174547e+00 2.180349883294963487e+00 2.322713875098334491e+00 1.431741372798019940e+00
1.238449726046334298e+00 2.562696325002417286e+00 2.181591650632903612e+00 2.317789925968088305e+00 1.452943143444957119e+00
1.237498503098456881e+00 2.578729231397979493e+00 2.178429117016414729e+00 2.327510484417806946e+00 1.473537103205040166e+00
1.235747544359194316e+00 2.542429474524811273e+00 2.163877694993794787e+00 2.330899855523430375e+00 1.484438570796181356e+00
1.237686896510490575e+00 2.501492844684181538e+00 2.155309727307131329e+00 2.309662373445038774e+00 1.490497171976356006e+00
1.241112883608044282e+00 2.480120618352980255e+00 2.151258246541128738e+00 2.289087533721724022e+00 1.506596470234065954e+00
1.245600741091057451e+00 2.472922825626925114e+00 2.152709963248609970e+00 2.273418239320919909e+00 1.526726578688332836e+00
1.253405911858046728e+00 2.477345057067798173e+00 2.166277598505797375e+00 2.259416726806970033e+00 1.545334792820613368e+00
1.274173206337580577e+00 2.475481815549922970e+00 2.185837058359725305e+00 2.242294435272448538e+00 1.546237601489723668e+00
1.281882508545502786e+00 2.425475415866122031e+00 2.172565161974228776e+00 2.234611073944597237e+00 1.542050803679481774e+00
1.278375595420531585e+00 2.376626202261460818e+00 2.168115772282984022e+00 2.229459705800250102e+00 1.532658135191233173e+00
1.272241545492228454e+00 2.326797846345971532e+00 2.176695634000560542e+00 2.230017411330299293e+00 1.541868939620720358e+00
1.279707901026754691e+00 2.272119571775629510e+00 2.185269132876839215e+00 2.230465072126358361e+00 1.544437926516587511e+00
1.285329816902259781e+00 2.216515236226398233e+00 2.187242135338346216e+00 2.224807534046100876e+00 1.547299887619615788e+00
1.289428974384702276e+00 2.171341298129819908e+00 2.179909307099403115e+00 2.214452435715808853e+00 1.558453861375561633e+00
1.293970453302233814e+00 2.158899629541382481e+00 2.166315018448772722e+00 2.208137916999992179e+00 1.578776813706403770e+00
1.300000000000000044e+00 2.169999999999999929e+00 2.154999999999999805e+00 2.209999999999999964e+00 1.600000000000000089e+00
