8.699999999999999956e-01 2.740000000000000213e+00 1.850000000000000089e+00 2.629999999999999893e+00 1.350000000000000089e+00
9.051582186367842509e-01 2.765389612322152857e+00 1.850471103317880006e+00 2.601631877410429006e+00 1.345985613689865801e+00
9.340302950405390270e-01 2.758861092137324889e+00 1.848581948933449182e+00 2.565890946628460956e+00 1.337087843113501373e+00
9.545778355705381024e-01 2.728306211057527353e+00 1.870908567137848921e+00 2.537767578629265497e+00 1.337038843821066303e+00
9.748877111675993135e-01 2.721195190646718221e+00 1.909547826461130748e+00 2.531680331577748966e+00 1.344383092907013300e+00
1.002913648876554209e+00 2.734700277782208033e+00 1.945039844825420694e+00 2.537779667986701515e+00 1.345895077502267778e+00
1.038595724993850666e+00 2.728563941517370584e+00 1.969771535914963900e+00 2.552617769776498236e+00 1.336418833216723945e+00
1.053855892481997403e+00 2.689966567211769632e+00 1.999913669602588095e+00 2.539584900688871549e+00 1.333149783672394229e+00
1.080439831215488589e+00 2.690849243839466443e+00 2.030580378767620431e+00 2.519117269683873950e+00 1.326294925878915620e+00
1.109533991644560569e+00 2.704123549061429710e+00 2.061659791874617120e+00 2.502318100798565315e+00 1.321363836507420508e+00
1.141165209927510249e+00 2.707966536070101515e+00 2.093835751037241621e+00 2.488490272174038953e+00 1.321544994491866687e+00
1.171952649629381948e+00 2.710914192908514764e+00 2.127921520530338562e+00 2.478847480108429036e+00 1.324326824395095414e+00
1.202673379245542851e+00 2.722534528735371495e+00 2.162037276214630488e+00 2.474119871639884227e+00 1.328067881579946929e+00
1.244134068742104526e+00 2.705415918443589973e+00 2.177795947392260345e+00 2.478091201279083222e+00 1.334823319857184609e+00
1.250138576078584585e+00 2.642642539685088554e+00 2.162404092392390176e+00 2.469305222405408617e+00 1.331818378394532543e+00
1.263814291201426965e+00 2.583079171071201330e+00 2.164018785813431212e+00 2.449403543184827114e+00 1.330930062616138443e+00
1.281949259148215781e+00 2.534844680295505359e+00 2.178874798406853053e+00 2.425298589332831600e+00 1.332705162429426160e+00
1.292920875839050021e+00 2.476837570404607725e+00 2.187581873322906656e+00 2.405280772875536321e+00 1.337868038064782494e+00
1.290479826884485037e+00 2.413789182760895713e+00 2.183749221831960075e+00 2.396221549479659707e+00 1.349150410983727788e+00
1.290890393130558200e+00 2.365233157598066960e+00 2.191189095325162484e+00 2.379859124719978070e+00 1.369364056171387345e+00
1.290316774036122105e+00 2.359594096295786425e+00 2.195378263714760081e+00 2.348423826616943710e+00 1.393485844846112709e+00
1.290694714067049276e+00 2.377591078941587277e+00 2.189246785707069876e+00 2.311659013935410734e+00 1.411666687368479778e+00
1.294571873821708019e+00 2.406488069477713765e+00 2.177803004980752632e+00 2.272434763423514248e+00 1.416822152225127196e+00
1.295900020200117408e+00 2.383846857776417583e+00 2.181731020331933557e+00 2.237735896229406496e+00 1.408694689093084706e+00
1.303394105023994332e+00 2.381759980940739929e+00 2.165254612166805259e+00 2.239437674395085232e+00 1.440598096647242254e+00
1.298359978626185463e+00 2.390993886258609535e+00 2.153987954266086913e+00 2.241065671755988920e+00 1.473611328299025969e+00
1.283757019780660036e+00 2.377320435779123553e+00 2.154850970867547399e+00 2.236970593206665026e+00 1.506180670173411285e+00
1.269060536374015724e+00 2.357066791589713439e+00 2.161202727816274205e+00 2.231126322955283570e+00 1.537320027386156029e+00
1.255515324722358939e+00 2.336440083197043105e+00 2.170175162200362884e+00 2.226375963494637400e+00 1.568355446694222444e+00
1.241164505963428200e+00 2.319003846422169612e+00 2.171845809590628562e+00 2.222177781967797472e+00 1.600500022270232803e+00
1.229367294315023118e+00 2.310546556900499926e+00 2.141272391452612833e+00 2.222393400744550274e+00 1.622073319791887513e+00
1.233253083682656071e+00 2.248443308456433698e+00 2.129200998700597758e+00 2.224949512710465260e+00 1.611607991101569715e+00
1.262708205173272979e+00 2.194013013009414870e+00 2.137276105635828038e+00 2.222647948864727052e+00 1.611652239908548445e+00
1.300000000000000044e+00 2.169999999999999929e+00 2.154999999999999805e+00 2.209999999999999964e+00 1.600000000000000089e+00
