8.699999999999999956e-01 2.740000000000000213e+00 1.850000000000000089e+00 2.629999999999999893e+00 1.350000000000000089e+00
9.277664870345055936e-01 2.758393929797988697e+00 1.871108223825446615e+00 2.593769746115921038e+00 1.345228852218840476e+00
9.916143968702779699e-01 2.765449970348588860e+00 1.892120916691149235e+00 2.578620859166371737e+00 1.330189941960832734e+00
1.046941548668950617e+00 2.742824286083112906e+00 1.929126668540033007e+00 2.562559954124366879e+00 1.332446233996337881e+00
1.096249626471768490e+00 2.762921050788131438e+00 1.976452909191112273e+00 2.561755981295573470e+00 1.335400886992655467e+00
1.139760788424929228e+00 2.773341161178125347e+00 2.027960219553281540e+00 2.546937491054213965e+00 1.335066453492569583e+00
1.159797191056167076e+00 2.778629089917533435e+00 2.086448701560628560e+00 2.519717433726048839e+00 1.327871486686730718e+00
1.184260788918215290e+00 2.754937449999103727e+00 2.141865354608355254e+00 2.496303291653529044e+00 1.336736865140942365e+00
1.221902608225214681e+00 2.764755262631631183e+00 2.195963403255826840e+00 2.509198649040083051e+00 1.342417154318596095e+00
1.257201403485732172e+00 2.702540697791782076e+00 2.233547496495607909e+00 2.514238390620610275e+00 1.332057970846368233e+00
1.278318143499295845e+00 2.615844860924322113e+00 2.243250009166211978e+00 2.496138667613975848e+00 1.326305525209705793e+00
1.299164367257154451e+00 2.549495157134581191e+00 2.245082593128326476e+00 2.462685617500357083e+00 1.352193029888278719e+00
1.310825677674207324e+00 2.475040186595235614e+00 2.229712171623005279e+00 2.436255520545180797e+00 1.376720084919468956e+00
1.314267363124057120e+00 2.401582710450817615e+00 2.202456670930192040e+00 2.410409933137420246e+00 1.393044716125340976e+00
1.300794865947501489e+00 2.340828843565275097e+00 2.156195412173498305e+00 2.394191384339806383e+00 1.381294140739028453e+00
1.300249319366085787e+00 2.262970161992952089e+00 2.127898630274369651e+00 2.373269565248925073e+00 1.368499448522061623e+00
1.290940200513323921e+00 2.249077022122209168e+00 2.109528069221925151e+00 2.305790461691011206e+00 1.355053683896803918e+00
1.289344725621082155e+00 2.250427642616517954e+00 2.103546490040741901e+00 2.232244784148682992e+00 1.352364044161868728e+00
1.285046575405262681e+00 2.279156235483057458e+00 2.133519888309266754e+00 2.184642438631430483e+00 1.375810429619433561e+00
1.285855106069077047e+00 2.328484603970348399e+00 2.139717825957644592e+00 2.206093506858699982e+00 1.416630884645845079e+00
1.288523806306723696e+00 2.389765658711135110e+00 2.137217408880126790e+00 2.235045529191012292e+00 1.450872139000698224e+00
1.283034133913563357e+00 2.430238805452274331e+00 2.108719656314213431e+00 2.259593862794564423e+00 1.487608461554605688e+00
1.255575328655925249e+00 2.412011431307429898e+00 2.106625830799997878e+00 2.228193844090255560e+00 1.527633061173118145e+00
1.256646462621448412e+00 2.322638875166300743e+00 2.090139257346686374e+00 2.236094248361038428e+00 1.545623857339709861e+00
1.243684011602094852e+00 2.260201225242882916e+00 2.094657345846337559e+00 2.214550220230836697e+00 1.580529669681221216e+00
1.271473932183301070e+00 2.225838032040891701e+00 2.113571781093613211e+00 2.212016966720554478e+00 1.619526565638309767e+00
1.300000000000000044e+00 2.169999999999999929e+00 2.154999999999999805e+00 2.209999999999999964e+00 1.600000000000000089e+00
