8.699999999999999956e-01 2.740000000000000213e+00 1.850000000000000089e+00 2.629999999999999893e+00 1.350000000000000089e+00
9.106614191236194200e-01 2.776426601415475481e+00 1.864961026103465258e+00 2.606049803757279903e+00 1.346683797385397785e+00
9.530931865503938782e-01 2.779743497973534261e+00 1.890856372902680382e+00 2.581829751995738942e+00 1.340788334764283940e+00
9.828384132501947201e-01 2.768671664434366075e+00 1.909492688022909723e+00 2.566227391041024930e+00 1.335297131868469434e+00
9.952741087164549416e-01 2.762504216352632547e+00 1.917211005037196880e+00 2.560186878869387339e+00 1.332817773564730413e+00
1.011315747098212814e+00 2.754943211174583961e+00 1.927130331859521872e+00 2.554846132542631487e+00 1.329574751374712260e+00
1.046820204357796991e+00 2.736311394510098083e+00 1.962918105711920491e+00 2.546287673889882530e+00 1.327000083565321287e+00
1.056637084083052569e+00 2.730518052612409097e+00 1.974460477017169202e+00 2.543730001407051411e+00 1.326821877389432247e+00
1.067199703103856256e+00 2.721255455308473348e+00 1.991071369728388385e+00 2.539073065305227139e+00 1.327947056480544896e+00
1.079011624172069750e+00 2.707169165771202479e+00 2.016367221797108478e+00 2.530041862732209879e+00 1.331096063084615366e+00
1.103951276503487566e+00 2.704105807679777929e+00 2.066967213788579283e+00 2.521142769871149270e+00 1.332492522211257802e+00
1.117739708610194782e+00 2.708378524060640835e+00 2.094065589388664606e+00 2.519584291372764184e+00 1.331228574643053664e+00
1.130458885098722721e+00 2.710832227640544101e+00 2.120598619248170280e+00 2.519616415837292234e+00 1.327478686673070118e+00
1.146794479891094953e+00 2.694687037653474171e+00 2.156719004010189789e+00 2.516918835844833335e+00 1.319690488718901600e+00
1.158384128619696973e+00 2.679338863943850235e+00 2.179244436136114071e+00 2.513366891086670663e+00 1.315457232338284266e+00
1.189116564596429448e+00 2.659904245918430110e+00 2.211322169939142324e+00 2.502281190042238368e+00 1.314335576011105733e+00
1.217253956691207728e+00 2.642405791274693438e+00 2.229046213679623190e+00 2.489420040058021755e+00 1.315801167868518196e+00
1.233585518827438055e+00 2.628838617476219053e+00 2.235973926782611088e+00 2.480313694482207509e+00 1.317000460055320898e+00
1.258461819255711767e+00 2.589465427335041259e+00 2.232880806308203070e+00 2.466362547758653712e+00 1.321388961446819943e+00
1.274185956035923439e+00 2.555584976030247368e+00 2.223071188715547652e+00 2.463015909553599503e+00 1.327769044024353917e+00
1.286585740634651254e+00 2.522687080283553929e+00 2.214965336837505738e+00 2.465849930225554765e+00 1.337325401943359582e+00
1.297281814746309880e+00 2.456250583970605028e+00 2.219056356257816720e+00 2.454788692501925773e+00 1.356140793319524418e+00
1.301528022382479000e+00 2.417977814349582477e+00 2.228601546054727933e+00 2.438253676711149343e+00 1.365485617870899393e+00
1.307803544438784993e+00 2.387763793568057569e+00 2.242843320710602661e+00 2.419556694450820888e+00 1.372732062664197006e+00
1.308188932021125961e+00 2.340449926339299935e+00 2.250966650680271464e+00 2.374456348105274284e+00 1.382250221622129516e+00
1.289499900808780408e+00 2.340089842002654574e+00 2.223561224323605146e+00 2.311852656733644817e+00 1.393890827226879736e+00
1.258127650888750448e+00 2.350906232867032486e+00 2.190110067558189932e+00 2.248285434172790698e+00 1.424382851821989870e+00
1.251444029081395959e+00 2.353034291014094226e+00 2.183489984945414797e+00 2.235900875340020022e+00 1.431327285987864961e+00
1.242804260779789782e+00 2.354260333010401496e+00 2.176691865225366396e+00 2.222994323903461744e+00 1.442542994724669070e+00
1.236339380468988391e+00 2.353688942910998616e+00 2.173291752887711148e+00 2.215499986504544161e+00 1.453831894088946752e+00
1.230362015032975265e+00 2.351785601990541430e+00 2.172379013316476204e+00 2.208855452813144549e+00 1.470846285191617087e+00
1.220442618001867929e+00 2.350355476601984073e+00 2.167963447081179940e+00 2.197914291069730464e+00 1.526618039286170569e+00
1.216885779358549691e+00 2.349632800939234656e+00 2.165132442239903643e+00 2.195016675655850680e+00 1.548733770629241002e+00
1.214267872907802914e+00 2.348168126293057156e+00 2.162369151105141718e+00 2.193633213715786567e+00 1.564655205832788942e+00
1.212957556538156068e+00 2.347080145936152107e+00 2.160837252722372703e+00 2.193115416821415753e+00 1.572364244979662207e+00
1.208624360587441826e+00 2.313902163910120713e+00 2.167980929731101902e+00 2.182934529435745397e+00 1.591496178454352206e+00
1.225686508270850350e+00 2.263778662357851079e+00 2.161701757956122627e+00 2.176501808807283833e+00 1.588945336204563352e+00
1.242302867136688915e+00 2.231812830650838908e+00 2.157717082375654627e+00 2.183192014342995257e+00 1.591687512623445322e+00
1.261892028814330935e+00 2.207794492101188943e+00 2.156293321004816743e+00 2.192026253860416496e+00 1.594483389172677068e+00
1.300000000000000044e+00 2.169999999999999929e+00 2.154999999999999805e+00 2.209999999999999964e+00 1.600000000000000089e+00
