8.699999999999999956e-01 2.740000000000000213e+00 1.850000000000000089e+00 2.629999999999999893e+00 1.350000000000000089e+00
9.024970791555236849e-01 2.715939697833456457e+00 1.850982053763514878e+00 2.614333541866701527e+00 1.342279216776080197e+00
9.332776598758405484e-01 2.697634599608396577e+00 1.847418751657991631e+00 2.595890409207266103e+00 1.331045892712157563e+00
9.543697457517277272e-01 2.736460546785039138e+00 1.846108098608824966e+00 2.572891639538258168e+00 1.334486291616547193e+00
9.598170165398682840e-01 2.784814646337772093e+00 1.859764651563629467e+00 2.568522434461117943e+00 1.348335219887715875e+00
9.848914148859941875e-01 2.797273134464354438e+00 1.887942420459790993e+00 2.561545349657901482e+00 1.354760394189951755e+00
1.012814096287448340e+00 2.780728351695041400e+00 1.913705056505457414e+00 2.552774187664617944e+00 1.355381787476363620e+00
1.034745673311080694e+00 2.756075343257746724e+00 1.939043610421750774e+00 2.537387719445749035e+00 1.350064652461044012e+00
1.054095294238622138e+00 2.744696573535456707e+00 1.965118585296125708e+00 2.517691914538716436e+00 1.339578163456730531e+00
1.076955674840085475e+00 2.738830445780013889e+00 1.994443235109760071e+00 2.506652499595806383e+00 1.330917218478168351e+00
1.101714318035395435e+00 2.729444348241205631e+00 2.025315917247756392e+00 2.504007798407137386e+00 1.326946707000193237e+00
1.123078420637970920e+00 2.720363268022128800e+00 2.059336727781877041e+00 2.504879146376073784e+00 1.325930786454285748e+00
1.141904161768789283e+00 2.715411781791931656e+00 2.095263342074102475e+00 2.506789005551063099e+00 1.326477776746849191e+00
1.164718970202497594e+00 2.710320114903072675e+00 2.128643634905282411e+00 2.508611629297035073e+00 1.327657506920940866e+00
1.193046719730139316e+00 2.697051214078292514e+00 2.155972054120530945e+00 2.508944705447783807e+00 1.328517529110525341e+00
1.220667601324678442e+00 2.671465413081730134e+00 2.179586701213862554e+00 2.504568531223974492e+00 1.328785772209560401e+00
1.240954536737264746e+00 2.636582103113930042e+00 2.203207957606419853e+00 2.492768498723731518e+00 1.329681543708276958e+00
1.254725696307785743e+00 2.597334080181145310e+00 2.225230056817149915e+00 2.474831562288908327e+00 1.332723760418751402e+00
1.267653238215640910e+00 2.553657898052084985e+00 2.238879782090841264e+00 2.452991550171833346e+00 1.337171059596857559e+00
1.280256331700285521e+00 2.507864040284407903e+00 2.237020429981853020e+00 2.428704816585192106e+00 1.340285998111603316e+00
1.287416280009772818e+00 2.466378718642797896e+00 2.222313256601649467e+00 2.402314296817322781e+00 1.343200304894408337e+00
1.285585382645960006e+00 2.434518652130121197e+00 2.203408860994612084e+00 2.373272586484308277e+00 1.350866387263954582e+00
1.275547858667637646e+00 2.417034018300680209e+00 2.187033689345017073e+00 2.342916820599840300e+00 1.364323795928594318e+00
1.261063141004242549e+00 2.412266231934668159e+00 2.174537751094837823e+00 2.312317744927926633e+00 1.380238009765355711e+00
1.247358472238716320e+00 2.408596590334202592e+00 2.163797924404532669e+00 2.280914444867829793e+00 1.396807698307692025e+00
1.240482750479842355e+00 2.391010487107912752e+00 2.152650854960027171e+00 2.251890450416976108e+00 1.414540139816888198e+00
1.237343000295045403e+00 2.361849249086076519e+00 2.141051695641112751e+00 2.232266820145559105e+00 1.434682139766132902e+00
1.227798752079433786e+00 2.333966639468296744e+00 2.130947759731771640e+00 2.220800302557849992e+00 1.457130758861073350e+00
1.204920800289244864e+00 2.323449375304796671e+00 2.110492992734114726e+00 2.203914339129455779e+00 1.465869740761008178e+00
1.195566325215617898e+00 2.342254018132807758e+00 2.093908398069635357e+00 2.190118972790970009e+00 1.444486242782060836e+00
1.202074227866170464e+00 2.366906428628727355e+00 2.096973288259875279e+00 2.194931871484857133e+00 1.419070594417576325e+00
1.221161834834026960e+00 2.376594155876833980e+00 2.121897504887588326e+00 2.222133148744619646e+00 1.416989960277295735e+00
1.241598018588662811e+00 2.382504440927705858e+00 2.147311123957161616e+00 2.243722058231295780e+00 1.426512470607421035e+00
1.257148607532117435e+00 2.388281041231026247e+00 2.166250986737935591e+00 2.248007906141842760e+00 1.449112896652777760e+00
1.258673367241455621e+00 2.380320864240438983e+00 2.166887725413020771e+00 2.232467043924086791e+00 1.476221719154685807e+00
1.263803584379827871e+00 2.364327485850442390e+00 2.166864881331520998e+00 2.218080704511609547e+00 1.502550957896694905e+00
1.270751791136818243e+00 2.346521378087538690e+00 2.164711835574530507e+00 2.204925192175735571e+00 1.528619126813015816e+00
1.274863223098917198e+00 2.329021101055313459e+00 2.155579177442283001e+00 2.190888181187288897e+00 1.554069158283674534e+00
1.275998151202617503e+00 2.307587083398083383e+00 2.142946899146560558e+00 2.180656984637860507e+00 1.578985444693924656e+00
1.285067044514127677e+00 2.282097974686208897e+00 2.170776873485050551e+00 2.193965412047324204e+00 1.587769210563756417e+00
1.289670503866437778e+00 2.225135578002816583e+00 2.162159679274529456e+00 2.200401694976215961e+00 1.594184142604119669e+00
1.300000000000000044e+00 2.169999999999999929e+00 2.154999999999999805e+00 2.209999999999999964e+00 1.600000000000000089e+00
