8.699999999999999956e-01 2.740000000000000213e+00 1.850000000000000089e+00 2.629999999999999893e+00 1.350000000000000089e+00
8.942373850778294608e-01 2.747928349232816370e+00 1.871262554451021742e+00 2.618968754174453295e+00 1.346023358446861495e+00
9.164056844497920906e-01 2.742543164014466850e+00 1.890664604171668595e+00 2.600317230538435442e+00 1.345788656447332032e+00
9.318032248240271098e-01 2.738817010503318272e+00 1.905803409498445511e+00 2.572763014511783908e+00 1.342698967065938165e+00
9.409966168882935023e-01 2.754911491247116651e+00 1.924022338622201511e+00 2.551702810006343025e+00 1.332013971108141348e+00
9.532636717230609236e-01 2.763147788740285549e+00 1.950946715920243824e+00 2.555839303330568413e+00 1.337746841163748979e+00
9.717622169121844511e-01 2.780850346063688860e+00 1.972633291495934138e+00 2.560047224577232772e+00 1.348692717108786132e+00
1.001233470301999162e+00 2.795066086028443308e+00 1.989658122592830924e+00 2.554956924694366638e+00 1.348177230432806573e+00
1.031238424761564243e+00 2.792555637310329075e+00 2.003251629141963086e+00 2.542609264672385461e+00 1.341797055520451920e+00
1.055744550663175296e+00 2.781223032825583807e+00 2.021145848363173236e+00 2.528834302504752607e+00 1.334926521985393411e+00
1.074773069902805300e+00 2.767890347656464911e+00 2.043826639481631791e+00 2.516419742676753835e+00 1.329115145294827327e+00
1.093174446630845065e+00 2.745767262724985169e+00 2.065339083354777561e+00 2.504570991899212729e+00 1.324958823853902956e+00
1.123711492077438923e+00 2.722884330432569833e+00 2.071575817781214024e+00 2.495181875888810907e+00 1.324779387185410551e+00
1.154006273687060879e+00 2.707062706428223109e+00 2.081521684517261939e+00 2.501737854155132279e+00 1.332584406717077119e+00
1.182917595584294990e+00 2.684755000366349176e+00 2.094684425287890672e+00 2.505184783399382553e+00 1.339027556091868965e+00
1.206757559900551779e+00 2.653752017249353390e+00 2.110347124556506415e+00 2.501673873890057909e+00 1.342261225003306357e+00
1.223453331207009498e+00 2.617387790133324899e+00 2.126491726175695707e+00 2.490825250518716505e+00 1.343694064651532294e+00
1.235277301899360580e+00 2.579989518476297317e+00 2.140156272687048666e+00 2.473174805185430536e+00 1.345846558165598505e+00
1.246892970353658647e+00 2.544152840098875767e+00 2.148996557343687552e+00 2.451882708902117791e+00 1.351622956172128243e+00
1.259144858515814702e+00 2.507460672960408754e+00 2.150485253569408339e+00 2.430621638461504919e+00 1.359698163040490071e+00
1.268977837295194977e+00 2.466428124993622184e+00 2.148638704416391487e+00 2.409503176565927607e+00 1.362837704736059363e+00
1.282045541057877491e+00 2.439942047260958091e+00 2.164146922709060394e+00 2.393219583460684863e+00 1.362125364771931579e+00
1.283071474552595292e+00 2.463913829765047581e+00 2.185172565783895404e+00 2.374669423864705475e+00 1.360559342351259193e+00
1.270344103321261686e+00 2.499070069446144959e+00 2.188904188109301874e+00 2.350662944841951152e+00 1.357964526120204685e+00
1.256326195082547281e+00 2.533960611239622018e+00 2.191316337665305092e+00 2.326175328551983945e+00 1.358549704763238664e+00
1.246124316883546745e+00 2.549831663113117930e+00 2.190095477937046731e+00 2.294848809429350212e+00 1.365935941925990438e+00
1.246057662107810549e+00 2.542481632005034520e+00 2.185450002030821182e+00 2.275635714669017595e+00 1.387371127546196847e+00
1.250413506313190704e+00 2.534334828638624248e+00 2.182719553220194619e+00 2.269359951268273168e+00 1.413031156899529073e+00
1.254984589099715331e+00 2.529334326301663882e+00 2.181286411328493102e+00 2.264821175200479431e+00 1.439151175158723595e+00
1.259525115618908009e+00 2.525298990984270020e+00 2.180133164645053689e+00 2.260411115749146660e+00 1.465337707993299432e+00
1.264364826120691898e+00 2.519706827565004748e+00 2.177672917613845183e+00 2.256065076596538876e+00 1.491368212750011635e+00
1.270597094719094544e+00 2.504669496950881147e+00 2.167799244285150362e+00 2.252080791447928831e+00 1.514861406490289442e+00
1.277068872229630614e+00 2.474282760378268886e+00 2.145656001658565959e+00 2.248032466461927115e+00 1.523020977951902610e+00
1.279830821135606866e+00 2.448221838206180223e+00 2.128123093356949269e+00 2.226279604771024712e+00 1.516687002602737699e+00
1.279257147679656148e+00 2.429540113494121467e+00 2.145821950409198653e+00 2.238971639372819844e+00 1.501744500877888244e+00
1.283033945558400557e+00 2.397166036081037177e+00 2.157999288047246722e+00 2.251753521299232563e+00 1.516853159432171250e+00
1.280685887185849969e+00 2.380025373681790235e+00 2.157441673333269527e+00 2.247197332288406901e+00 1.541560821331016129e+00
1.271956158869589126e+00 2.354850599730953231e+00 2.145861731830383867e+00 2.234338227259525134e+00 1.559193542529063059e+00
1.272074523024332438e+00 2.306663316456316615e+00 2.140839463378781282e+00 2.232425101060677708e+00 1.571103740691191630e+00
1.279684778402552237e+00 2.261352608513473417e+00 2.144999523694735011e+00 2.231878690602975279e+00 1.584884699370372019e+00
1.288865817082298637e+00 2.215580908342293931e+00 2.152099053874815038e+00 2.226277796081165938e+00 1.596027218294761019e+00
1.300000000000000044e+00 2.169999999999999929e+00 2.154999999999999805e+00 2.209999999999999964e+00 1.600000000000000089e+00
