8.699999999999999956e-01 2.740000000000000213e+00 1.850000000000000089e+00 2.629999999999999893e+00 1.350000000000000089e+00
8.900546801053514923e-01 2.729075643908903448e+00 1.862558134910788255e+00 2.604023119548217746e+00 1.348004239724875930e+00
9.100024037204272886e-01 2.729378807258224349e+00 1.879478113187992960e+00 2.580400633682595757e+00 1.342414186101538398e+00
9.338458634352517773e-01 2.746074314607279021e+00 1.901302122128492922e+00 2.571568648822891490e+00 1.346552611384759679e+00
9.525888055071947136e-01 2.776112777856478697e+00 1.922082834138106877e+00 2.573709384213725748e+00 1.339551700395057887e+00
9.811352390862455586e-01 2.771271783168933744e+00 1.944474572364712994e+00 2.572506290323732348e+00 1.338306698392996319e+00
1.010675792580649768e+00 2.769397219983071867e+00 1.963859288560315886e+00 2.563326405135728070e+00 1.336889172457695452e+00
1.034867504891633816e+00 2.755771190784398250e+00 1.968479355396733022e+00 2.539724638646480237e+00 1.332543992999031701e+00
1.055760269440989552e+00 2.740970210088475412e+00 1.986803812259531066e+00 2.522640506182422637e+00 1.324420313853331477e+00
1.077009536343139784e+00 2.727025429562704772e+00 2.010116827423539920e+00 2.510136454604932066e+00 1.318514885427500172e+00
1.098401599726108957e+00 2.711051352997798869e+00 2.034997645030985680e+00 2.500774389468364944e+00 1.315539318130384494e+00
1.118702568448204149e+00 2.691286319549550665e+00 2.060990622277968587e+00 2.496955826191384453e+00 1.316502835278972716e+00
1.141367640990068821e+00 2.679561094019634382e+00 2.086512338605024386e+00 2.497260244486005476e+00 1.322508613194901761e+00
1.170053286099114409e+00 2.682113996862288907e+00 2.106464829596567334e+00 2.502224486166022999e+00 1.328297001752524631e+00
1.202373551896837478e+00 2.666344545094506913e+00 2.113690271045938207e+00 2.509298217991241753e+00 1.329869006529750042e+00
1.192145664902876101e+00 2.633519993622881916e+00 2.103093605199651606e+00 2.492386403030815156e+00 1.324512789481667507e+00
1.196141396411253943e+00 2.613714979494450308e+00 2.114300931390562965e+00 2.462959616988984024e+00 1.324181134238204605e+00
1.205882276825653854e+00 2.583109911094068067e+00 2.126598582090664102e+00 2.439180032720271285e+00 1.320114603097145345e+00
1.223670906256986379e+00 2.539838970597823931e+00 2.131547318594281926e+00 2.431701027755236222e+00 1.322992345248864998e+00
1.241956964671323993e+00 2.501258607590669314e+00 2.131665912269734342e+00 2.431379808113777408e+00 1.336508938261820267e+00
1.258825106236712399e+00 2.467271487253609674e+00 2.136280360311762827e+00 2.423263614917206432e+00 1.352549789569146510e+00
1.276717556350761562e+00 2.442687145117499181e+00 2.150243754939366703e+00 2.408633663988740459e+00 1.365876484612773112e+00
1.291670128355874692e+00 2.427887429378209116e+00 2.175517063304116760e+00 2.392648197464165349e+00 1.368716473291133218e+00
1.290956383751914682e+00 2.393297341497962361e+00 2.179265149674701973e+00 2.372062142808724960e+00 1.379636075851749855e+00
1.276130304265008064e+00 2.397866829509618825e+00 2.182168620269895776e+00 2.341472543838889031e+00 1.385759134590919039e+00
1.259937476790814914e+00 2.419275225780475491e+00 2.183876584282258282e+00 2.314513861832804942e+00 1.392833178800640725e+00
1.245731136583651200e+00 2.443532314550818985e+00 2.186437785359527375e+00 2.287749977397610657e+00 1.400428149593686999e+00
1.242068383324987701e+00 2.462264889130831413e+00 2.199066249185281041e+00 2.259575989732595769e+00 1.408444620054882357e+00
1.240513249356639092e+00 2.472717183106418304e+00 2.226202303467434085e+00 2.243305579722081333e+00 1.417739926266082362e+00
1.250194681104458194e+00 2.444395443295415138e+00 2.231222025002309373e+00 2.226929868883267272e+00 1.429741645569498454e+00
1.260243052545733988e+00 2.425511063904876696e+00 2.210149396833944735e+00 2.221031993036344687e+00 1.448176250512221319e+00
1.266218270942931046e+00 2.427058719090596561e+00 2.193022437349715137e+00 2.219756645483450086e+00 1.473042421944803726e+00
1.270581285161593854e+00 2.435210617753301054e+00 2.179075582918726717e+00 2.219666241488513769e+00 1.499073806889035687e+00
1.278958396194146641e+00 2.427530964457822016e+00 2.170036307328669256e+00 2.225066701889718779e+00 1.525621863546561929e+00
1.278746704242185173e+00 2.381223421530805240e+00 2.159908682724596574e+00 2.217942863914120988e+00 1.533433896942440589e+00
1.272661347472639592e+00 2.342840650332835839e+00 2.150743394599526681e+00 2.216473094776001851e+00 1.551111085223225494e+00
1.270076847657850116e+00 2.313728077341367317e+00 2.143009852623508849e+00 2.217165672391774756e+00 1.574305268877520092e+00
1.271359034265981958e+00 2.294713058821627349e+00 2.137870567370846686e+00 2.221191560302448575e+00 1.600771438860626450e+00
1.274235888151547647e+00 2.286407469160414596e+00 2.136156660864479306e+00 2.228824615704191103e+00 1.628088485157554111e+00
1.278009167690974612e+00 2.238791629902563862e+00 2.144710030072388030e+00 2.221991056700118872e+00 1.634540028982825799e+00
1.285494495487941036e+00 2.201840204993997130e+00 2.158743495718776106e+00 2.217772276055891556e+00 1.618969499425771064e+00
1.300000000000000044e+00 2.169999999999999929e+00 2.154999999999999805e+00 2.209999999999999964e+00 1.600000000000000089e+00
