8.699999999999999956e-01 2.740000000000000213e+00 1.850000000000000089e+00 2.629999999999999893e+00 1.350000000000000089e+00
8.999857711062787535e-01 2.745643673822506514e+00 1.845543954234684092e+00 2.598005270840369807e+00 1.342385161269743499e+00
9.264362815761015835e-01 2.720498586543473429e+00 1.836247400084155990e+00 2.569317559371885995e+00 1.332689049860075636e+00
9.668747019159195100e-01 2.701569219392907506e+00 1.845048115391654253e+00 2.556570261471823979e+00 1.334420312418669985e+00
9.997369642275729662e-01 2.694626905740062028e+00 1.873969222343021990e+00 2.559529979187772142e+00 1.336827554025259435e+00
1.009366798838399859e+00 2.709026100382487368e+00 1.913448777767485565e+00 2.553268155478860990e+00 1.332261242277464675e+00
1.033632945470268183e+00 2.714186052230684876e+00 1.949531816861700406e+00 2.554369911128349102e+00 1.330723158752466162e+00
1.058975707559737689e+00 2.717713407422317040e+00 1.984697690042043217e+00 2.549805016112070444e+00 1.326652371664208241e+00
1.079645310299720329e+00 2.726145495702904320e+00 2.019872621172879246e+00 2.537963082100803902e+00 1.319795771576434573e+00
1.099068017347882398e+00 2.749317172099884132e+00 2.052958085160378143e+00 2.523855810959757751e+00 1.314750309287247454e+00
1.120988530805228311e+00 2.786006337855171378e+00 2.081375447554631553e+00 2.512565423358163130e+00 1.316562168404894040e+00
1.149333503659835110e+00 2.808958210804810562e+00 2.109052092541841894e+00 2.504926704459149445e+00 1.324724147782969430e+00
1.180124848262877668e+00 2.797056220099551904e+00 2.136483263939416233e+00 2.499291056374499220e+00 1.333679437637838694e+00
1.204586068895342255e+00 2.745222214777458536e+00 2.150047661429139279e+00 2.491841075458455901e+00 1.337306827438036194e+00
1.235268319623228139e+00 2.697725247621459932e+00 2.156858562157033532e+00 2.485786111093381212e+00 1.332338431641316712e+00
1.245719814856383945e+00 2.671053137543521583e+00 2.193775946681007394e+00 2.485845050282074364e+00 1.337572118412131639e+00
1.254169132622444449e+00 2.614739931274146834e+00 2.207269515826997708e+00 2.464054767658282685e+00 1.334467680378594201e+00
1.262744110634815398e+00 2.558411143570655355e+00 2.203599939386725381e+00 2.437814750017444965e+00 1.336891727197690116e+00
1.270793691677509329e+00 2.503984896418221417e+00 2.206960022800863896e+00 2.410908976518610025e+00 1.343039467216041061e+00
1.280534521114212287e+00 2.447536820170852057e+00 2.210352974413221983e+00 2.388988413443020153e+00 1.353296167916894666e+00
1.296412434787528101e+00 2.393040012780593084e+00 2.209557714110036208e+00 2.378726212229752335e+00 1.369752114963474598e+00
1.306943367979267467e+00 2.372806153878666002e+00 2.202476232162521086e+00 2.361388047830240922e+00 1.396446976399680295e+00
1.306217746467452256e+00 2.372051633592138664e+00 2.190095616562081293e+00 2.331305794508872431e+00 1.418252177461213570e+00
1.300707773287040236e+00 2.366516179659829078e+00 2.172163103227729763e+00 2.296416895723723428e+00 1.432627634914034331e+00
1.290885368200807237e+00 2.358147614824873450e+00 2.151227078071927590e+00 2.261245161812164728e+00 1.442375494896880106e+00
1.273433028866640004e+00 2.346944298421222541e+00 2.141395073026858054e+00 2.222743658163660818e+00 1.441809397396709658e+00
1.279776690473597434e+00 2.358853375477898418e+00 2.157861579571581423e+00 2.233509035792402564e+00 1.448904990163552453e+00
1.268449908579958318e+00 2.340018481668394212e+00 2.162252200850631301e+00 2.233237481222033693e+00 1.479263198525605283e+00
1.254628023948412885e+00 2.319260241533959377e+00 2.161794871013548835e+00 2.228513621263612077e+00 1.508868887843862527e+00
1.240834516608340987e+00 2.298540083837766979e+00 2.161293175485085705e+00 2.223807669354338046e+00 1.538487724566436787e+00
1.227411202425809478e+00 2.278317002369093736e+00 2.160215463887218412e+00 2.219334836412159007e+00 1.568273583330907606e+00
1.249112447833285344e+00 2.276482387898238535e+00 2.157150327703427628e+00 2.233454789998253087e+00 1.593233520127979919e+00
1.283427923902188406e+00 2.230817441569648008e+00 2.157845244110147664e+00 2.225161517790748889e+00 1.593407286621046026e+00
1.300000000000000044e+00 2.169999999999999929e+00 2.154999999999999805e+00 2.209999999999999964e+00 1.600000000000000089e+00
