8.699999999999999956e-01 2.740000000000000213e+00 1.850000000000000089e+00 2.629999999999999893e+00 1.350000000000000089e+00
9.022352473489452240e-01 2.762020190026500011e+00 1.848211927307615632e+00 2.609271643446627653e+00 1.344648646119170454e+00
9.355932190531985881e-01 2.760462930097630441e+00 1.855260492347003298e+00 2.590110504474123054e+00 1.336091528136679862e+00
9.628737182948241546e-01 2.767830676045156757e+00 1.880875530313581567e+00 2.593354087571336564e+00 1.335189923871593631e+00
9.928901843662579774e-01 2.776446305652199520e+00 1.902930615774523160e+00 2.589037967692195075e+00 1.343042386743705574e+00
1.022278464582657920e+00 2.787612515043072836e+00 1.925777036334063608e+00 2.584186029460925127e+00 1.350506623872462786e+00
1.003512410231756524e+00 2.809233951424658482e+00 1.930752205088747342e+00 2.587440128483087687e+00 1.336992897182914808e+00
9.797056843340843368e-01 2.805200882569010901e+00 1.921870472162676036e+00 2.589883478926373606e+00 1.322133893725902398e+00
1.009867717289139044e+00 2.773013910302333240e+00 1.932549159792484650e+00 2.580306066271898846e+00 1.327461504648162594e+00
1.033974146461790644e+00 2.773393278788592209e+00 1.954299536887988076e+00 2.571335067822900555e+00 1.340899058660600884e+00
1.048956744970896970e+00 2.782033458706639095e+00 1.984851489970691052e+00 2.557695265298082443e+00 1.346054035487248557e+00
1.063935401121476776e+00 2.782924068067527568e+00 2.017440275187333931e+00 2.546741063916641234e+00 1.344842223085838562e+00
1.078946253476737116e+00 2.778175590718265031e+00 2.049641883022963462e+00 2.535200863850105346e+00 1.342943022576925882e+00
1.093292445631586007e+00 2.751206175067358206e+00 2.077601876440678730e+00 2.522146904168065085e+00 1.338463174543634171e+00
1.105364597848638608e+00 2.694775533461475359e+00 2.088586047956644265e+00 2.513079549787502476e+00 1.331103987108984255e+00
1.143703678827048487e+00 2.676402173876760049e+00 2.092857273432394916e+00 2.519554840002903084e+00 1.325256669924139041e+00
1.170370435545143639e+00 2.662558917220729349e+00 2.116471730683367358e+00 2.514063430118637310e+00 1.316523692100776355e+00
1.167284108781072582e+00 2.692532449777385484e+00 2.136216932228914622e+00 2.493060076292614724e+00 1.325734139553876423e+00
1.191954180333648861e+00 2.665924029268134987e+00 2.159794385249247828e+00 2.486796074373231136e+00 1.331184690903344015e+00
1.216472350655578794e+00 2.636051771501416230e+00 2.183394536807869990e+00 2.481585338732610779e+00 1.335615816251260357e+00
1.243033808258920736e+00 2.596412620092653611e+00 2.195447329265495462e+00 2.478756392256330265e+00 1.345240425237621773e+00
1.246811150570590998e+00 2.565634607588590743e+00 2.198667205797960378e+00 2.446882924021347439e+00 1.340787666558247881e+00
1.245038520818682048e+00 2.542066781884417814e+00 2.195334411830347943e+00 2.409272392215743963e+00 1.341341826751832000e+00
1.242534633654509335e+00 2.524175900714527909e+00 2.193064469195434185e+00 2.370520893585024158e+00 1.344886349876334819e+00
1.238596387746314198e+00 2.517677503311904541e+00 2.191710122157399354e+00 2.333148196853489953e+00 1.354567426617461212e+00
1.234175894140175256e+00 2.534138308570980325e+00 2.191141486676206895e+00 2.300510093056701511e+00 1.368504902393697265e+00
1.236245857955478922e+00 2.540606720843087807e+00 2.191365160378360155e+00 2.282133577805880442e+00 1.391263751405176441e+00
1.242881194709226422e+00 2.537522873093710274e+00 2.193872684389404970e+00 2.285539982598223663e+00 1.417765754638349751e+00
1.244409430989384058e+00 2.546801025737660318e+00 2.194719654960168853e+00 2.303436750519992415e+00 1.441879517043892722e+00
1.252521636947947936e+00 2.550757784450291332e+00 2.207329389958111676e+00 2.299431724911614960e+00 1.460632308745789087e+00
1.251297825013117704e+00 2.518899211426463225e+00 2.195583795214538725e+00 2.287243174138140045e+00 1.481921027217406817e+00
1.246190413645349881e+00 2.498244729276171583e+00 2.181446959628247306e+00 2.285780772465892063e+00 1.506029805798727805e+00
1.250677531598085812e+00 2.473185619483590170e+00 2.171544441111012524e+00 2.278146744302223858e+00 1.530187431699128409e+00
1.269126466982882562e+00 2.446183607244675873e+00 2.165516199264839514e+00 2.260046135926749411e+00 1.547855785876838031e+00
1.281383677524185805e+00 2.421921291165887613e+00 2.143820129296305499e+00 2.236698273410977045e+00 1.541790944182481971e+00
1.280410179197983389e+00 2.369766803969903357e+00 2.142448425954808666e+00 2.227358336713417319e+00 1.526197962321425683e+00
1.275803752439608640e+00 2.315832158309881983e+00 2.160176749564516552e+00 2.220549024043710240e+00 1.519786542309176314e+00
1.274482243238743262e+00 2.253683699989374567e+00 2.170200387625728755e+00 2.219690336717500934e+00 1.526143435779867996e+00
1.280111691666202312e+00 2.190255078326484917e+00 2.166604486202225566e+00 2.224287794235066062e+00 1.527653184574616851e+00
1.274882720800239122e+00 2.155294414591682806e+00 2.160133230761540624e+00 2.224655420018765373e+00 1.550115927304521746e+00
1.280316832223271195e+00 2.162431147040174029e+00 2.158017792561860659e+00 2.223988345005094125e+00 1.577544219947692783e+00
1.300000000000000044e+00 2.169999999999999929e+00 2.154999999999999805e+00 2.209999999999999964e+00 1.600000000000000089e+00
