8.699999999999999956e-01 2.740000000000000213e+00 1.850000000000000089e+00 2.629999999999999893e+00 1.350000000000000089e+00
9.558774502819912255e-01 2.740370437794239056e+00 1.871406051206675691e+00 2.572129873010599699e+00 1.329317630975090259e+00
1.016433982823458759e+00 2.745023638954765755e+00 1.956010366720206228e+00 2.562817604790274650e+00 1.328426561139261386e+00
1.040395137698993944e+00 2.748060929334166236e+00 1.989775404116206792e+00 2.559839264427781647e+00 1.332210624671640087e+00
1.060053267363456841e+00 2.750003069283200041e+00 2.015140337434952578e+00 2.556033117997820181e+00 1.334948956871164105e+00
1.085075735702630606e+00 2.753952763457859998e+00 2.043246126741092628e+00 2.551618858357864283e+00 1.336071603407255948e+00
1.187224282453746449e+00 2.732726471124202305e+00 2.143739501919093016e+00 2.518941723885686823e+00 1.323725593701180481e+00
1.203411126675183684e+00 2.722399695736786640e+00 2.161591918346710273e+00 2.510623790979297887e+00 1.321805126486721216e+00
1.217986791616819442e+00 2.688752868252520578e+00 2.191810676466895202e+00 2.494927652922913186e+00 1.324568391548431201e+00
1.275745875828667941e+00 2.565186152555400056e+00 2.255789920827667494e+00 2.458828694446975938e+00 1.338666300618275740e+00
1.290226204381041075e+00 2.543172879222402649e+00 2.251639539750650343e+00 2.454330094213463820e+00 1.338292982632439454e+00
1.298748259286330198e+00 2.514477137712420873e+00 2.224164234760984460e+00 2.447223824334777920e+00 1.337323411590226163e+00
1.295828510622268004e+00 2.460236181712218695e+00 2.177184766742091604e+00 2.424591216456692955e+00 1.338377116035549319e+00
1.297656560701234918e+00 2.402180193057063651e+00 2.164908748491326751e+00 2.374387521097467868e+00 1.340724730805389120e+00
1.298506065816056765e+00 2.380681002661445334e+00 2.161605589635942071e+00 2.346617452727215003e+00 1.342769375036928947e+00
1.310211086630158617e+00 2.334057305030943219e+00 2.156383426338177145e+00 2.220479617464389932e+00 1.365598846331715466e+00
1.314322211182550326e+00 2.327270354124508334e+00 2.156365454637498846e+00 2.192493100239107928e+00 1.377591489813619230e+00
1.317765252171422485e+00 2.319199993105653501e+00 2.157037582797846298e+00 2.171297448832735899e+00 1.409364961043689801e+00
1.311886624982530947e+00 2.307987082955615499e+00 2.147293979494711458e+00 2.170304530178283287e+00 1.455241454897659326e+00
1.309365973344817302e+00 2.305622064697153473e+00 2.143420861170683978e+00 2.172505391834188337e+00 1.467596609803770935e+00
1.267946373654137648e+00 2.303716111703137059e+00 2.091962341240999557e+00 2.197941454322914989e+00 1.583261047916111330e+00
1.264869528525246256e+00 2.278986812843935006e+00 2.070501815737053164e+00 2.190562707479982496e+00 1.610661117151557242e+00
1.262184559008039386e+00 2.218031211596410923e+00 2.057247378439935659e+00 2.183382893038966710e+00 1.637169434334504681e+00
1.265609158900961928e+00 2.158669631593312932e+00 2.089470210320310883e+00 2.190371084429929116e+00 1.633188645187390264e+00
1.300000000000000044e+00 2.169999999999999929e+00 2.154999999999999805e+00 2.209999999999999964e+00 1.600000000000000089e+00
