8.699999999999999956e-01 2.740000000000000213e+00 1.850000000000000089e+00 2.629999999999999893e+00 1.350000000000000089e+00
8.936471215821356617e-01 2.718637762071415942e+00 1.842870351826743081e+00 2.607953186675409984e+00 1.348926145419259814e+00
9.190026473681284225e-01 2.717328220190519339e+00 1.856116816289747451e+00 2.587282440001628991e+00 1.347828349318621832e+00
9.383727691762872025e-01 2.734890031665039523e+00 1.878689848990670930e+00 2.579247330715333408e+00 1.349040953115889785e+00
9.572423014130602148e-01 2.751349873455783523e+00 1.902935266003472181e+00 2.576699189645227150e+00 1.349901502688992228e+00
9.799489524572833066e-01 2.761367174663592383e+00 1.925831562413826692e+00 2.573497475377080512e+00 1.348500526184899462e+00
1.006186680188282390e+00 2.761804714366130398e+00 1.945536831647879827e+00 2.566628133379755816e+00 1.344952525104385677e+00
1.032617480767179075e+00 2.749243008887932049e+00 1.961764695158967564e+00 2.555414622328085361e+00 1.340863783737178627e+00
1.055686700494495200e+00 2.724255762186470253e+00 1.975018963889485057e+00 2.541142882002703107e+00 1.337474830531645287e+00
1.075616788174040828e+00 2.693700835105635516e+00 1.986990917007940727e+00 2.525370409256730397e+00 1.334219689196179282e+00
1.095932388647618438e+00 2.669820541344928966e+00 2.002303499339022075e+00 2.509174474199388882e+00 1.329705990482846989e+00
1.115782931010776302e+00 2.668430551498725212e+00 2.024082429362321633e+00 2.496596546158467156e+00 1.324279816708085367e+00
1.128529959409611427e+00 2.689386184009157521e+00 2.048919380044391669e+00 2.492537873357152822e+00 1.320667238810997901e+00
1.135728052238272889e+00 2.712125404186331856e+00 2.075790044338632789e+00 2.494625189850530944e+00 1.320432819488381648e+00
1.146242932902570733e+00 2.719797773603738644e+00 2.104274197242276934e+00 2.497444884388785091e+00 1.323917238370699856e+00
1.164999048644427049e+00 2.706243578438965347e+00 2.127643502306685974e+00 2.496855430780095642e+00 1.329856316012576700e+00
1.187228766249546430e+00 2.679560523389454829e+00 2.143698442227776724e+00 2.493613594582101634e+00 1.336149320310300759e+00
1.210460829881490064e+00 2.649480540489006497e+00 2.156946663630481265e+00 2.488830125153500550e+00 1.341351680876953667e+00
1.237644198225358982e+00 2.631355456857390696e+00 2.170458068051567935e+00 2.477858836533832765e+00 1.343078160981422853e+00
1.245953378804298906e+00 2.613501038195660708e+00 2.167125706439732014e+00 2.450000283388314770e+00 1.352938647815641549e+00
1.242379396130292690e+00 2.585214571936176764e+00 2.156577939892048157e+00 2.424363119997754445e+00 1.361582371868252928e+00
1.241205536666641240e+00 2.563982534568292948e+00 2.151383049310791495e+00 2.391352055710666225e+00 1.366675332565024714e+00
1.240585345911750181e+00 2.555345424899462259e+00 2.152607726099973195e+00 2.354251398219612934e+00 1.369010202022148182e+00
1.238039600408345375e+00 2.558970963201436355e+00 2.156155648690621707e+00 2.321044158256880152e+00 1.380851430932911628e+00
1.236904959596616393e+00 2.549920185011937068e+00 2.164085657902580007e+00 2.292690447020589328e+00 1.396060817670083720e+00
1.241190993626203776e+00 2.516564425116644355e+00 2.168863899041313825e+00 2.268225953712331933e+00 1.405247323542606175e+00
1.249254533028449465e+00 2.480972994526102759e+00 2.163532752396758241e+00 2.249898246768071264e+00 1.417124268325250291e+00
1.257613453189347252e+00 2.457934893565705714e+00 2.154551730227723283e+00 2.235886739668395684e+00 1.435883353775184945e+00
1.265969208530742574e+00 2.440794113563850676e+00 2.146728092024965839e+00 2.224207860928822722e+00 1.457249669128579894e+00
1.274069054936121326e+00 2.427440249487853752e+00 2.141188950060431750e+00 2.216280820759501058e+00 1.480569201635348664e+00
1.279804499284035169e+00 2.420097243223427341e+00 2.142415068296720015e+00 2.212950992977195774e+00 1.505729411364616022e+00
1.275803481754270496e+00 2.420336975729298956e+00 2.154873350726441927e+00 2.214346999439815278e+00 1.528927454090658111e+00
1.265298207502610239e+00 2.420335135449448671e+00 2.163341390028393540e+00 2.223700905437159925e+00 1.551706993743502627e+00
1.262749941944408150e+00 2.417064130071446826e+00 2.147407580754383538e+00 2.243351671783979651e+00 1.564941249638748921e+00
1.267705329513564294e+00 2.387721244257308584e+00 2.131175014262352896e+00 2.247193881053927811e+00 1.550250364109520440e+00
1.270889943396016575e+00 2.339418618645650927e+00 2.129623458889971399e+00 2.237000642140702489e+00 1.545824240884397183e+00
1.271667743480063839e+00 2.300648531119494411e+00 2.136826861882039186e+00 2.216046029066582435e+00 1.539212887631283833e+00
1.272842140474879091e+00 2.260125593684716439e+00 2.143147613914377914e+00 2.196247857555242877e+00 1.545674905816279532e+00
1.274795689440111568e+00 2.225160705128337746e+00 2.144647047957216390e+00 2.185971672947625066e+00 1.563373412526210871e+00
1.277781864025241410e+00 2.211659056494942543e+00 2.153643538754161479e+00 2.194968026810856898e+00 1.586384555292276843e+00
1.292738964297004189e+00 2.211945673715483007e+00 2.165003645655040110e+00 2.222947323776140571e+00 1.592708229392971520e+00
1.300000000000000044e+00 2.169999999999999929e+00 2.154999999999999805e+00 2.209999999999999964e+00 1.600000000000000089e+00
