8.699999999999999956e-01 2.740000000000000213e+00 1.850000000000000089e+00 2.629999999999999893e+00 1.350000000000000089e+00
8.993896305114796874e-01 2.768328490149805976e+00 1.847053153773432710e+00 2.597555830043633662e+00 1.343667097510882202e+00
9.304534554533648860e-01 2.777633500881756756e+00 1.859058478488584409e+00 2.566032684261332353e+00 1.334856891982285854e+00
9.582751711550320239e-01 2.772284941174029793e+00 1.886704352314302113e+00 2.543138760692970735e+00 1.330718771028619241e+00
9.875315669990682999e-01 2.770391922823771225e+00 1.920540900647301541e+00 2.543138331090771587e+00 1.331050188820659841e+00
1.011740474831035463e+00 2.758411827478414402e+00 1.956710800126647332e+00 2.548911549511735153e+00 1.329667378613337947e+00
1.029804115896403971e+00 2.737019120885287204e+00 1.994573650305292656e+00 2.548065782408098556e+00 1.329687949208547826e+00
1.045145785663871729e+00 2.727495691299527625e+00 2.033858744718219036e+00 2.544935761796465634e+00 1.336474919986210708e+00
1.058990247863738965e+00 2.751482330829755796e+00 2.070288817354397626e+00 2.548459681138917521e+00 1.345415818722970780e+00
1.089662759402635572e+00 2.784129486433504219e+00 2.094824411144755594e+00 2.540150119310966570e+00 1.349982447704549449e+00
1.130895336672010032e+00 2.790501656020636823e+00 2.101924151605797597e+00 2.518807693899743683e+00 1.346443856270670869e+00
1.172297215206560494e+00 2.777109154223167842e+00 2.116329481593482775e+00 2.505339817365274335e+00 1.338826160286504363e+00
1.204285426560981920e+00 2.739437402047661507e+00 2.137779358761870530e+00 2.494756820040507250e+00 1.334834096086219501e+00
1.228701516605921640e+00 2.701650817242239100e+00 2.166286359895645219e+00 2.486850595698341326e+00 1.328515916488699933e+00
1.244882188347137042e+00 2.638791028063375510e+00 2.178900606572684584e+00 2.477390375731929328e+00 1.320141400690418632e+00
1.269931256368669104e+00 2.593519540978404425e+00 2.190144264213664815e+00 2.454049287066658369e+00 1.319204687328773717e+00
1.266095791134024484e+00 2.539781817363059524e+00 2.180835519017035207e+00 2.426421737090278974e+00 1.331171896550820799e+00
1.265371164816738725e+00 2.481126526969586799e+00 2.171601594498874466e+00 2.405798128146833914e+00 1.345802063740576759e+00
1.278436353971801775e+00 2.415343372219619589e+00 2.173777875660898307e+00 2.400775079960562941e+00 1.360560170002963698e+00
1.276589729972323894e+00 2.359489391762529031e+00 2.173290994083701744e+00 2.370413400248820412e+00 1.368782815843130551e+00
1.276748649487149390e+00 2.348163088175161839e+00 2.160167680162063064e+00 2.327309674872447331e+00 1.377430901348180248e+00
1.280227107897089489e+00 2.347924594172145607e+00 2.143615900121583984e+00 2.285630276236649383e+00 1.387783300183843771e+00
1.282688588844381972e+00 2.352381018560027570e+00 2.128687361102175490e+00 2.245049548008904772e+00 1.401769064006344934e+00
1.273827468868519830e+00 2.355613127408702656e+00 2.125795715392071905e+00 2.235223672820259910e+00 1.435126642160945876e+00
1.264659633293707897e+00 2.337560922543137298e+00 2.126091962634224064e+00 2.236085812556301899e+00 1.469850831110462552e+00
1.256193897701000317e+00 2.315057827468180562e+00 2.128418183132718688e+00 2.231863281420126022e+00 1.503887419539611692e+00
1.247440584644701644e+00 2.294006097906061914e+00 2.132744553386922703e+00 2.225906989302880667e+00 1.537807122820074035e+00
1.238216761241147879e+00 2.277520821599216205e+00 2.137879570740467639e+00 2.219275807288341618e+00 1.572083906949190313e+00
1.241502111836706446e+00 2.264705810178999634e+00 2.155655815146849008e+00 2.211010328313436357e+00 1.603435284043843945e+00
1.263136355776970587e+00 2.242701207631292437e+00 2.188513190733581304e+00 2.218604666391540192e+00 1.615445509441490568e+00
1.287459020998531267e+00 2.197773019061529443e+00 2.214491495967241708e+00 2.219844290960486077e+00 1.622253443350933466e+00
1.304453364853358943e+00 2.147753237025872952e+00 2.193679261800603353e+00 2.211401091056499180e+00 1.611151813181155745e+00
1.300000000000000044e+00 2.169999999999999929e+00 2.154999999999999805e+00 2.209999999999999964e+00 1.600000000000000089e+00
