8.699999999999999956e-01 2.740000000000000213e+00 1.850000000000000089e+00 2.629999999999999893e+00 1.350000000000000089e+00
8.998683945881830182e-01 2.744234663748766234e+00 1.868949179152798790e+00 2.622286331472648779e+00 1.344615314321432775e+00
9.295297679709781935e-01 2.748269191591865113e+00 1.888231965848689020e+00 2.613579294705675515e+00 1.340192396329489943e+00
9.568721939713487057e-01 2.749075226025150531e+00 1.908657372758952420e+00 2.598983341926253132e+00 1.338551955546646077e+00
9.764267247584119680e-01 2.738620204280868276e+00 1.919590571674907320e+00 2.568641520575460913e+00 1.342231928382388917e+00
1.003949260010726263e+00 2.741573741379785822e+00 1.936794705870323208e+00 2.550796274085205706e+00 1.341245825670293934e+00
1.026511188491355808e+00 2.750678019661629392e+00 1.962022214130222819e+00 2.538474912163636965e+00 1.337725678380861538e+00
1.045668714804441013e+00 2.757664310986069012e+00 1.990036985596802532e+00 2.525580916084716687e+00 1.334583705044117830e+00
1.066014987344633846e+00 2.763490568897275068e+00 2.018165476407112635e+00 2.514552878204581177e+00 1.332735653076111859e+00
1.091057866985316371e+00 2.774375719246934935e+00 2.043252251712752265e+00 2.511560751416262338e+00 1.334191371303991458e+00
1.119409203197591296e+00 2.782921475567966763e+00 2.064228923888381306e+00 2.518941357366742295e+00 1.336655654236511781e+00
1.146992931615810951e+00 2.771401154765753549e+00 2.085271107690354953e+00 2.525919719634937888e+00 1.334889468437171489e+00
1.167628303281807778e+00 2.740699169307676542e+00 2.105375551103112475e+00 2.521546126913098984e+00 1.329419865138752543e+00
1.184790617769441612e+00 2.707538980949709906e+00 2.125765309593566688e+00 2.509268345123783828e+00 1.324956541518953701e+00
1.204838422689141986e+00 2.679350837480822811e+00 2.147242562812449851e+00 2.496833423598850299e+00 1.324454027789937482e+00
1.229246076856548298e+00 2.658558015228937421e+00 2.169571003509754625e+00 2.490233508331712642e+00 1.326993957409019931e+00
1.251480278096146925e+00 2.646773806193148726e+00 2.196885778799686939e+00 2.491207410821836721e+00 1.327378475380400547e+00
1.264601065933592006e+00 2.633797877182319169e+00 2.228650053858380886e+00 2.494853671253114857e+00 1.323589814487836636e+00
1.272869245303097863e+00 2.599662630774659089e+00 2.253861768336216986e+00 2.490614618770182087e+00 1.319339717748069241e+00
1.279987695492514677e+00 2.551159012255149516e+00 2.258299022615222196e+00 2.475820095546040545e+00 1.320394499279728073e+00
1.285992706636647220e+00 2.507207307719463873e+00 2.250784888366410108e+00 2.455557926587439432e+00 1.327571369072716445e+00
1.290926202201677198e+00 2.472427617711196568e+00 2.242705475242527946e+00 2.430161686477269267e+00 1.339415254501411745e+00
1.294144703066375302e+00 2.444513527027605271e+00 2.234032216259357106e+00 2.402468939394486469e+00 1.353763179456945132e+00
1.295663821672417892e+00 2.420296274280812288e+00 2.218255613613108412e+00 2.376267327316959665e+00 1.367254267033183757e+00
1.293861372999385750e+00 2.405641256679068363e+00 2.196293121489115485e+00 2.349660398349563639e+00 1.377669478243843226e+00
1.287466228756512177e+00 2.402733873963063704e+00 2.177262060692950918e+00 2.318139236951771487e+00 1.385810565630796631e+00
1.278524706748620066e+00 2.398991241361938975e+00 2.167809639813726097e+00 2.281608556615185801e+00 1.392213304242701399e+00
1.271693533632404671e+00 2.376620542304451966e+00 2.170338600755463254e+00 2.246867711959515290e+00 1.397105915128610043e+00
1.255494424122624686e+00 2.358774646695453114e+00 2.161030777772698919e+00 2.220412293779398638e+00 1.407876598067997032e+00
1.237418251714068385e+00 2.361514931004316420e+00 2.141341185346952614e+00 2.212220933779083687e+00 1.427378987424779089e+00
1.226089755196254405e+00 2.343177341651667245e+00 2.131680583932286321e+00 2.204949744618766694e+00 1.452726613729436123e+00
1.220961330264080491e+00 2.319098107232043127e+00 2.127238228968852063e+00 2.200502138928875251e+00 1.479410878640967431e+00
1.224336736214308718e+00 2.302081748758039836e+00 2.130908465113810379e+00 2.203241881231091437e+00 1.508024859972868503e+00
1.234043606998762588e+00 2.291165933805452859e+00 2.153305560302781529e+00 2.209167283785220537e+00 1.529162766744721846e+00
1.233169990571980179e+00 2.294946719039043792e+00 2.168495604912112906e+00 2.195159890022377436e+00 1.553147012171759656e+00
1.233460462187327744e+00 2.316444710919175254e+00 2.149206292559349585e+00 2.190030240172674780e+00 1.575174182966132319e+00
1.248736432329416779e+00 2.319870052404021443e+00 2.144309422779264729e+00 2.181611428036603240e+00 1.601510870783889207e+00
1.274267590047567289e+00 2.316855079020971431e+00 2.152404421032169335e+00 2.167747956096149675e+00 1.619209453063113591e+00
1.295571871265274844e+00 2.296138410930703699e+00 2.174560396455570643e+00 2.169294809597798412e+00 1.629739470182073102e+00
1.297857457822632066e+00 2.248319214805501787e+00 2.176856961998407058e+00 2.187763917727813201e+00 1.633922910082199254e+00
1.294951012432758342e+00 2.214569609030574870e+00 2.162963914863797132e+00 2.198219087503398228e+00 1.614310032237826764e+00
1.300000000000000044e+00 2.169999999999999929e+00 2.154999999999999805e+00 2.209999999999999964e+00 1.600000000000000089e+00
