8.699999999999999956e-01 2.740000000000000213e+00 1.850000000000000089e+00 2.629999999999999893e+00 1.350000000000000089e+00
9.113655517776680925e-01 2.721601756831370178e+00 1.857256897661286432e+00 2.596775560069548572e+00 1.339306403755853525e+00
9.628479720620558568e-01 2.715630273689155771e+00 1.863475293949169442e+00 2.572067839308477488e+00 1.336102894344790126e+00
1.003088265911432186e+00 2.722817287031835232e+00 1.895904316390779387e+00 2.554084798959515457e+00 1.340820390916788840e+00
1.037566097535800758e+00 2.748396984872520044e+00 1.933481767627091452e+00 2.560388299167099646e+00 1.336222468226236249e+00
1.066343739658847101e+00 2.763263541814227509e+00 1.975971182642100255e+00 2.547556764760620762e+00 1.335258432776511128e+00
1.089384034439923710e+00 2.768735064903278698e+00 2.020305775227806411e+00 2.528849632855720397e+00 1.335690758361376407e+00
1.127400354300992502e+00 2.732498642307684911e+00 2.049894968966183839e+00 2.518848354589520167e+00 1.333482091061795272e+00
1.163817450811177157e+00 2.704301911525995195e+00 2.086021993906633565e+00 2.520862006664355004e+00 1.331409154932841954e+00
1.192754139961359261e+00 2.698336214954825785e+00 2.131052985382049680e+00 2.523060102022485207e+00 1.331449786949398417e+00
1.226387120585364032e+00 2.686276080353849682e+00 2.172311016464876676e+00 2.516805312348241674e+00 1.332685593057935325e+00
1.253332308831741848e+00 2.646727099218940005e+00 2.205160137496969153e+00 2.499096080725001112e+00 1.339411871292593537e+00
1.252167601472267133e+00 2.581858336607866011e+00 2.220910853686815400e+00 2.471708484245211501e+00 1.343380314565398193e+00
1.264370660211340924e+00 2.513869997581323013e+00 2.220637518600284910e+00 2.445612768977714069e+00 1.345658413463832526e+00
1.299536513002414795e+00 2.458740543725007388e+00 2.214183672603579289e+00 2.427879222662588266e+00 1.354386614808409606e+00
1.313152132902884350e+00 2.400287553738905455e+00 2.197598801824142800e+00 2.399744652310284554e+00 1.363791196394253502e+00
1.305504727023092837e+00 2.356287322635571169e+00 2.186264743880884875e+00 2.357915803600277638e+00 1.373691199515185035e+00
1.297180220471775280e+00 2.337735347191563395e+00 2.178107076261695418e+00 2.305919169093583854e+00 1.376901283491591466e+00
1.295267461763173422e+00 2.314871572533161448e+00 2.151965955104319317e+00 2.261152978222781940e+00 1.374174744654107050e+00
1.305888125957225254e+00 2.314596812805606696e+00 2.125233953051147040e+00 2.215088552012518086e+00 1.372024859862940538e+00
1.290391572635730233e+00 2.317836970237520777e+00 2.132633784324969195e+00 2.213452118262598134e+00 1.411238783191570922e+00
1.268816844806931687e+00 2.327275629632646226e+00 2.139152115021630607e+00 2.216276913045918118e+00 1.448852361074388417e+00
1.243682857531210662e+00 2.336536822826705606e+00 2.141868492235741606e+00 2.216760139122802009e+00 1.485742215310600800e+00
1.218738085113521219e+00 2.346356853268480869e+00 2.143879253547844144e+00 2.217149254332757558e+00 1.522665565305891144e+00
1.203766834330071367e+00 2.352196335407043204e+00 2.133730527967205859e+00 2.214613597508157117e+00 1.561480561608954876e+00
1.212302942563769692e+00 2.339535430125749382e+00 2.141245850705717935e+00 2.228172796498762764e+00 1.599513554588801512e+00
1.226112163208624706e+00 2.279077964207601337e+00 2.126073982095682879e+00 2.236275292539724902e+00 1.621432871693519129e+00
1.238717886033496640e+00 2.207686255257232943e+00 2.111310224899310750e+00 2.233816587526253894e+00 1.634390596509139204e+00
1.272069561140346305e+00 2.152574520617459353e+00 2.123493915792873388e+00 2.219718945511739872e+00 1.623685673754544645e+00
1.300000000000000044e+00 2.169999999999999929e+00 2.154999999999999805e+00 2.209999999999999964e+00 1.600000000000000089e+00
