8.699999999999999956e-01 2.740000000000000213e+00 1.850000000000000089e+00 2.629999999999999893e+00 1.350000000000000089e+00
9.052012212642355227e-01 2.751544410926440420e+00 1.846307472880253764e+00 2.605003974200315042e+00 1.343609368232488999e+00
9.333003318854703467e-01 2.776711295833217186e+00 1.837824338664912904e+00 2.575765418091283898e+00 1.341733972184424362e+00
9.466554384369110231e-01 2.808109839420734222e+00 1.868721484671645339e+00 2.571038928312499472e+00 1.347623118619758475e+00
9.694030242077115167e-01 2.800641426868755168e+00 1.902137404557426636e+00 2.581174508254128863e+00 1.351617900401720807e+00
9.996682412224580094e-01 2.782970141053471735e+00 1.928994902856745686e+00 2.583673636955208242e+00 1.347093737783408463e+00
1.028536775692272531e+00 2.769845048460941594e+00 1.955337687491340404e+00 2.579380386398487879e+00 1.335558890665213827e+00
1.052715426659825315e+00 2.744004308078181964e+00 1.981069197497107526e+00 2.562790058578188646e+00 1.333350397237427210e+00
1.071736918240865588e+00 2.731064956369732233e+00 2.012907369317388451e+00 2.545046769891349481e+00 1.338710345155696757e+00
1.087156520204326293e+00 2.737059805793000677e+00 2.049001695446833082e+00 2.532555383635524571e+00 1.343919476212890762e+00
1.104589128107741569e+00 2.743481781535405339e+00 2.085218680754232778e+00 2.521087089026084360e+00 1.343690634234492531e+00
1.128134477003798208e+00 2.729869040029988980e+00 2.114215108919722308e+00 2.506874370678994879e+00 1.335676695188042329e+00
1.154294464905051942e+00 2.715687144937303010e+00 2.143414415229587533e+00 2.493802805930415811e+00 1.331492022024033384e+00
1.181248224223669485e+00 2.707609804820404698e+00 2.174372892346231545e+00 2.484349373132089145e+00 1.331427920266883502e+00
1.209631488625290130e+00 2.690810417095502061e+00 2.202944215210899781e+00 2.476567588762325745e+00 1.331222135294798603e+00
1.234423335401583222e+00 2.648729283684497560e+00 2.219285516776180245e+00 2.467932787321484245e+00 1.328959094999810686e+00
1.248115362776095250e+00 2.591352524885603081e+00 2.219792166163886193e+00 2.456388563660772739e+00 1.328010670612455923e+00
1.255367272849793769e+00 2.534206782943323688e+00 2.217644386096730091e+00 2.438982610613504409e+00 1.333400718801076801e+00
1.260990766105631877e+00 2.481334725929213114e+00 2.219337808441538495e+00 2.419493646507893558e+00 1.345565756942115110e+00
1.266714658661227233e+00 2.429626580533890134e+00 2.218452288518936832e+00 2.402834218705194758e+00 1.361375363046298581e+00
1.272495373392990903e+00 2.384725868052858466e+00 2.207253224112999845e+00 2.384680180093188717e+00 1.379013588692148629e+00
1.280604476226676613e+00 2.356441033296836185e+00 2.193678195400659448e+00 2.357730382161879135e+00 1.398674892960998006e+00
1.291318028704897536e+00 2.342375888165023401e+00 2.187308339439040239e+00 2.323084372072208303e+00 1.418258789709690992e+00
1.296899796150948525e+00 2.331541806333872202e+00 2.181836763426824533e+00 2.280348398305195978e+00 1.427988894912457507e+00
1.295403887081892247e+00 2.316373303903099590e+00 2.170534903685948258e+00 2.240735953495263111e+00 1.417672020157122015e+00
1.292635606402022130e+00 2.290706635936832214e+00 2.161716567091951813e+00 2.223507386405206177e+00 1.436452391298820519e+00
1.275296313196039533e+00 2.283834223661648899e+00 2.160663338485071971e+00 2.231108221811350933e+00 1.468033632344319717e+00
1.256026409498278040e+00 2.262947993343585651e+00 2.156476286787191832e+00 2.233039274200885327e+00 1.497408328631931518e+00
1.236617278120388130e+00 2.244648948818687817e+00 2.154637382737731865e+00 2.229777405253986267e+00 1.527288187309254752e+00
1.219820521747918107e+00 2.240764498246465841e+00 2.156998500101940497e+00 2.223308919894895208e+00 1.559011068721395166e+00
1.213292275133033726e+00 2.267832867283921860e+00 2.169816705703948134e+00 2.216571384783735610e+00 1.588151575581295383e+00
1.214849447312379205e+00 2.307944676372005954e+00 2.185576210102268657e+00 2.211135728053424288e+00 1.611364408287650374e+00
1.207685371564951371e+00 2.300192733125006939e+00 2.187381099983987109e+00 2.199780372838785247e+00 1.643363724819765892e+00
1.211765713367263020e+00 2.240428493867163695e+00 2.182971367333968793e+00 2.187092538184870261e+00 1.644078703200145375e+00
1.237598516429643913e+00 2.198454203819628638e+00 2.183926358610759344e+00 2.180700043909359120e+00 1.628764684414874431e+00
1.270748779326718481e+00 2.173025359958967062e+00 2.169138810616518143e+00 2.189137245854195335e+00 1.617326097786130568e+00
1.300000000000000044e+00 2.169999999999999929e+00 2.154999999999999805e+00 2.209999999999999964e+00 1.600000000000000089e+00
