8.699999999999999956e-01 2.740000000000000213e+00 1.850000000000000089e+00 2.629999999999999893e+00 1.350000000000000089e+00
9.014245074028680582e-01 2.746179998934702660e+00 1.855117761643746421e+00 2.606705537047946386e+00 1.338430634639372396e+00
9.324614516668645603e-01 2.725955347759824843e+00 1.848993654784715002e+00 2.590795548283909788e+00 1.325897229023444979e+00
9.677334336489062938e-01 2.738751217870473376e+00 1.858768707953387223e+00 2.574765298437701411e+00 1.322378387837178426e+00
9.954262905122421845e-01 2.761614349145431024e+00 1.886134770045676534e+00 2.570679403435069510e+00 1.330047857244405884e+00
1.021596929748448623e+00 2.778034262398428211e+00 1.916624770238314124e+00 2.570674286592224078e+00 1.339493004031191870e+00
1.048887946480278721e+00 2.769284328043117860e+00 1.947599008778467367e+00 2.561647723286188949e+00 1.344486320050704675e+00
1.070353861206051471e+00 2.745641757533871186e+00 1.977629574472329788e+00 2.546365808253506557e+00 1.347986835089481916e+00
1.097761406863690059e+00 2.740541554149773962e+00 2.011247002996136679e+00 2.538573229868221315e+00 1.350218133370348239e+00
1.124872828161538996e+00 2.738737533055369155e+00 2.044640757106201967e+00 2.530097042510088823e+00 1.345375885481895351e+00
1.144220575939686846e+00 2.738013172728292588e+00 2.082530510119377176e+00 2.518286357797444808e+00 1.339784556461603326e+00
1.155438220582721831e+00 2.722816344974861913e+00 2.123089238685602176e+00 2.505630779935901220e+00 1.339802647550241810e+00
1.177613431989068982e+00 2.703357470518670258e+00 2.158893624629435681e+00 2.504437328243604099e+00 1.337356993623302293e+00
1.205733755490993708e+00 2.679150012904082612e+00 2.184831533886490096e+00 2.508812273729634335e+00 1.330194470476382618e+00
1.234259867725672866e+00 2.651575593265709685e+00 2.210721291389396104e+00 2.507562369037486860e+00 1.326718217025257385e+00
1.253745512610994428e+00 2.625617687838970760e+00 2.232167286417070073e+00 2.490465982989318761e+00 1.336031418668842674e+00
1.250299337384348064e+00 2.609252162100516692e+00 2.210550761832744460e+00 2.472015964196857318e+00 1.346007445168457384e+00
1.253199193955271795e+00 2.615099694669356101e+00 2.213648085577367475e+00 2.456259624724578483e+00 1.331769089275216311e+00
1.265667092550754269e+00 2.568876651051229754e+00 2.218614145661138348e+00 2.435869301751493410e+00 1.323340119507260715e+00
1.277222333280700672e+00 2.517106807662613743e+00 2.222534860949000990e+00 2.420164644742491156e+00 1.321916250767694256e+00
1.290369978964055031e+00 2.471012772478153874e+00 2.241383688225507598e+00 2.417416047806000279e+00 1.332045672468074260e+00
1.303878565719748028e+00 2.441458496007914647e+00 2.268044968758879065e+00 2.424048004578141846e+00 1.341348854525123313e+00
1.289823366033493457e+00 2.427759627900045292e+00 2.233891309935942537e+00 2.401735367432834334e+00 1.340396373234417071e+00
1.276530947434255880e+00 2.419780087775435629e+00 2.201007972133032453e+00 2.379216614515144101e+00 1.348937219014715305e+00
1.264988215029027474e+00 2.404029644559179335e+00 2.178440068765932658e+00 2.352349891351331657e+00 1.362895097160898183e+00
1.254200359227529926e+00 2.385380862973302651e+00 2.165165957595393209e+00 2.320840353494499908e+00 1.377077079969499573e+00
1.242409264309409345e+00 2.371750839215021500e+00 2.155372693202210588e+00 2.287015315719185704e+00 1.391080771606826527e+00
1.226910280814423215e+00 2.380960734021103864e+00 2.148341693539318253e+00 2.253615253487271097e+00 1.405269665928329914e+00
1.212765871997703471e+00 2.391334177391041926e+00 2.141109149692449698e+00 2.223076330860979777e+00 1.422345182057764834e+00
1.225351189633290261e+00 2.389889698106073990e+00 2.140983656418700587e+00 2.244546494108887735e+00 1.431286497320219064e+00
1.220564875218195011e+00 2.381166560480359795e+00 2.133765513345172504e+00 2.248866312894047592e+00 1.458112443018582560e+00
1.225468506231689014e+00 2.373130836844431268e+00 2.134557314370476799e+00 2.234917750825881289e+00 1.484767554781076804e+00
1.236171520429376391e+00 2.368006696089367757e+00 2.136760404981335348e+00 2.222557049171434596e+00 1.511163698324534899e+00
1.251033406727040997e+00 2.360225892004241377e+00 2.136159044116385797e+00 2.209602931330965525e+00 1.536410406947299245e+00
1.278194719777808075e+00 2.348641682881811743e+00 2.129872603242690676e+00 2.191030457022400846e+00 1.553442776843571682e+00
1.290765734516063912e+00 2.359533098112848837e+00 2.133332159816096585e+00 2.180055754600740414e+00 1.531081295055572555e+00
1.301937581930852517e+00 2.356663948729980085e+00 2.147094006286140999e+00 2.176160147316711591e+00 1.508556483181249686e+00
1.302026196326573571e+00 2.325408721199020423e+00 2.145616260786881391e+00 2.184273669784743799e+00 1.532414389954401379e+00
1.296768293999404964e+00 2.293032539845325957e+00 2.140328585659683203e+00 2.188037453389695131e+00 1.555905367799676364e+00
1.285369722219986688e+00 2.259447790810886758e+00 2.131107844899966519e+00 2.186049441129402027e+00 1.577500003174950427e+00
1.294796140289131925e+00 2.221335281405730999e+00 2.137864906857199543e+00 2.199845541880421251e+00 1.592939532780005774e+00
1.300000000000000044e+00 2.169999999999999929e+00 2.154999999999999805e+00 2.209999999999999964e+00 1.600000000000000089e+00
