8.699999999999999956e-01 2.740000000000000213e+00 1.850000000000000089e+00 2.629999999999999893e+00 1.350000000000000089e+00
9.239877732161237978e-01 2.739849828507132656e+00 1.858348501491916993e+00 2.601095593556042473e+00 1.340452795523422225e+00
9.743872827880817322e-01 2.726169616434306331e+00 1.860222568064803683e+00 2.578377450654899317e+00 1.318198465055725688e+00
1.023756335209115242e+00 2.739505649138219034e+00 1.893953244351873400e+00 2.562024597489197753e+00 1.322183107336718955e+00
1.064120563661092200e+00 2.757326672589846872e+00 1.939562210266683406e+00 2.557631005661697543e+00 1.332153646094501154e+00
1.103209729068715061e+00 2.781648328455432306e+00 1.986656788693134112e+00 2.555321450960496232e+00 1.336346208480659881e+00
1.138711974267644367e+00 2.791733116530309200e+00 2.038804802744583089e+00 2.548858839757008443e+00 1.337526279465952372e+00
1.162136380577894590e+00 2.781883044739135613e+00 2.096888277744306084e+00 2.537833600409647783e+00 1.334593367702618938e+00
1.179024375262828439e+00 2.771012852083789113e+00 2.157344370308795778e+00 2.526045133904119666e+00 1.333442410084330509e+00
1.199896150967522557e+00 2.747421832950449616e+00 2.214602255025048816e+00 2.513934368164891353e+00 1.334267654415178805e+00
1.226739153553881190e+00 2.695516223398143563e+00 2.257927017431378580e+00 2.499561546632369513e+00 1.335592727169401916e+00
1.253364939042559856e+00 2.619409244519445235e+00 2.272958633075640389e+00 2.480282711471615276e+00 1.338996314343264826e+00
1.273169855049116839e+00 2.540087532747754118e+00 2.261102645718582771e+00 2.457360644413017159e+00 1.345894464815479807e+00
1.286898447783900501e+00 2.464110135383163147e+00 2.240591016314998463e+00 2.430924088370885805e+00 1.354465268603579409e+00
1.297053603385678766e+00 2.392105907237100926e+00 2.222876187967429917e+00 2.396204879274440369e+00 1.361846298936260968e+00
1.304746246785636332e+00 2.333615012425303004e+00 2.209092445098074009e+00 2.348878944633928878e+00 1.366969998224199845e+00
1.308173319215190311e+00 2.297579991649890019e+00 2.193321154663331995e+00 2.292128305707483715e+00 1.372228145440711922e+00
1.304556914221462360e+00 2.284781774707445923e+00 2.172517775899367898e+00 2.234031392052671094e+00 1.383932617148077915e+00
1.290490169581866464e+00 2.301449126087607322e+00 2.154033698436592648e+00 2.194303414437076771e+00 1.416050887166575567e+00
1.272119337462870758e+00 2.335976848039674092e+00 2.146167537811824566e+00 2.193979055973836800e+00 1.458489548840124606e+00
1.254333850186357902e+00 2.361658825055794608e+00 2.134816049055889398e+00 2.209108448656577739e+00 1.501384186775549301e+00
1.252056022673658564e+00 2.318767310639812340e+00 2.108941860826461845e+00 2.245335367230957946e+00 1.526815877155158541e+00
1.260742082044018497e+00 2.250121826488930221e+00 2.105662009359398734e+00 2.262779530684797535e+00 1.556814337044261976e+00
1.258118275258607754e+00 2.223957737698813553e+00 2.109049795193549404e+00 2.259577045685634111e+00 1.604018100636353861e+00
1.280938458180361117e+00 2.173945794693459277e+00 2.114518609866462118e+00 2.228728411067383064e+00 1.632230242761490535e+00
1.300000000000000044e+00 2.169999999999999929e+00 2.154999999999999805e+00 2.209999999999999964e+00 1.600000000000000089e+00
