8.699999999999999956e-01 2.740000000000000213e+00 1.850000000000000089e+00 2.629999999999999893e+00 1.350000000000000089e+00
9.040140748203235876e-01 2.751986932137451713e+00 1.852351834949080400e+00 2.615208656383823715e+00 1.337488046901473826e+00
9.363712228016309869e-01 2.747161078175210935e+00 1.852038846643501380e+00 2.591449185421370149e+00 1.328830993037519947e+00
9.619430001747512060e-01 2.751155807220271754e+00 1.879883113585085974e+00 2.580804410975571006e+00 1.330541081832080641e+00
9.841784046990353918e-01 2.754840216479378157e+00 1.910291480708580014e+00 2.579544704497637841e+00 1.342327345102933389e+00
1.013708763863022888e+00 2.738569690292088410e+00 1.929402627663510339e+00 2.564715948606066664e+00 1.348300684325802523e+00
1.041483269843268111e+00 2.724477604919266938e+00 1.951668721860106093e+00 2.547006278291178649e+00 1.345098385104484429e+00
1.059985434905558188e+00 2.724822024431706069e+00 1.983578028655701431e+00 2.549460834847326218e+00 1.333363433759584993e+00
1.078638638137291217e+00 2.716742966859102548e+00 2.015567192468382895e+00 2.542303465633619197e+00 1.324315474548201754e+00
1.103597507806891587e+00 2.698583524283149071e+00 2.038271906983319948e+00 2.523379757959743674e+00 1.321582674502651544e+00
1.130816272495828390e+00 2.698570747604207121e+00 2.065694611914076440e+00 2.512084743325634584e+00 1.322796138228358620e+00
1.153125038313082884e+00 2.719113645785409705e+00 2.094996982030020938e+00 2.517204969235207201e+00 1.326942851792033862e+00
1.179889291114573968e+00 2.723148127920187456e+00 2.125026873797467353e+00 2.524039999662401002e+00 1.326437086524912212e+00
1.209460624531703887e+00 2.718556157011228436e+00 2.153173460779491677e+00 2.525418065022911662e+00 1.325827331450764479e+00
1.239893584602270060e+00 2.713569420471696692e+00 2.180361554795158696e+00 2.525841157372805235e+00 1.327345148093851179e+00
1.265925112733994329e+00 2.698561247957496079e+00 2.209618208602328604e+00 2.525621176675900692e+00 1.325121604496089400e+00
1.281889417427450661e+00 2.662317010098208314e+00 2.233164784082841248e+00 2.519388003107400742e+00 1.319545874023200671e+00
1.292095429023137676e+00 2.613844530615279549e+00 2.241513582789508519e+00 2.506939617005638610e+00 1.320562573870056822e+00
1.302045868190639055e+00 2.571453903186245338e+00 2.234343126761405784e+00 2.488915633909359215e+00 1.330927513867770084e+00
1.304310328857426704e+00 2.535606536315341941e+00 2.216238719483417441e+00 2.464218475596249291e+00 1.336271158121854929e+00
1.301645121474938271e+00 2.490488467751569956e+00 2.209065627783101338e+00 2.442115824832787219e+00 1.333130439218649377e+00
1.299202900718770426e+00 2.448399289740267548e+00 2.210253753839866775e+00 2.415646718851379049e+00 1.337089432960848479e+00
1.301840846446471023e+00 2.412963599465570042e+00 2.218565397745762890e+00 2.388813213748286035e+00 1.348625860304834001e+00
1.313401204681671652e+00 2.389686025958203786e+00 2.232523208203696097e+00 2.367394593587655471e+00 1.367306755269390051e+00
1.314409953436981526e+00 2.364434802777751088e+00 2.252968656485075716e+00 2.355705365665674567e+00 1.387737080128530920e+00
1.295205084659441619e+00 2.367337403868557288e+00 2.257213394718569965e+00 2.327090568770880274e+00 1.391877933222912533e+00
1.283688768086796772e+00 2.362072725417698305e+00 2.235315978367196532e+00 2.296390312760382191e+00 1.394992063854368025e+00
1.275232166764155073e+00 2.352873117361698352e+00 2.208387088704108159e+00 2.266486054648741533e+00 1.398996020749736724e+00
1.266865520824305591e+00 2.346078888375117355e+00 2.181587697939083803e+00 2.236306181076148647e+00 1.403916993692828852e+00
1.263731323345509860e+00 2.365912451820152196e+00 2.171148842941862611e+00 2.216375700989752229e+00 1.420089555904651579e+00
1.258142081064108408e+00 2.352939175816834094e+00 2.171410325045804335e+00 2.199557574010377436e+00 1.444576790457284599e+00
1.247807247823691013e+00 2.326541864759446909e+00 2.167272385570752302e+00 2.184304709464478300e+00 1.467999449590474903e+00
1.234387824938183664e+00 2.308011113449946805e+00 2.161976507683116555e+00 2.177096917940619658e+00 1.494381706889731154e+00
1.222681437126194925e+00 2.294725831027321306e+00 2.159753254267750666e+00 2.179823141056086655e+00 1.523037647940508776e+00
1.203442832196324197e+00 2.302636112522646883e+00 2.171125837332906094e+00 2.176352335792730575e+00 1.537105126390270415e+00
1.223341894469285984e+00 2.315245464754109417e+00 2.189807367420804951e+00 2.170751047000252232e+00 1.558601083479473903e+00
1.251650260075208632e+00 2.321868894389466753e+00 2.206568227180124797e+00 2.175518646183139726e+00 1.576341293519659237e+00
1.276304179968198893e+00 2.309230633665454224e+00 2.216072901087673408e+00 2.174806566266986430e+00 1.598837627987220955e+00
1.290577515798028596e+00 2.279475847180926440e+00 2.209898190675576579e+00 2.173257630232756199e+00 1.621816690321389309e+00
1.292970971925732293e+00 2.236974715278382320e+00 2.192021312471460259e+00 2.180361068967923366e+00 1.631168090440527685e+00
1.290895865272095655e+00 2.199920628523945432e+00 2.175938974315525076e+00 2.198133510103892352e+00 1.617294410421445727e+00
1.300000000000000044e+00 2.169999999999999929e+00 2.154999999999999805e+00 2.209999999999999964e+00 1.600000000000000089e+00
