8.699999999999999956e-01 2.740000000000000213e+00 1.850000000000000089e+00 2.629999999999999893e+00 1.350000000000000089e+00
9.423704183390054778e-01 2.767993779696625634e+00 1.890998335251674600e+00 2.597038816108879988e+00 1.339378523331681947e+00
1.022094761518139272e+00 2.765173509287340181e+00 1.930710627376144295e+00 2.570467213197168199e+00 1.341213686771650648e+00
1.053667333095420267e+00 2.769191924917485004e+00 1.967013958285535713e+00 2.557011951099567693e+00 1.338047803303749061e+00
1.080865680770167980e+00 2.774572033639750579e+00 1.999904522066214385e+00 2.545593620199458229e+00 1.333121792919107707e+00
1.092539927332318195e+00 2.777048225108387669e+00 2.014168103094888806e+00 2.541476730881449875e+00 1.331085421543919844e+00
1.106416286153893536e+00 2.776594830901137456e+00 2.031891432199520953e+00 2.538024848071803063e+00 1.329447043073535006e+00
1.176149891457762386e+00 2.719400247889830258e+00 2.123655792684471244e+00 2.523520782501882831e+00 1.327967607588973697e+00
1.197262258303747107e+00 2.701489639662467468e+00 2.150641757704347956e+00 2.515809589532838952e+00 1.326444500723310327e+00
1.215027054874044721e+00 2.684379028559059854e+00 2.172485433092877116e+00 2.506111342976246714e+00 1.324200473732958239e+00
1.226219482272326688e+00 2.671541143468766144e+00 2.185948341460361100e+00 2.499012604242002222e+00 1.322600993113914658e+00
1.271703050896781706e+00 2.559750569206424409e+00 2.207149339297907353e+00 2.467023783958817162e+00 1.338322655124646099e+00
1.281106179894988983e+00 2.532572163260615739e+00 2.208835125650991493e+00 2.460077321224094948e+00 1.343578424582677844e+00
1.291783091936066441e+00 2.491618186370523791e+00 2.206375345119585774e+00 2.446032193280888833e+00 1.359165788799077346e+00
1.306088507950522448e+00 2.395793215111895247e+00 2.181609797808709672e+00 2.377349067804849003e+00 1.376446763336096613e+00
1.309235223759051658e+00 2.370357945843240000e+00 2.173980311669722276e+00 2.355058120304147629e+00 1.376821728667822375e+00
1.310900637124100987e+00 2.350169449481704476e+00 2.168469263113974144e+00 2.330802461722467189e+00 1.373805032229479695e+00
1.309324081783552085e+00 2.324383372394039249e+00 2.165213386211900293e+00 2.280896641348957754e+00 1.366911759898701728e+00
1.285038718597006691e+00 2.334708525306369076e+00 2.135790249359859505e+00 2.208424649906025383e+00 1.412267136472044715e+00
1.272224763301645467e+00 2.329657898913406022e+00 2.126192368571794944e+00 2.210966918666648073e+00 1.433499029070639974e+00
1.261157681301061650e+00 2.331670872841843600e+00 2.121157084236577450e+00 2.212225510042403531e+00 1.457120625170433614e+00
1.252122007255788816e+00 2.337332773289405363e+00 2.118572796159329030e+00 2.213268087376015991e+00 1.480806801614405588e+00
1.242422833626793954e+00 2.344422536551624248e+00 2.115248917402316131e+00 2.214284674380457840e+00 1.511521287162560956e+00
1.212769066723363043e+00 2.352185415006955438e+00 2.099416879454065299e+00 2.214021923670320913e+00 1.623207734630020660e+00
1.200364306766795952e+00 2.322658636522242581e+00 2.108002203693416732e+00 2.205715848605304341e+00 1.618280803750973273e+00
1.190456604422041043e+00 2.303772502504406905e+00 2.115173323466692956e+00 2.200271017529581652e+00 1.606870399107594105e+00
1.196354867390031718e+00 2.270742768927932698e+00 2.111479704934998924e+00 2.188759154635821602e+00 1.602787464667725814e+00
1.207760917385606536e+00 2.245630750282222365e+00 2.105176760466798136e+00 2.185141099179602531e+00 1.609715822628692727e+00
1.243997197845310820e+00 2.205191968704564243e+00 2.116266101916182141e+00 2.190351908811275727e+00 1.611432624319838025e+00
1.300000000000000044e+00 2.169999999999999929e+00 2.154999999999999805e+00 2.209999999999999964e+00 1.600000000000000089e+00
