8.699999999999999956e-01 2.740000000000000213e+00 1.850000000000000089e+00 2.629999999999999893e+00 1.350000000000000089e+00
8.964890400712912655e-01 2.738972337238783084e+00 1.841831766993323294e+00 2.608278229592629671e+00 1.355934631135221613e+00
9.274320979095429518e-01 2.740980360180170550e+00 1.851200902266845194e+00 2.593118484893844666e+00 1.355452334396501479e+00
9.538031075108802659e-01 2.741441039498648813e+00 1.872816321939838158e+00 2.584981428868597497e+00 1.352487220121376676e+00
9.772822724997939359e-01 2.749648727044532670e+00 1.897495670617533436e+00 2.580071884238608781e+00 1.348936314175734230e+00
9.997876503886395927e-01 2.761565679228471293e+00 1.922591053419538731e+00 2.577229970658435398e+00 1.345004911168747208e+00
1.021701919711825335e+00 2.771121471703575256e+00 1.948500036667204061e+00 2.574458958069770098e+00 1.340660894321827001e+00
1.042817264938497468e+00 2.776507282000843624e+00 1.975067407700669797e+00 2.568292627247814597e+00 1.336505223997465075e+00
1.062854830625461711e+00 2.776365469190207325e+00 2.001233382465528621e+00 2.556620886974352302e+00 1.333320151180403590e+00
1.081732821054393279e+00 2.766890514844011495e+00 2.025774374675225697e+00 2.540993569233441107e+00 1.331195878082147788e+00
1.099177042432509133e+00 2.747097140963417061e+00 2.048137593178392724e+00 2.524518816735356275e+00 1.329485748218133478e+00
1.115878076289758214e+00 2.723316861547408596e+00 2.069987964712481698e+00 2.508887286387695426e+00 1.327687518838778225e+00
1.134355648881319789e+00 2.703417907289050959e+00 2.093790965020506434e+00 2.496424062306439318e+00 1.326034395403046906e+00
1.155951396248690255e+00 2.689500870123569420e+00 2.119031595113198829e+00 2.490458860500390781e+00 1.325030266557274405e+00
1.179411599572180336e+00 2.676363648885041524e+00 2.143579642770897742e+00 2.491183126017764593e+00 1.324781799246510960e+00
1.202333685136567132e+00 2.657385191680138092e+00 2.166617000452746744e+00 2.495396910093456988e+00 1.325362520204941941e+00
1.222271978816964033e+00 2.629607880383157070e+00 2.188338619759443660e+00 2.497826327015436831e+00 1.327544365867216136e+00
1.237135952799212513e+00 2.595736558303339159e+00 2.207786204065942393e+00 2.490298874818305030e+00 1.332489410441875854e+00
1.244046249484811906e+00 2.565991927287737173e+00 2.218027106818564853e+00 2.466034586075602775e+00 1.339377687080175683e+00
1.242690909791777099e+00 2.549290798849500828e+00 2.212326725477309353e+00 2.433261601077862046e+00 1.344777492078695236e+00
1.237943478662376640e+00 2.539873050176460811e+00 2.196455360832312742e+00 2.402266213284940388e+00 1.349716689226147404e+00
1.234016174532226229e+00 2.532582555543266611e+00 2.178807780097309355e+00 2.374542509888181385e+00 1.359767613674206510e+00
1.233059341505384099e+00 2.530349768675191680e+00 2.167012847332313807e+00 2.350445704802047064e+00 1.377227578694589116e+00
1.234969572992985931e+00 2.532526682072325563e+00 2.163096797899709767e+00 2.324525995967016812e+00 1.395590861245265657e+00
1.240409899456953013e+00 2.534769797392735224e+00 2.168697014019640434e+00 2.294554499168664830e+00 1.409468093855460902e+00
1.248229799048650834e+00 2.539291351506049566e+00 2.184358863290426722e+00 2.272856936225215563e+00 1.425530099651816984e+00
1.254151473927268112e+00 2.542555170907074835e+00 2.196601022668220882e+00 2.263243891668933472e+00 1.448295860379621658e+00
1.258301525638876983e+00 2.537275446566191750e+00 2.198624526250941180e+00 2.255763925931569158e+00 1.473466751856890244e+00
1.262038845490096151e+00 2.521722056179695137e+00 2.194151878833603853e+00 2.245958628504680643e+00 1.497092939350446184e+00
1.264881937025807757e+00 2.494182997143104874e+00 2.186252510702136664e+00 2.234047532584817919e+00 1.516681718204137441e+00
1.266365766869950171e+00 2.456767524514607004e+00 2.174966960073898559e+00 2.223868504600289508e+00 1.531165984689866866e+00
1.269440461162595568e+00 2.415782305122676998e+00 2.161229589501639570e+00 2.218032969896774009e+00 1.543058802784148309e+00
1.276193192727401726e+00 2.377950497499432991e+00 2.149582817277350344e+00 2.216280272565160470e+00 1.558076235045213753e+00
1.282341588283873346e+00 2.354062722162868937e+00 2.147134521351544478e+00 2.221793205247641012e+00 1.579884765950920311e+00
1.283761262065437059e+00 2.320460603360572360e+00 2.161214882711529839e+00 2.230519050617736809e+00 1.594133665639290598e+00
1.280885647008172645e+00 2.303459697045659560e+00 2.164361597793933889e+00 2.230972989496410985e+00 1.573273503759554215e+00
1.278943863706613060e+00 2.312617205026050726e+00 2.153442255061404076e+00 2.232052945145008849e+00 1.548958017712767088e+00
1.281255664753212287e+00 2.288692153373748095e+00 2.150005448315088330e+00 2.230329009400510820e+00 1.527918526287106005e+00
1.285018824322922137e+00 2.249850109642792084e+00 2.164127604814992001e+00 2.225491701186276039e+00 1.541433844371060680e+00
1.288291575265152922e+00 2.216313342520650043e+00 2.174672209885696095e+00 2.219550909926469640e+00 1.559417814423408766e+00
1.291983030102737517e+00 2.189456098253844019e+00 2.174050358584954878e+00 2.212182971128136000e+00 1.581211478068705212e+00
1.300000000000000044e+00 2.169999999999999929e+00 2.154999999999999805e+00 2.209999999999999964e+00 1.600000000000000089e+00
