8.699999999999999956e-01 2.740000000000000213e+00 1.850000000000000089e+00 2.629999999999999893e+00 1.350000000000000089e+00
9.051841761066985459e-01 2.737548392499939531e+00 1.861856849196827035e+00 2.610146495975071090e+00 1.347318346176293202e+00
9.381391140617043600e-01 2.733428378687334348e+00 1.873603946584100344e+00 2.586587750661310636e+00 1.343454989339001537e+00
9.511784635907488683e-01 2.705360780086629724e+00 1.877637766736593994e+00 2.551141467556600873e+00 1.337736584370744719e+00
9.799952828304030472e-01 2.709368278559392440e+00 1.904101691448012446e+00 2.546990218073046819e+00 1.339688831863680818e+00
1.006675181474942171e+00 2.727246388558838941e+00 1.932079326922441442e+00 2.545809992770772467e+00 1.340390524869945033e+00
1.032867713298198264e+00 2.748505447606878427e+00 1.958035939458194097e+00 2.536376433242284456e+00 1.342328361528707825e+00
1.054457345168302362e+00 2.760399169299926569e+00 1.988177365833986077e+00 2.524037799800497250e+00 1.348485851861008999e+00
1.082098579871879185e+00 2.764134849987439857e+00 2.014932546873038799e+00 2.511166153261164435e+00 1.352932674371887023e+00
1.113824157438993323e+00 2.763481985901808713e+00 2.038942590542561994e+00 2.502507947819170298e+00 1.349277643606799915e+00
1.144782761525078962e+00 2.754307251795594880e+00 2.062430948905815686e+00 2.498625001127142475e+00 1.341457823526612136e+00
1.171466217661177422e+00 2.732248900795569035e+00 2.088017827822226558e+00 2.499825697197853636e+00 1.336462286335956318e+00
1.184738075953338798e+00 2.733173743191964711e+00 2.124243362151596148e+00 2.505129301715983470e+00 1.339698845336115385e+00
1.196013635934597641e+00 2.722925843989585371e+00 2.160772499852912087e+00 2.495270304030376529e+00 1.340254296769887166e+00
1.213233024810388860e+00 2.701313699894023479e+00 2.191716163706109555e+00 2.484151070953280804e+00 1.335195872342116896e+00
1.231629988418872834e+00 2.692271081084223638e+00 2.225587587116796939e+00 2.479686900048254650e+00 1.328747688394626314e+00
1.250266001645337077e+00 2.664395854820574172e+00 2.253112110959899717e+00 2.480932285804732018e+00 1.319507513570792323e+00
1.266418141739630521e+00 2.615688765034408281e+00 2.265935199128159994e+00 2.482311451356266740e+00 1.312741302448742431e+00
1.277001866213971937e+00 2.560213884140935647e+00 2.260980361994620935e+00 2.480528112082318604e+00 1.316383233081782178e+00
1.283868510469342361e+00 2.511975939767006949e+00 2.245556260779014490e+00 2.476959147725467769e+00 1.327807481418731728e+00
1.293052066818289436e+00 2.466919379804593415e+00 2.232520590525319371e+00 2.464642923638737937e+00 1.340890609007505674e+00
1.300520176488147550e+00 2.425421062640505276e+00 2.223734929806230998e+00 2.440667164278651491e+00 1.352358901563798677e+00
1.302380311046139161e+00 2.386593035651287664e+00 2.214096394435943083e+00 2.412280941970115666e+00 1.362674947535451597e+00
1.303871619747465349e+00 2.351884944083564299e+00 2.210704576958807621e+00 2.379406581629932571e+00 1.373283218248554149e+00
1.309350907594354796e+00 2.333248072390410766e+00 2.218693290729739420e+00 2.340290599307323305e+00 1.382390918793602319e+00
1.315704490302514573e+00 2.333881021100595810e+00 2.228087084244009031e+00 2.297836350822093809e+00 1.388853875814034300e+00
1.315843562031064895e+00 2.345237993561242185e+00 2.226141820787322256e+00 2.254676652221663247e+00 1.395756193407262202e+00
1.303822287969314653e+00 2.355987444179543200e+00 2.207544934897700539e+00 2.222522881695505603e+00 1.407187120181441875e+00
1.285036537640086296e+00 2.357110356972778931e+00 2.184045164889799384e+00 2.206251275191552619e+00 1.424340355267393221e+00
1.265984492444573561e+00 2.346969236023618510e+00 2.166570748514925704e+00 2.195903504098709824e+00 1.446414707249118470e+00
1.248366744770641690e+00 2.327368661656592064e+00 2.158628340707528181e+00 2.186276563181500876e+00 1.470737683460691780e+00
1.231617017073563636e+00 2.301858403129851016e+00 2.159942872856090101e+00 2.175112659065381759e+00 1.494347126432006956e+00
1.212270990474342058e+00 2.271542854666755318e+00 2.169537720268969849e+00 2.173484202239925889e+00 1.515026581951392171e+00
1.201142887773202883e+00 2.292107509386129394e+00 2.179922635470942449e+00 2.172491180234870978e+00 1.540515833894595898e+00
1.195757478673590946e+00 2.305870782233266247e+00 2.198468695885645641e+00 2.156111662713118715e+00 1.562772414088134720e+00
1.204243259869851368e+00 2.277346886976209017e+00 2.192042354723926056e+00 2.168420446667456147e+00 1.587100066477587390e+00
1.212732653875244537e+00 2.263944054239287684e+00 2.171766246745554074e+00 2.182665621977857739e+00 1.609967615353987025e+00
1.218858187255643433e+00 2.248459891536825683e+00 2.141088323894314804e+00 2.188900223061439831e+00 1.625756799187351387e+00
1.239564946299768433e+00 2.201933338332105361e+00 2.129725349211733398e+00 2.184823564149159125e+00 1.622961885012324412e+00
1.273821179998415598e+00 2.179579041801013251e+00 2.141888739459505420e+00 2.187125701001797040e+00 1.614442188841298309e+00
1.300000000000000044e+00 2.169999999999999929e+00 2.154999999999999805e+00 2.209999999999999964e+00 1.600000000000000089e+00
