8.699999999999999956e-01 2.740000000000000213e+00 1.850000000000000089e+00 2.629999999999999893e+00 1.350000000000000089e+00
8.911972922087456617e-01 2.723279338358202573e+00 1.826763786386685684e+00 2.613717499870874761e+00 1.346365759968750186e+00
9.178698825447747511e-01 2.729747910988864046e+00 1.822646248545928271e+00 2.590362366206167000e+00 1.343738886556842482e+00
9.334537848834918439e-01 2.758947860951371123e+00 1.847570280377324625e+00 2.579332065674401875e+00 1.341477737363620193e+00
9.409836577282519876e-01 2.777350031788957452e+00 1.881953966747264007e+00 2.573498256851768140e+00 1.335769417294070616e+00
9.570495522333082317e-01 2.781487059060822720e+00 1.915235842770231622e+00 2.569549285229999924e+00 1.329296786336639835e+00
9.851979599681032207e-01 2.781172457652276719e+00 1.939697452898347718e+00 2.573145396136472751e+00 1.328116993727161521e+00
1.017251569326957927e+00 2.777895993449445822e+00 1.950375061385635211e+00 2.582878841360042532e+00 1.334644011208812708e+00
1.045448954974042222e+00 2.747187545798817077e+00 1.951625318958492672e+00 2.580403215174447595e+00 1.340949452050851809e+00
1.066248011694581610e+00 2.725737941033729683e+00 1.968410110724886364e+00 2.559817046640406435e+00 1.338462444807634322e+00
1.085394398092322188e+00 2.715443778915881623e+00 1.994665094753410584e+00 2.542396676388054555e+00 1.335587296565455828e+00
1.102886177278438185e+00 2.709837859066144272e+00 2.025940527019552295e+00 2.529670537276133224e+00 1.333682759764825532e+00
1.125110454462560083e+00 2.723983656281935950e+00 2.047970842565808525e+00 2.513441091615616241e+00 1.338115462697609948e+00
1.156565994133925690e+00 2.716166498891189107e+00 2.066158575678270104e+00 2.510416234902549171e+00 1.339230738936789677e+00
1.183495147626225430e+00 2.694526501522213735e+00 2.086661558736494726e+00 2.513449886663048805e+00 1.335697120243565461e+00
1.199421062905776214e+00 2.658422133999521986e+00 2.109978544501808440e+00 2.514830050901822656e+00 1.332314774867954021e+00
1.214227729135899381e+00 2.634960832158457222e+00 2.139706933801350797e+00 2.509319588926156364e+00 1.337083637038914308e+00
1.228677936813518556e+00 2.606982457799299269e+00 2.166781472823352761e+00 2.498898207778938563e+00 1.341118616921106010e+00
1.238518967763571066e+00 2.572520669333264287e+00 2.180816517885352468e+00 2.477147826559317423e+00 1.343092853531412390e+00
1.242317135139437978e+00 2.548909758863733721e+00 2.178458559851853327e+00 2.446091827554453868e+00 1.344673127840075200e+00
1.243480313976166540e+00 2.539308829869471928e+00 2.172201556399515177e+00 2.411918933371694163e+00 1.348553734091747724e+00
1.244221529863945186e+00 2.533525264401288002e+00 2.169525348993582181e+00 2.378317346361400908e+00 1.356232995991710322e+00
1.244328723811560566e+00 2.525684779408948533e+00 2.170887871786301382e+00 2.348389618995398997e+00 1.368748315042160879e+00
1.241966797863181871e+00 2.522551595615973863e+00 2.177599506740825142e+00 2.325184895315606681e+00 1.386083251844545838e+00
1.238874003506485133e+00 2.524990114043917711e+00 2.186500039366148673e+00 2.313669730596866980e+00 1.407606093177239392e+00
1.240849873178684781e+00 2.519017596818101001e+00 2.183651504173146130e+00 2.315155240997942343e+00 1.430345754058898189e+00
1.240386763501335032e+00 2.516479135170172743e+00 2.178480212297980056e+00 2.318182984616323328e+00 1.453882304259690450e+00
1.234526664993662592e+00 2.518677480297160098e+00 2.179142798791756430e+00 2.312784071939895547e+00 1.476993994405300992e+00
1.232567949011303732e+00 2.514105503563964561e+00 2.179625750106106707e+00 2.290107382094547450e+00 1.493905874346895368e+00
1.241355903454842924e+00 2.496935262528210409e+00 2.175002955508892555e+00 2.262157631512697886e+00 1.504517988943662399e+00
1.255660174404048091e+00 2.488597086750059528e+00 2.168501032949648799e+00 2.245980386953234653e+00 1.521923419583463444e+00
1.270112831209340154e+00 2.500405315218767743e+00 2.168545248498732203e+00 2.245001705668009606e+00 1.542584705089676156e+00
1.280950499752257166e+00 2.481426570048978597e+00 2.164345596461656029e+00 2.250659961918339391e+00 1.560172555800576566e+00
1.278745292498521646e+00 2.431201235408556371e+00 2.151352406033957720e+00 2.244414752553047343e+00 1.556129500708149038e+00
1.276841642792922116e+00 2.382176134396413403e+00 2.145258958401381477e+00 2.238674882632923246e+00 1.546624452151363904e+00
1.277874670355350739e+00 2.333709325866260453e+00 2.150796755566569907e+00 2.239426125428836567e+00 1.535701036919193685e+00
1.280408899627024422e+00 2.287001353108604640e+00 2.167359315132413755e+00 2.245915913286466559e+00 1.529307823169677505e+00
1.281011586775251399e+00 2.240193025681425532e+00 2.187418653014895131e+00 2.247342065717297999e+00 1.530912979958214404e+00
1.280099619522374166e+00 2.197625056488208273e+00 2.187701092566020744e+00 2.227666198282369781e+00 1.536825347952448961e+00
1.286167666945739363e+00 2.181618898379604321e+00 2.173314081564619027e+00 2.212402064807272861e+00 1.554838281331576422e+00
1.292824799721689066e+00 2.172141504214894159e+00 2.167746484491945846e+00 2.209756500210185770e+00 1.577770916594065431e+00
1.300000000000000044e+00 2.169999999999999929e+00 2.154999999999999805e+00 2.209999999999999964e+00 1.600000000000000089e+00
