8.699999999999999956e-01 2.740000000000000213e+00 1.850000000000000089e+00 2.629999999999999893e+00 1.350000000000000089e+00
8.969301675989083122e-01 2.736723105699169878e+00 1.839452069772536946e+00 2.620729891613650331e+00 1.337788514145918484e+00
9.287632846234603612e-01 2.739493094331764134e+00 1.838134921309957148e+00 2.608431507339194155e+00 1.333237660992196982e+00
9.440230332803007940e-01 2.731670508930682750e+00 1.864437304639554371e+00 2.591067243844799250e+00 1.335473903867823386e+00
9.622920929455477390e-01 2.700086484483488203e+00 1.875463778218940725e+00 2.575239020271471446e+00 1.334273680935445183e+00
9.918362724179506928e-01 2.700840388057794694e+00 1.886470201464947261e+00 2.563201715540571080e+00 1.340368316911976665e+00
1.016941418011172438e+00 2.714997807736327484e+00 1.905525088936312228e+00 2.555018146677460855e+00 1.346925945140208469e+00
1.040187533875176040e+00 2.723310590908336160e+00 1.931631308691013293e+00 2.550451839136817611e+00 1.348108401732525774e+00
1.062950359825462376e+00 2.724336677214637348e+00 1.958940203907384658e+00 2.545858426005404684e+00 1.346542977874157998e+00
1.085643553554093588e+00 2.727746851715093790e+00 1.986106588453349087e+00 2.540312674371061341e+00 1.345639661968602407e+00
1.107466989499043875e+00 2.733008454202647819e+00 2.013370323773434389e+00 2.532598581023251416e+00 1.345093061387446332e+00
1.127632324712897427e+00 2.730925872418021871e+00 2.040925912646807117e+00 2.521933289781926657e+00 1.342425392127143624e+00
1.144624580846710149e+00 2.718588393533348579e+00 2.068867840815951542e+00 2.511296142956621402e+00 1.338250085590696914e+00
1.160359171575823023e+00 2.699473627823043564e+00 2.097286962772844987e+00 2.504477364843911147e+00 1.337155433664050097e+00
1.179759634361961407e+00 2.678217615289123721e+00 2.122913637752352756e+00 2.501979885007857174e+00 1.337565210567076779e+00
1.203009238429861849e+00 2.661140262792154321e+00 2.146400596454834719e+00 2.502479629374063208e+00 1.334774574742670916e+00
1.225705506968368885e+00 2.651411568628706750e+00 2.171849978329554620e+00 2.504428838345062580e+00 1.329418910107359242e+00
1.243980834307118588e+00 2.648411474355863326e+00 2.202643599574434230e+00 2.502806394524535794e+00 1.327814287577943952e+00
1.254675675266361923e+00 2.641095883738360683e+00 2.231617568081544434e+00 2.490039366517510899e+00 1.335448957577781703e+00
1.262216007304102661e+00 2.615344689548413371e+00 2.248462908491289269e+00 2.471167436031030284e+00 1.345085864367871586e+00
1.271374620596484872e+00 2.578040167526243209e+00 2.257071443058639826e+00 2.454515555377555724e+00 1.350604082058888267e+00
1.281877647248497842e+00 2.537139140932125780e+00 2.260640251839105108e+00 2.439676840323028895e+00 1.351072774895480944e+00
1.288784525447586038e+00 2.496811460288113960e+00 2.256500783355632755e+00 2.423785911453591790e+00 1.346192687119242004e+00
1.286392010503983441e+00 2.460836192745920137e+00 2.242986562584435184e+00 2.405762678002643096e+00 1.341528601093188389e+00
1.276572130337354283e+00 2.433555755653105557e+00 2.224352876531981771e+00 2.386038319998319501e+00 1.345231240980642173e+00
1.265361649163274205e+00 2.419719719288447646e+00 2.206160963923911922e+00 2.364723771813854292e+00 1.356458719017836989e+00
1.254749004838290327e+00 2.417893498706072286e+00 2.189513990109807740e+00 2.341421682484977396e+00 1.369494273999731115e+00
1.244538029490940279e+00 2.422082813441188254e+00 2.174003256649118754e+00 2.316714385511210672e+00 1.382065843061075050e+00
1.235281416165864510e+00 2.422201717191416748e+00 2.161302337320503586e+00 2.290396528361713369e+00 1.395049768405795643e+00
1.231288614604939546e+00 2.406537661205510492e+00 2.156463882857522663e+00 2.262407989682926335e+00 1.407071112483908593e+00
1.231657915786787072e+00 2.390246370560112688e+00 2.157558519945302233e+00 2.232985253333364728e+00 1.418572608021338999e+00
1.234248916967475740e+00 2.390227249261871467e+00 2.159819482459324202e+00 2.214871122714209495e+00 1.439133985777813596e+00
1.246681711764271006e+00 2.388235026903812841e+00 2.162150053611465061e+00 2.215665362462011956e+00 1.461795221602386396e+00
1.261708296513626149e+00 2.380796794654758575e+00 2.162405627978876588e+00 2.218871387389432570e+00 1.483553025314197971e+00
1.272151611142233740e+00 2.371234567682233063e+00 2.159933259427343710e+00 2.217486064967077120e+00 1.506416954381941231e+00
1.276200075677665691e+00 2.359859421536678159e+00 2.155468710698158041e+00 2.212800841400580865e+00 1.529736962566059510e+00
1.275790765677757177e+00 2.345441856940591485e+00 2.150337783553623261e+00 2.207858349102555184e+00 1.552724494134156918e+00
1.275735861823099615e+00 2.328105398418330196e+00 2.145326469145270920e+00 2.203577100383837362e+00 1.575269414885003716e+00
1.284941568224255981e+00 2.297604352289811303e+00 2.153790954614619224e+00 2.203658397620849030e+00 1.591149303094116840e+00
1.285598651022059169e+00 2.261800958050300014e+00 2.155685241156018783e+00 2.211693174397891148e+00 1.606252310512539250e+00
1.292164811367567889e+00 2.214686898644322000e+00 2.155039350241231944e+00 2.212492805919515693e+00 1.606983781641722953e+00
1.300000000000000044e+00 2.169999999999999929e+00 2.154999999999999805e+00 2.209999999999999964e+00 1.600000000000000089e+00
