8.699999999999999956e-01 2.740000000000000213e+00 1.850000000000000089e+00 2.629999999999999893e+00 1.350000000000000089e+00
8.993344275247776576e-01 2.745034683259493402e+00 1.840967797637178771e+00 2.593881921326262052e+00 1.345296238764343899e+00
9.322406552067483698e-01 2.765828021507430012e+00 1.850834455971818837e+00 2.565969111035714345e+00 1.342266336418631134e+00
9.521787748224755932e-01 2.799099678209808761e+00 1.884109610341173191e+00 2.566258915039547173e+00 1.343496957864310781e+00
9.712801551854948201e-01 2.768877108144025989e+00 1.915569319373150226e+00 2.560228900091437332e+00 1.335817643323769843e+00
9.934054379505216081e-01 2.718223299399278758e+00 1.919118182406630346e+00 2.541322752274000507e+00 1.335907182646150604e+00
1.019101198097075667e+00 2.715817673570568580e+00 1.954330427687195115e+00 2.545605819846228801e+00 1.325638881878296704e+00
1.048356190815729727e+00 2.681871089229419081e+00 1.973085768217815783e+00 2.551870460669154461e+00 1.336342383200074035e+00
1.069101419828813127e+00 2.711538518203389980e+00 2.006082016163906800e+00 2.544908265178478679e+00 1.335767461227000297e+00
1.087084557641823990e+00 2.734335072895330399e+00 2.045285319165657256e+00 2.540383742531727052e+00 1.340058121469148267e+00
1.103672981595465341e+00 2.769246025620170748e+00 2.076312098355699298e+00 2.528965034305765691e+00 1.332721072728306755e+00
1.125453638226090458e+00 2.750951625431244274e+00 2.108261573979436587e+00 2.520271115045021659e+00 1.326085012119366136e+00
1.133557884224372980e+00 2.696532198813096581e+00 2.127203204621372024e+00 2.509388253000540026e+00 1.319268760789469086e+00
1.152190443218092053e+00 2.659093456516043119e+00 2.156832711313386497e+00 2.501113423755854992e+00 1.311901599531514861e+00
1.182716978983943568e+00 2.631302657224004360e+00 2.184162626314911648e+00 2.496292477227558759e+00 1.309247287353111799e+00
1.220060280079044768e+00 2.615048342473464071e+00 2.206208828470168637e+00 2.489752078035387228e+00 1.311929893028443317e+00
1.252330581242103502e+00 2.618338929016628569e+00 2.230995687225651114e+00 2.489248688769518214e+00 1.323919527696891807e+00
1.280626256485937642e+00 2.586107579456376371e+00 2.241650081146858486e+00 2.476645585256147086e+00 1.326232838915131884e+00
1.287269755861990994e+00 2.530075210851986611e+00 2.220391676675775638e+00 2.466794084852159230e+00 1.324691265534659435e+00
1.288221023450432989e+00 2.479994216390848827e+00 2.216925548433243964e+00 2.457946226783360721e+00 1.342941530201134936e+00
1.292545278579799950e+00 2.445699617574445206e+00 2.232255472838941213e+00 2.439474759114301783e+00 1.363608803319864782e+00
1.302548392763732910e+00 2.404716873826953538e+00 2.245239816361220164e+00 2.407982307332158012e+00 1.373232158775165690e+00
1.309536827571123885e+00 2.359850887641421924e+00 2.260015338841932397e+00 2.377089446553552143e+00 1.379559231023586907e+00
1.305757599346972331e+00 2.304108096471972011e+00 2.241863185613918841e+00 2.365260411198602419e+00 1.381359617280306873e+00
1.285653386326041758e+00 2.305342757940862519e+00 2.202711344629822321e+00 2.355582975419655778e+00 1.386330673168306715e+00
1.275182457731409480e+00 2.322796801080147855e+00 2.188105154722967072e+00 2.315396155750441221e+00 1.396482293521990492e+00
1.278545463879766642e+00 2.316983121027198500e+00 2.191172333890318402e+00 2.270148417029695942e+00 1.409060465977318266e+00
1.275704771448380015e+00 2.317060250434117563e+00 2.182304783389029001e+00 2.227116360661632211e+00 1.423603478628144403e+00
1.257887446423899824e+00 2.326786217837683690e+00 2.145246870037281983e+00 2.215870345179031808e+00 1.435520251482310883e+00
1.229429062597449995e+00 2.308694344147541599e+00 2.119510935998359713e+00 2.211763218680859122e+00 1.449346302974189094e+00
1.222431069345655708e+00 2.297693260797223136e+00 2.130946559386934336e+00 2.204524916742690799e+00 1.476298988940266899e+00
1.216919534265725744e+00 2.287274020516103512e+00 2.144846160115989164e+00 2.197049571792405231e+00 1.504129718138104588e+00
1.209055851186662034e+00 2.293270341504812126e+00 2.156593127688423817e+00 2.184570885677249219e+00 1.531505723588566514e+00
1.203941364006141601e+00 2.321604148546685842e+00 2.178414233269574840e+00 2.158975685922029264e+00 1.546444803306637805e+00
1.210559464371756544e+00 2.295440618606700234e+00 2.173707577876892394e+00 2.135337557987932566e+00 1.561113237181533719e+00
1.214687565062731567e+00 2.268618476680156260e+00 2.161917766007140251e+00 2.158447006877938446e+00 1.583290669060696487e+00
1.235762474650211606e+00 2.258059713354424680e+00 2.153689609446033160e+00 2.188258849306753184e+00 1.599975275808076081e+00
1.269356733956456207e+00 2.217197815965740837e+00 2.152837723875364428e+00 2.201189547499802224e+00 1.600413019292264538e+00
1.300000000000000044e+00 2.169999999999999929e+00 2.154999999999999805e+00 2.209999999999999964e+00 1.600000000000000089e+00
