8.699999999999999956e-01 2.740000000000000213e+00 1.850000000000000089e+00 2.629999999999999893e+00 1.350000000000000089e+00
8.990588293074549542e-01 2.738261049118118073e+00 1.834296174228722043e+00 2.599563659103542257e+00 1.347652109277878596e+00
9.376662360955512199e-01 2.751657145453662245e+00 1.825887755787382716e+00 2.579626848606191736e+00 1.346384656018674741e+00
9.574924421945678610e-01 2.769536380326259817e+00 1.858012179209228343e+00 2.560787422156650450e+00 1.337690550597363748e+00
9.816587362408604189e-01 2.744813425199847501e+00 1.895284698496918940e+00 2.561959563663785300e+00 1.335931127832424181e+00
1.012436520183029209e+00 2.705904186629442876e+00 1.917610296264488090e+00 2.563220140834811200e+00 1.335825173571413060e+00
1.036693779949509064e+00 2.683840054875130221e+00 1.952701496676719550e+00 2.550563675397049312e+00 1.334816044064818463e+00
1.058975559310326942e+00 2.695768580205213372e+00 1.991420204116459036e+00 2.539794453069299074e+00 1.329478704295817382e+00
1.082739596963668172e+00 2.719347581228481303e+00 2.027431280882498577e+00 2.532275509661152668e+00 1.323229585691335197e+00
1.105827354609434376e+00 2.742972381714775754e+00 2.060682259877442135e+00 2.518276042700958506e+00 1.315193337822659680e+00
1.131764382314195849e+00 2.764684899889392256e+00 2.089349482029891014e+00 2.499354773321365464e+00 1.319185615759865593e+00
1.148002378054457484e+00 2.727485315439877933e+00 2.116072328977664174e+00 2.504270215375461461e+00 1.319616926531978596e+00
1.171571940322042593e+00 2.711136209906451100e+00 2.155032420747709843e+00 2.500100279391579416e+00 1.318971261293198749e+00
1.196488919430819253e+00 2.704068359051794435e+00 2.194372474107419979e+00 2.491058072916538357e+00 1.319114456364123944e+00
1.222595012566720429e+00 2.694773344316103270e+00 2.231977072041945398e+00 2.480174189585272693e+00 1.319473907529205681e+00
1.246556168290424926e+00 2.649832814234184486e+00 2.233634678841951882e+00 2.464631121773253497e+00 1.320214264788572400e+00
1.258382336017568104e+00 2.595558924200171091e+00 2.212452393359279679e+00 2.451985153916041771e+00 1.322083495114211749e+00
1.269633734722607432e+00 2.539215180976513331e+00 2.197754085625259091e+00 2.436850135352338853e+00 1.327077704726503438e+00
1.281455780365712283e+00 2.483216709348292639e+00 2.190739605531764056e+00 2.419176421311096892e+00 1.335024251670822393e+00
1.294616847948875771e+00 2.426669641620827100e+00 2.192174121540388931e+00 2.402919967907722665e+00 1.344183147081481122e+00
1.302111903534735493e+00 2.382722287580560927e+00 2.200043074023287470e+00 2.379913002562797697e+00 1.360500917527834197e+00
1.299602526769921607e+00 2.365957532945343722e+00 2.198849728342771481e+00 2.345412544851903647e+00 1.380156884138542761e+00
1.304785228181196466e+00 2.345562702963768231e+00 2.192644823833272305e+00 2.307490852275409399e+00 1.392514965442507080e+00
1.303700748284021271e+00 2.329307893438258947e+00 2.182826078209249676e+00 2.273832505542014992e+00 1.411547664626144893e+00
1.289216422294072295e+00 2.348127092744102029e+00 2.161455418568814402e+00 2.255821568751475326e+00 1.435885776812737102e+00
1.276355776913566498e+00 2.379100345096868185e+00 2.134147357847325566e+00 2.244588169529105670e+00 1.454139412761293215e+00
1.262443174168753179e+00 2.365081970059227157e+00 2.135530866559256502e+00 2.226329616073003059e+00 1.482820701063534807e+00
1.254515768648930552e+00 2.341798718031058435e+00 2.139005718825785163e+00 2.228763895890873314e+00 1.515795272385795034e+00
1.247074698851300845e+00 2.317824092304725525e+00 2.142498276648332922e+00 2.232778717127265278e+00 1.548593740340112657e+00
1.239980606920777495e+00 2.296264918723772475e+00 2.146099728058346479e+00 2.235900011634263773e+00 1.581886817287551761e+00
1.236029708235975910e+00 2.289934967895560280e+00 2.150809438611978930e+00 2.232202976251199011e+00 1.616271907000287333e+00
1.266962465064023213e+00 2.271962889302383548e+00 2.172761837645218908e+00 2.210497916323491019e+00 1.613429577673175297e+00
1.293880597593902948e+00 2.229351943519599644e+00 2.176220635256612468e+00 2.208111219579522722e+00 1.596958481842536637e+00
1.300000000000000044e+00 2.169999999999999929e+00 2.154999999999999805e+00 2.209999999999999964e+00 1.600000000000000089e+00
