8.699999999999999956e-01 2.740000000000000213e+00 1.850000000000000089e+00 2.629999999999999893e+00 1.350000000000000089e+00
8.868961236607134646e-01 2.768075048576289721e+00 1.869743039116638306e+00 2.619378467408628897e+00 1.345784676290940229e+00
9.051143570433127783e-01 2.779697741650934084e+00 1.893034596255945834e+00 2.604925860040876007e+00 1.343511458091206423e+00
9.277401726842290364e-01 2.772625710139776434e+00 1.912275184104148762e+00 2.587418070083958188e+00 1.344878528317932975e+00
9.556205469209059222e-01 2.759970838785332337e+00 1.925385834583976941e+00 2.571835802710945806e+00 1.346757707432165496e+00
9.856960530551182043e-01 2.756165125701552920e+00 1.938816436929421627e+00 2.558707104440698377e+00 1.346755068197768246e+00
1.011026888660559120e+00 2.759887324348105242e+00 1.958606534700792823e+00 2.548036259730126485e+00 1.343083845703152424e+00
1.030252868131173782e+00 2.759423007935081884e+00 1.983560509066800037e+00 2.541405020697479422e+00 1.337373672863812368e+00
1.048218242878846240e+00 2.750365569279662914e+00 2.009429269621272329e+00 2.537704200483649419e+00 1.332591198469070815e+00
1.068380497172321641e+00 2.735643320073836371e+00 2.033132659317042013e+00 2.531704925380000581e+00 1.329332344693327173e+00
1.091769412128567263e+00 2.717191065950147699e+00 2.050737858083270915e+00 2.517960960371836254e+00 1.328061883042712887e+00
1.116732306555662246e+00 2.697675269239669937e+00 2.060919933283797523e+00 2.499019005584839359e+00 1.331728475590530314e+00
1.141162570133131382e+00 2.682077053441403791e+00 2.074224172987528814e+00 2.482959240043763671e+00 1.339255799683910508e+00
1.163287904598457434e+00 2.673126266365157377e+00 2.095645993796473761e+00 2.473717411632344820e+00 1.345116862577745209e+00
1.185206885729247928e+00 2.667557249265517960e+00 2.119945004751522699e+00 2.469536405271521406e+00 1.347501403910870366e+00
1.208309343148443071e+00 2.661129666876978384e+00 2.143816269880960412e+00 2.469469381666954622e+00 1.347760571825278086e+00
1.231052772921551686e+00 2.644009304045944475e+00 2.165720181348731899e+00 2.471427970344704850e+00 1.347517258744365787e+00
1.245218105097030570e+00 2.602138189987420969e+00 2.175032657544879733e+00 2.468359981108613876e+00 1.349221342924268097e+00
1.245249057684134630e+00 2.558007920255759071e+00 2.162743643702429885e+00 2.459401797130432055e+00 1.353128527254128022e+00
1.247234839438898790e+00 2.516198270816388582e+00 2.146116258569045421e+00 2.450507634825575209e+00 1.357610731835224405e+00
1.263436804593913276e+00 2.489672223136746076e+00 2.157819183433294263e+00 2.433438527607864277e+00 1.364075313437673298e+00
1.278939830297193492e+00 2.489189255313915439e+00 2.183236593410808446e+00 2.421715473665433382e+00 1.370447747786026849e+00
1.282536855428532796e+00 2.528044636715905291e+00 2.193446769455012824e+00 2.407834360869474111e+00 1.376708163275713215e+00
1.266476371277652335e+00 2.555143049031442182e+00 2.184961593235428268e+00 2.382807544950178880e+00 1.373714179488650711e+00
1.251739039214424754e+00 2.564965544450144019e+00 2.184769899080218458e+00 2.348830601981435784e+00 1.374473088110796049e+00
1.245054670765079363e+00 2.560625869305621638e+00 2.188639655426300124e+00 2.313797962854869716e+00 1.382453509575522377e+00
1.246024678554879195e+00 2.543569435537867740e+00 2.186751956489187965e+00 2.283993265221327285e+00 1.395608916079713824e+00
1.251660041557260961e+00 2.521471481368186218e+00 2.174009659230547342e+00 2.262084395945652027e+00 1.409401450131757105e+00
1.260166315067635212e+00 2.504063616943313697e+00 2.154432263229927980e+00 2.245945822790301971e+00 1.422372920076268032e+00
1.269357425503457204e+00 2.492523845240939284e+00 2.134098956282294957e+00 2.234740169452559488e+00 1.437776930118721541e+00
1.274812733182275837e+00 2.482126688992273511e+00 2.118121132296465259e+00 2.230092135394857955e+00 1.457967074145791964e+00
1.273543062252282754e+00 2.468551860704121914e+00 2.108279279171957121e+00 2.227140439053437060e+00 1.480452350076528978e+00
1.268703638459748095e+00 2.453408711292893507e+00 2.108523138057277091e+00 2.224502350939322692e+00 1.503768570565396923e+00
1.271610212073545521e+00 2.442770693030043905e+00 2.118165335818884110e+00 2.237459763699694903e+00 1.524825884831874534e+00
1.273181248610882221e+00 2.414559980990868659e+00 2.125947819254927040e+00 2.245107981391165630e+00 1.543898287504645417e+00
1.273717930045815239e+00 2.371676308131906996e+00 2.129571258317694671e+00 2.250316299765556582e+00 1.557150592584161108e+00
1.272314178342133228e+00 2.322539921273481855e+00 2.128135671199546497e+00 2.258046267353072345e+00 1.563647286552581672e+00
1.253639140538221897e+00 2.291353837524784165e+00 2.120059262541797995e+00 2.271246951682637238e+00 1.564243162674409771e+00
1.255314580102266042e+00 2.269372559365995912e+00 2.127199758843350441e+00 2.244794049414931880e+00 1.577819060761809000e+00
1.264654830307180067e+00 2.248357583754609923e+00 2.133655010746263958e+00 2.220739599966417455e+00 1.591598842550033144e+00
1.286563340219462059e+00 2.214305842080566133e+00 2.146407048010785523e+00 2.219542738003152937e+00 1.596799146520542445e+00
1.300000000000000044e+00 2.169999999999999929e+00 2.154999999999999805e+00 2.209999999999999964e+00 1.600000000000000089e+00
