8.699999999999999956e-01 2.740000000000000213e+00 1.850000000000000089e+00 2.629999999999999893e+00 1.350000000000000089e+00
9.050129682979289880e-01 2.744744438257595398e+00 1.850270461986525783e+00 2.604343619282219358e+00 1.347744789248351838e+00
9.320343765493536159e-01 2.757901535464510445e+00 1.858592064795762111e+00 2.576534673167836687e+00 1.336816689708313577e+00
9.639770557626827774e-01 2.743784068038986224e+00 1.874732553360697107e+00 2.558974502889666880e+00 1.328569191822979167e+00
9.931078843383825960e-01 2.715526323446844970e+00 1.897836523007318199e+00 2.553641916524104438e+00 1.327801331880928082e+00
1.019490660161598061e+00 2.696865731941537891e+00 1.926235449692478952e+00 2.557303458364533100e+00 1.328631304853487238e+00
1.040445549433101302e+00 2.705648506991017221e+00 1.959039284106642409e+00 2.557221780394364874e+00 1.331185200770065302e+00
1.066071030006530584e+00 2.708490940793801371e+00 1.986776741023220438e+00 2.542342326569410282e+00 1.330358874815563253e+00
1.089038706230047060e+00 2.713130680528678340e+00 2.015256541443282590e+00 2.526602734130841910e+00 1.324637235187003270e+00
1.104210974972525294e+00 2.741060062580493728e+00 2.045721153262805458e+00 2.517888553667782858e+00 1.319076949858377423e+00
1.122248740238289244e+00 2.768575911918721211e+00 2.075682036753450532e+00 2.507255313584670020e+00 1.318261461799833612e+00
1.147541735245168892e+00 2.787226596487508701e+00 2.103454541038806802e+00 2.499781431092483075e+00 1.323412823939087879e+00
1.176447409398435173e+00 2.796406597099524216e+00 2.129863684776688970e+00 2.497927068625192426e+00 1.330953686219098264e+00
1.207005645632711621e+00 2.779632574582914017e+00 2.153330521326006330e+00 2.491359043783404115e+00 1.336196448185674512e+00
1.228156187490747620e+00 2.736704234364920829e+00 2.172437953406323174e+00 2.476819379773952612e+00 1.336455616185579842e+00
1.241865149700965176e+00 2.684335875404847194e+00 2.190773052336871807e+00 2.464550048151833206e+00 1.331618458729313836e+00
1.252913485988037756e+00 2.626324249910914510e+00 2.204273551179354751e+00 2.453004177978454159e+00 1.324822026505790840e+00
1.261912135534718260e+00 2.565614760259230742e+00 2.212108734358936513e+00 2.436170363357899493e+00 1.323534066211254245e+00
1.269863578884568023e+00 2.508248535127714174e+00 2.216929564920258944e+00 2.416875636864890708e+00 1.331622649647266066e+00
1.277758133950376074e+00 2.456096667279604073e+00 2.217357749053102012e+00 2.398594078772547267e+00 1.346298754084257254e+00
1.283525335516831678e+00 2.413566761485403056e+00 2.210262987188944983e+00 2.376559932401760111e+00 1.363512347754519460e+00
1.286495051969003933e+00 2.384961483195124021e+00 2.198903194624554747e+00 2.348193735920238723e+00 1.380671934975014281e+00
1.289102582294396671e+00 2.364304502965224319e+00 2.188266360528657195e+00 2.317604573268708279e+00 1.398716326295485146e+00
1.289421799114670364e+00 2.351591714146560541e+00 2.179572768925448933e+00 2.282380501710832732e+00 1.414527601305739735e+00
1.282872975767119339e+00 2.357595319650924282e+00 2.159640347140483030e+00 2.257766052844345506e+00 1.432180881638490666e+00
1.271673037621094293e+00 2.354837206699287311e+00 2.150366987636167515e+00 2.226125799407532302e+00 1.448881006580577946e+00
1.258860889989860121e+00 2.372938148506047895e+00 2.135243990652112789e+00 2.231841941574616239e+00 1.473659253714761030e+00
1.249136603398509626e+00 2.365536545638879939e+00 2.137896509913104204e+00 2.239656397915565034e+00 1.502781654497231223e+00
1.240005873210729304e+00 2.349009678977656002e+00 2.147452442432227659e+00 2.239800142309754882e+00 1.530903961097911381e+00
1.232334567709842066e+00 2.329569040855381523e+00 2.158058846994733493e+00 2.238482779938504308e+00 1.558619364458368795e+00
1.234235590418641948e+00 2.302164112444422539e+00 2.168809936512011483e+00 2.235794369037139351e+00 1.584999900619584068e+00
1.267233488405283826e+00 2.263540756421620337e+00 2.174886948265887909e+00 2.227738929150249181e+00 1.592123318257555376e+00
1.298010244358157594e+00 2.224694894414286583e+00 2.167644011757756672e+00 2.216221239616205096e+00 1.584459234041998510e+00
1.300000000000000044e+00 2.169999999999999929e+00 2.154999999999999805e+00 2.209999999999999964e+00 1.600000000000000089e+00
