8.699999999999999956e-01 2.740000000000000213e+00 1.850000000000000089e+00 2.629999999999999893e+00 1.350000000000000089e+00
9.056356127494377128e-01 2.732208507223501393e+00 1.853501370443979557e+00 2.604113298702015911e+00 1.344057545414118371e+00
9.340239678668867951e-01 2.738129145436710488e+00 1.851795566056414488e+00 2.573343056023336572e+00 1.333473520508412058e+00
9.652771992817731350e-01 2.741326266502055908e+00 1.881103983556550396e+00 2.561530186159862055e+00 1.335251861647173355e+00
9.916335674406464573e-01 2.734116578339043535e+00 1.915503992249832033e+00 2.555294000504426677e+00 1.327569096039928898e+00
1.015953293205655861e+00 2.762117217421869775e+00 1.947741085572073150e+00 2.560012781601572751e+00 1.330328980026822983e+00
1.048542837701275321e+00 2.777169189994473708e+00 1.974988621384078824e+00 2.558027022426862640e+00 1.339398583524770592e+00
1.078718160093528944e+00 2.767227349517609625e+00 2.003426134701233874e+00 2.543754969526273335e+00 1.334895058093647169e+00
1.092756573992899938e+00 2.746744778179126989e+00 2.036606077600956688e+00 2.525893939880817562e+00 1.325862887138682611e+00
1.110045187089490959e+00 2.730944166552865759e+00 2.074287222685282206e+00 2.510145607833972115e+00 1.325813744593989263e+00
1.125623641935584063e+00 2.710770655865423873e+00 2.113667191535452350e+00 2.504217893265593631e+00 1.321457476848925117e+00
1.141506759030458173e+00 2.678349989624350336e+00 2.146995884744450578e+00 2.505201660324906321e+00 1.313999794942163124e+00
1.166788132251406429e+00 2.650590538542363372e+00 2.177022537730084473e+00 2.500785295698462196e+00 1.311734942688823846e+00
1.198078971734167109e+00 2.646847977938456165e+00 2.208077915123868085e+00 2.488057147714680006e+00 1.314460515602337232e+00
1.230256584454556990e+00 2.640120896401497497e+00 2.236399893855976817e+00 2.473549498617829023e+00 1.318515131829392395e+00
1.258993691242732638e+00 2.616526980202225072e+00 2.258313522629226355e+00 2.459348379460100986e+00 1.324101613928740040e+00
1.266454254914016309e+00 2.560948668486352275e+00 2.260034830596890920e+00 2.449429440211083442e+00 1.330005539491639022e+00
1.284276630451175683e+00 2.511596859563757889e+00 2.258522166668652353e+00 2.439926153653905860e+00 1.339791309071219239e+00
1.302931348240723874e+00 2.469109038855042737e+00 2.245783302924843738e+00 2.422719056243954228e+00 1.348870763871032441e+00
1.312983434931887627e+00 2.432893432394460653e+00 2.254532774710814369e+00 2.395553616064145075e+00 1.360661680174939603e+00
1.328793924703235430e+00 2.411432550764279092e+00 2.291913457335991833e+00 2.382823645444556604e+00 1.365670023854836046e+00
1.338023752311965353e+00 2.369347243872930608e+00 2.311998024698892262e+00 2.363640791337680902e+00 1.374381032411201575e+00
1.332130917944966075e+00 2.344713488566309234e+00 2.293873221453332611e+00 2.331638286660329129e+00 1.384535520816073895e+00
1.326705310787034575e+00 2.330671985214852526e+00 2.262446267822732615e+00 2.303837899537370948e+00 1.392902116299726822e+00
1.321307016282590174e+00 2.317343627987192178e+00 2.230060646928284651e+00 2.276535949546914406e+00 1.401259045959752036e+00
1.315168677759604332e+00 2.305421667359031979e+00 2.197868539210436900e+00 2.250810264788061232e+00 1.412073244965095231e+00
1.306233674698388247e+00 2.303512329058896579e+00 2.173011188764685464e+00 2.238494614455020848e+00 1.434038928800411616e+00
1.291405190494036459e+00 2.347316575700145069e+00 2.161139483727432697e+00 2.241204399937286595e+00 1.440706883119654780e+00
1.281025257575786114e+00 2.386641846268987344e+00 2.164326716102352055e+00 2.240306052115339508e+00 1.419461608549415166e+00
1.260892081740278226e+00 2.372511528704782879e+00 2.162344810283341356e+00 2.221190029452320580e+00 1.411977607062661288e+00
1.248259696643075456e+00 2.362073607822028354e+00 2.158810650610111015e+00 2.205824300338033339e+00 1.438227388761609271e+00
1.236746992972762360e+00 2.354896505996046052e+00 2.156449974677000281e+00 2.192666365527186301e+00 1.465539990840926787e+00
1.227420248649313983e+00 2.350336956179963632e+00 2.155372568934728950e+00 2.183430772035413359e+00 1.494054754927667039e+00
1.221377734741048826e+00 2.348818585247631319e+00 2.156387835992850555e+00 2.179403214894904739e+00 1.523592538864386503e+00
1.219013512361889484e+00 2.344653652702771929e+00 2.161469098360273122e+00 2.177206221622834281e+00 1.553192809947716357e+00
1.221140259691280150e+00 2.334515843898572918e+00 2.168881063821161970e+00 2.179814975216887163e+00 1.581825601527714120e+00
1.217310609029427226e+00 2.282024691949443351e+00 2.169041350731665929e+00 2.181946458396888389e+00 1.593975731352294423e+00
1.233669019411361978e+00 2.229379606405938130e+00 2.171803643844298470e+00 2.192599340178678524e+00 1.592873878710575841e+00
1.261117527479526990e+00 2.190952084497200580e+00 2.165752210270543543e+00 2.197641787953080517e+00 1.605334361969330104e+00
1.300000000000000044e+00 2.169999999999999929e+00 2.154999999999999805e+00 2.209999999999999964e+00 1.600000000000000089e+00
