8.699999999999999956e-01 2.740000000000000213e+00 1.850000000000000089e+00 2.629999999999999893e+00 1.350000000000000089e+00
8.969291056639728810e-01 2.726079549866686769e+00 1.859934424613127968e+00 2.607379263223281729e+00 1.340646466766306499e+00
9.241655475429172428e-01 2.711794066760834898e+00 1.865953860199768721e+00 2.583102791900346862e+00 1.332300681324411817e+00
9.556385973735364026e-01 2.703655451418965683e+00 1.878804619920942054e+00 2.565370730254830978e+00 1.325907294255309621e+00
9.879979095626021390e-01 2.710056517307089852e+00 1.899132621735885706e+00 2.557002165113738013e+00 1.325033198544380175e+00
1.016387592935836359e+00 2.725311435452410613e+00 1.923584732374619577e+00 2.553898405363644208e+00 1.328900475866666486e+00
1.041406591123918313e+00 2.740719992380943548e+00 1.951341996135407486e+00 2.550356944996535535e+00 1.333441231939999527e+00
1.064478232228720067e+00 2.752890411413809524e+00 1.981482866291152556e+00 2.544213713831436685e+00 1.336291582851229620e+00
1.086623345616337666e+00 2.762524769810146275e+00 2.012587715009354739e+00 2.536201333161319127e+00 1.337631891321058752e+00
1.108505902155652922e+00 2.770298156159346714e+00 2.044057590112339451e+00 2.527623668194469264e+00 1.338340400029539135e+00
1.130537556548817157e+00 2.772940154684707004e+00 2.075806240947043246e+00 2.518987231238292157e+00 1.337985700058930805e+00
1.152718741856057383e+00 2.762704262146945755e+00 2.106079992292395620e+00 2.510700031295908019e+00 1.334703776046467949e+00
1.174120256840617715e+00 2.736399662851924042e+00 2.130822701703271260e+00 2.504708211302132170e+00 1.328333500571730719e+00
1.196685944400087021e+00 2.705368516630298537e+00 2.153283141656564759e+00 2.502367819052812692e+00 1.323009458534541993e+00
1.219960533515360268e+00 2.682236606248901367e+00 2.180096449243268175e+00 2.500436970493449707e+00 1.320646493228322615e+00
1.238488777933638652e+00 2.659229476775184509e+00 2.208758517947239763e+00 2.491813129510893621e+00 1.316216486033841004e+00
1.251495893100199153e+00 2.619164329416117543e+00 2.225979574788642168e+00 2.479789253291547535e+00 1.310385021890667856e+00
1.262585212324338624e+00 2.568126691335600231e+00 2.226863467355283621e+00 2.472888859450294685e+00 1.311778884687508251e+00
1.274914674606029363e+00 2.519706516982822109e+00 2.223496272457950784e+00 2.468371025555012199e+00 1.321207146066212701e+00
1.288716906167497456e+00 2.475096533055741510e+00 2.222993924553939848e+00 2.462502252285970972e+00 1.334306853677211135e+00
1.297589521104814958e+00 2.429881465826730924e+00 2.224448762187448914e+00 2.449246007611302289e+00 1.346020354175031963e+00
1.302509195057876878e+00 2.387589049079311909e+00 2.225659590042900593e+00 2.430714776219471407e+00 1.358613055784914758e+00
1.303070319986368020e+00 2.355569564825452655e+00 2.236361204414528014e+00 2.404306613421463013e+00 1.369312162674837241e+00
1.302445990576872825e+00 2.333286791834488838e+00 2.251628606420892798e+00 2.375200247293822731e+00 1.381488901656236168e+00
1.306565555015755331e+00 2.323966561645209872e+00 2.232439137742003865e+00 2.342697679914669262e+00 1.387798225348574555e+00
1.305101903004135977e+00 2.328083985148684754e+00 2.204692776338079696e+00 2.314043529691185430e+00 1.388237262765471547e+00
1.307139115435256738e+00 2.329890155802815332e+00 2.186513539386064853e+00 2.279214504217539350e+00 1.394794613170906139e+00
1.310480002204179817e+00 2.337613440997727832e+00 2.178165912260650483e+00 2.243202143421042294e+00 1.405591467640165293e+00
1.293413972155259772e+00 2.338064246818817526e+00 2.178399170258036754e+00 2.212609226226589509e+00 1.416334734226999181e+00
1.260231320245810416e+00 2.320020349178044228e+00 2.176282602692142465e+00 2.203107848943949065e+00 1.425356021796390982e+00
1.235793183965395503e+00 2.308962758596368570e+00 2.168640382908378683e+00 2.195218575815126361e+00 1.445605633100044418e+00
1.220416314129931790e+00 2.304983554047887129e+00 2.162629008928093288e+00 2.188782893209491931e+00 1.471362670805549833e+00
1.210506058518042938e+00 2.306127133714484412e+00 2.161470877365079257e+00 2.184108617480103209e+00 1.499150298785617785e+00
1.204948875967444266e+00 2.310540071114520533e+00 2.165251382694520110e+00 2.180468009621066461e+00 1.527465979723484191e+00
1.203454581375487775e+00 2.312236814822449915e+00 2.173623355322715778e+00 2.174615383735098550e+00 1.555319431255766549e+00
1.211142107908806054e+00 2.303037188000343072e+00 2.182870879527384123e+00 2.166092349095142033e+00 1.581545348355403391e+00
1.214185980580908319e+00 2.289794040107378859e+00 2.176575055894054422e+00 2.169552090069509998e+00 1.608906571187911583e+00
1.222221655692423692e+00 2.255536642546799087e+00 2.163622042892838326e+00 2.174730613195958728e+00 1.627774382169471457e+00
1.242790473630567716e+00 2.215115890481737626e+00 2.152596740740555070e+00 2.186122076249096047e+00 1.624354440943151845e+00
1.271684780962384353e+00 2.201931409190422073e+00 2.156384675125745165e+00 2.200956641264365743e+00 1.609433477536269308e+00
1.300000000000000044e+00 2.169999999999999929e+00 2.154999999999999805e+00 2.209999999999999964e+00 1.600000000000000089e+00
