8.699999999999999956e-01 2.740000000000000213e+00 1.850000000000000089e+00 2.629999999999999893e+00 1.350000000000000089e+00
9.075085268678794170e-01 2.736208468830592988e+00 1.860866894703427921e+00 2.611841215807945815e+00 1.342079514761919778e+00
9.413687954712779415e-01 2.740773843039821855e+00 1.883514337458947807e+00 2.599269009145406262e+00 1.335911104107453395e+00
9.749643401265565279e-01 2.758011367904834810e+00 1.898786904354046179e+00 2.590972728669734604e+00 1.348029107136531346e+00
9.766246105948785949e-01 2.755128349088384443e+00 1.871861179673979692e+00 2.588015258211765701e+00 1.367243668189810579e+00
9.975952560073659825e-01 2.732302596731135846e+00 1.881831201818775501e+00 2.567143877098543303e+00 1.357650057979123526e+00
1.018162976376600914e+00 2.728270262446778283e+00 1.911756697772975855e+00 2.552314068822214566e+00 1.346481953193032766e+00
1.036448997815590634e+00 2.718777530504937090e+00 1.944332478203412373e+00 2.539619906306275432e+00 1.337022012060524734e+00
1.053307082231305758e+00 2.704439116932996434e+00 1.979822726085232354e+00 2.535106044605473397e+00 1.342375785757076834e+00
1.077494861725119879e+00 2.694665485185202325e+00 2.011208687302342923e+00 2.522063519796197362e+00 1.345761397381584734e+00
1.098117265145792443e+00 2.711096792885331563e+00 2.045017222736903673e+00 2.515233288515545951e+00 1.348688502397075606e+00
1.120278750714606142e+00 2.688171839251253470e+00 2.075219170152083237e+00 2.505475310745130191e+00 1.347499738868176200e+00
1.145489391186546246e+00 2.654012310546732145e+00 2.101695728742723812e+00 2.497342408052143359e+00 1.346168645490762206e+00
1.173163380543601919e+00 2.627966282864091063e+00 2.129221155548445488e+00 2.493604183661848772e+00 1.341370055302576914e+00
1.203713877538579613e+00 2.601068533121638104e+00 2.153087750723015503e+00 2.489537864439165471e+00 1.335026465570377852e+00
1.232526285787654885e+00 2.576257039877475119e+00 2.177942045176615160e+00 2.483914028223778825e+00 1.341806861068910894e+00
1.245578042462578416e+00 2.539783114730335800e+00 2.195553798070042362e+00 2.458931652497998943e+00 1.351719104886289546e+00
1.246669904181273214e+00 2.511183737430115137e+00 2.202056274682958836e+00 2.419233429417599002e+00 1.347225941390690629e+00
1.242971906156489226e+00 2.503822746176709302e+00 2.199604941089867260e+00 2.374896939706112597e+00 1.346221058282951022e+00
1.243412393579021558e+00 2.520498349374706848e+00 2.194990433617421743e+00 2.334234428567744768e+00 1.355957637776086688e+00
1.247897785507636970e+00 2.539610944325369601e+00 2.204919664426202797e+00 2.300381421007205773e+00 1.371623939572600648e+00
1.247509421910295790e+00 2.544155457850721724e+00 2.216664687803469924e+00 2.274358284029767141e+00 1.393686008962856659e+00
1.244553694769431118e+00 2.546324685926937725e+00 2.225027211786513526e+00 2.254695362559082650e+00 1.419022273962430969e+00
1.236110724164460883e+00 2.556922690858265845e+00 2.207997819433099806e+00 2.276412418148756167e+00 1.437422249154097553e+00
1.230718966218583788e+00 2.569402522253218635e+00 2.183883372239109555e+00 2.307112875685887410e+00 1.444988201958373297e+00
1.237638438245948214e+00 2.590374022044285240e+00 2.179787465116643119e+00 2.299328517364316316e+00 1.471538628135372173e+00
1.244405613845676495e+00 2.592741308084534957e+00 2.168366752961399690e+00 2.291859926746957932e+00 1.498581677485129937e+00
1.250967356577164846e+00 2.580185757225505139e+00 2.155840294486488951e+00 2.285953145338320613e+00 1.525154615400592384e+00
1.257784081132628629e+00 2.562541873755912025e+00 2.143784337795414885e+00 2.279922220650926423e+00 1.551179893738266369e+00
1.270486154846057980e+00 2.545036014274387082e+00 2.120942749525320359e+00 2.263927874695443876e+00 1.565475958387902100e+00
1.271009877169366753e+00 2.490255583300828857e+00 2.117577070008248796e+00 2.245606808877528948e+00 1.552639714613107902e+00
1.270586249410180724e+00 2.440150409258985853e+00 2.121043446943886579e+00 2.235934632573980618e+00 1.533501537414245552e+00
1.269123402475322404e+00 2.393360534171855569e+00 2.128708633817783191e+00 2.231767898543115081e+00 1.512780818611324296e+00
1.265738417356901957e+00 2.346314148223773266e+00 2.143195148916306358e+00 2.231443626275392056e+00 1.494182996788272044e+00
1.261445081205625929e+00 2.301754627534188025e+00 2.169708233266691266e+00 2.233729511524206846e+00 1.484204513531472980e+00
1.259604901617373152e+00 2.286070109847964105e+00 2.200929128963594383e+00 2.236288387987713566e+00 1.500565558859471516e+00
1.259015962798686772e+00 2.260852636601010435e+00 2.204552138299099795e+00 2.231647580396363129e+00 1.526298221353315387e+00
1.258448414408105176e+00 2.207727964113384012e+00 2.185926030272395071e+00 2.220481558828983903e+00 1.537467696679260865e+00
1.259454826728336752e+00 2.149818673067836361e+00 2.165240136450135910e+00 2.212198334511576103e+00 1.535598087698395009e+00
1.267294794280308556e+00 2.135173791162367607e+00 2.136296938104445431e+00 2.221408938226480778e+00 1.551770820318097321e+00
1.282589309706483327e+00 2.150613041922814439e+00 2.138167727422999764e+00 2.219225106768991651e+00 1.578159083780806826e+00
1.300000000000000044e+00 2.169999999999999929e+00 2.154999999999999805e+00 2.209999999999999964e+00 1.600000000000000089e+00
