8.699999999999999956e-01 2.740000000000000213e+00 1.850000000000000089e+00 2.629999999999999893e+00 1.350000000000000089e+00
9.215231802651712156e-01 2.740162844215771720e+00 1.858200836522716948e+00 2.601536350841323397e+00 1.339003777065773004e+00
9.755130509327478716e-01 2.750423255113887855e+00 1.878723271284033824e+00 2.585960599756834455e+00 1.332106897441592164e+00
1.019287273099565905e+00 2.766773335931747457e+00 1.916030643602293138e+00 2.575629912251862219e+00 1.329013075510530051e+00
1.056881505201160865e+00 2.784666006489640022e+00 1.959083808799795934e+00 2.567229702602388475e+00 1.327694147552000992e+00
1.092959142579936760e+00 2.802805193234808812e+00 2.003315158348005554e+00 2.559328363857818367e+00 1.326905371355006524e+00
1.128612579495851254e+00 2.812568969384454221e+00 2.048088008197429311e+00 2.548406494818000745e+00 1.329918485818652796e+00
1.162479154597740649e+00 2.794742070870226414e+00 2.092443572011482900e+00 2.534798246957637335e+00 1.329943168015359278e+00
1.194203969712773983e+00 2.766361705011944228e+00 2.137184667869936661e+00 2.526294152585588648e+00 1.327756312844177389e+00
1.225272308622354034e+00 2.747843005368124647e+00 2.184684991836410184e+00 2.522616128253786005e+00 1.330311455033514223e+00
1.252780889734512515e+00 2.718416907576484576e+00 2.231886847877546654e+00 2.516734913096817294e+00 1.330384345545163383e+00
1.268779490395174347e+00 2.649235062805858298e+00 2.260395205202951452e+00 2.499869985737134925e+00 1.329438851057134219e+00
1.278567355438326780e+00 2.572553007996357444e+00 2.262241283059596597e+00 2.473524416191103636e+00 1.340275857482945421e+00
1.291720431643726741e+00 2.504171875661259872e+00 2.253691218425604603e+00 2.445021935400311985e+00 1.356509065514536871e+00
1.303627603568738413e+00 2.434788336949130549e+00 2.233584745223717860e+00 2.419283096945667122e+00 1.368546135484679738e+00
1.308480633342403276e+00 2.371075513335461071e+00 2.199171008411027639e+00 2.396688236057996857e+00 1.369368593030714010e+00
1.310536544105823209e+00 2.322488610980080637e+00 2.161987841100404317e+00 2.365215451932103363e+00 1.362463823682828590e+00
1.314319787801923267e+00 2.290877759944708547e+00 2.136869968704077749e+00 2.314813663457067960e+00 1.357958512019113329e+00
1.312835799797264835e+00 2.276521371867791910e+00 2.129950217868552098e+00 2.254470432029446858e+00 1.361141869529334469e+00
1.297313305412499451e+00 2.276553086293529482e+00 2.131986838964835762e+00 2.201167999148394117e+00 1.378601219278007273e+00
1.276903097780645702e+00 2.288303588613140427e+00 2.129053079902533341e+00 2.189289871582054570e+00 1.414721471622285343e+00
1.260168866911222540e+00 2.307660173559356487e+00 2.122545800986034070e+00 2.197532973561663550e+00 1.452009861706405891e+00
1.252407196892169061e+00 2.352970078946388988e+00 2.118444379774916175e+00 2.205672772006087357e+00 1.486189015271976777e+00
1.238193857541101561e+00 2.351780647330402374e+00 2.128297604384874475e+00 2.214576247520843921e+00 1.523931376340826649e+00
1.220438717978861165e+00 2.287908728813637271e+00 2.112290511980334351e+00 2.206350844711829406e+00 1.547158130471359527e+00
1.227016825629924313e+00 2.243006511007834547e+00 2.112672747402690288e+00 2.199899270110390770e+00 1.581812594007032002e+00
1.264717483014865751e+00 2.229413018361924514e+00 2.134106521041824411e+00 2.193177318354114558e+00 1.608537441238591104e+00
1.300000000000000044e+00 2.169999999999999929e+00 2.154999999999999805e+00 2.209999999999999964e+00 1.600000000000000089e+00
