8.699999999999999956e-01 2.740000000000000213e+00 1.850000000000000089e+00 2.629999999999999893e+00 1.350000000000000089e+00
9.123111362805303992e-01 2.785014675451008781e+00 1.856293271919678078e+00 2.610127588512019869e+00 1.353253085121323362e+00
9.377516495858964074e-01 2.810465276851300320e+00 1.870015133974250343e+00 2.567652773996666138e+00 1.341702346631350240e+00
9.635231556637833261e-01 2.793353408142283278e+00 1.908140570331238850e+00 2.552724764758910858e+00 1.340403189427048058e+00
1.002405195204628452e+00 2.782871776101943695e+00 1.940667530099072113e+00 2.559128904945965566e+00 1.335542957820568644e+00
1.033384003576036214e+00 2.777375104026590158e+00 1.979527374136636153e+00 2.556813818593322019e+00 1.329973004140268422e+00
1.069740769014502879e+00 2.782382545730958778e+00 2.014848531957140310e+00 2.549862317708751824e+00 1.328261596188912153e+00
1.110621141186828753e+00 2.787752692723671544e+00 2.046133889801669881e+00 2.541329952571240725e+00 1.327696635096367705e+00
1.153467114707013685e+00 2.773950204544987308e+00 2.073653582289396002e+00 2.530681379370232076e+00 1.325246991416461961e+00
1.192014676877029444e+00 2.769446053195711244e+00 2.107309062529957089e+00 2.525585338401222124e+00 1.325413477719856070e+00
1.206319965821490703e+00 2.799069608073443405e+00 2.146355797199841930e+00 2.530397192817804619e+00 1.338271216105989758e+00
1.230297816520796284e+00 2.787734267092697671e+00 2.187296959047221101e+00 2.529382554102757030e+00 1.336157609663159329e+00
1.257126186265071111e+00 2.738215251121443039e+00 2.211076174619282853e+00 2.514284851916555041e+00 1.324834958529991669e+00
1.273218033566917651e+00 2.667979480189017316e+00 2.209061424583348199e+00 2.488259868347750814e+00 1.324503377627743061e+00
1.279934808579930250e+00 2.594694544218749233e+00 2.202627218978191692e+00 2.460724148592162486e+00 1.325757863726244823e+00
1.285696122705050071e+00 2.525137170693109390e+00 2.202100260773280471e+00 2.427990558965470669e+00 1.324119678339647166e+00
1.291202627079936605e+00 2.455839627617178778e+00 2.206074747478797615e+00 2.398553555762608092e+00 1.334011583929828770e+00
1.291938151562106452e+00 2.426918826517419525e+00 2.203707694907870440e+00 2.350805787307379546e+00 1.349870850866281558e+00
1.292253367350800985e+00 2.398761779143898210e+00 2.189629743950532781e+00 2.304286770770609838e+00 1.366756286495922623e+00
1.291961792868359105e+00 2.367553872118831837e+00 2.175048697860505253e+00 2.256453379447187491e+00 1.380066397953030988e+00
1.290594960159326288e+00 2.368521866430339351e+00 2.142481437570965319e+00 2.221021455223488150e+00 1.387036623238775190e+00
1.291481407041138230e+00 2.399525034561849957e+00 2.120185038823044099e+00 2.250390560626071679e+00 1.410944066234994798e+00
1.280470442489122007e+00 2.406155647901608852e+00 2.122488005666760547e+00 2.257040317748004288e+00 1.453747368326685940e+00
1.264617124109517876e+00 2.408030803255160279e+00 2.132194013628349705e+00 2.251144544122293478e+00 1.494848889871106756e+00
1.248664015547748862e+00 2.409781237381640295e+00 2.142107737585250415e+00 2.244927017381832535e+00 1.535906717414250888e+00
1.233229186996235072e+00 2.411398855407998809e+00 2.152514324914321708e+00 2.238592720352234444e+00 1.576976173694418115e+00
1.245944114802187919e+00 2.406479229651030671e+00 2.182431224296500716e+00 2.228755537470881620e+00 1.606692299838518689e+00
1.241497997570038869e+00 2.357305885148178959e+00 2.158749262861426210e+00 2.235269611747780605e+00 1.616662416527481660e+00
1.236603993813195412e+00 2.283855474371071725e+00 2.154677706318693708e+00 2.215240166785756415e+00 1.631395962328352933e+00
1.228300697199096847e+00 2.202220950473273042e+00 2.161067049006395013e+00 2.209903199168298027e+00 1.638542415744850711e+00
1.250236069243938264e+00 2.167801085213807877e+00 2.138033933547632603e+00 2.204527993089173243e+00 1.610788917822921551e+00
1.300000000000000044e+00 2.169999999999999929e+00 2.154999999999999805e+00 2.209999999999999964e+00 1.600000000000000089e+00
