8.699999999999999956e-01 2.740000000000000213e+00 1.850000000000000089e+00 2.629999999999999893e+00 1.350000000000000089e+00
9.020690199717891211e-01 2.753092904526947660e+00 1.848396714419230147e+00 2.618006748278251195e+00 1.351074587800001447e+00
9.299169030936087488e-01 2.753439106669869574e+00 1.856337821030486612e+00 2.599300436473502174e+00 1.346395144593003801e+00
9.425466942055684694e-01 2.773953201594304918e+00 1.877973868801349644e+00 2.583814946557143166e+00 1.344891753189482841e+00
9.608628413279906022e-01 2.782967704475578508e+00 1.901048915561216024e+00 2.571516469694995255e+00 1.346789360796160073e+00
9.878896501588178003e-01 2.782065490897789317e+00 1.918024371691999352e+00 2.562703547647349200e+00 1.341351804280988658e+00
1.017103394556426066e+00 2.768731247521006189e+00 1.930826024967124743e+00 2.556346904114641827e+00 1.335384492377317045e+00
1.044882869631625022e+00 2.750190396713778185e+00 1.945428146407843562e+00 2.551161325788371403e+00 1.332742361620144589e+00
1.069995851373084506e+00 2.733407319190094498e+00 1.964107757040987279e+00 2.546403658025801153e+00 1.332568659127401300e+00
1.092317147762329466e+00 2.720475397947814233e+00 1.986117958250506188e+00 2.541520972250729926e+00 1.333229643531093744e+00
1.112463277178241894e+00 2.710259058761922635e+00 2.010019060564211202e+00 2.536115589740450815e+00 1.333030006538343137e+00
1.130832216746197272e+00 2.703101932529063056e+00 2.034995314191148541e+00 2.530096921083240247e+00 1.330124222816646329e+00
1.145828976046896042e+00 2.702466229656826702e+00 2.061204623194250019e+00 2.523281621627496474e+00 1.324520595642955989e+00
1.157094222335950384e+00 2.697843516728362534e+00 2.087589727473487144e+00 2.511677946567900221e+00 1.320004347126887412e+00
1.171487679643893776e+00 2.672772980317505542e+00 2.105746279984367142e+00 2.495942825747504923e+00 1.318884415060766369e+00
1.189512973173864063e+00 2.639425055630727712e+00 2.118554312705967391e+00 2.482243327160889468e+00 1.319834957934954867e+00
1.209675465250309223e+00 2.607963698903937200e+00 2.132958901715709565e+00 2.472618443555163026e+00 1.323040661042532484e+00
1.229919435908406466e+00 2.583863268006968639e+00 2.151934384308551440e+00 2.467202666839131808e+00 1.328782832145699366e+00
1.247571822803048125e+00 2.565524051015483309e+00 2.174313196527665859e+00 2.462708643263994190e+00 1.336283498174557494e+00
1.262782687229883738e+00 2.540284470548677120e+00 2.193740001239511184e+00 2.454513796075449505e+00 1.345716834824511654e+00
1.275018327089910919e+00 2.503457569665239024e+00 2.201752984670469537e+00 2.441662142319917184e+00 1.356465992775960139e+00
1.283342608305228616e+00 2.467670401319292939e+00 2.198234500227362886e+00 2.423087920275700746e+00 1.367741004278596240e+00
1.284336083934870310e+00 2.447881815591238741e+00 2.187877521377345147e+00 2.397300548440745249e+00 1.379200037682759783e+00
1.275554511546446834e+00 2.445594176494367833e+00 2.178050035324136324e+00 2.368323410828707676e+00 1.389183804367480457e+00
1.260847357176402728e+00 2.451674386168168240e+00 2.173498213226449316e+00 2.338557261732311154e+00 1.396117051835335854e+00
1.246179283839784935e+00 2.458135722949546409e+00 2.175434083453016587e+00 2.307667219088062716e+00 1.400656800101342858e+00
1.235191337873214668e+00 2.457312157935869656e+00 2.183516906914021671e+00 2.276625345782642196e+00 1.406121973062943065e+00
1.228217380341058984e+00 2.442270084756132942e+00 2.193088447260660878e+00 2.249817455020355350e+00 1.417758968636046557e+00
1.226233973377412356e+00 2.423836173909758696e+00 2.195057085641390238e+00 2.233364258178863970e+00 1.439714827314340528e+00
1.234674967675097879e+00 2.427805417282260514e+00 2.193065286860586216e+00 2.231441970197872049e+00 1.466202040804454265e+00
1.247440868449101181e+00 2.443509082313822134e+00 2.189770454281458445e+00 2.237646502477303123e+00 1.490442183463661641e+00
1.259295024662442142e+00 2.457172230913974964e+00 2.182793300277519499e+00 2.245851501393087979e+00 1.514349653907121063e+00
1.269751769525012008e+00 2.465075250353476299e+00 2.173606861365323439e+00 2.253491504480326757e+00 1.538903064265970677e+00
1.278095011671438463e+00 2.462331749998018182e+00 2.165797977329895652e+00 2.258603233649144837e+00 1.565011105698688398e+00
1.281152829355790779e+00 2.446095817590866695e+00 2.160416866325840513e+00 2.259646685539182354e+00 1.591164782608110784e+00
1.279377272741949678e+00 2.419625851588492527e+00 2.153410536975933098e+00 2.256128511235332645e+00 1.614348161873434773e+00
1.284379417854036420e+00 2.377240683020604095e+00 2.148550763508447758e+00 2.246640658045557348e+00 1.626330389472654181e+00
1.282461984139516620e+00 2.341887757085933330e+00 2.168151767007000963e+00 2.250117829914951351e+00 1.623954923081452728e+00
1.281752457464775619e+00 2.300848274559445183e+00 2.158707955882145590e+00 2.237332763287881221e+00 1.612985128565461279e+00
1.283909775164107092e+00 2.255710997912759641e+00 2.158257764169172699e+00 2.220398197107106064e+00 1.609641825160575745e+00
1.288833292976180545e+00 2.213466970594979877e+00 2.168997632385587071e+00 2.210890744207108849e+00 1.599990115431001669e+00
1.300000000000000044e+00 2.169999999999999929e+00 2.154999999999999805e+00 2.209999999999999964e+00 1.600000000000000089e+00
