8.699999999999999956e-01 2.740000000000000213e+00 1.850000000000000089e+00 2.629999999999999893e+00 1.350000000000000089e+00
9.005704098400595381e-01 2.761603044772503512e+00 1.862334731600314930e+00 2.612678811038774640e+00 1.340071704978280209e+00
9.258455032031668308e-01 2.778510578469949088e+00 1.884348318705731717e+00 2.591267534181538768e+00 1.333891070386892697e+00
9.433656079001517814e-01 2.801837214342972171e+00 1.914716429078181070e+00 2.579641502608503334e+00 1.337231748284913424e+00
9.717839927863325400e-01 2.773805577019357482e+00 1.934028381221296389e+00 2.573622108864364488e+00 1.335547203679416928e+00
1.004788456092648552e+00 2.753701645300016043e+00 1.949285028161636957e+00 2.586887919093356025e+00 1.331802625294057796e+00
1.034523869873310797e+00 2.747508239214749626e+00 1.975298504324797477e+00 2.591424182352278560e+00 1.330153056646747212e+00
1.057542359593811820e+00 2.719666517204263112e+00 1.999959594762620085e+00 2.581114186155076595e+00 1.335585679011813243e+00
1.061135152127267611e+00 2.680533230616624074e+00 1.997068828812379682e+00 2.545785409723780202e+00 1.331127909839658230e+00
1.078782937531770125e+00 2.658147432691674084e+00 2.016716285130116582e+00 2.513783426769636620e+00 1.328761628326194710e+00
1.102605360980795757e+00 2.656563331758367674e+00 2.047210929863274131e+00 2.502526213433039715e+00 1.329259527771401217e+00
1.120099150505705410e+00 2.669550421716924582e+00 2.081650029089660237e+00 2.501339867847674814e+00 1.328938634952030018e+00
1.124774619542232790e+00 2.668349662487506713e+00 2.120229641522010766e+00 2.501081370344189203e+00 1.325018376125424613e+00
1.143771357063309457e+00 2.650083643257627575e+00 2.151470625951060534e+00 2.499599452352883500e+00 1.317706210670519740e+00
1.178715759252685569e+00 2.641328165298274300e+00 2.169928975915179414e+00 2.495718713655079135e+00 1.317144891844961530e+00
1.213224387872586352e+00 2.642226968302326284e+00 2.188829463006189968e+00 2.488940665297010302e+00 1.322446105155994367e+00
1.241900462541091432e+00 2.637761673714152266e+00 2.214786692850863492e+00 2.480092499650482285e+00 1.327405139178405857e+00
1.260233133396816196e+00 2.608046681130736122e+00 2.242432664967687561e+00 2.469195753921708203e+00 1.329341790019782810e+00
1.265824073488427182e+00 2.551418498973674787e+00 2.250734926128518776e+00 2.457164788104234887e+00 1.333000892272302895e+00
1.268741878119954203e+00 2.500054894288231910e+00 2.237680919205059737e+00 2.445338661183712237e+00 1.344903202123022057e+00
1.279117882141370899e+00 2.465010787999370123e+00 2.219737890757772725e+00 2.429794351158160115e+00 1.362738861456392447e+00
1.285795688303556839e+00 2.417550185947448860e+00 2.221117138749688191e+00 2.401752340198519242e+00 1.370414828871758139e+00
1.292235904410436564e+00 2.365809950414530238e+00 2.220906289531494160e+00 2.380444897491754475e+00 1.380757337377980454e+00
1.291536758528838869e+00 2.334893129822107838e+00 2.199010086182359824e+00 2.352280078043024414e+00 1.389454166555960546e+00
1.276073770632706994e+00 2.340805269615391371e+00 2.176145254898326886e+00 2.319996425056078948e+00 1.397598758952699249e+00
1.263918189341451948e+00 2.337097118441022303e+00 2.166086026114636631e+00 2.280022284463276705e+00 1.411555758194272592e+00
1.256289754288851368e+00 2.331091459309664771e+00 2.158986709147239225e+00 2.235956819666669482e+00 1.423133136471187887e+00
1.254644971767876038e+00 2.324947558798390990e+00 2.155782232741543680e+00 2.189127206181201046e+00 1.432491610082153422e+00
1.252623890170464049e+00 2.319047184060534672e+00 2.157343934657147244e+00 2.150047347639613804e+00 1.451312458225475055e+00
1.241657294268656342e+00 2.316249362431861858e+00 2.154859534705064306e+00 2.131623168285375680e+00 1.479745792819094907e+00
1.229668722179418028e+00 2.312669701375336118e+00 2.152276850269676522e+00 2.117575608451973235e+00 1.508929300119245198e+00
1.220833828338165228e+00 2.301225399640814295e+00 2.153098096011318408e+00 2.107682889802513948e+00 1.538852278201891188e+00
1.227149196600565872e+00 2.285332561787654093e+00 2.169394146211161001e+00 2.114998706893481017e+00 1.566032903068543147e+00
1.232127381151401302e+00 2.276442484918038023e+00 2.186010571387458246e+00 2.138053844125789915e+00 1.590268097541418735e+00
1.226948479978216433e+00 2.265656261732654997e+00 2.185814828798513076e+00 2.164143906673585249e+00 1.616677286556401416e+00
1.218096272177595862e+00 2.266646027865961255e+00 2.155860188990253778e+00 2.190763019514843979e+00 1.618818627988226178e+00
1.244239109821401401e+00 2.258766318408623963e+00 2.156303935757263979e+00 2.196818430884484030e+00 1.595729319600422524e+00
1.273027332313360738e+00 2.215438986056117443e+00 2.155928263406338807e+00 2.203511611291052219e+00 1.596172921830292024e+00
1.300000000000000044e+00 2.169999999999999929e+00 2.154999999999999805e+00 2.209999999999999964e+00 1.600000000000000089e+00
