8.699999999999999956e-01 2.740000000000000213e+00 1.850000000000000089e+00 2.629999999999999893e+00 1.350000000000000089e+00
9.048561098166151284e-01 2.766985673575459437e+00 1.839728744918157632e+00 2.605844346309352133e+00 1.345606720892609465e+00
9.282598746271594203e-01 2.749711586238703820e+00 1.831278362330156728e+00 2.568946397978718821e+00 1.339161022914939547e+00
9.578589270536188582e-01 2.741514622880858454e+00 1.862571874078395640e+00 2.566351443102392160e+00 1.335677754515087301e+00
9.775380673923053099e-01 2.722197396504347555e+00 1.898571142708764814e+00 2.562461379877823298e+00 1.329825712741329102e+00
9.981286391332578889e-01 2.703833596808887574e+00 1.930750082579338889e+00 2.543463644549533331e+00 1.331306267651720221e+00
1.031259808213815354e+00 2.703640863669428018e+00 1.960801084354111046e+00 2.542861842493625790e+00 1.335136405315358044e+00
1.063021302594908235e+00 2.692979466584526804e+00 1.991513373941286913e+00 2.536973048278342802e+00 1.335305410127360703e+00
1.087071829740344553e+00 2.682321820805795731e+00 2.025512525988022450e+00 2.523944309106448625e+00 1.334814518040110753e+00
1.106614665306909329e+00 2.681899258584882872e+00 2.061748496161611044e+00 2.509449559505078753e+00 1.334791635125857301e+00
1.121821486782761390e+00 2.723391925417979031e+00 2.091612706450380887e+00 2.504580663967792109e+00 1.334267034088720161e+00
1.149750381691110324e+00 2.705896650142289417e+00 2.117919076965142811e+00 2.494984652045613593e+00 1.324144726895795321e+00
1.179656171861265257e+00 2.700983192910948461e+00 2.150468276960890268e+00 2.488953906838401231e+00 1.323170965219458761e+00
1.210526428923806019e+00 2.686097356369121947e+00 2.179622130765416443e+00 2.477776827790753256e+00 1.321165319224700818e+00
1.237877205787704549e+00 2.642824217410097987e+00 2.198480670124069114e+00 2.464984325812793031e+00 1.318265136937929460e+00
1.255231043722046635e+00 2.579513772103741331e+00 2.198135385159047051e+00 2.452517106746772590e+00 1.320310179073518109e+00
1.266708873628811460e+00 2.520552478403710328e+00 2.189813879063965629e+00 2.434840099885351883e+00 1.330023432566552977e+00
1.277812162369868387e+00 2.470764492100734788e+00 2.189078756285304017e+00 2.410231634015551627e+00 1.345187426440838330e+00
1.286874201392749884e+00 2.430713161240294795e+00 2.197370451153372262e+00 2.382264439197468775e+00 1.363217783123233717e+00
1.292496128486939178e+00 2.399305404635906136e+00 2.201448808659438150e+00 2.347691208688601261e+00 1.380462806718758983e+00
1.296853991253913874e+00 2.374125015627893465e+00 2.193424614293845387e+00 2.308609700834788114e+00 1.393473142525796904e+00
1.302660484751361647e+00 2.349125387893319150e+00 2.181525719100364746e+00 2.271845768457388282e+00 1.407842886404586213e+00
1.298937031759232141e+00 2.340998418262663527e+00 2.157624448897023761e+00 2.241965672529598219e+00 1.425229606544920813e+00
1.269488934289646265e+00 2.352512108863331175e+00 2.152736606248734752e+00 2.217502179573182186e+00 1.443657936923640639e+00
1.249132419150523088e+00 2.344583206497332650e+00 2.170767079697819568e+00 2.206941124383219766e+00 1.469990134178563723e+00
1.240392686824884461e+00 2.353311906522707275e+00 2.175244654689546753e+00 2.207519138988346175e+00 1.504886306505220706e+00
1.233895659574812953e+00 2.359527490830673369e+00 2.173340583875604359e+00 2.210468228650098066e+00 1.540277400348230019e+00
1.228494317707482741e+00 2.353599391167668031e+00 2.166161914107072484e+00 2.214502072069167493e+00 1.575152623922585038e+00
1.224522906575279180e+00 2.327515747256797329e+00 2.152513892734806866e+00 2.219528094632604365e+00 1.606026253208001631e+00
1.222252940387458686e+00 2.277603854566854213e+00 2.135568461596316858e+00 2.224116106809749915e+00 1.626870632798219640e+00
1.223434822220627272e+00 2.212775438561711994e+00 2.122560497539714319e+00 2.225636817680815227e+00 1.637027207810616947e+00
1.247263860730132290e+00 2.155448836661706835e+00 2.117461884835367236e+00 2.214665075854552967e+00 1.636864636184690358e+00
1.281247877795972601e+00 2.181884427324793485e+00 2.125070739049175650e+00 2.201434766639611684e+00 1.619253914438364861e+00
1.300000000000000044e+00 2.169999999999999929e+00 2.154999999999999805e+00 2.209999999999999964e+00 1.600000000000000089e+00
