8.699999999999999956e-01 2.740000000000000213e+00 1.850000000000000089e+00 2.629999999999999893e+00 1.350000000000000089e+00
9.114281907789985038e-01 2.723322135124918386e+00 1.843570622992597441e+00 2.602314581524863168e+00 1.343727201441683450e+00
9.497785575949831971e-01 2.713429615788244043e+00 1.862304744688177305e+00 2.574561014113150303e+00 1.344482833672849376e+00
9.791424995061331904e-01 2.768584247294274103e+00 1.882834952767431513e+00 2.568299934748573321e+00 1.341131248356716599e+00
9.939914715035886861e-01 2.821493207702317818e+00 1.917576886385692125e+00 2.567319969619041409e+00 1.341403404219344120e+00
1.016325843984610122e+00 2.790753972863247778e+00 1.954615799470827087e+00 2.559206835280910752e+00 1.334952886421768348e+00
1.046247106688536821e+00 2.759555020653379653e+00 1.984370610365350451e+00 2.543116268019915083e+00 1.324981025032228033e+00
1.079155144255516507e+00 2.752998743223654454e+00 2.014484176495157541e+00 2.521547546946333096e+00 1.316695594108327594e+00
1.109910392177409388e+00 2.752752556637142689e+00 2.047998335221132393e+00 2.500280773941327084e+00 1.311987695173314927e+00
1.140267140166872473e+00 2.750475001565384048e+00 2.087459457181577882e+00 2.495500565939208215e+00 1.313356223385545141e+00
1.168459402085197052e+00 2.747301195700575072e+00 2.125338850639943988e+00 2.510315149446482152e+00 1.319269936628950646e+00
1.193641668697092761e+00 2.732350918720920507e+00 2.161987838280929886e+00 2.527917036871391687e+00 1.328612454556151734e+00
1.218994449022293036e+00 2.703833386046942344e+00 2.199520486880180759e+00 2.526777326654971567e+00 1.337283108732413739e+00
1.245491614647617817e+00 2.666373631454792559e+00 2.225838548400336681e+00 2.502343439827628302e+00 1.340779663358259821e+00
1.269534455807125761e+00 2.613358771018562177e+00 2.234726383302053421e+00 2.473199428264255317e+00 1.344509268178453842e+00
1.288049375871063162e+00 2.550373572961384117e+00 2.230691522422935336e+00 2.447450198537990840e+00 1.350792214308578654e+00
1.301712313457390247e+00 2.484327661673025212e+00 2.217569043113131411e+00 2.425062954026377060e+00 1.356734020087606574e+00
1.307711269058142722e+00 2.422412651949143569e+00 2.195501393140065982e+00 2.402362620377671565e+00 1.361727260273139617e+00
1.304408158810636209e+00 2.385382198025457257e+00 2.175342538433958861e+00 2.365145446408371654e+00 1.371661465810218861e+00
1.298453705576850137e+00 2.374166670988472116e+00 2.157645754255864023e+00 2.320589724372060569e+00 1.381604935040715798e+00
1.292391118992705756e+00 2.368492497610615644e+00 2.136171491377520937e+00 2.276830483979527031e+00 1.390248360027816155e+00
1.282888183294713658e+00 2.362234000540263779e+00 2.120318724635241736e+00 2.238372507838070735e+00 1.410730556776990774e+00
1.270307912352820701e+00 2.353441210566391106e+00 2.118454357037723224e+00 2.218585747708261557e+00 1.445048178059796129e+00
1.257276248383721429e+00 2.342256100096139715e+00 2.123183578171281560e+00 2.210905475146227595e+00 1.482167321515972080e+00
1.242921141525377138e+00 2.335017026533407591e+00 2.128700538918192997e+00 2.206467381420576412e+00 1.519580422410075959e+00
1.226452535610534023e+00 2.339480983628803301e+00 2.130409946769483476e+00 2.203715984234861480e+00 1.556865111447094829e+00
1.217711717029094975e+00 2.334252160233455609e+00 2.125620572213439363e+00 2.205797984510391441e+00 1.595267087152752339e+00
1.225501459092589229e+00 2.273401124806468054e+00 2.112463756474469712e+00 2.215285975675666652e+00 1.615504470966762973e+00
1.246322175952057076e+00 2.221087482731723295e+00 2.085457766405228508e+00 2.214561170476124108e+00 1.615815648283590811e+00
1.271731706869245304e+00 2.213414197776138348e+00 2.122760885679934262e+00 2.208867766830888257e+00 1.600334245358295604e+00
1.300000000000000044e+00 2.169999999999999929e+00 2.154999999999999805e+00 2.209999999999999964e+00 1.600000000000000089e+00
