8.699999999999999956e-01 2.740000000000000213e+00 1.850000000000000089e+00 2.629999999999999893e+00 1.350000000000000089e+00
9.167785621466355561e-01 2.759382477634244601e+00 1.899945174980457008e+00 2.597751819702307507e+00 1.335133337839317091e+00
9.739888008780351880e-01 2.776950756464058312e+00 1.952704514168967176e+00 2.590612562549777564e+00 1.332771775748612830e+00
1.040413940006704063e+00 2.770889709995373540e+00 1.986288397242863768e+00 2.557695781499991661e+00 1.332109892034116339e+00
1.105609737039248364e+00 2.744615322137451852e+00 2.021709897736415851e+00 2.530878073813564999e+00 1.336598837083660340e+00
1.161362838950230403e+00 2.722333251619275529e+00 2.074366058241535971e+00 2.525329299210581357e+00 1.340654803729582456e+00
1.194062609791512353e+00 2.697450359705331646e+00 2.139801697447690998e+00 2.519909970012923051e+00 1.341924900604552162e+00
1.228956072391027998e+00 2.690044519531029188e+00 2.205309062215643490e+00 2.506407491675661792e+00 1.349046727223539799e+00
1.278623656633790739e+00 2.689571718407498313e+00 2.264303448544782160e+00 2.510486991205457485e+00 1.344085482724984626e+00
1.297145783093336613e+00 2.606106654320141214e+00 2.258976748772983267e+00 2.503539105822811361e+00 1.338717953047999565e+00
1.297532352977455394e+00 2.576012611659535878e+00 2.204224908321582355e+00 2.460573602171488794e+00 1.323394403352412541e+00
1.301150929458286143e+00 2.573007403193531495e+00 2.135258412215536694e+00 2.436483750339605514e+00 1.329736105846840877e+00
1.293226390943967186e+00 2.545248416792935231e+00 2.087742834722686958e+00 2.385260851788647773e+00 1.312750156103587029e+00
1.280486896457348589e+00 2.506369915911253354e+00 2.080188555310180654e+00 2.327372159618698255e+00 1.275825395321458666e+00
1.285258640303470923e+00 2.426787088482207366e+00 2.085498920126156452e+00 2.295476189550714086e+00 1.243068039585973450e+00
1.316182294751416793e+00 2.359060900595318699e+00 2.070274242837461642e+00 2.250504487207324988e+00 1.251819487371499617e+00
1.371899375085829487e+00 2.376355951896127472e+00 2.085633557691247475e+00 2.226438117809752093e+00 1.295044069183054924e+00
1.363639348427425846e+00 2.342810994114022272e+00 2.109268124662298405e+00 2.217733801072915512e+00 1.356969802754576682e+00
1.315148845269466182e+00 2.293665411919659558e+00 2.136925854809329284e+00 2.210808003919971121e+00 1.395954353354222466e+00
1.302679528240594742e+00 2.259132169614096242e+00 2.134880925786992290e+00 2.179775595520724529e+00 1.455560714004358269e+00
1.289514871476398428e+00 2.234900945212639378e+00 2.117972488860352165e+00 2.167938110853952605e+00 1.520526596713118295e+00
1.267316410623609002e+00 2.205936199057322522e+00 2.104569445647504367e+00 2.186000394522919610e+00 1.582235891781295312e+00
1.300000000000000044e+00 2.169999999999999929e+00 2.154999999999999805e+00 2.209999999999999964e+00 1.600000000000000089e+00
