8.699999999999999956e-01 2.740000000000000213e+00 1.850000000000000089e+00 2.629999999999999893e+00 1.350000000000000089e+00
9.085095025802695234e-01 2.757468079413618156e+00 1.873086679156633849e+00 2.595577617760188360e+00 1.348705594576143474e+00
9.521144726172807715e-01 2.730209166879069560e+00 1.864467246256200195e+00 2.565946927890176976e+00 1.340807066068047781e+00
9.648234361677849868e-01 2.725097548638369283e+00 1.866441713211856923e+00 2.559102460614622210e+00 1.338824149007049824e+00
9.933993744563235362e-01 2.724334603777809782e+00 1.890352834945957516e+00 2.549726549133382481e+00 1.337612298014552170e+00
1.008018936928104736e+00 2.723592346119481977e+00 1.904803144714514840e+00 2.545842795083620214e+00 1.337492239954182649e+00
1.031727485043778314e+00 2.720635955131039285e+00 1.940654947653783768e+00 2.542663476974839298e+00 1.336765244683224108e+00
1.038954091509366462e+00 2.719832831828834507e+00 1.953327768489276028e+00 2.542073941992026409e+00 1.336421073461195430e+00
1.054126579407466346e+00 2.723831805222455493e+00 1.987102027339020971e+00 2.541183106096352340e+00 1.334464170390963877e+00
1.081064036061555100e+00 2.732248714340844042e+00 2.036372280319202144e+00 2.534470571756168411e+00 1.331109765158678737e+00
1.093032871217445079e+00 2.735257610353440505e+00 2.056369498713183752e+00 2.530757586213516319e+00 1.329756582381073526e+00
1.102727522810204253e+00 2.736492941749009589e+00 2.071962550938811098e+00 2.527299506579803179e+00 1.328693042390348689e+00
1.114557211066558917e+00 2.729990338239652203e+00 2.094092499377512517e+00 2.521755079100077790e+00 1.326711303399527697e+00
1.171957133419119668e+00 2.692244023136056708e+00 2.159614131469615561e+00 2.490573095502373935e+00 1.317600652256472937e+00
1.192726255906257915e+00 2.682894181126497468e+00 2.178845967444277054e+00 2.479692025235074482e+00 1.314787091513269779e+00
1.203435059257378148e+00 2.679330562917475955e+00 2.187778343594511732e+00 2.474220091611956107e+00 1.313469073771418971e+00
1.223480122599185815e+00 2.674202763770771263e+00 2.202673682154814738e+00 2.463965212153932605e+00 1.311647882529484610e+00
1.269280615144421809e+00 2.569765290411540004e+00 2.222553345708897066e+00 2.429278070456861727e+00 1.324826545862359817e+00
1.279520108710633597e+00 2.523599395824358993e+00 2.221555026517727072e+00 2.419355387632878607e+00 1.331961081878173747e+00
1.283456276660225326e+00 2.499393676571502354e+00 2.219120033230747691e+00 2.415029736137176641e+00 1.335925902178953351e+00
1.287145631714427862e+00 2.468316466115853647e+00 2.213244657069767918e+00 2.409896485428008717e+00 1.341521679518388854e+00
1.293904846175318202e+00 2.407135226284485174e+00 2.194506474010675223e+00 2.358571991955412450e+00 1.369465749221080442e+00
1.295440332383396287e+00 2.394439079502844514e+00 2.189992980716799043e+00 2.339619688549554155e+00 1.378537938459314383e+00
1.294472230192063478e+00 2.390014214866106546e+00 2.188138736013820029e+00 2.295435327828247551e+00 1.403103503146500453e+00
1.289031746694398128e+00 2.394454411000474625e+00 2.187145310447923485e+00 2.268545351429692047e+00 1.423277520937346274e+00
1.262416233078270889e+00 2.407803162720367318e+00 2.172478369339709836e+00 2.239094329268376704e+00 1.462697185903627073e+00
1.238748179309631103e+00 2.419347942854756628e+00 2.159059537503683401e+00 2.225538862597533196e+00 1.500646477552754376e+00
1.225609785539374830e+00 2.426358964923928774e+00 2.150820334247451004e+00 2.220359564786799300e+00 1.532011086692541602e+00
1.218255553271612834e+00 2.424320228404603927e+00 2.142848900471145956e+00 2.216460104525992847e+00 1.565361476878452507e+00
1.214268402044754280e+00 2.394022996416166560e+00 2.134977797548270217e+00 2.213969458070370155e+00 1.597053711297131029e+00
1.213329960219955206e+00 2.380492731978954168e+00 2.132797705422861068e+00 2.213623085384434752e+00 1.605789959967554248e+00
1.225841595832541264e+00 2.333368863045145680e+00 2.123572994668079250e+00 2.227360124082172987e+00 1.614462383623531672e+00
1.276360613013505230e+00 2.312950693291019100e+00 2.128294519239045890e+00 2.223294407499742942e+00 1.632468724155801798e+00
1.260129833315947634e+00 2.217724603347015933e+00 2.116962795391946983e+00 2.216518228065095020e+00 1.618641067388734811e+00
1.300000000000000044e+00 2.169999999999999929e+00 2.154999999999999805e+00 2.209999999999999964e+00 1.600000000000000089e+00
