8.699999999999999956e-01 2.740000000000000213e+00 1.850000000000000089e+00 2.629999999999999893e+00 1.350000000000000089e+00
9.104842545846644208e-01 2.772664037074093368e+00 1.891760234807412511e+00 2.600229312511605606e+00 1.344671951999254711e+00
9.539766287680765400e-01 2.778222334646179625e+00 1.931569712859882992e+00 2.569426803852672858e+00 1.325164266815976433e+00
1.006720992978105134e+00 2.751882361046196657e+00 1.969423277376268766e+00 2.549416821633758712e+00 1.321273280292139418e+00
1.060708813344822588e+00 2.717256956036238069e+00 2.005374188998347407e+00 2.538185535349715582e+00 1.328933762557422016e+00
1.113213375496516999e+00 2.691786403484871304e+00 2.046719152568153177e+00 2.531328214418262945e+00 1.336896990245225458e+00
1.163617698655444510e+00 2.675205408278704677e+00 2.091759952906496522e+00 2.520437358417479512e+00 1.341097700443426799e+00
1.207618371424376891e+00 2.666694973954554015e+00 2.142711187162028796e+00 2.512966929542121974e+00 1.340748971914121901e+00
1.246810301282075040e+00 2.659459911971503665e+00 2.196514667036277846e+00 2.507328846029414748e+00 1.336609871917829651e+00
1.283883460428720813e+00 2.619125443809684484e+00 2.227452527173197971e+00 2.473442776525653475e+00 1.325132834771731272e+00
1.293356224040814517e+00 2.572140235379357431e+00 2.190932393925133059e+00 2.432492546688135970e+00 1.320788121871846021e+00
1.297700825171612671e+00 2.553588444342833164e+00 2.140849872752606409e+00 2.396391697069574889e+00 1.315530098974772244e+00
1.298452645579863951e+00 2.490780708792275977e+00 2.146749392530371559e+00 2.352131841940604762e+00 1.289768778021390450e+00
1.300528149558504598e+00 2.425562320991077936e+00 2.122779571530184484e+00 2.311440147441061299e+00 1.272953492846351509e+00
1.318142011862720731e+00 2.376948524466723889e+00 2.092685015652437475e+00 2.264110318042727332e+00 1.272655500566717057e+00
1.345979774621973268e+00 2.349202972929190114e+00 2.096641137652337950e+00 2.220534913514702779e+00 1.310154806527043414e+00
1.339642586734010266e+00 2.311890901079634908e+00 2.118992547153804029e+00 2.200619917059915664e+00 1.358031900561280203e+00
1.315955603768944826e+00 2.271562606111492411e+00 2.133142558001328126e+00 2.181935513003347538e+00 1.404674585678763021e+00
1.298842831378210549e+00 2.252370288702329582e+00 2.139621100571318379e+00 2.162922391188335070e+00 1.459281260312568440e+00
1.286162529314102798e+00 2.246661121267448102e+00 2.130345183636077167e+00 2.162482214106588696e+00 1.517698088934837930e+00
1.266727649165947378e+00 2.241575094538470037e+00 2.117167513302240067e+00 2.181991024594392758e+00 1.572166601856149537e+00
1.261304983359989640e+00 2.216402982800614652e+00 2.118935335327795766e+00 2.204011303143960099e+00 1.624818578824724025e+00
1.300000000000000044e+00 2.169999999999999929e+00 2.154999999999999805e+00 2.209999999999999964e+00 1.600000000000000089e+00
