8.699999999999999956e-01 2.740000000000000213e+00 1.850000000000000089e+00 2.629999999999999893e+00 1.350000000000000089e+00
9.089929026564770309e-01 2.727765922778131902e+00 1.861421874116378827e+00 2.606996685155554605e+00 1.345397863566968999e+00
9.386725378699835032e-01 2.714694683747646664e+00 1.859367284669758424e+00 2.573358501127823494e+00 1.339224146393859005e+00
9.728123346618519074e-01 2.732171348167621971e+00 1.884190042762700523e+00 2.555132293762996554e+00 1.338323582806189904e+00
9.982325570815111515e-01 2.733793180041715676e+00 1.924057759423825953e+00 2.547531365277463600e+00 1.329182053278279207e+00
1.028210198757444793e+00 2.747936291671502218e+00 1.957966293322537688e+00 2.532337288972208444e+00 1.326477543796132474e+00
1.060195053089376893e+00 2.764171406926127172e+00 1.992509106264884311e+00 2.533313900610231872e+00 1.331989419354137949e+00
1.088115736422768043e+00 2.758124446596312840e+00 2.032521776307411709e+00 2.529191639154015903e+00 1.337284205520498537e+00
1.108024085348193744e+00 2.737995162568502394e+00 2.072895357332964927e+00 2.516226550608064105e+00 1.338778196614078375e+00
1.128252657542336612e+00 2.713701163460414456e+00 2.112581823759307031e+00 2.510269460437805300e+00 1.332838893657698920e+00
1.146064715206480011e+00 2.687948249513024468e+00 2.147217929963302296e+00 2.506939194841748542e+00 1.317736625584229770e+00
1.170871605718503572e+00 2.680647674854387486e+00 2.185752044794933902e+00 2.501781569105292924e+00 1.305959275586796364e+00
1.202622779787390517e+00 2.684214890391714459e+00 2.222619533932105096e+00 2.493532662185828919e+00 1.306950935591183471e+00
1.232954354152718368e+00 2.664687967423721382e+00 2.251160291829187088e+00 2.479140324882284308e+00 1.315959474884172975e+00
1.246686744665048252e+00 2.617119586670286324e+00 2.255772244609186128e+00 2.463493347745250972e+00 1.328117945927180354e+00
1.252710767609883424e+00 2.568196228545858162e+00 2.239083291302261802e+00 2.454142227574523716e+00 1.341609333072502519e+00
1.267170402084184966e+00 2.521433119124602218e+00 2.221118618772712772e+00 2.447587323567167683e+00 1.354956086757321598e+00
1.288890205644085185e+00 2.475144056560447225e+00 2.218234890419593430e+00 2.431952087710643529e+00 1.364210085032635078e+00
1.307380267592347822e+00 2.438077081382914457e+00 2.241342462973434202e+00 2.409826141640918351e+00 1.367073262520393850e+00
1.320336559930134435e+00 2.411826995896410697e+00 2.280728643490959939e+00 2.393714836486775965e+00 1.367443813818362219e+00
1.334277946231371859e+00 2.381429355097013811e+00 2.311476773545336094e+00 2.369298765911337146e+00 1.366479802788583386e+00
1.337687274592253450e+00 2.358242649912529743e+00 2.295978053190743218e+00 2.332798278113447754e+00 1.370305846651420412e+00
1.328519850302219307e+00 2.347825982231324105e+00 2.264569699020339222e+00 2.301749943358015305e+00 1.379420206603591437e+00
1.315313022440230295e+00 2.339004091897735282e+00 2.233112786867733845e+00 2.273007461603674617e+00 1.391006694233860363e+00
1.303768791872801591e+00 2.329236521635694501e+00 2.204527617658118110e+00 2.246616541773834186e+00 1.407982202920788017e+00
1.285609305550539538e+00 2.332368374151944312e+00 2.171691209356889640e+00 2.236667674926927862e+00 1.428083284465544889e+00
1.275319988961326034e+00 2.379404244606106555e+00 2.172822889809863156e+00 2.253518740266485132e+00 1.427229605513393507e+00
1.279650286655074520e+00 2.410811879204057373e+00 2.210234138656693936e+00 2.248395386009094388e+00 1.417456027734510737e+00
1.264266698961045821e+00 2.384744235340902296e+00 2.191217528440302154e+00 2.215105974031529090e+00 1.419999666125459248e+00
1.254780403938741129e+00 2.357997230581604153e+00 2.168210711024500359e+00 2.200815623034577229e+00 1.442066259267972494e+00
1.248743964292319486e+00 2.351194602452936433e+00 2.161390032598194288e+00 2.190505857569409187e+00 1.473556219855278071e+00
1.242714939427336907e+00 2.357972530138989775e+00 2.163894204303912439e+00 2.183355566293576633e+00 1.505842541253714417e+00
1.236030216242250068e+00 2.358972240527315911e+00 2.169173573170364300e+00 2.182950395247722053e+00 1.538571707003100864e+00
1.229301423880376110e+00 2.359916674921348712e+00 2.174425416985474424e+00 2.182553240324455412e+00 1.571299171935313099e+00
1.213845059046142261e+00 2.331801767472093445e+00 2.173191883722812356e+00 2.181576993273334431e+00 1.598619253854088207e+00
1.229232457585640370e+00 2.288786131785295552e+00 2.177380118098469985e+00 2.183172472999808988e+00 1.580678116987857651e+00
1.230783955249496575e+00 2.259048457796498877e+00 2.174172811726934551e+00 2.192304116550789050e+00 1.552767673223010458e+00
1.250602060032115936e+00 2.208446004936787332e+00 2.169873418014599764e+00 2.202422665677004066e+00 1.547910529469375351e+00
1.275166389452098592e+00 2.187435480817830236e+00 2.162305972776672913e+00 2.205773171804289223e+00 1.573629206844223472e+00
1.300000000000000044e+00 2.169999999999999929e+00 2.154999999999999805e+00 2.209999999999999964e+00 1.600000000000000089e+00
