8.699999999999999956e-01 2.740000000000000213e+00 1.850000000000000089e+00 2.629999999999999893e+00 1.350000000000000089e+00
9.045372735606684866e-01 2.754231254706922094e+00 1.840508581459486148e+00 2.614877057461409748e+00 1.343306139030778557e+00
9.339799137467903467e-01 2.785718630799999040e+00 1.850019471182334341e+00 2.606741267077168356e+00 1.332728670581718733e+00
9.549781489114170796e-01 2.790687398792833562e+00 1.880992823025576799e+00 2.589698828394686014e+00 1.330896408585842794e+00
9.746355701831759255e-01 2.772534600288708795e+00 1.908488876576590387e+00 2.568909561069375957e+00 1.330965160278333892e+00
1.002242813666637700e+00 2.749475243509975186e+00 1.927186602906146851e+00 2.550533369443378273e+00 1.332086733760224906e+00
1.033595154027449947e+00 2.730096350912763370e+00 1.947059031061750822e+00 2.537781404607033497e+00 1.333727371843345333e+00
1.059674754397940566e+00 2.718988851124991335e+00 1.977965471446582635e+00 2.530526322302671716e+00 1.331536878714447703e+00
1.080004179307625156e+00 2.716916794510347621e+00 2.014717926279639748e+00 2.528041805529231745e+00 1.326980112753011865e+00
1.100711333601245734e+00 2.730041072257807233e+00 2.050476005796676660e+00 2.527158749569147655e+00 1.324325374082060414e+00
1.124449521114309292e+00 2.744486050342096917e+00 2.083397632834755875e+00 2.520644339980807835e+00 1.324223868876287291e+00
1.148637321917351795e+00 2.737272480513456951e+00 2.110444130999069134e+00 2.502604509475599315e+00 1.325111284105686016e+00
1.169816359441484765e+00 2.712077631976427039e+00 2.126843486031087416e+00 2.477686906528365096e+00 1.327454268998694120e+00
1.193572821912570525e+00 2.679172252890242412e+00 2.135649757186832254e+00 2.455226148566927336e+00 1.330219696900799997e+00
1.216751182435396483e+00 2.638544812723029320e+00 2.152679845138426806e+00 2.446992075021372059e+00 1.331377716171329606e+00
1.229608948963632153e+00 2.596415918096792730e+00 2.178187847280833811e+00 2.446931997550422455e+00 1.338625589440764818e+00
1.245916872245737217e+00 2.556128280813595666e+00 2.200178932255056452e+00 2.446367100545317363e+00 1.350110308332541420e+00
1.268719291076798594e+00 2.518594726444560727e+00 2.218827706945554645e+00 2.442914138446068861e+00 1.360482587866657322e+00
1.291432423950899189e+00 2.479441042177083609e+00 2.237153233128696073e+00 2.436185792692951324e+00 1.368830060978630137e+00
1.309642545114807488e+00 2.432542477661816527e+00 2.245896361257773588e+00 2.423817872265650486e+00 1.375735333975263375e+00
1.307945323143812733e+00 2.405187018596376181e+00 2.223415401016258564e+00 2.402172812876981922e+00 1.380286814197938527e+00
1.290268217073533119e+00 2.405360399127873805e+00 2.201493687153098122e+00 2.375496302178984998e+00 1.387943518541892463e+00
1.269509062166849445e+00 2.419515030960196267e+00 2.190937867310888798e+00 2.347331771404957745e+00 1.398164923296268736e+00
1.249542164866539462e+00 2.438733547451993999e+00 2.183854149862329841e+00 2.318259830918498299e+00 1.407807149818828707e+00
1.231244281912208471e+00 2.470672630547626536e+00 2.181193390176079383e+00 2.291970837865254129e+00 1.416004662046203233e+00
1.222471189371986400e+00 2.504594618637742798e+00 2.195666628012004296e+00 2.293356515334395773e+00 1.433308253437528990e+00
1.225659081355718438e+00 2.507399657955476258e+00 2.187977300850954876e+00 2.306131528016444943e+00 1.459377059193341930e+00
1.237570282960312351e+00 2.508821840352463806e+00 2.175489644929696986e+00 2.305726685213293603e+00 1.486442391530411911e+00
1.251913262365813573e+00 2.512502430583219759e+00 2.164820956288994402e+00 2.298498531554699298e+00 1.513092555360230129e+00
1.259325955809563080e+00 2.532228724654346230e+00 2.166985228160363430e+00 2.276833504629336424e+00 1.533752301766341031e+00
1.251371498194171927e+00 2.561020027354705686e+00 2.184502372112911761e+00 2.251598684229213276e+00 1.532846078500218923e+00
1.245577317864989819e+00 2.564786321917848166e+00 2.183928770763024829e+00 2.240802752032983403e+00 1.554934939286396478e+00
1.252958239714784039e+00 2.531188189992461091e+00 2.163820297046366470e+00 2.249496393543506390e+00 1.574058750308657384e+00
1.263948464780758174e+00 2.486619897383466782e+00 2.154189899955054166e+00 2.259894880929933958e+00 1.590072572457253530e+00
1.276179164075772032e+00 2.469161391605532607e+00 2.179854362318812466e+00 2.265717667773923250e+00 1.610493900841218018e+00
1.284917344782158022e+00 2.426719864212288691e+00 2.195375717404425497e+00 2.263432022916958442e+00 1.627669795023074961e+00
1.282999542917070634e+00 2.375436652675567473e+00 2.173250541863299468e+00 2.257418375304625968e+00 1.624326268706734577e+00
1.280208423830173858e+00 2.336187113217248701e+00 2.146344467140502310e+00 2.252848615375019126e+00 1.611409384193268624e+00
1.283780112281212249e+00 2.316052391192474857e+00 2.139583199132614855e+00 2.235578277268361003e+00 1.588588347614543039e+00
1.282707381306296579e+00 2.285260757404350862e+00 2.141941552240895774e+00 2.210268957242217169e+00 1.604870132397722360e+00
1.289385657520964124e+00 2.226000741651973147e+00 2.147182652740458053e+00 2.205894877948767263e+00 1.607003418434925335e+00
1.300000000000000044e+00 2.169999999999999929e+00 2.154999999999999805e+00 2.209999999999999964e+00 1.600000000000000089e+00
