8.699999999999999956e-01 2.740000000000000213e+00 1.850000000000000089e+00 2.629999999999999893e+00 1.350000000000000089e+00
9.161682746631010232e-01 2.779032787009336314e+00 1.862365989192231064e+00 2.613377056906438956e+00 1.357077188199560025e+00
9.578511142525638622e-01 2.768284188520797162e+00 1.868332879280167891e+00 2.577853454648495024e+00 1.355816346105213954e+00
9.662496018811138621e-01 2.713617340662653366e+00 1.841731774009825573e+00 2.556143342255825512e+00 1.337166227901370963e+00
9.892562343231836586e-01 2.726882978026138993e+00 1.889712474394691810e+00 2.550536359563743805e+00 1.326216325812108465e+00
1.003581763790950321e+00 2.769434204330548877e+00 1.936180550200855111e+00 2.559857025732272806e+00 1.333267313777516838e+00
1.014890676375370004e+00 2.820850565840206770e+00 1.979941045682773515e+00 2.565756010371247786e+00 1.336663485026448273e+00
1.047117616012948949e+00 2.837576958385283454e+00 2.022654874806682823e+00 2.549822734888194109e+00 1.333768425050022133e+00
1.087151682163661537e+00 2.819071384882701370e+00 2.052086071256578492e+00 2.525259964794759782e+00 1.329803411844255434e+00
1.131322669896047906e+00 2.797566560572664507e+00 2.082572765535803505e+00 2.510712666094073953e+00 1.327142661277887825e+00
1.169638756751619546e+00 2.777746437785234335e+00 2.123408262446494721e+00 2.515467628396077071e+00 1.324127346481403844e+00
1.202231459503190436e+00 2.756752423474009284e+00 2.168502894138540693e+00 2.522420023240214082e+00 1.322918457215245036e+00
1.233003786729104601e+00 2.736832631323211196e+00 2.214720941567312806e+00 2.515591422008874645e+00 1.318457299500689572e+00
1.262479735258102975e+00 2.694879900460849242e+00 2.242912759957833124e+00 2.490379414059503471e+00 1.309107717451093666e+00
1.280281580383370699e+00 2.625952667817992303e+00 2.234858927504179249e+00 2.462990013695240066e+00 1.310862074938908384e+00
1.295427117987876242e+00 2.555358504673971520e+00 2.226704479825491134e+00 2.438393990947320233e+00 1.321053289895905314e+00
1.310559117558822262e+00 2.484736194565877021e+00 2.223936817227443186e+00 2.416446858808249942e+00 1.336387107932661689e+00
1.307114977976502335e+00 2.449668954473274152e+00 2.218606379607808599e+00 2.373812581132534572e+00 1.351669468237570948e+00
1.302088384756435513e+00 2.475452890866495892e+00 2.198900711148898957e+00 2.327798513635564337e+00 1.361285756269281944e+00
1.302554687416353607e+00 2.468100221305558506e+00 2.179626649801629679e+00 2.279226749860812973e+00 1.372924788549866104e+00
1.300565647489160703e+00 2.442051083279491053e+00 2.161039712556138248e+00 2.233923197346336043e+00 1.387096108821363361e+00
1.289912052716297053e+00 2.388084708219447183e+00 2.143925515158332740e+00 2.204105232510789936e+00 1.407468029932621212e+00
1.251398859554292198e+00 2.387546094194494373e+00 2.127751558123565090e+00 2.222658862109553546e+00 1.434635499263622327e+00
1.225708104200116333e+00 2.357073746834330130e+00 2.119121164309389460e+00 2.218147493347602861e+00 1.472615600424811211e+00
1.202802348038104263e+00 2.326938386608537801e+00 2.111797601533291324e+00 2.212275380536296687e+00 1.511863543381727126e+00
1.187114726477708659e+00 2.305852782230702669e+00 2.106077490795823515e+00 2.207615701068842196e+00 1.555197366224425171e+00
1.197015763424363222e+00 2.333723712031319231e+00 2.098789864793426663e+00 2.221412613110103962e+00 1.595169874184866332e+00
1.228626969500858479e+00 2.340539777842856495e+00 2.141224330794232245e+00 2.215059881434477962e+00 1.598737303053037406e+00
1.246409032322510768e+00 2.296197065033501072e+00 2.148413195119643682e+00 2.213121546635096415e+00 1.634808227344288323e+00
1.275642769402968835e+00 2.222125490746478693e+00 2.151760063646808163e+00 2.211614732615706291e+00 1.631972616661805819e+00
1.300000000000000044e+00 2.169999999999999929e+00 2.154999999999999805e+00 2.209999999999999964e+00 1.600000000000000089e+00
