8.699999999999999956e-01 2.740000000000000213e+00 1.850000000000000089e+00 2.629999999999999893e+00 1.350000000000000089e+00
8.984835783490715544e-01 2.732629319254618938e+00 1.842261621200432353e+00 2.617470113806573906e+00 1.340772691875468325e+00
9.290022185740983707e-01 2.734353615904021151e+00 1.845293865416125279e+00 2.606776023432238798e+00 1.331647088609732688e+00
9.528390581381829261e-01 2.759821822464942009e+00 1.854704382096994175e+00 2.592431960977318095e+00 1.332342250477487555e+00
9.730599535217873131e-01 2.780598559390881075e+00 1.877091896169501117e+00 2.591637383121909721e+00 1.339989091676397459e+00
9.961575215844543640e-01 2.787085560514757532e+00 1.902064833085609585e+00 2.594905977155377297e+00 1.345363273139019489e+00
1.019962199584973250e+00 2.787703459945579887e+00 1.927968628281421681e+00 2.596611599112812030e+00 1.346545317228974303e+00
1.044779451892087874e+00 2.785281403758033569e+00 1.952722461744876403e+00 2.594222336447239652e+00 1.345252010601573733e+00
1.069695256653219406e+00 2.776618245801112828e+00 1.971408023222410044e+00 2.580534045239539775e+00 1.343396874455849543e+00
1.087048126890763911e+00 2.765563490868562457e+00 1.989111984924419207e+00 2.558529663889364869e+00 1.340033605543205608e+00
1.099161597990435446e+00 2.753782778136220522e+00 2.011261420728164495e+00 2.537427805429694150e+00 1.334955432887120264e+00
1.110946033834660840e+00 2.744666336616116809e+00 2.038648287470440579e+00 2.522026110333530191e+00 1.329219993926971100e+00
1.118332556990349946e+00 2.724888070737597978e+00 2.066610828808117528e+00 2.511527784551636167e+00 1.321925859914719226e+00
1.127206764077863799e+00 2.698530209324746298e+00 2.094048830255362148e+00 2.504103138334989875e+00 1.322835422453693566e+00
1.140704906857704426e+00 2.688628242024926784e+00 2.125440707805498874e+00 2.499472950877680955e+00 1.323380703936531511e+00
1.159189683379421076e+00 2.693233428286828435e+00 2.155137135392867886e+00 2.497410331244681370e+00 1.321935125831744440e+00
1.182344519980810915e+00 2.690212735129600130e+00 2.181491330632197023e+00 2.496172355948482746e+00 1.321640281699533404e+00
1.206185931371763553e+00 2.675449283572510328e+00 2.204869021033251109e+00 2.493531594336943602e+00 1.321976138800542433e+00
1.228249583376498144e+00 2.651378738927275158e+00 2.224933679614964355e+00 2.486944996426256438e+00 1.322940888572757379e+00
1.243748781364625078e+00 2.616269426122386665e+00 2.229586226107094671e+00 2.472634971266097992e+00 1.328525343663438996e+00
1.249716701808333941e+00 2.581044504797769257e+00 2.219754237235918914e+00 2.455331383766705233e+00 1.336918151951810740e+00
1.257794905561224974e+00 2.543610702380799893e+00 2.218061752936968833e+00 2.436899866798730496e+00 1.343353015169687303e+00
1.270416000623821207e+00 2.508274405016357900e+00 2.228947736605652707e+00 2.420613655247445095e+00 1.346560348843876209e+00
1.284898108760242463e+00 2.472430356577346000e+00 2.238035562807727086e+00 2.405647916039561185e+00 1.351751370491620863e+00
1.291973197473726298e+00 2.442272091247382537e+00 2.221612717187865904e+00 2.397256358299167278e+00 1.364097729532255165e+00
1.289676616194250780e+00 2.418760767912803367e+00 2.196476805345267014e+00 2.397215492387475777e+00 1.377843365270942311e+00
1.274284087002525823e+00 2.396928701046340482e+00 2.195167597121893355e+00 2.375418348089536114e+00 1.384640470813006452e+00
1.259300595551080981e+00 2.391264690714677066e+00 2.176201833710222910e+00 2.352088437394698861e+00 1.388982534799530155e+00
1.248401010657189225e+00 2.389630270905604981e+00 2.161810875535952192e+00 2.325020312978863579e+00 1.396356203543110519e+00
1.241720272822939730e+00 2.384875054174262488e+00 2.152447959089915042e+00 2.298109472235029926e+00 1.408766826977115194e+00
1.241203026574061674e+00 2.378936932991379649e+00 2.147387094480022185e+00 2.280066472163740698e+00 1.430037860295378938e+00
1.246601281732820699e+00 2.376349361207604094e+00 2.148092418094725620e+00 2.274277386801431433e+00 1.455741296329160495e+00
1.252218657204376084e+00 2.375825736196954363e+00 2.151709742287859939e+00 2.271244681604251081e+00 1.481637971058220593e+00
1.256472334703800708e+00 2.374795041815340291e+00 2.155332360769909084e+00 2.266768964053095026e+00 1.507551882508779029e+00
1.260770733849634340e+00 2.371921087473240597e+00 2.157957601416943483e+00 2.262028904613620384e+00 1.533458008457379229e+00
1.265457657003576042e+00 2.366170485363673581e+00 2.160030110076625487e+00 2.257214241220655726e+00 1.559200530372440330e+00
1.270581816917010887e+00 2.354800581449763452e+00 2.162384681605048709e+00 2.250815216986610245e+00 1.584089253790982088e+00
1.275458353311226700e+00 2.333130778478764711e+00 2.165558689699314865e+00 2.239214360584408148e+00 1.605544606005539610e+00
1.278418361166405504e+00 2.299024071495948007e+00 2.164942071458439088e+00 2.221327517059622725e+00 1.618074431036345295e+00
1.280368239485778270e+00 2.257638291399262975e+00 2.151797014564350796e+00 2.208249655818849799e+00 1.618246049782557039e+00
1.287809027304015475e+00 2.213313024487176151e+00 2.149480171319919197e+00 2.207966212941573581e+00 1.607912768540379567e+00
1.300000000000000044e+00 2.169999999999999929e+00 2.154999999999999805e+00 2.209999999999999964e+00 1.600000000000000089e+00
