8.699999999999999956e-01 2.740000000000000213e+00 1.850000000000000089e+00 2.629999999999999893e+00 1.350000000000000089e+00
9.227209273023565528e-01 2.779216955843652137e+00 1.879425663301313998e+00 2.586189971521019260e+00 1.348032312028104363e+00
9.795816816312595821e-01 2.763054372083423971e+00 1.913951196083175210e+00 2.546705244141574731e+00 1.340090290042089904e+00
1.001995860153456430e+00 2.751175655083851090e+00 1.945159192760464562e+00 2.543848524706716407e+00 1.340183846584424465e+00
1.009924384354079052e+00 2.747457254498969270e+00 1.955560741748226361e+00 2.543241659342931005e+00 1.340064906379725640e+00
1.066426709507245940e+00 2.735155578558937428e+00 2.000867150796425076e+00 2.534960653661426200e+00 1.333419479596303914e+00
1.086473510974269585e+00 2.732856080995113679e+00 2.013410354562843008e+00 2.531545450515447548e+00 1.330609052969682127e+00
1.112814472752930106e+00 2.732075591210065824e+00 2.026174481031426389e+00 2.526564657453780782e+00 1.326490194626574581e+00
1.176277994881752331e+00 2.703109845267642974e+00 2.079767253876053879e+00 2.506980900234057064e+00 1.322400891927316913e+00
1.196409527453109689e+00 2.706806445253772786e+00 2.099517554416927112e+00 2.506679237056815168e+00 1.324733771550358208e+00
1.219003106678681725e+00 2.709616326424035826e+00 2.126076229561796538e+00 2.506830262159771561e+00 1.328789828651463223e+00
1.235837506693324261e+00 2.699126447175616228e+00 2.149690608776027467e+00 2.502045166725130887e+00 1.330199511333604256e+00
1.249104971599722003e+00 2.680112750110770659e+00 2.171765738718059335e+00 2.493488951249105412e+00 1.330051624170059732e+00
1.268858216764818359e+00 2.614935365145032886e+00 2.199258243223083387e+00 2.465714521664878145e+00 1.328493141750535456e+00
1.276950161163042718e+00 2.571454574451589536e+00 2.204924403081690798e+00 2.450429066871601780e+00 1.328928229624155355e+00
1.284749506000449015e+00 2.474342903048914355e+00 2.210815704168540119e+00 2.421830694430600062e+00 1.340399816446521175e+00
1.286414868729567784e+00 2.443836990572483270e+00 2.214542276569250401e+00 2.409206282818633582e+00 1.344401963166165670e+00
1.286162977159454268e+00 2.417820182815024310e+00 2.213804039912093735e+00 2.370512661551023470e+00 1.349022084695901791e+00
1.285890958813827423e+00 2.411499579821629435e+00 2.210706095120866799e+00 2.355209411145644083e+00 1.351066990914026045e+00
1.299013370737017503e+00 2.354551646742601090e+00 2.168123578600890777e+00 2.260035042420219575e+00 1.377307013308049610e+00
1.300888458817631488e+00 2.347003266281998179e+00 2.162577019294464442e+00 2.247868369742489492e+00 1.380763300834431995e+00
1.299381534704765029e+00 2.332019236391476014e+00 2.148399070423156587e+00 2.222026986996932685e+00 1.390280698096315160e+00
1.271500330362626441e+00 2.379162563764252170e+00 2.143712265136446860e+00 2.229779506536468503e+00 1.401126729622949485e+00
1.258950632041685447e+00 2.384777151231298742e+00 2.145661586541788513e+00 2.233077111854107955e+00 1.437450145798779610e+00
1.253328643000594544e+00 2.383210318428915730e+00 2.145570722997975466e+00 2.232557989312588198e+00 1.458543510785823560e+00
1.236841274194065754e+00 2.359433096938873486e+00 2.147865012790202144e+00 2.222145893494527957e+00 1.580758530534432049e+00
1.234214180796889160e+00 2.354745741048748009e+00 2.148602959270502932e+00 2.220126983977997348e+00 1.604587034310530846e+00
1.234102208654694444e+00 2.354282133346091932e+00 2.158113954852344030e+00 2.224909151687150199e+00 1.636027215379829425e+00
1.238623404751054258e+00 2.325818076958903635e+00 2.170722536160513805e+00 2.231385405741305838e+00 1.649037084796502128e+00
1.260934730483420640e+00 2.287119632387931034e+00 2.178308035971736167e+00 2.227359703272725699e+00 1.633674097379085310e+00
1.264431536063955530e+00 2.251700540769745018e+00 2.167229119172583207e+00 2.221932150545374629e+00 1.606523832321927525e+00
1.269155856293465057e+00 2.201089455053600652e+00 2.148731623545220515e+00 2.215473913424860442e+00 1.588420909506163436e+00
1.300000000000000044e+00 2.169999999999999929e+00 2.154999999999999805e+00 2.209999999999999964e+00 1.600000000000000089e+00
