8.699999999999999956e-01 2.740000000000000213e+00 1.850000000000000089e+00 2.629999999999999893e+00 1.350000000000000089e+00
9.041984024512518259e-01 2.729812827427816391e+00 1.862898881497947023e+00 2.611013675177406235e+00 1.341183603667280178e+00
9.402427457974160685e-01 2.725511970313414523e+00 1.853551502860384392e+00 2.588080353154437407e+00 1.339095133596886811e+00
9.501629641685592764e-01 2.704407346459612782e+00 1.849620741058141116e+00 2.550379605949506967e+00 1.334273099803876983e+00
9.828100278754140495e-01 2.717017392841536427e+00 1.868375976873308142e+00 2.562399121376027100e+00 1.340672213518359523e+00
1.009574469156147458e+00 2.740795271444201209e+00 1.896675837436686551e+00 2.565781419504632233e+00 1.343627840475668522e+00
1.033060982636748726e+00 2.760529284934025274e+00 1.929088844218058263e+00 2.562302155857833608e+00 1.343811331748285598e+00
1.055158067822172141e+00 2.765657613775414525e+00 1.963697235590062151e+00 2.558443467545104877e+00 1.340687976630396738e+00
1.066115418768592171e+00 2.737604745331553957e+00 1.985560076806032415e+00 2.562967781099595221e+00 1.335888962310628925e+00
1.068397115572042422e+00 2.779690089443318080e+00 1.988618942089891650e+00 2.567270752214588558e+00 1.351413844129716324e+00
1.082973389647731821e+00 2.792646826086487621e+00 2.023578161290293664e+00 2.551369752020695270e+00 1.352422976346257633e+00
1.102563826471820718e+00 2.794377287265040977e+00 2.057971947834535520e+00 2.537486970652330864e+00 1.349959949837975293e+00
1.120347276808622672e+00 2.779170562756862584e+00 2.087305687659239961e+00 2.520643711468896431e+00 1.341323453274909205e+00
1.151959235672158410e+00 2.750876860323906214e+00 2.108430742738127250e+00 2.515691861864907786e+00 1.341255020318906643e+00
1.181883337433346393e+00 2.724604578562970225e+00 2.132497392663736058e+00 2.515396233346405719e+00 1.345145859598309013e+00
1.207291825889506232e+00 2.703983681088804492e+00 2.163483820172020788e+00 2.514672977480524541e+00 1.346101240791614861e+00
1.230955560445685881e+00 2.689753223195615384e+00 2.196706191094126126e+00 2.515357296348849747e+00 1.341635343310810580e+00
1.253098469775835611e+00 2.673533894532042599e+00 2.226924109097459858e+00 2.516813513942767422e+00 1.331264627767156261e+00
1.272001405436600230e+00 2.629754763260929273e+00 2.239615053820613877e+00 2.510958543986417268e+00 1.322803211986259830e+00
1.284471593656763222e+00 2.578650321047195160e+00 2.233152117582784424e+00 2.495415268798838238e+00 1.326366354432780392e+00
1.290801173698041593e+00 2.533891181826306571e+00 2.226659573785328750e+00 2.471294879379616116e+00 1.325431166722518705e+00
1.281465257309430950e+00 2.507632082274036556e+00 2.202604669736908161e+00 2.444640465933636264e+00 1.326480715729544180e+00
1.281815220001048417e+00 2.474517524617464215e+00 2.190526113331858760e+00 2.418277732789345436e+00 1.337201940435466918e+00
1.293226804442515698e+00 2.430501900277388660e+00 2.197663077137849807e+00 2.397842785576101310e+00 1.346919387043429284e+00
1.308012725162601697e+00 2.386814164534700300e+00 2.212275401775980033e+00 2.382471264491573759e+00 1.353953781023652381e+00
1.326927249791438390e+00 2.363682771874644040e+00 2.230111878451083829e+00 2.370389261795780467e+00 1.365655318288341968e+00
1.318196669834027501e+00 2.368900676319450671e+00 2.217802726082407805e+00 2.346716193011636253e+00 1.386082767588671993e+00
1.303133202136263158e+00 2.375792407442502086e+00 2.207413236550422209e+00 2.311700387953507185e+00 1.396703527848254245e+00
1.289192968227852454e+00 2.383666303570178613e+00 2.202538761526942057e+00 2.271822097750308522e+00 1.400586580842386519e+00
1.277935948064670590e+00 2.385263057163800937e+00 2.196659117792610250e+00 2.230928318215488204e+00 1.401476899515778918e+00
1.274811041736727102e+00 2.358186363926472850e+00 2.178178215824880581e+00 2.198607996511669160e+00 1.401648853539390949e+00
1.258018907649263163e+00 2.327342433638330821e+00 2.163272377091865373e+00 2.185988451385798115e+00 1.417801104508711774e+00
1.240817870661091726e+00 2.317517825013671207e+00 2.164573310252908556e+00 2.183538011214730012e+00 1.442957285198879447e+00
1.236107874310412136e+00 2.306799522912938549e+00 2.168892463764001466e+00 2.181591710610530477e+00 1.470025501688397407e+00
1.231397324548986205e+00 2.296082882615150034e+00 2.173210008349562905e+00 2.179646494941746226e+00 1.497093966088477224e+00
1.226603314236081044e+00 2.285616860851607868e+00 2.177284908908069916e+00 2.177864899709682778e+00 1.524199818183564314e+00
1.217950843023317686e+00 2.294198174111032884e+00 2.166492500177307878e+00 2.186041723875989273e+00 1.549619950662519674e+00
1.204237594687876278e+00 2.289149837152202771e+00 2.175053880528633687e+00 2.175229897010468427e+00 1.574156723734051688e+00
1.236200972360090633e+00 2.249769799184425878e+00 2.176880833171615404e+00 2.176911832255394419e+00 1.578149517274259894e+00
1.274480863626282989e+00 2.251207147943049325e+00 2.180873276933839477e+00 2.180629880158488021e+00 1.591798309996498073e+00
1.302002800620570611e+00 2.220289267285188828e+00 2.164202792372071027e+00 2.189350564218720319e+00 1.601706268566596147e+00
1.300000000000000044e+00 2.169999999999999929e+00 2.154999999999999805e+00 2.209999999999999964e+00 1.600000000000000089e+00
