8.699999999999999956e-01 2.740000000000000213e+00 1.850000000000000089e+00 2.629999999999999893e+00 1.350000000000000089e+00
8.939529218253557952e-01 2.744518450179201263e+00 1.840491990667818545e+00 2.604819208841211431e+00 1.340809282821106230e+00
9.201569655247074930e-01 2.734514378002687707e+00 1.842978087797149112e+00 2.585149384444924259e+00 1.326702529174609069e+00
9.462835633330017870e-01 2.741664327140295399e+00 1.859614829417519211e+00 2.564799216294432860e+00 1.321337912384988877e+00
9.652461242902742322e-01 2.715319825584625146e+00 1.858516450033701028e+00 2.543276944859361954e+00 1.329625039870115266e+00
1.000142366104504577e+00 2.710356691463071677e+00 1.869404629340720936e+00 2.542821382211065018e+00 1.337284536941917290e+00
1.029550117431478728e+00 2.724425821303650519e+00 1.891112299042339240e+00 2.549156980124829719e+00 1.339038470778748158e+00
1.050580254427093907e+00 2.737740477967904429e+00 1.921232087493488061e+00 2.554044225119258993e+00 1.338037340877828330e+00
1.055565622759278011e+00 2.741462663147562040e+00 1.959039159505034489e+00 2.552612247400224632e+00 1.333658107360237377e+00
1.058510534191137831e+00 2.737516903206224317e+00 1.993454367043979047e+00 2.537483817131697794e+00 1.328696847560277616e+00
1.080205496620288530e+00 2.738284060843175105e+00 2.022190784613212333e+00 2.523615431655585883e+00 1.329526661518346531e+00
1.101660656489186207e+00 2.737079604021202872e+00 2.054008738799225409e+00 2.518072407094572807e+00 1.330763260535727799e+00
1.120093582636319418e+00 2.726528585278852113e+00 2.086648909508390659e+00 2.514565857339595478e+00 1.326648527809235922e+00
1.136850860403134433e+00 2.713746793104727217e+00 2.118741703684665190e+00 2.508237723888981474e+00 1.320418884330084364e+00
1.158939617011674139e+00 2.697178509944356151e+00 2.143076994638594357e+00 2.492857997208638654e+00 1.318997091486127315e+00
1.180649389235133295e+00 2.667307024579228525e+00 2.154556138580981717e+00 2.473979815330344945e+00 1.317848684839189266e+00
1.202000632288138027e+00 2.633167405591131160e+00 2.165644265131605017e+00 2.458089870655957743e+00 1.316033878643522614e+00
1.223789992197984233e+00 2.602097099604963049e+00 2.186575207039987312e+00 2.452262761563693161e+00 1.316553765703026624e+00
1.243769887460750123e+00 2.569921236072120863e+00 2.206683215680459220e+00 2.452960094691388981e+00 1.325021296739302912e+00
1.252600635894096870e+00 2.547046838649418721e+00 2.206626062382547104e+00 2.433223137682766435e+00 1.344237898842052248e+00
1.264902399056288651e+00 2.518682046729606938e+00 2.226086226053924477e+00 2.421584171620115633e+00 1.358819157941038469e+00
1.279908380693014491e+00 2.476417350363773195e+00 2.239991777632203807e+00 2.419653764755440584e+00 1.365508232923721144e+00
1.294323175891861855e+00 2.431504721341138708e+00 2.245215341177110524e+00 2.411268511613710697e+00 1.371848859208658622e+00
1.298617172235031259e+00 2.415773359347550553e+00 2.231760942054328734e+00 2.386404823339139725e+00 1.384947648492347083e+00
1.284630316095085378e+00 2.445474982090688254e+00 2.224049465580208551e+00 2.367038478938132684e+00 1.399520298274063990e+00
1.268718153285538275e+00 2.460844652770676877e+00 2.217153127908067844e+00 2.340884684628427692e+00 1.413641891859040101e+00
1.253122721607293322e+00 2.468329380436448783e+00 2.209165197170719352e+00 2.311084013429767658e+00 1.424628387290792775e+00
1.236980711999786431e+00 2.481162934086215355e+00 2.196190815140254493e+00 2.281230683294553696e+00 1.427013427094664832e+00
1.238213274730866509e+00 2.515044997674372951e+00 2.187170224467978930e+00 2.273848968176767293e+00 1.446638851793910385e+00
1.250306246005058464e+00 2.522507738415492806e+00 2.189087647016970450e+00 2.273733033961867545e+00 1.475049262348196111e+00
1.261124879578086944e+00 2.519997209912178349e+00 2.193009515314841451e+00 2.270297667369199690e+00 1.503802942851562685e+00
1.266490116141704814e+00 2.498771872748019707e+00 2.185216449440190445e+00 2.267791788583738199e+00 1.530341418366689688e+00
1.267995103308992011e+00 2.467347643817500824e+00 2.164959210738201190e+00 2.264921612544708918e+00 1.548459168182389378e+00
1.271912351379826500e+00 2.440269029188853800e+00 2.146557852177185310e+00 2.259270141437686341e+00 1.569274007340613730e+00
1.276836637057844115e+00 2.421742611958230817e+00 2.147607253006624806e+00 2.254722547806042865e+00 1.596904581684685187e+00
1.276733187285471027e+00 2.414495409172495943e+00 2.125417233730874322e+00 2.248327255942520253e+00 1.620475790226667323e+00
1.276539446821520096e+00 2.382756195745080685e+00 2.106720446240098799e+00 2.243036004402715999e+00 1.638691356087284889e+00
1.275489542135438636e+00 2.342375496508650734e+00 2.125083423268560701e+00 2.236766131940393532e+00 1.629362562379767843e+00
1.273722321078929021e+00 2.313923890876086187e+00 2.144234094566958237e+00 2.228045371759565185e+00 1.611080290533171366e+00
1.274620580764595390e+00 2.264397906827075424e+00 2.151615803281460071e+00 2.219654041063403138e+00 1.608275780122634613e+00
1.282626278781592521e+00 2.214767204098897047e+00 2.155816049677253599e+00 2.212672970916977899e+00 1.607253504291403567e+00
1.300000000000000044e+00 2.169999999999999929e+00 2.154999999999999805e+00 2.209999999999999964e+00 1.600000000000000089e+00
