8.699999999999999956e-01 2.740000000000000213e+00 1.850000000000000089e+00 2.629999999999999893e+00 1.350000000000000089e+00
8.966174924675263114e-01 2.741324955334340174e+00 1.860737679146468260e+00 2.612966061780017224e+00 1.339790063921602492e+00
9.214213544734082273e-01 2.739559186651368439e+00 1.873046474723206956e+00 2.593802343570553504e+00 1.330571080280786411e+00
9.456741165688071771e-01 2.740764451598742379e+00 1.871046003112037059e+00 2.567482779554048467e+00 1.331075053971523481e+00
9.798519581130529232e-01 2.737659850067689415e+00 1.880628895127703037e+00 2.558394757381728724e+00 1.330648317546127890e+00
1.010239496148084282e+00 2.744755539992258964e+00 1.899218598151902526e+00 2.562434471682490500e+00 1.330381922413699902e+00
1.035480605625142436e+00 2.761640028193473650e+00 1.920126127947697769e+00 2.568962495107788957e+00 1.333722993139791591e+00
1.058903351712946250e+00 2.772801244892253436e+00 1.944586486390454949e+00 2.566608219825469828e+00 1.337679484083063919e+00
1.075513711554198393e+00 2.764424642178252345e+00 1.967639019589593863e+00 2.548248952653119126e+00 1.337036389646127699e+00
1.086276283374290497e+00 2.745653787831627834e+00 1.987149775910532989e+00 2.525130247475681156e+00 1.334437666672880773e+00
1.098659369453189427e+00 2.727345182191511341e+00 2.010218715908048459e+00 2.506668581732062417e+00 1.331357399619521154e+00
1.112997874481449490e+00 2.717638436000662239e+00 2.039031115365870228e+00 2.499388040643365727e+00 1.327339662597472492e+00
1.126141583187433071e+00 2.718806018654195356e+00 2.069941532599236300e+00 2.501759719603450449e+00 1.324236517909906263e+00
1.139404659857647273e+00 2.725887615820773213e+00 2.100744463406768237e+00 2.505541785794348719e+00 1.323149494379293856e+00
1.156600661369441285e+00 2.735648949234632532e+00 2.129844233472897308e+00 2.506014593135214241e+00 1.322504669864033477e+00
1.179044161215236919e+00 2.743430641306489282e+00 2.155709415886100544e+00 2.501624699177156241e+00 1.320653461481780866e+00
1.203167359876984088e+00 2.738824794828365938e+00 2.178783946939946148e+00 2.491219845520649567e+00 1.318726494555822359e+00
1.221271144073814208e+00 2.713935058584715510e+00 2.197905600444048702e+00 2.476386477224724381e+00 1.319586680132831091e+00
1.232082971211964084e+00 2.675903972800169228e+00 2.211512548807649470e+00 2.461970195264231442e+00 1.323876705614609017e+00
1.241842354107760560e+00 2.633604593512878900e+00 2.219951465966328641e+00 2.449711848756857435e+00 1.330812882560355792e+00
1.255248574858954136e+00 2.592035487795842474e+00 2.223647382163104869e+00 2.438697289371404064e+00 1.339331829623514603e+00
1.272297968314803462e+00 2.552607097808124337e+00 2.224430612292811027e+00 2.426536369374640678e+00 1.346988602596208118e+00
1.287710758267451849e+00 2.513423034904983755e+00 2.224564527220142640e+00 2.409706896480190874e+00 1.350377634092792656e+00
1.291783220161451196e+00 2.475629801634292804e+00 2.222423301013856101e+00 2.386979064409713303e+00 1.349671844048873082e+00
1.282683779481333719e+00 2.443380402255412420e+00 2.214537509873588661e+00 2.363054827643048750e+00 1.351336795310844385e+00
1.273018770330346605e+00 2.414029532628521046e+00 2.204025492368677064e+00 2.344488673454418581e+00 1.362707728088248027e+00
1.274845389017454256e+00 2.392290177633238812e+00 2.198047031939168505e+00 2.339706819468835963e+00 1.384219161020507460e+00
1.265434866996900221e+00 2.375705804092618667e+00 2.180515623223358457e+00 2.323704335905893981e+00 1.397539346491554424e+00
1.251275271892233310e+00 2.362483727586980997e+00 2.161760495718146657e+00 2.300798409692496271e+00 1.403389032493684185e+00
1.238154631896474900e+00 2.350872833997161848e+00 2.144551049918272945e+00 2.276406454832451853e+00 1.410653890403856359e+00
1.226975067683513165e+00 2.344825316189528053e+00 2.131008492288366529e+00 2.257747384920823386e+00 1.427528787408078870e+00
1.226510263827709002e+00 2.365636570323010890e+00 2.146493876928063926e+00 2.262332640733035305e+00 1.445697852594665545e+00
1.230381171484683067e+00 2.370208494308984282e+00 2.164772597302023538e+00 2.248901338744434764e+00 1.463581306757342881e+00
1.235760741146298969e+00 2.361078655882139721e+00 2.166462642621604928e+00 2.238393999009327118e+00 1.487104751157290350e+00
1.242570984598493800e+00 2.352562252944643273e+00 2.165219464537545768e+00 2.231500122082026305e+00 1.511251290407644943e+00
1.249257481553648574e+00 2.343802403860721473e+00 2.165174650472002416e+00 2.225899558836592629e+00 1.535579837924351709e+00
1.254649584065199219e+00 2.333810996353837375e+00 2.168667624055037102e+00 2.221755889976047449e+00 1.559940352491490545e+00
1.257885588994097636e+00 2.323376257504325082e+00 2.179222924725950694e+00 2.219164069822138430e+00 1.583366967106298207e+00
1.267930476215995084e+00 2.301287700116915858e+00 2.190085843750688710e+00 2.214377786124819725e+00 1.602554168719468430e+00
1.275113218677727644e+00 2.253799013041191124e+00 2.180020740804606838e+00 2.214709588510917815e+00 1.606634427004456134e+00
1.289906347033265011e+00 2.208827383011946033e+00 2.173898544988713155e+00 2.207054621800976335e+00 1.605183395306673866e+00
1.300000000000000044e+00 2.169999999999999929e+00 2.154999999999999805e+00 2.209999999999999964e+00 1.600000000000000089e+00
