8.699999999999999956e-01 2.740000000000000213e+00 1.850000000000000089e+00 2.629999999999999893e+00 1.350000000000000089e+00
8.991763976763287314e-01 2.763847849149399849e+00 1.844448852332803979e+00 2.591690444550177830e+00 1.351436988758053293e+00
9.393932562347335757e-01 2.754883720654080825e+00 1.856391436897453229e+00 2.570483413446838838e+00 1.341529542957280885e+00
9.728302294817426921e-01 2.751852544002763246e+00 1.886262509375307150e+00 2.558245027491835799e+00 1.339981175146718551e+00
1.004658058019706868e+00 2.724971765634671694e+00 1.914360131665268305e+00 2.554715556435118717e+00 1.334613403083886984e+00
1.031412403004767775e+00 2.708775965533854801e+00 1.948811107061553249e+00 2.549398623008595433e+00 1.332943818266254521e+00
1.053469780992329241e+00 2.714602981451999408e+00 1.986036040736443020e+00 2.542184227387931372e+00 1.335924407214328369e+00
1.074745675095043707e+00 2.726183736435640270e+00 2.023311410310382641e+00 2.534979160064338988e+00 1.340163233749216865e+00
1.097149429069182780e+00 2.730730856570950493e+00 2.060794030493967366e+00 2.527288010695549314e+00 1.341444595208808543e+00
1.118568705568247168e+00 2.700368733721965953e+00 2.077624365177977772e+00 2.502349975805022275e+00 1.332557637733923217e+00
1.139120842636845543e+00 2.669035617490290058e+00 2.109051546590754000e+00 2.486277852932502697e+00 1.329570044160447440e+00
1.169620326240116803e+00 2.645031920828225136e+00 2.139190533399822236e+00 2.480088627232619469e+00 1.334611456734381862e+00
1.207818559165006578e+00 2.607988814069534200e+00 2.155771720668863356e+00 2.474091755800675863e+00 1.339744320629356666e+00
1.250826447753422777e+00 2.572593567014657356e+00 2.159303287228259816e+00 2.466210448498835195e+00 1.334903283711252442e+00
1.273955042127813631e+00 2.515701222245215085e+00 2.156525526625241884e+00 2.444700694208687963e+00 1.334046568136441735e+00
1.268383722604922603e+00 2.457259895705300234e+00 2.155919006056469911e+00 2.422333470428735147e+00 1.346754517325019052e+00
1.261291742041851904e+00 2.403545220408643601e+00 2.160334171822472893e+00 2.403231555032442124e+00 1.365341838299244825e+00
1.268962820672274283e+00 2.362791230014210431e+00 2.178896707293560553e+00 2.382585142051751870e+00 1.383265986632749911e+00
1.288229883152474109e+00 2.373789775097095323e+00 2.196206345922963266e+00 2.348796511512956098e+00 1.394139681861948032e+00
1.304444132983152205e+00 2.387333895432013797e+00 2.196006204425349218e+00 2.307793379123945776e+00 1.408225441799791255e+00
1.306125048668444810e+00 2.368820157264658555e+00 2.180525627160979862e+00 2.272938017216862061e+00 1.424744363851124129e+00
1.300262189606311569e+00 2.331200104374483661e+00 2.171533046285682111e+00 2.238998259080746234e+00 1.433915735267039970e+00
1.295963445892097887e+00 2.362104607257649036e+00 2.183019745490384800e+00 2.245907513529951327e+00 1.462292502929875671e+00
1.278823454868970977e+00 2.365459357578589383e+00 2.188940943516855864e+00 2.239273441480827742e+00 1.493190441054422113e+00
1.256647158697967059e+00 2.359701462801414351e+00 2.190936692099629379e+00 2.220554942888857131e+00 1.520686943202509633e+00
1.231190862337349090e+00 2.346167629217428718e+00 2.184782932268118927e+00 2.195576282456269457e+00 1.543472036164273087e+00
1.220676832730142714e+00 2.307041339376299849e+00 2.159579337942186150e+00 2.189742324659526673e+00 1.556803056801637553e+00
1.265527455630004017e+00 2.303151616397054458e+00 2.172987385493246215e+00 2.205183842872124877e+00 1.552901812807467419e+00
1.295117625205531198e+00 2.304572870217885150e+00 2.150941280435666236e+00 2.220776009465353695e+00 1.568259970767759137e+00
1.278603557981688787e+00 2.286734312785438927e+00 2.123681787434304802e+00 2.222583342304867760e+00 1.589205584332897825e+00
1.253587426015803752e+00 2.236146972499283958e+00 2.114883242619477244e+00 2.218860652908464015e+00 1.605170185474045885e+00
1.232394973320975140e+00 2.178321968522618945e+00 2.128482120546377754e+00 2.211256036383812518e+00 1.612605618008087216e+00
1.230987788955650197e+00 2.168726881517271998e+00 2.169491292793968018e+00 2.199940749542474538e+00 1.613810424567230895e+00
1.271499899874058981e+00 2.185139377690164864e+00 2.187452600474322217e+00 2.199422347223845886e+00 1.605120971167208310e+00
1.300000000000000044e+00 2.169999999999999929e+00 2.154999999999999805e+00 2.209999999999999964e+00 1.600000000000000089e+00
