8.699999999999999956e-01 2.740000000000000213e+00 1.850000000000000089e+00 2.629999999999999893e+00 1.350000000000000089e+00
9.052520096481522227e-01 2.731300802951428075e+00 1.843027722300154103e+00 2.603351094282725597e+00 1.341064731566797397e+00
9.437446064999037709e-01 2.758681814178591374e+00 1.843171775532460366e+00 2.584925010031901671e+00 1.343785024315399701e+00
9.635505617407168488e-01 2.773596762412095629e+00 1.877609737351864538e+00 2.574835335342540166e+00 1.338262807478635352e+00
9.902302043126144371e-01 2.730547058797612170e+00 1.891872991961847772e+00 2.570989843070528469e+00 1.343948953043853312e+00
1.008706116962883925e+00 2.727350815404876450e+00 1.929244728240521400e+00 2.561578736989110094e+00 1.339211684775083233e+00
1.034318769718821418e+00 2.707801286415211894e+00 1.951964553067367492e+00 2.535972758789154291e+00 1.336320935490667994e+00
1.052696677232905831e+00 2.670602790401018112e+00 1.975886275137859416e+00 2.524484276531261173e+00 1.321674602541861310e+00
1.075204351284490434e+00 2.669191565149908296e+00 2.013186565889262702e+00 2.518364467405069362e+00 1.322677577867573673e+00
1.097646550530548826e+00 2.675179914789975300e+00 2.050334558093460657e+00 2.513759869240718370e+00 1.326091281710149339e+00
1.118853575335253092e+00 2.696046425095431243e+00 2.086023787576239297e+00 2.511334707937375565e+00 1.329099751443081345e+00
1.140473629930643718e+00 2.692776333718050363e+00 2.120648835747051209e+00 2.496214774467778064e+00 1.327201661807313249e+00
1.172711342760103470e+00 2.689413162388520906e+00 2.150513592527902418e+00 2.486384952753283528e+00 1.322995022175070368e+00
1.205645666363197366e+00 2.692848392050057438e+00 2.180832246163642463e+00 2.481034184661462305e+00 1.318706028219050586e+00
1.236047850118799696e+00 2.681972775659349217e+00 2.211467746657862499e+00 2.471149106941687545e+00 1.315303694527627076e+00
1.251289466800054484e+00 2.634771819546428251e+00 2.220149668822621880e+00 2.449141878331494659e+00 1.321848249188663393e+00
1.264609602831315405e+00 2.578650951411256997e+00 2.218886427348190971e+00 2.434042719181579439e+00 1.333531801182494148e+00
1.278920367470323560e+00 2.518952179020346627e+00 2.216023922086655773e+00 2.425496048370744617e+00 1.343603985630183129e+00
1.287058318151430791e+00 2.457379348000449326e+00 2.204251301271765939e+00 2.418054634622690546e+00 1.348356358675658173e+00
1.296318012652794893e+00 2.407330578877701743e+00 2.183528623986451755e+00 2.404419273994975015e+00 1.357483338518129967e+00
1.308524000841751578e+00 2.389055316817998431e+00 2.171543655274422946e+00 2.376834929259467266e+00 1.379324853235866177e+00
1.311483763027192495e+00 2.394727468476947063e+00 2.170944837466496580e+00 2.339741773561599292e+00 1.398360844628967703e+00
1.312245544985966461e+00 2.407409563315900058e+00 2.166048839099553813e+00 2.300290421390184026e+00 1.412412534864797120e+00
1.298464675271576052e+00 2.397187578353405346e+00 2.158262865270332842e+00 2.270438931836370244e+00 1.434954778891845084e+00
1.268974772315833999e+00 2.400743284090528729e+00 2.152993659527723924e+00 2.257384375904908591e+00 1.460875474484769843e+00
1.243784495596472972e+00 2.417005613583854906e+00 2.148694839402252477e+00 2.236478942813250104e+00 1.484556293278351147e+00
1.227421926585006595e+00 2.427269021987155107e+00 2.152889863472633447e+00 2.220102560022019667e+00 1.514783414299355035e+00
1.225507192466860129e+00 2.418259411717936125e+00 2.166905817605410345e+00 2.230493561524798718e+00 1.546261336599610514e+00
1.212249434582826524e+00 2.416931970894046877e+00 2.151885535418453621e+00 2.223463202616203560e+00 1.575464209307628316e+00
1.208254754814288567e+00 2.390548035369902014e+00 2.144077838763220001e+00 2.221288504917431794e+00 1.606390495154760734e+00
1.232337990489877466e+00 2.346637006723208518e+00 2.136951897658883937e+00 2.229472135487895024e+00 1.607837136827504176e+00
1.269035414945491658e+00 2.312772905048270822e+00 2.139832298475561778e+00 2.233967696407968440e+00 1.620140967067218218e+00
1.255318410837187537e+00 2.275458923847470061e+00 2.137898626540934544e+00 2.237303501996252830e+00 1.596197416409181224e+00
1.273945829043406697e+00 2.218253886749127268e+00 2.145693316677087292e+00 2.224742236049024324e+00 1.593317496714328652e+00
1.300000000000000044e+00 2.169999999999999929e+00 2.154999999999999805e+00 2.209999999999999964e+00 1.600000000000000089e+00
