8.699999999999999956e-01 2.740000000000000213e+00 1.850000000000000089e+00 2.629999999999999893e+00 1.350000000000000089e+00
8.943334975346678428e-01 2.759542518693145041e+00 1.867343613694250948e+00 2.618666939362677581e+00 1.344493408814890767e+00
9.129692134401834469e-01 2.774467332908010064e+00 1.890238224237444253e+00 2.606324458376355402e+00 1.338837833315814185e+00
9.259168954148886410e-01 2.782901281297220919e+00 1.917065439152120021e+00 2.593205782411935001e+00 1.334436372588968966e+00
9.498569975751408601e-01 2.776142511227970733e+00 1.937442174894122626e+00 2.580004650231007446e+00 1.335337023636276932e+00
9.802531425058570447e-01 2.757356806340903521e+00 1.947868359628917023e+00 2.570111128888157292e+00 1.335220006089877565e+00
1.005978536527854628e+00 2.743735555310351071e+00 1.957595547730492047e+00 2.549537419706940256e+00 1.336211530091397703e+00
1.032949289160298489e+00 2.741625811744797581e+00 1.973752822881265301e+00 2.534162248003727580e+00 1.339147457291705035e+00
1.059052316291343443e+00 2.733407031534076381e+00 1.992551500264157172e+00 2.521204824470145489e+00 1.338006521514679026e+00
1.081077185937988183e+00 2.724716747377560200e+00 2.013487789378869852e+00 2.506807429412055477e+00 1.333051354605743866e+00
1.101526798434768972e+00 2.708676744882438925e+00 2.031751660544097504e+00 2.492490797952375381e+00 1.324090041466209566e+00
1.118105388394882160e+00 2.696610612112474215e+00 2.057075457328285673e+00 2.484837668158654811e+00 1.317640580853818078e+00
1.132199808701424670e+00 2.702397302723426264e+00 2.086103795678852624e+00 2.487147077408012663e+00 1.321868212205771442e+00
1.155094464084637451e+00 2.701711357332047481e+00 2.109746856696269823e+00 2.488044141449591962e+00 1.329590944063601787e+00
1.182447428595905903e+00 2.689835356126394572e+00 2.126656689538300338e+00 2.484564240363292598e+00 1.338814639332752243e+00
1.209483337746083631e+00 2.665084954246741411e+00 2.136251088747562310e+00 2.477201664615351184e+00 1.347363125581961363e+00
1.229423834756004474e+00 2.629837561969324611e+00 2.142237847758040825e+00 2.463458666310262668e+00 1.353278262790323483e+00
1.235218179920731796e+00 2.599954059764673975e+00 2.153304024268146044e+00 2.439613603269539688e+00 1.358416097196958328e+00
1.231559991522992226e+00 2.568865339273557424e+00 2.165998379840057275e+00 2.417340966365496779e+00 1.365699271641769963e+00
1.248049522114479615e+00 2.534410180559464543e+00 2.173373229898045267e+00 2.433412895248556751e+00 1.364629545550767986e+00
1.272865838084611845e+00 2.513392244911091034e+00 2.192808257270351113e+00 2.433793115808411844e+00 1.363938248886651605e+00
1.288862013127214157e+00 2.509466165880669841e+00 2.209043988625430721e+00 2.408785347285709921e+00 1.366783613061695934e+00
1.287106437667389969e+00 2.521959211428110414e+00 2.211173367578063598e+00 2.375194457696591765e+00 1.369831433360416906e+00
1.273010882312464176e+00 2.541453121840614671e+00 2.204608412019842145e+00 2.346950247772843667e+00 1.372017299454627359e+00
1.250724880007207718e+00 2.565433293071127885e+00 2.190141472924405530e+00 2.336273279563816807e+00 1.378475407443294554e+00
1.234589624797833851e+00 2.578325130386093456e+00 2.185477034579718758e+00 2.336066176997894761e+00 1.393346639809742937e+00
1.234938724569671020e+00 2.571522080452003145e+00 2.198099817399611133e+00 2.306140338836616621e+00 1.399638343941175034e+00
1.238462196905893098e+00 2.560631134336815773e+00 2.194375523474551670e+00 2.277698562924667325e+00 1.401178611363285365e+00
1.246257747980599406e+00 2.554076071070090936e+00 2.169126325125653398e+00 2.271044056113441290e+00 1.414480116228329809e+00
1.253956975704822341e+00 2.546374543697736748e+00 2.152740918400397163e+00 2.271817215410143032e+00 1.436777096472624526e+00
1.263596827328436145e+00 2.531259713462428618e+00 2.137752860042791081e+00 2.270562070612329286e+00 1.458317156790446267e+00
1.270741338349178573e+00 2.517519889605565275e+00 2.127291478652397316e+00 2.267651144804149865e+00 1.482293163818492188e+00
1.273449844278147003e+00 2.503976806793498877e+00 2.121581183463453257e+00 2.264267035202139233e+00 1.507322456984772074e+00
1.273579251867614337e+00 2.465123745178597225e+00 2.129576012726060341e+00 2.255794261346409701e+00 1.522183779353278643e+00
1.270583085867024842e+00 2.420900980862723983e+00 2.133012119498092662e+00 2.255863132871169352e+00 1.535434680013885389e+00
1.271449280275473992e+00 2.377088273172248911e+00 2.132078922824820921e+00 2.260425235843903646e+00 1.548330801072618890e+00
1.272706610047195763e+00 2.345932862757671877e+00 2.134056684454905373e+00 2.250398589511521052e+00 1.567828767170994730e+00
1.269264880640565751e+00 2.331729389575791789e+00 2.139472696812470431e+00 2.247204616844907576e+00 1.593170471924096887e+00
1.268227920072149129e+00 2.302990952323878737e+00 2.147561814307927808e+00 2.239535426413852726e+00 1.612868337425021670e+00
1.273366257389528577e+00 2.256974146039545381e+00 2.155392291303812158e+00 2.228252721993014163e+00 1.615310326133003960e+00
1.283821094622095149e+00 2.212776774370049271e+00 2.158008265399909309e+00 2.219185175777552033e+00 1.606093644443362223e+00
1.300000000000000044e+00 2.169999999999999929e+00 2.154999999999999805e+00 2.209999999999999964e+00 1.600000000000000089e+00
