8.699999999999999956e-01 2.740000000000000213e+00 1.850000000000000089e+00 2.629999999999999893e+00 1.350000000000000089e+00
9.245076782172386709e-01 2.762133607738098018e+00 1.883748938360921166e+00 2.591970685341064229e+00 1.328899718466177937e+00
9.819709979449402493e-01 2.751745398982568425e+00 1.934768934427001819e+00 2.585446388256320560e+00 1.319385458145344137e+00
1.043598896953028987e+00 2.718286850735288862e+00 1.966216375878823142e+00 2.550392101130312561e+00 1.322923442150338635e+00
1.107150502892749966e+00 2.700365651925310750e+00 2.012099229669671363e+00 2.541863475062477562e+00 1.328183883955021294e+00
1.158697893788311450e+00 2.696044606841658808e+00 2.068513920592172539e+00 2.542036888817786444e+00 1.333444225438577879e+00
1.205957934546246113e+00 2.706757034808557449e+00 2.125979118148888514e+00 2.537618656091042091e+00 1.343841749207770775e+00
1.248176082706984769e+00 2.718133327521688791e+00 2.183242892721629413e+00 2.519393329570111195e+00 1.356277386719173528e+00
1.273389515290478169e+00 2.677041196125154343e+00 2.242170638563942831e+00 2.504983507987491365e+00 1.352107463664557141e+00
1.298898013294537357e+00 2.596341072305321518e+00 2.222151134884749801e+00 2.498287318489592845e+00 1.327746235023336663e+00
1.299730794139502210e+00 2.535227261863695958e+00 2.186653209657534180e+00 2.450851116198701884e+00 1.330816547758842505e+00
1.300507106597594609e+00 2.510733376915688986e+00 2.138123170786949245e+00 2.397439630162167212e+00 1.331134113188822576e+00
1.290789301861352101e+00 2.489559398785453848e+00 2.112173295775015891e+00 2.340345509678606550e+00 1.298410259570837111e+00
1.287823307454464716e+00 2.433371031755637848e+00 2.123507685867938033e+00 2.302578150829372117e+00 1.255677088022618459e+00
1.303476062894389997e+00 2.370123000873425312e+00 2.091967993554176175e+00 2.254597837009270744e+00 1.251024559488821408e+00
1.352686440117125466e+00 2.384684104222230872e+00 2.076336630175865672e+00 2.233330877818184845e+00 1.297808186170229305e+00
1.352797473717702870e+00 2.332177242786149574e+00 2.089596887439759243e+00 2.228264319464515086e+00 1.352036436752017456e+00
1.310559944779000840e+00 2.256767494135556440e+00 2.114878148409973235e+00 2.242745263681602097e+00 1.370186836860337820e+00
1.304324535018668074e+00 2.240568076219176419e+00 2.149139418412233216e+00 2.224766069353734554e+00 1.423069185493203825e+00
1.308143276199781768e+00 2.247366942196721951e+00 2.151216324742216912e+00 2.200293976797732753e+00 1.484044636824256136e+00
1.307351691783297909e+00 2.224630632602589309e+00 2.151215181698020285e+00 2.194316896808402806e+00 1.546731107371381864e+00
1.300000000000000044e+00 2.169999999999999929e+00 2.154999999999999805e+00 2.209999999999999964e+00 1.600000000000000089e+00
