8.699999999999999956e-01 2.740000000000000213e+00 1.850000000000000089e+00 2.629999999999999893e+00 1.350000000000000089e+00
8.970051003391924516e-01 2.742918865702254294e+00 1.845988235859802096e+00 2.615969106205104922e+00 1.335447288586703474e+00
9.274961047918662826e-01 2.738497327947391202e+00 1.852372350882583563e+00 2.598374284564864301e+00 1.332101908825907843e+00
9.561629554109054574e-01 2.745409654263778254e+00 1.862454632547387634e+00 2.580209123081353972e+00 1.335801457567767248e+00
9.807711347486124387e-01 2.747748650521021574e+00 1.880527004093508703e+00 2.564817675333940006e+00 1.343175636066562095e+00
1.000354543552565589e+00 2.740576580688381281e+00 1.904720225197950700e+00 2.554301705664740130e+00 1.351576140626164380e+00
1.018661713919277068e+00 2.730231415482732960e+00 1.931182957624787422e+00 2.545539360777441917e+00 1.357052866847089811e+00
1.038865958446917981e+00 2.725354360619431482e+00 1.957440225010564028e+00 2.535872011065283704e+00 1.354821461789784909e+00
1.059763769618657481e+00 2.730715222679433118e+00 1.981616467340153287e+00 2.527697791209521316e+00 1.346385533235085141e+00
1.080576477662938961e+00 2.743805519931922454e+00 2.005124349395901007e+00 2.523236240425930532e+00 1.337177110061309682e+00
1.101202165946857159e+00 2.759644316451233870e+00 2.029550455645376950e+00 2.521692310311503427e+00 1.330146796696145994e+00
1.121318638738611817e+00 2.768566080053454392e+00 2.056620586322233102e+00 2.518475232227969318e+00 1.326577130526780834e+00
1.140900445506340066e+00 2.760694707912012547e+00 2.083749502905902773e+00 2.511955408268226275e+00 1.327197478807472297e+00
1.161872909660454978e+00 2.742822234645191593e+00 2.108095752836308012e+00 2.506849168214051460e+00 1.330102632488805003e+00
1.185372042613569654e+00 2.724662124581424205e+00 2.130689436105466239e+00 2.505394861236784454e+00 1.333538057812670541e+00
1.209939846414795239e+00 2.704594590434623136e+00 2.151705531005285721e+00 2.506467943446189839e+00 1.336491714200637837e+00
1.232898939557669271e+00 2.677473680925285038e+00 2.171004744038365963e+00 2.507534058583906322e+00 1.337775550589521023e+00
1.251859956781204541e+00 2.644470927793329373e+00 2.189722460519144320e+00 2.503417299876943503e+00 1.337447329362489556e+00
1.265563755044095684e+00 2.609841199476936158e+00 2.206484911771595669e+00 2.489373863364583439e+00 1.336782588632774216e+00
1.274214046629714492e+00 2.573917316200823535e+00 2.215726314356341042e+00 2.467418541231461315e+00 1.336528979070430445e+00
1.279854370529943219e+00 2.535810624195699692e+00 2.213832041671102591e+00 2.444248217890128583e+00 1.337365050545546108e+00
1.286890524088726284e+00 2.498113729340304179e+00 2.204598774215118961e+00 2.423736526364459021e+00 1.341784329099526829e+00
1.298957939885931889e+00 2.465220265351937723e+00 2.200821007222968362e+00 2.405364889999313416e+00 1.353676713916055041e+00
1.306949450210275199e+00 2.441476691303723801e+00 2.210794113938215677e+00 2.387221617761073666e+00 1.370308015784502897e+00
1.300485043004989016e+00 2.421795806574893906e+00 2.218723861368204098e+00 2.362688671413736508e+00 1.384654550384033955e+00
1.285707478196932207e+00 2.406721087273468118e+00 2.212955842259571426e+00 2.334673013774856809e+00 1.392933420612775697e+00
1.271807335510590109e+00 2.394934246146981138e+00 2.199657440952837995e+00 2.306425422783100920e+00 1.397516670797460447e+00
1.259440219100078195e+00 2.388975672706144415e+00 2.184319649180967104e+00 2.277801413703014255e+00 1.402460877538868500e+00
1.246835812224771356e+00 2.391858465141869505e+00 2.173559034701136206e+00 2.253841457777775670e+00 1.417647178463426139e+00
1.236832331846697386e+00 2.382409008106129100e+00 2.169423646706456932e+00 2.240138866869378020e+00 1.440767763321286088e+00
1.226778105223382376e+00 2.354217484849069564e+00 2.166420192007179946e+00 2.228289951967916238e+00 1.460197209769095616e+00
1.216299868808759399e+00 2.325904189830100499e+00 2.161046102739879959e+00 2.220931687989657455e+00 1.480520301116797999e+00
1.214275473416331685e+00 2.314949878265759153e+00 2.153319323695938259e+00 2.224331902390766835e+00 1.506066326866711380e+00
1.223741380801125489e+00 2.318411304524626626e+00 2.149191240747076126e+00 2.231630496013629283e+00 1.531521299160598648e+00
1.238736423485893745e+00 2.324680872753169592e+00 2.150134977766391842e+00 2.235802295984146149e+00 1.555996414341598744e+00
1.254326477510944393e+00 2.335206564822925657e+00 2.152612393918189149e+00 2.235258470034212852e+00 1.579998028727670034e+00
1.271010246721270498e+00 2.349336468496578068e+00 2.153069451795512457e+00 2.214281758780180631e+00 1.596158638424237886e+00
1.282086170007867620e+00 2.347829855563849044e+00 2.180513881795024034e+00 2.197116193888106750e+00 1.598888851706599556e+00
1.289592209172951476e+00 2.314374728439939854e+00 2.186949563037434263e+00 2.212032175040704818e+00 1.613551779233365124e+00
1.293575825032469151e+00 2.265819171365718088e+00 2.178246989165335545e+00 2.213647560810394488e+00 1.607789600313874301e+00
1.296787912516234487e+00 2.217909585682858786e+00 2.166623494582667675e+00 2.211823780405197226e+00 1.603894800156937306e+00
1.300000000000000044e+00 2.169999999999999929e+00 2.154999999999999805e+00 2.209999999999999964e+00 1.600000000000000089e+00
