8.699999999999999956e-01 2.740000000000000213e+00 1.850000000000000089e+00 2.629999999999999893e+00 1.350000000000000089e+00
9.034922721294265102e-01 2.749786104971941647e+00 1.858130971792522734e+00 2.613153712200454226e+00 1.339271977108235978e+00
9.371063029711066417e-01 2.745385924427136803e+00 1.855449097446114637e+00 2.592470685034292011e+00 1.330370034359960485e+00
9.539932895589969819e-01 2.719727658944489423e+00 1.827381901015438181e+00 2.589932568579410788e+00 1.317883587671699663e+00
9.633004720007863897e-01 2.713439136471527569e+00 1.850957789912774709e+00 2.561062085829284296e+00 1.324589791214989321e+00
9.794861962900932584e-01 2.713988100939821457e+00 1.882712492019903205e+00 2.538088445720224851e+00 1.331064824970686900e+00
1.005466850656911326e+00 2.709168483120927284e+00 1.911239717411413741e+00 2.520312984823497526e+00 1.332601937673326020e+00
1.036907245688386325e+00 2.706264719843643807e+00 1.937657796177920888e+00 2.510995311089190718e+00 1.330718499829468104e+00
1.059971237612662209e+00 2.738106877817772400e+00 1.959965088019421042e+00 2.518699429674189361e+00 1.335799982895513827e+00
1.068712880168172230e+00 2.765932666055564315e+00 1.994062646297108943e+00 2.525009360981603113e+00 1.344698352679207565e+00
1.084833986458899613e+00 2.759535310559139809e+00 2.032697177092013696e+00 2.515229745642648229e+00 1.342014308973513481e+00
1.106317420749057145e+00 2.746363343946612634e+00 2.062635006284121886e+00 2.499563976185596115e+00 1.333454383874060678e+00
1.136528963770779832e+00 2.731097728236483668e+00 2.087617981167173120e+00 2.495578907071573926e+00 1.326670788435667880e+00
1.170819276802628650e+00 2.711003054614165020e+00 2.104100592297116101e+00 2.503653335951889769e+00 1.325859311289547149e+00
1.205717324682629155e+00 2.687535141947297923e+00 2.116116106573997513e+00 2.510543872806533017e+00 1.328127884709752182e+00
1.237474274759742254e+00 2.663947089766750764e+00 2.137070973992142520e+00 2.512748558383820274e+00 1.328289438257683308e+00
1.254134668331450930e+00 2.651878705717598095e+00 2.176209060246918625e+00 2.512989094811025392e+00 1.326074114162888451e+00
1.264869650454897299e+00 2.643009568820480659e+00 2.214859855832590707e+00 2.499092442911645673e+00 1.328121940928678413e+00
1.283452717645180652e+00 2.615992948995413681e+00 2.230553012113019040e+00 2.471317769480106286e+00 1.331155710657527136e+00
1.296859204778504582e+00 2.578190167438037861e+00 2.231795307441352794e+00 2.442753490506321512e+00 1.331131614349571501e+00
1.302337087848304709e+00 2.532791816062632151e+00 2.234525272825720332e+00 2.418098499459098605e+00 1.330004789359410466e+00
1.306537320763893506e+00 2.488518687042900357e+00 2.257986072600236316e+00 2.406005335504194598e+00 1.334751700635307792e+00
1.305236010027202687e+00 2.443569739498657523e+00 2.261422845558285655e+00 2.390615848767598806e+00 1.350213937451917756e+00
1.298401864280670726e+00 2.415156258539736811e+00 2.242403510083026408e+00 2.370596048752839025e+00 1.368044742097630495e+00
1.287537925518808635e+00 2.405565704648588543e+00 2.223532165092555690e+00 2.341819174118753288e+00 1.384249457113624127e+00
1.275920978341501311e+00 2.412620666367972788e+00 2.213429283691185745e+00 2.305937009618616251e+00 1.395977468688307965e+00
1.269270032089059974e+00 2.415902138797403342e+00 2.204388882592351884e+00 2.266644026129174261e+00 1.404955166671838063e+00
1.255162077800984211e+00 2.404716627614444935e+00 2.178505877407181934e+00 2.238748922083385828e+00 1.410342711954717165e+00
1.229248153577524594e+00 2.381012989229499333e+00 2.154363681034712208e+00 2.236006498388821484e+00 1.419130375323686799e+00
1.211731112011636968e+00 2.343952497112955946e+00 2.140290464087009070e+00 2.235193984162080039e+00 1.435448910287434821e+00
1.204896032928822303e+00 2.323584029409150986e+00 2.133621171861820986e+00 2.239771661214511767e+00 1.461211533671906704e+00
1.217121704494673606e+00 2.364107631271437082e+00 2.147697847244014469e+00 2.232395966297461065e+00 1.475076789743526184e+00
1.218772252462023031e+00 2.378856475791149006e+00 2.153977909182453132e+00 2.210159557407258113e+00 1.499236927638202932e+00
1.231429783412076651e+00 2.384872372791280171e+00 2.146646653730546195e+00 2.205229697561705837e+00 1.528413934603099378e+00
1.240744614503748178e+00 2.383049343122463082e+00 2.131931495835601709e+00 2.199266456746248100e+00 1.557082003482365584e+00
1.249172542734944713e+00 2.379394756964263280e+00 2.117333510336680824e+00 2.191685164420581255e+00 1.585655246630754078e+00
1.258234740252629491e+00 2.362341926497917743e+00 2.105598875090608058e+00 2.180361149210120697e+00 1.612575247931963940e+00
1.262312105348897262e+00 2.313918281402879362e+00 2.118202763593465932e+00 2.174374061689932525e+00 1.601413026515106530e+00
1.274227544203776485e+00 2.278112621764752266e+00 2.139345693279378846e+00 2.195802704679811868e+00 1.598688711471391688e+00
1.281442734037010034e+00 2.264419744459164274e+00 2.152450180564428717e+00 2.203043433803695716e+00 1.625039643409926793e+00
1.293174954626570505e+00 2.212003266761612963e+00 2.157819676146986776e+00 2.208842131002227038e+00 1.620582997229466748e+00
1.300000000000000044e+00 2.169999999999999929e+00 2.154999999999999805e+00 2.209999999999999964e+00 1.600000000000000089e+00
