8.699999999999999956e-01 2.740000000000000213e+00 1.850000000000000089e+00 2.629999999999999893e+00 1.350000000000000089e+00
9.003279868868115932e-01 2.735523357601988614e+00 1.843495334180754952e+00 2.611776942550524616e+00 1.340982445854437266e+00
9.284981124865010482e-01 2.748819974255038545e+00 1.847436325941997692e+00 2.593253318327916279e+00 1.330474042095488363e+00
9.472965979998184682e-01 2.736748530306476468e+00 1.860015919912233695e+00 2.568384480435585537e+00 1.322222842658150155e+00
9.735140264843740177e-01 2.712958510220462749e+00 1.871083096231280773e+00 2.550674677802241774e+00 1.321325824574533625e+00
1.003240500027745563e+00 2.704242443266350548e+00 1.887524751026636638e+00 2.537618553045257297e+00 1.324743486806007287e+00
1.027492945400517721e+00 2.729870805526885658e+00 1.905577081299336450e+00 2.531241487887987418e+00 1.329122512136621692e+00
1.039742165182700573e+00 2.759366266540881796e+00 1.931149520105482242e+00 2.532397645938972985e+00 1.331737580172725144e+00
1.050307097018048363e+00 2.743809219257517196e+00 1.959369232999007782e+00 2.526439162263964811e+00 1.335150548735135834e+00
1.064062206337071492e+00 2.720898448057656349e+00 1.984490478259484325e+00 2.513357025327857652e+00 1.336985240750796278e+00
1.082640706388468432e+00 2.708424088106876848e+00 2.010429617035231598e+00 2.501493022830101332e+00 1.334595818610447626e+00
1.102915974048223280e+00 2.703796005942693981e+00 2.037739275944637996e+00 2.494575938153274830e+00 1.330576887016078569e+00
1.121803574642290968e+00 2.704318768572266940e+00 2.066604890371195324e+00 2.491075791741326650e+00 1.327112907572248757e+00
1.136609654707191108e+00 2.711296873683337605e+00 2.097155944878786649e+00 2.491032335833070821e+00 1.325319237401907380e+00
1.156093720277056036e+00 2.708002185853329191e+00 2.125380893778296088e+00 2.494258607147931794e+00 1.327250741991959027e+00
1.181457802969111182e+00 2.674496324801189484e+00 2.131107953063507754e+00 2.491581237305926955e+00 1.329522945165224623e+00
1.205132521501336429e+00 2.637054346006278305e+00 2.141475597851711488e+00 2.483982055596196226e+00 1.328422836888023095e+00
1.224339338385957543e+00 2.602930053829602741e+00 2.157774020303553808e+00 2.471529094336014865e+00 1.326458798386903615e+00
1.244082521118200724e+00 2.568717102331172342e+00 2.168674599203775255e+00 2.454322450291340996e+00 1.328422354389916960e+00
1.264300070441277235e+00 2.534569869714519363e+00 2.171289358268633674e+00 2.438432724530278595e+00 1.337923493590776669e+00
1.283623195951786089e+00 2.500783424333887339e+00 2.175501881329978016e+00 2.427284893304410218e+00 1.351906904492830686e+00
1.299291113256828112e+00 2.465057002820533416e+00 2.185257869767669892e+00 2.419488346792483480e+00 1.366348261538172126e+00
1.302896692829173642e+00 2.437016362732274288e+00 2.199084752586784486e+00 2.402538973110306841e+00 1.380866332454147472e+00
1.292305386889655905e+00 2.431712460510678575e+00 2.204174837010720811e+00 2.371820624994529059e+00 1.388933995650126763e+00
1.278487845588928140e+00 2.428131186664241881e+00 2.200612815863871585e+00 2.338717981955630965e+00 1.392973415536466364e+00
1.264251242968065014e+00 2.420121368441102483e+00 2.194010388040417592e+00 2.306456828235690537e+00 1.396748155213621168e+00
1.249685815632941566e+00 2.410300170741700665e+00 2.184824986272124736e+00 2.275660367861602307e+00 1.401926869097217532e+00
1.241707464285032758e+00 2.398076486251400574e+00 2.163656094426020360e+00 2.256296083542904007e+00 1.412021501639479926e+00
1.260617484493022245e+00 2.398164765232045692e+00 2.144664857382236001e+00 2.274351101006815146e+00 1.416220635244071824e+00
1.261308824555039454e+00 2.426452039670122574e+00 2.163323102603311288e+00 2.276662854502513156e+00 1.426820556407592644e+00
1.258785620165696395e+00 2.443374874841362399e+00 2.167460896413914373e+00 2.264952110457237655e+00 1.450874987264155980e+00
1.263023950242499138e+00 2.454283393592080031e+00 2.162780040107636026e+00 2.255098807535345973e+00 1.476631029032108078e+00
1.269403358557305239e+00 2.462666901114199725e+00 2.161260513498590718e+00 2.246354969838186832e+00 1.502647777810019125e+00
1.274140032575747039e+00 2.466138270082978146e+00 2.168343102632529718e+00 2.240631365203536340e+00 1.529012444241300672e+00
1.273322028954514629e+00 2.458538305852763450e+00 2.168153112316293818e+00 2.240911546689634992e+00 1.556325031636617728e+00
1.268892747354553929e+00 2.438919725879393763e+00 2.158529877752045856e+00 2.244767348449566047e+00 1.580155683111902354e+00
1.266449391741490960e+00 2.393727688803672926e+00 2.154010447793736738e+00 2.244338823276244899e+00 1.594173306113551458e+00
1.268487260312802789e+00 2.341178950249263924e+00 2.154088731383630329e+00 2.235789560249562324e+00 1.596093272351599257e+00
1.268510208963105734e+00 2.291593544199333810e+00 2.154349958534091503e+00 2.225812216665071563e+00 1.604406108408897413e+00
1.260594663044366959e+00 2.242273483361421516e+00 2.160299617215565071e+00 2.221858633805727123e+00 1.611884337516811039e+00
1.266236082071348079e+00 2.193001303374859212e+00 2.154295033150832595e+00 2.219063679396080957e+00 1.603441131914204787e+00
1.300000000000000044e+00 2.169999999999999929e+00 2.154999999999999805e+00 2.209999999999999964e+00 1.600000000000000089e+00
