8.699999999999999956e-01 2.740000000000000213e+00 1.850000000000000089e+00 2.629999999999999893e+00 1.350000000000000089e+00
9.155024455432783093e-01 2.740288996696087054e+00 1.844019805844518300e+00 2.594089058373336254e+00 1.353544939329868857e+00
9.452430777501104053e-01 2.711122610860887683e+00 1.850266151835804562e+00 2.558875630407464907e+00 1.331958271543705941e+00
9.804378158043858260e-01 2.735914375528388565e+00 1.886136733323983794e+00 2.544844349593300414e+00 1.342578398735977840e+00
1.002587824945594619e+00 2.777132444280462131e+00 1.930708850093670881e+00 2.549235652815741826e+00 1.346571462479325909e+00
1.030039219753108304e+00 2.826882689988451158e+00 1.966386348117539651e+00 2.557108772988609058e+00 1.351761128910422993e+00
1.070349607464547548e+00 2.839384643327134583e+00 2.004000673143368605e+00 2.542117467384134244e+00 1.353035713690918129e+00
1.108561990718450518e+00 2.836329104987722172e+00 2.041661267622667086e+00 2.522769697954287960e+00 1.346301075109773038e+00
1.149642386946744477e+00 2.821682409120711554e+00 2.072707497595954962e+00 2.505560268773333821e+00 1.331989246510170144e+00
1.161151412605125444e+00 2.767780907351225839e+00 2.108352275065383807e+00 2.520854638849550078e+00 1.317576417977186942e+00
1.194061601334921008e+00 2.749996416624958862e+00 2.151660172243415658e+00 2.526675111914628236e+00 1.325068302253441077e+00
1.221132830240676537e+00 2.766451714709967646e+00 2.199290080953147264e+00 2.531548937433933943e+00 1.319522016955755994e+00
1.232587687539848265e+00 2.720242311624239573e+00 2.242307505929220568e+00 2.524385433143043755e+00 1.317057647914132934e+00
1.261862805438334956e+00 2.687586635179340266e+00 2.260324860066505792e+00 2.487116413781694568e+00 1.308940477331778984e+00
1.277333637827070323e+00 2.629441465039913606e+00 2.242946666489637586e+00 2.458379557293608464e+00 1.319225912844136595e+00
1.284711368254888519e+00 2.553000901092540076e+00 2.237133326336560479e+00 2.437412550891234098e+00 1.330068770145143686e+00
1.291345173629053100e+00 2.473702733304665724e+00 2.234909321882859512e+00 2.417630889693521912e+00 1.340153597451473777e+00
1.305641378959548016e+00 2.427199777969029970e+00 2.203675314295231669e+00 2.406247666207398606e+00 1.359438976004172295e+00
1.305159323330411070e+00 2.382734483607446219e+00 2.185420626840151925e+00 2.364566576373377416e+00 1.370707032322052932e+00
1.297623730843359358e+00 2.363922025968101970e+00 2.168423790995052780e+00 2.312322058009567805e+00 1.372770038427147510e+00
1.288542798800223821e+00 2.350190005953534111e+00 2.148284625265788339e+00 2.260634010224869428e+00 1.375662563972287256e+00
1.291988193194463674e+00 2.371144951017360114e+00 2.112017999778704080e+00 2.228116546410127352e+00 1.392428122976888227e+00
1.274017641105058773e+00 2.346984587672699796e+00 2.111692190568353222e+00 2.218772681903505628e+00 1.432366001678645029e+00
1.253087124125232821e+00 2.320896977455266352e+00 2.110687268237109393e+00 2.212418037872447840e+00 1.472349320480799806e+00
1.230099298606172509e+00 2.292618253217782343e+00 2.110762004984890972e+00 2.205916555597859929e+00 1.511250881564007553e+00
1.207187369601304683e+00 2.270118860358884660e+00 2.110030829472899327e+00 2.204029947277356793e+00 1.551435121692190666e+00
1.192480787501998929e+00 2.281803942991048828e+00 2.104737429821510464e+00 2.217136272887276327e+00 1.592388274798227865e+00
1.218231599476397253e+00 2.338390100570122421e+00 2.118578880270005627e+00 2.208113257401325136e+00 1.604337167162694033e+00
1.240479762183068324e+00 2.307552208196922638e+00 2.155215769504747580e+00 2.208408318871025067e+00 1.624962269040869156e+00
1.270492738505267338e+00 2.232807368909131007e+00 2.151036573011911646e+00 2.210460041035361201e+00 1.622067788444810255e+00
1.300000000000000044e+00 2.169999999999999929e+00 2.154999999999999805e+00 2.209999999999999964e+00 1.600000000000000089e+00
