8.699999999999999956e-01 2.740000000000000213e+00 1.850000000000000089e+00 2.629999999999999893e+00 1.350000000000000089e+00
9.103874116070592715e-01 2.728448882362515260e+00 1.860156116970362872e+00 2.591853129538467027e+00 1.341634578833061919e+00
9.564057710741308282e-01 2.713007690396374461e+00 1.877771062628444065e+00 2.566901251102750692e+00 1.332395831406060660e+00
9.862800884174508509e-01 2.704821286101243505e+00 1.877898971067410105e+00 2.555337944264322481e+00 1.327172351589738897e+00
1.009932252049000390e+00 2.727960085337129748e+00 1.918714976599189992e+00 2.557733350954495055e+00 1.331391994083930497e+00
1.037936671265886845e+00 2.758162781980618927e+00 1.978289346568737894e+00 2.552398844656966315e+00 1.331948383682774351e+00
1.050647133409372547e+00 2.750301977771687945e+00 1.993411688203172272e+00 2.532677286956960039e+00 1.329810898140169284e+00
1.066644106286153360e+00 2.741678331684073822e+00 2.005228635283313743e+00 2.516937556198231896e+00 1.328944117496862809e+00
1.086948702548565127e+00 2.740092389660123917e+00 2.021311794421987607e+00 2.509660569193635560e+00 1.329574816173693330e+00
1.110002083366619097e+00 2.740734917690894612e+00 2.043260353916432681e+00 2.507840888816205371e+00 1.329487355598557574e+00
1.161882857282521941e+00 2.732027246382945584e+00 2.110297038093097211e+00 2.508029180059271113e+00 1.318794276770465679e+00
1.176171434597866883e+00 2.726684772204083895e+00 2.129479074536841043e+00 2.506739842051739053e+00 1.314827679259393367e+00
1.187235999973734968e+00 2.720826073918445331e+00 2.145842257757156979e+00 2.503572436886416508e+00 1.310546548987499449e+00
1.199116408001592582e+00 2.717399649075387558e+00 2.168163710921092502e+00 2.498266602412856585e+00 1.305915184085941982e+00
1.215687142315915237e+00 2.711816089763784632e+00 2.212687122748870472e+00 2.490910075942710744e+00 1.305864226686783258e+00
1.219977603535598476e+00 2.686864993925723866e+00 2.236096859832936268e+00 2.482625964259737472e+00 1.308643766849515444e+00
1.219081728442354740e+00 2.675397510321631422e+00 2.238976810115522298e+00 2.479670449380536379e+00 1.309581964468113702e+00
1.224611163187588447e+00 2.660514688338751377e+00 2.227657992804894960e+00 2.482919578695527374e+00 1.329144720707600147e+00
1.248730099702307861e+00 2.633814130150804900e+00 2.236324758324145900e+00 2.488966622154407560e+00 1.337180751303587600e+00
1.274849129940099912e+00 2.574227666862744623e+00 2.251904566791606221e+00 2.487483816464099551e+00 1.338574243782438389e+00
1.283726556889466464e+00 2.544832528486189904e+00 2.248606722509261857e+00 2.485904431252492941e+00 1.339641757368044139e+00
1.303571349725876072e+00 2.472034490047953614e+00 2.226826821357762665e+00 2.480756213973895452e+00 1.343538597899119225e+00
1.315183765019954265e+00 2.434535077183825003e+00 2.221356668767075604e+00 2.472492003728463228e+00 1.346785148942537091e+00
1.324097783773394488e+00 2.403765858087008489e+00 2.229439931590052382e+00 2.456236718880782099e+00 1.349856367603329721e+00
1.329871546069138821e+00 2.362653467547237263e+00 2.243538414281417648e+00 2.423098232505374039e+00 1.354967467285011828e+00
1.329254277002829498e+00 2.334178213306973504e+00 2.239021818266151875e+00 2.397183142694504276e+00 1.364297523897520570e+00
1.325703049303580627e+00 2.315934473710415720e+00 2.230266084468240706e+00 2.364796805449497441e+00 1.380483677049876734e+00
1.319283625641839430e+00 2.315550037437701825e+00 2.224702522735316546e+00 2.339087557046548582e+00 1.389242752997875474e+00
1.289410401716456711e+00 2.324588854862361664e+00 2.196227298635106795e+00 2.269616372667779824e+00 1.402293487638777592e+00
1.285516185773914355e+00 2.326107007354796252e+00 2.192207585791281943e+00 2.262050382322112085e+00 1.403739832624964823e+00
1.279456616947114211e+00 2.329631390284289782e+00 2.186104881299969271e+00 2.250990350563055742e+00 1.406264691920912968e+00
1.263377056770477624e+00 2.343656994090416390e+00 2.174126953424996067e+00 2.221847317071728778e+00 1.415481202774306002e+00
1.252445143676540473e+00 2.356868455085681102e+00 2.185537799752458987e+00 2.197314568050769967e+00 1.433328375879517891e+00
1.250392208016400941e+00 2.353942708204909806e+00 2.185444596649145588e+00 2.195795132423001839e+00 1.438825357956140971e+00
1.227300236087865093e+00 2.319333622802754569e+00 2.183076744029471161e+00 2.179559579314823914e+00 1.501671141195926262e+00
1.216888694740285048e+00 2.297650915673148386e+00 2.178532644223008852e+00 2.173237924309247671e+00 1.539036006267860746e+00
1.214775594870377562e+00 2.288390845476778512e+00 2.173276152548503148e+00 2.170730372186877144e+00 1.571553128238825536e+00
1.219701230835697148e+00 2.291296463426030883e+00 2.166296941176584667e+00 2.175741993374774808e+00 1.588229934261563780e+00
1.225834889515995174e+00 2.242752316831162052e+00 2.152326853683418584e+00 2.177866193835434672e+00 1.604540833818289380e+00
1.275626149551375210e+00 2.247923985640147393e+00 2.159125137154312757e+00 2.199204186681228190e+00 1.607709909471621845e+00
1.277798296164374792e+00 2.199823280679493731e+00 2.149058950221886644e+00 2.219089757271607066e+00 1.598139849853094319e+00
1.300000000000000044e+00 2.169999999999999929e+00 2.154999999999999805e+00 2.209999999999999964e+00 1.600000000000000089e+00
