8.699999999999999956e-01 2.740000000000000213e+00 1.850000000000000089e+00 2.629999999999999893e+00 1.350000000000000089e+00
9.040210275010149843e-01 2.754875937101448624e+00 1.863732407367053145e+00 2.619992770797110904e+00 1.350318712267822407e+00
9.375575032810057330e-01 2.751119915306440955e+00 1.875725935804802624e+00 2.603402555317326783e+00 1.350701240536213765e+00
9.603885718942577476e-01 2.718808813372588951e+00 1.871583292177139368e+00 2.587736904235786728e+00 1.341709665888511038e+00
9.874174650961433652e-01 2.726245515777447004e+00 1.885134587064973388e+00 2.572345187317941484e+00 1.348701978315921535e+00
1.004830169935330364e+00 2.743318153463091935e+00 1.917709018399704313e+00 2.562498490844703714e+00 1.349378610065621986e+00
1.026627876372036674e+00 2.751271111460505736e+00 1.948198634040748667e+00 2.549596617925975472e+00 1.346642840937104957e+00
1.053214382957647466e+00 2.758776375712691298e+00 1.975325528983018497e+00 2.539218628696062741e+00 1.344325644199706460e+00
1.079068037504552713e+00 2.777339953389683203e+00 2.001734381855039491e+00 2.533649204143626044e+00 1.347341830919100980e+00
1.104971674871021436e+00 2.781844918360670160e+00 2.029727796367250203e+00 2.521712874012709715e+00 1.348015603105092719e+00
1.125002420241877132e+00 2.769275831199735194e+00 2.062163614457250826e+00 2.512079253179523075e+00 1.346987492958535038e+00
1.143657242344798597e+00 2.747713415424629879e+00 2.093698736453163178e+00 2.508034981553091569e+00 1.343610641549633611e+00
1.165765084532089713e+00 2.721116602935399253e+00 2.119629825284319313e+00 2.506046732631823648e+00 1.337727748210490342e+00
1.188485719146308295e+00 2.691025909703051777e+00 2.143294161114928542e+00 2.506478354551295418e+00 1.332862674778593881e+00
1.212746299940948846e+00 2.664819782258605940e+00 2.168412356937121199e+00 2.507667639287579853e+00 1.330229220228067444e+00
1.237018492676053683e+00 2.641445973825603311e+00 2.193556887757214025e+00 2.504810645712593153e+00 1.323957135042461042e+00
1.255982424973489664e+00 2.607990847993812533e+00 2.213601713815082750e+00 2.494394334111616374e+00 1.317233717332425558e+00
1.266169101855974199e+00 2.562593513153017533e+00 2.220524777107443892e+00 2.479779782116411369e+00 1.319319567842539120e+00
1.273508436824115186e+00 2.516515945368648755e+00 2.217984973793346803e+00 2.464904840731613422e+00 1.328710683898781220e+00
1.290196038218903718e+00 2.486445481309587535e+00 2.226217939087467901e+00 2.446919529317460373e+00 1.340995799000779032e+00
1.301448633430917212e+00 2.488165284969402258e+00 2.237799100490931004e+00 2.422180807970049532e+00 1.360387055358091901e+00
1.303925280492173266e+00 2.446264026949243942e+00 2.231939053181979382e+00 2.399669548128619212e+00 1.367378038651378969e+00
1.306679580754251724e+00 2.411527960605877485e+00 2.227879634990760138e+00 2.370012605354316459e+00 1.372270734198357323e+00
1.304949171734661517e+00 2.392920326485335814e+00 2.218796667749303619e+00 2.334510818885481953e+00 1.377262490950039275e+00
1.297966520807552815e+00 2.384906011945709281e+00 2.203644647109608723e+00 2.299459757263187853e+00 1.382476490886770160e+00
1.288971343764972799e+00 2.375928421449032157e+00 2.188296696216832427e+00 2.265586208652835332e+00 1.389822777744878390e+00
1.283661607052067222e+00 2.351257355656016568e+00 2.176314994592926322e+00 2.235176976769840174e+00 1.398339926148715051e+00
1.266714601233186688e+00 2.330518135626027831e+00 2.157815747526206529e+00 2.212234981281689716e+00 1.405923474566759035e+00
1.242035041379332405e+00 2.343179798666220837e+00 2.139516431634544968e+00 2.206919695608193788e+00 1.419987897159282753e+00
1.226137259860461626e+00 2.350539775483939220e+00 2.126671789726929163e+00 2.206434840532699226e+00 1.444774063593873947e+00
1.220895678391300754e+00 2.338907113735702481e+00 2.119043790606396804e+00 2.204778398448404175e+00 1.472911566891248247e+00
1.220350190605730356e+00 2.318839974022039563e+00 2.115127505242261119e+00 2.203204187407100445e+00 1.500673947336165215e+00
1.220517367269656317e+00 2.309186056877795323e+00 2.117703997267502469e+00 2.204053936031175276e+00 1.529923512186971868e+00
1.220166803155295021e+00 2.327254022073304451e+00 2.126055924622194837e+00 2.206300793010009365e+00 1.556713521081166895e+00
1.222003573712358904e+00 2.344127442013706375e+00 2.147285856196766929e+00 2.211968332060063602e+00 1.571550112421138179e+00
1.233463754283081082e+00 2.305435700159899515e+00 2.167188513009759454e+00 2.215995259446757348e+00 1.565698389354859055e+00
1.253045854152807115e+00 2.293971107659264153e+00 2.183775819589185208e+00 2.209779424767146061e+00 1.587075365179502429e+00
1.276862944285886092e+00 2.297371821914263812e+00 2.189640630976515290e+00 2.194572232755464203e+00 1.606941806061650935e+00
1.297649742226780978e+00 2.303770421508493538e+00 2.168254948434619855e+00 2.170893996676516835e+00 1.605937305743702082e+00
1.297754583268408757e+00 2.261956528722559145e+00 2.169011214192185122e+00 2.185808680182557584e+00 1.619054390884367978e+00
1.300023123116191615e+00 2.219164706621520988e+00 2.168554993983367485e+00 2.200211965276492432e+00 1.604305468416868052e+00
1.300000000000000044e+00 2.169999999999999929e+00 2.154999999999999805e+00 2.209999999999999964e+00 1.600000000000000089e+00
