8.699999999999999956e-01 2.740000000000000213e+00 1.850000000000000089e+00 2.629999999999999893e+00 1.350000000000000089e+00
9.285550128122550539e-01 2.725173196099239803e+00 1.853884205003664132e+00 2.602988904483036769e+00 1.339016513310229195e+00
9.871986145330365892e-01 2.736687028420020873e+00 1.868143527537488469e+00 2.577672659535905630e+00 1.328851000918537251e+00
1.016824641604116453e+00 2.752098225408895260e+00 1.930893620496016538e+00 2.562860919143944649e+00 1.322579404004712744e+00
1.059223639345968859e+00 2.757755980737320645e+00 1.986388046516041728e+00 2.548288116827700289e+00 1.326996599894532336e+00
1.106433471025505266e+00 2.760614370090508807e+00 2.036027850779726034e+00 2.533289787719999353e+00 1.333992330094774692e+00
1.151504779446186122e+00 2.761171185820764151e+00 2.091206657727885165e+00 2.531771280592744588e+00 1.329890775798566960e+00
1.188246585656052678e+00 2.761633651239682408e+00 2.153110259845316232e+00 2.533549567186101470e+00 1.336900861578969035e+00
1.223219937410189306e+00 2.740352803795433445e+00 2.213373230339744424e+00 2.523330193952466161e+00 1.334493493058413582e+00
1.256631254133438125e+00 2.710675489034149344e+00 2.270204262952884466e+00 2.508884448042032034e+00 1.327251371963878990e+00
1.288518482697059930e+00 2.668573943677094551e+00 2.321563671048396227e+00 2.491532929886410841e+00 1.331823942042760223e+00
1.309845222514506524e+00 2.597056576870351741e+00 2.335145771826308891e+00 2.468198559081267174e+00 1.343391514680442045e+00
1.320228043229592085e+00 2.520831192020954070e+00 2.317523267291256683e+00 2.446548855297462133e+00 1.354389013300704159e+00
1.327035043484485533e+00 2.446538621568951299e+00 2.290341599629577285e+00 2.426565573224530592e+00 1.364689357061303010e+00
1.320506441411984033e+00 2.386437164184644022e+00 2.241178594070165175e+00 2.409299532852776871e+00 1.371473081470982125e+00
1.301733413348443280e+00 2.341696290700918226e+00 2.189948468229992784e+00 2.380490801875330131e+00 1.364512750862787893e+00
1.301982743854955604e+00 2.299233420798839855e+00 2.168279838432650930e+00 2.325376558228247070e+00 1.353895183948507164e+00
1.299729798877643283e+00 2.265838632696135058e+00 2.147423752748045978e+00 2.263917135481491982e+00 1.351662768527183811e+00
1.296860914954009347e+00 2.266420483334995239e+00 2.138778663108342748e+00 2.195615773232561629e+00 1.358992352909492718e+00
1.290510314246986256e+00 2.315300076305430110e+00 2.144984809175900509e+00 2.176006715284742210e+00 1.394082019989967947e+00
1.285286224824707890e+00 2.349101610076976598e+00 2.137661285614710138e+00 2.199389267792796865e+00 1.434754465948895330e+00
1.279299023200164864e+00 2.354998462274260795e+00 2.126381065063927434e+00 2.212553514398100329e+00 1.480951241949940655e+00
1.256753024617909498e+00 2.322478379127936421e+00 2.126629589254192876e+00 2.216404002674399631e+00 1.522171574393095916e+00
1.234510666479645247e+00 2.297175584926154812e+00 2.112855527066033190e+00 2.229171505578246837e+00 1.563296508063204415e+00
1.217703564541376515e+00 2.257343001995021137e+00 2.107019836406207158e+00 2.214856257445730670e+00 1.602566429361435230e+00
1.250130465696044357e+00 2.211627852409773443e+00 2.144800500412781918e+00 2.201454082995451866e+00 1.620381546604297229e+00
1.300000000000000044e+00 2.169999999999999929e+00 2.154999999999999805e+00 2.209999999999999964e+00 1.600000000000000089e+00
