8.699999999999999956e-01 2.740000000000000213e+00 1.850000000000000089e+00 2.629999999999999893e+00 1.350000000000000089e+00
9.047638039951279021e-01 2.737910359441368069e+00 1.868394043436137908e+00 2.603020529051073062e+00 1.347396775272257097e+00
9.328282294668538421e-01 2.717582647407338126e+00 1.885118009105021475e+00 2.586257910260959303e+00 1.348372870474551233e+00
9.568355677649698077e-01 2.700381291325646860e+00 1.912502064649276967e+00 2.575332993834023032e+00 1.342297148492924030e+00
9.803578524186926657e-01 2.683484854241176443e+00 1.941123801839639285e+00 2.568151253026820680e+00 1.334824775240300854e+00
1.004338044893366977e+00 2.670900845426134929e+00 1.972458052638437653e+00 2.559683220068067921e+00 1.326013730429127513e+00
1.024863993556682562e+00 2.658470843073602818e+00 2.006439743282761867e+00 2.553208125745400014e+00 1.317870241151984922e+00
1.036341025742010258e+00 2.653403978332221413e+00 2.035496807606739456e+00 2.551575488106835099e+00 1.299608558027382177e+00
1.041958836992543880e+00 2.654388693237357710e+00 2.047108167197846385e+00 2.546672539607619079e+00 1.274747742037308784e+00
1.049168580131212059e+00 2.654069639122617730e+00 2.048540980638602349e+00 2.532730477839049144e+00 1.250310382066093684e+00
1.062458466276914093e+00 2.648189774583214362e+00 2.047438478926423944e+00 2.509528138655235718e+00 1.230279063588246125e+00
1.086758826611813777e+00 2.636439146700504832e+00 2.049924630066604969e+00 2.485776912254301863e+00 1.215347385163174199e+00
1.120534113647719821e+00 2.622197096979047348e+00 2.056871122492601511e+00 2.465128232206064141e+00 1.205406499769514639e+00
1.157614966421371516e+00 2.607217833993011880e+00 2.066177245705778542e+00 2.445152631024809065e+00 1.199733738693046448e+00
1.193268313290976712e+00 2.591434326486222961e+00 2.076447416080691610e+00 2.424017032328488419e+00 1.196302583695421529e+00
1.225249932686065968e+00 2.574685057253110809e+00 2.088037264033688611e+00 2.401555462854478851e+00 1.193239011944439820e+00
1.252437810970612686e+00 2.557546098257147182e+00 2.104859334869993770e+00 2.378715533818801742e+00 1.192532856624531901e+00
1.273407943356231975e+00 2.543700622169000169e+00 2.121816175755649070e+00 2.354630528166097303e+00 1.186452956513054158e+00
1.260221568925601332e+00 2.528218407271254353e+00 2.085280972828280621e+00 2.354356315334029670e+00 1.188414936774686792e+00
1.241988314986974373e+00 2.517005056879392466e+00 2.056095569026659131e+00 2.347957129291418532e+00 1.202926565826127892e+00
1.224036064885667408e+00 2.514373143472001360e+00 2.032611256241119602e+00 2.338064481508079773e+00 1.222532799359429934e+00
1.206614894659336690e+00 2.512440521035860463e+00 2.009722125604250120e+00 2.327616671607572574e+00 1.242429449623700277e+00
