8.699999999999999956e-01 2.740000000000000213e+00 1.850000000000000089e+00 2.629999999999999893e+00 1.350000000000000089e+00
9.170693800250818706e-01 2.712979862371133866e+00 1.873612091948801961e+00 2.610882147179710788e+00 1.356510394883140735e+00
9.622771772740881246e-01 2.706837400682333694e+00 1.909472405737525635e+00 2.591889041717779119e+00 1.369914686192237108e+00
9.846224101178037147e-01 2.719641046039241949e+00 1.948836017120658903e+00 2.599551179150869196e+00 1.359931888763631580e+00
1.004949750867261793e+00 2.691733827610638841e+00 1.984186409880819735e+00 2.591233628720281956e+00 1.347433361360719228e+00
1.022395381835773831e+00 2.665256594738299789e+00 2.023104882614894962e+00 2.580867476662140003e+00 1.339461516566802679e+00
1.077387687059389476e+00 2.654229664001332534e+00 2.035923052098047581e+00 2.555010657143145014e+00 1.318015683480532552e+00
1.116265535964136912e+00 2.645216742514175046e+00 2.035989156194696115e+00 2.526603581236734897e+00 1.287880323125063953e+00
1.121635083947480904e+00 2.638981439036562016e+00 2.015940552638722849e+00 2.505565613064406172e+00 1.253447965720009716e+00
1.116488333503164121e+00 2.651619996287596592e+00 2.030133070439129828e+00 2.469591134003733757e+00 1.233973914770770008e+00
1.140914042761935976e+00 2.673596294606658486e+00 2.048404942703931919e+00 2.492555918775170909e+00 1.215627574052124293e+00
1.182468480277329537e+00 2.655838117796945674e+00 2.067655515894267104e+00 2.451913853534520182e+00 1.211681129883259267e+00
1.224022917792722875e+00 2.638079940987232419e+00 2.086906089084602289e+00 2.411271788293869900e+00 1.207734685714394240e+00
1.269906627236326635e+00 2.621159725895850556e+00 2.102844162721990706e+00 2.370728471836386131e+00 1.212309858661331452e+00
1.294897986662537859e+00 2.622007288235074007e+00 2.076774216163357778e+00 2.360913389899874648e+00 1.242398123708035707e+00
1.293581106766760858e+00 2.585285582892812961e+00 2.069634326350882070e+00 2.334597670483645526e+00 1.232458183006348129e+00
1.295387529043232844e+00 2.556792744219023028e+00 2.070087332562302151e+00 2.327682175533997366e+00 1.264850089091297036e+00
1.291665283781411766e+00 2.529057191873027133e+00 2.045723607947440126e+00 2.346587962023232610e+00 1.244825157902909041e+00
1.287097973182280253e+00 2.533241995405307811e+00 2.031840431978902739e+00 2.363240815174926901e+00 1.207046320093692282e+00
1.274446492914428797e+00 2.537653132648934662e+00 2.069680697759289423e+00 2.345764638944961789e+00 1.194950354425768912e+00
1.239922231042950074e+00 2.515274424235470097e+00 2.036835424494577662e+00 2.337405736306799042e+00 1.211426730818413677e+00
1.206614894659336690e+00 2.512440521035860463e+00 2.009722125604250120e+00 2.327616671607572574e+00 1.242429449623700277e+00
