8.699999999999999956e-01 2.740000000000000213e+00 1.850000000000000089e+00 2.629999999999999893e+00 1.350000000000000089e+00
8.982664268660408569e-01 2.731901166500798173e+00 1.873838415874085062e+00 2.598240918041761827e+00 1.348770488237283516e+00
9.312631251554231993e-01 2.749804543659409628e+00 1.888591650523099075e+00 2.569824471374917430e+00 1.343498434194147828e+00
9.431222863261378153e-01 2.750101005113504193e+00 1.889173437900296015e+00 2.559211433921001699e+00 1.315427373962340551e+00
9.536039428627537395e-01 2.752873986054072297e+00 1.919513865732047631e+00 2.550493572124260311e+00 1.294644164867991165e+00
9.767533994331758507e-01 2.741021596403258709e+00 1.952584005907592957e+00 2.530003393581382376e+00 1.288339608433439754e+00
1.004162301395634227e+00 2.721064418223612336e+00 1.979809737165716843e+00 2.513240195347976602e+00 1.280042765541745009e+00
1.032326135623001129e+00 2.701404061938223577e+00 2.007214602506789625e+00 2.498313845370199626e+00 1.270591281480659251e+00
1.055356379797204536e+00 2.682474742191796047e+00 2.034248406386790720e+00 2.487244336642008058e+00 1.256034251232860610e+00
1.069193472543910284e+00 2.661830651059638342e+00 2.055153529649734523e+00 2.480856066731276233e+00 1.235907671961788079e+00
1.096552988811091645e+00 2.641736788904319955e+00 2.069270888608607972e+00 2.468029015521330027e+00 1.217402769344257063e+00
1.138804849417320630e+00 2.630883176190476291e+00 2.081472894573593191e+00 2.444789526700591686e+00 1.206202430457442132e+00
1.184411949720347579e+00 2.627737620113493211e+00 2.093772920421538952e+00 2.417228176868961853e+00 1.200123166765379334e+00
1.228936871022347832e+00 2.634955361934625540e+00 2.105731747700710255e+00 2.389603674610578210e+00 1.194144112160514526e+00
1.263516758466721068e+00 2.655933376350114283e+00 2.115337462762596932e+00 2.369652565765849150e+00 1.181679483991146862e+00
1.294133952243583963e+00 2.666753464439440613e+00 2.138011262963474657e+00 2.351854623813560696e+00 1.173108094339008423e+00
1.290912610481292244e+00 2.627271240169708033e+00 2.131244528868172061e+00 2.351121801913127030e+00 1.174528111340098047e+00
1.283109935158682102e+00 2.590229019694894053e+00 2.118635021311636724e+00 2.345460590198531925e+00 1.179686500734267396e+00
1.269244871118804685e+00 2.561593986211386564e+00 2.099872995658256247e+00 2.340203104434932957e+00 1.194830755357356278e+00
1.249957716378713446e+00 2.542774823714565091e+00 2.072975162230103585e+00 2.335788845025441596e+00 1.212095427445705864e+00
1.228286305519025179e+00 2.527607672375212555e+00 2.041348643917176631e+00 2.331702758316507307e+00 1.227262438534703071e+00
1.206614894659336690e+00 2.512440521035860463e+00 2.009722125604250120e+00 2.327616671607572574e+00 1.242429449623700277e+00
