8.699999999999999956e-01 2.740000000000000213e+00 1.850000000000000089e+00 2.629999999999999893e+00 1.350000000000000089e+00
8.928877637549518242e-01 2.724363203701756220e+00 1.870235469259348582e+00 2.594869026967270287e+00 1.332189741559749452e+00
9.153382056804478806e-01 2.725675487297379629e+00 1.900025627285961249e+00 2.563665615537421782e+00 1.337197563392025890e+00
9.260012139102237194e-01 2.726997355423663727e+00 1.884871901460580368e+00 2.558893832586371708e+00 1.300408039735373222e+00
9.652818781658792924e-01 2.741705109218950831e+00 1.901380174320616234e+00 2.559816282058261727e+00 1.271778746427547624e+00
9.762377357986360416e-01 2.723961235318149487e+00 1.913731873681071116e+00 2.552015006485204296e+00 1.240137676044697601e+00
9.944681036215001768e-01 2.688198898841520190e+00 1.939219288095625604e+00 2.537955960716221426e+00 1.239469760002740895e+00
1.026285585972315229e+00 2.663996782588859524e+00 1.977105867938939054e+00 2.532326133411488378e+00 1.240955317100010058e+00
1.045925434641020502e+00 2.640893785982437514e+00 2.000918397115226899e+00 2.512009657783096372e+00 1.218958879697275677e+00
1.055298627888201279e+00 2.659413278369262112e+00 2.020049685922965743e+00 2.480260035318863743e+00 1.196554847585086456e+00
1.094054493961706731e+00 2.667147802372102472e+00 2.051936913267398133e+00 2.456101929358496250e+00 1.182092341139243441e+00
1.145864740232528378e+00 2.665201410120332071e+00 2.077117277633693693e+00 2.432283344461071195e+00 1.169618661275454885e+00
1.198079805552842991e+00 2.664268483302880686e+00 2.102165823810239420e+00 2.408576334447049661e+00 1.157251287512381266e+00
1.251691866610576742e+00 2.668259616966400571e+00 2.126031300196601581e+00 2.385088340334831081e+00 1.145520845543662958e+00
1.301155392447852499e+00 2.658032267100053136e+00 2.131057346988372014e+00 2.356309899513279849e+00 1.146845436668242346e+00
1.298568618979562439e+00 2.619664622369136442e+00 2.116588785093464153e+00 2.352697381694969003e+00 1.163414957878106115e+00
1.279616079888579394e+00 2.590881089761408518e+00 2.095823469974333442e+00 2.332642512779561805e+00 1.181435488408565382e+00
1.255825605337620221e+00 2.564431249378712252e+00 2.065645424035570166e+00 2.330638301011566771e+00 1.200408953975563575e+00
1.231220249998478344e+00 2.538435885207286358e+00 2.037683774819909921e+00 2.329127486309569672e+00 1.221419201799631926e+00
1.206614894659336690e+00 2.512440521035860463e+00 2.009722125604250120e+00 2.327616671607572574e+00 1.242429449623700277e+00
