8.699999999999999956e-01 2.740000000000000213e+00 1.850000000000000089e+00 2.629999999999999893e+00 1.350000000000000089e+00
9.117608306985091060e-01 2.722252484860859578e+00 1.853921951520988598e+00 2.610649930839283428e+00 1.340844786276601530e+00
9.521223485647511975e-01 2.713763371759064125e+00 1.869886567395212529e+00 2.598537001809516411e+00 1.361669906223053950e+00
9.828936657893128093e-01 2.696634605721156319e+00 1.900419445797810525e+00 2.591576280994272619e+00 1.358786578573947690e+00
1.000367655597550476e+00 2.681542285668553571e+00 1.938807215982723209e+00 2.589036295547255229e+00 1.354358152699172368e+00
1.013033220569308002e+00 2.664565939395812322e+00 1.974196611789932554e+00 2.581085742874056788e+00 1.344174786803831845e+00
1.026160004383170898e+00 2.650811103227413756e+00 1.998565577615500244e+00 2.563062358708246169e+00 1.322149782457422207e+00
1.042142998950277732e+00 2.649470984853476541e+00 2.013235883900885703e+00 2.539053871202939572e+00 1.294106919089821783e+00
1.064803567619512670e+00 2.655162338074759987e+00 2.022342615679181943e+00 2.514099578197354745e+00 1.267364273315597423e+00
1.096715026686180927e+00 2.656186266103256699e+00 2.028526082144735732e+00 2.488259904950573365e+00 1.243632858757911075e+00
1.133863784170031641e+00 2.646850737186710489e+00 2.033647941042814988e+00 2.463105663001633694e+00 1.225419134623457085e+00
1.170322580593448070e+00 2.629812393438955898e+00 2.039482956758754018e+00 2.440378590456416585e+00 1.212881839133535644e+00
1.204337417906145458e+00 2.608765778023528270e+00 2.046655073989481100e+00 2.420652893757667012e+00 1.202961500215299795e+00
1.236096923875821929e+00 2.586523535908153981e+00 2.058294272650464940e+00 2.403525800411204116e+00 1.193208026735585792e+00
1.263974498862329821e+00 2.567746357393154710e+00 2.079720279969411667e+00 2.386739883429496611e+00 1.180718263207865659e+00
1.281857824168599169e+00 2.561288589027589602e+00 2.110424500620818655e+00 2.366189872899896685e+00 1.163443353170433570e+00
1.281001630622372156e+00 2.576987664078074225e+00 2.131255752661930458e+00 2.334770015054142167e+00 1.159512791040132385e+00
1.278216682153623607e+00 2.566756755856636207e+00 2.091366391403000513e+00 2.335740143362456944e+00 1.168013385363564138e+00
1.248928867528109832e+00 2.581587447020690096e+00 2.066760193902955400e+00 2.340980234974571417e+00 1.185402246321621611e+00
1.228390865902301954e+00 2.562392331290844538e+00 2.049273272567105231e+00 2.337678332331939224e+00 1.209225104509498605e+00
1.217502880280819433e+00 2.537416426163352501e+00 2.029497699085677898e+00 2.332647501969756121e+00 1.225827277066599441e+00
1.206614894659336690e+00 2.512440521035860463e+00 2.009722125604250120e+00 2.327616671607572574e+00 1.242429449623700277e+00
