8.699999999999999956e-01 2.740000000000000213e+00 1.850000000000000089e+00 2.629999999999999893e+00 1.350000000000000089e+00
9.035213624415852074e-01 2.714355298018505724e+00 1.880954063860713621e+00 2.597338281448771102e+00 1.346642741820426092e+00
9.348490254161709867e-01 2.718887906190242898e+00 1.903291935352572573e+00 2.571241711876162128e+00 1.315975709801193938e+00
9.641172071855318437e-01 2.718033531573532446e+00 1.924092893447462815e+00 2.552979494098153168e+00 1.280583551909560969e+00
9.919417594221932033e-01 2.721034923631617364e+00 1.954927197272471107e+00 2.538371959890072915e+00 1.248028510220082987e+00
1.020905617805888177e+00 2.702631387669859109e+00 1.994380324493133738e+00 2.527502099733288876e+00 1.226465066198134002e+00
1.035790557226930808e+00 2.663150089888213223e+00 2.020707897090057603e+00 2.517820510644859233e+00 1.232600649186633701e+00
1.047296616507308542e+00 2.623871941686224840e+00 2.039293581057560534e+00 2.502122862054178665e+00 1.222313164062086788e+00
1.076621208861033185e+00 2.605466834354440930e+00 2.061304222420694554e+00 2.489359004681282350e+00 1.190629205057690765e+00
1.126701798027514023e+00 2.594367639462429764e+00 2.087817028012608933e+00 2.468565074317901953e+00 1.167149104301172802e+00
1.187146778446743323e+00 2.581220566393332305e+00 2.111149080700077896e+00 2.440152811799853438e+00 1.155735638778347507e+00
1.249336329633577325e+00 2.570776970487553381e+00 2.128009692832264044e+00 2.403691199360382669e+00 1.157574334195863530e+00
1.290559071488427190e+00 2.564634742521644029e+00 2.120459752593721880e+00 2.358489949363376859e+00 1.168759176191030091e+00
1.268133690668295399e+00 2.545105238457824104e+00 2.079354257044287113e+00 2.342784427352652799e+00 1.188993539100554164e+00
1.242069609527992835e+00 2.526315473303728076e+00 2.048365279949387663e+00 2.339266224770822689e+00 1.218810654108496649e+00
1.206614894659336690e+00 2.512440521035860463e+00 2.009722125604250120e+00 2.327616671607572574e+00 1.242429449623700277e+00
