8.699999999999999956e-01 2.740000000000000213e+00 1.850000000000000089e+00 2.629999999999999893e+00 1.350000000000000089e+00
9.028997973710922720e-01 2.730532236372283705e+00 1.869652043078561920e+00 2.603048443122816025e+00 1.351152587284304429e+00
9.390827910324469618e-01 2.727532096232801351e+00 1.897265980156787935e+00 2.588402651083925754e+00 1.353871786361756868e+00
9.720200526737468039e-01 2.723315820572423718e+00 1.926196335126551862e+00 2.574949144950551716e+00 1.359854803681393776e+00
9.984079197330733013e-01 2.711522417469572233e+00 1.954020082947153458e+00 2.558300022278392483e+00 1.365580786770444588e+00
1.023888314421813828e+00 2.693433671858700418e+00 1.976433539192437250e+00 2.538919873923862980e+00 1.363329845685772979e+00
1.049004284994303537e+00 2.675511439982162898e+00 1.989547248086530828e+00 2.520644434426711822e+00 1.347211599323664855e+00
1.066559595073679478e+00 2.660405743301134773e+00 1.994961186997073366e+00 2.506861382738899469e+00 1.322182229891454508e+00
1.077240738644486218e+00 2.643421700543513886e+00 1.999277766665369604e+00 2.497768190280190037e+00 1.295770904414302649e+00
1.092164492517553986e+00 2.623853832999971658e+00 2.019824186666935972e+00 2.499362189061671291e+00 1.278026617805800402e+00
1.115480905979520765e+00 2.634354581355473623e+00 2.040846004698022131e+00 2.488021689338076214e+00 1.259040857021983761e+00
1.134301935607056500e+00 2.629758571248118404e+00 2.045229457561070330e+00 2.462902124152157146e+00 1.234836819422842957e+00
1.161142545664781922e+00 2.619631058077344754e+00 2.059385811264723642e+00 2.437682834778269747e+00 1.218245783545558902e+00
1.190661385981208520e+00 2.609184966315133636e+00 2.077143330961293888e+00 2.413241379608540793e+00 1.205460357865414833e+00
1.222154314583185464e+00 2.601487797169874661e+00 2.094782661744991614e+00 2.387878934580991874e+00 1.193130696815412062e+00
1.256969129583170419e+00 2.604210121513550469e+00 2.107761192916221660e+00 2.359600133873116956e+00 1.180794837491466964e+00
1.283661179022320908e+00 2.590567097168321453e+00 2.103981572752327001e+00 2.327952079136885288e+00 1.170001507877210356e+00
1.281971609403758983e+00 2.557896920873394819e+00 2.097642422425361808e+00 2.321721031228977328e+00 1.168757178366486071e+00
1.269784555222734923e+00 2.534306935469435640e+00 2.072176312699018030e+00 2.319791396351865043e+00 1.172990550332511317e+00
1.254012750891854155e+00 2.524598955975157377e+00 2.050925409419740220e+00 2.322115827239939811e+00 1.197014336451883931e+00
1.232012585318168485e+00 2.523728643631795165e+00 2.032190995477842321e+00 2.324323877279363071e+00 1.222764510378820724e+00
1.206614894659336690e+00 2.512440521035860463e+00 2.009722125604250120e+00 2.327616671607572574e+00 1.242429449623700277e+00
