8.699999999999999956e-01 2.740000000000000213e+00 1.850000000000000089e+00 2.629999999999999893e+00 1.350000000000000089e+00
9.083021968525518686e-01 2.736267650735661139e+00 1.870943023048146525e+00 2.607859364834082427e+00 1.357536422576227197e+00
9.439547186779454480e-01 2.727187355354877329e+00 1.895657833398469272e+00 2.588517617518987457e+00 1.356362195283366212e+00
9.699873251189906620e-01 2.713366502294248583e+00 1.923024767549565750e+00 2.572374881892403486e+00 1.354079866780766750e+00
9.904609845419205527e-01 2.702642446339735383e+00 1.956095677412946543e+00 2.567597444544010621e+00 1.355382671849059140e+00
1.007015508269721860e+00 2.684996769086008594e+00 1.985945918224689910e+00 2.569715506362738822e+00 1.351660345668039165e+00
1.013865777127003209e+00 2.663674698264403951e+00 2.012023460998081603e+00 2.569535421767654260e+00 1.343193076243005990e+00
1.020551360505608240e+00 2.644071475751832434e+00 2.022147021898019759e+00 2.567624126909916704e+00 1.323528916201383909e+00
1.035678329268186593e+00 2.645039525479804698e+00 2.022838292829198359e+00 2.560348005698929619e+00 1.298594131715479438e+00
1.053658766076312370e+00 2.651143044654518555e+00 2.028567220606948496e+00 2.548530366341964726e+00 1.275208409416170641e+00
1.072787253555227194e+00 2.651112555381207603e+00 2.033664124213573121e+00 2.533921773389329335e+00 1.251954183352633088e+00
1.098859786965159069e+00 2.648126510171954884e+00 2.035622367765675733e+00 2.511895768647469662e+00 1.231888236324727881e+00
1.135694934379274157e+00 2.642032479562766767e+00 2.038740255485015584e+00 2.480726242959517602e+00 1.221739891492694019e+00
1.172808328605178918e+00 2.627856342133342071e+00 2.047455864349703170e+00 2.451040231748959908e+00 1.221008719988923241e+00
1.205257406125205044e+00 2.608301259201350142e+00 2.059253034132584759e+00 2.426086096007513682e+00 1.223488777835799457e+00
1.235905736379939279e+00 2.588191747512591512e+00 2.071062609118865527e+00 2.401101968415006560e+00 1.227099772646933262e+00
1.267902893532881770e+00 2.575005064278837352e+00 2.081619359353874099e+00 2.369961122708897250e+00 1.232707697680975434e+00
1.289787428701903993e+00 2.577978038269911565e+00 2.080482540589198237e+00 2.346297191601411036e+00 1.252175847504577666e+00
1.292300210601492694e+00 2.554404290780220688e+00 2.060516570949247672e+00 2.353439420800323312e+00 1.242140527593970756e+00
1.272415388711346740e+00 2.549862033370115633e+00 2.042206663731289673e+00 2.346551321186535422e+00 1.222002174067076563e+00
1.238107422624733278e+00 2.529222366964896551e+00 2.025117320554234546e+00 2.332565406303180655e+00 1.227263014514537343e+00
1.206614894659336690e+00 2.512440521035860463e+00 2.009722125604250120e+00 2.327616671607572574e+00 1.242429449623700277e+00
