8.699999999999999956e-01 2.740000000000000213e+00 1.850000000000000089e+00 2.629999999999999893e+00 1.350000000000000089e+00
9.116591174622764582e-01 2.723116600729894365e+00 1.859594793285497927e+00 2.610339777881770740e+00 1.349301500385857056e+00
9.479139049340649104e-01 2.710929771329436910e+00 1.879503804624855334e+00 2.592217571547700938e+00 1.358788777207956100e+00
9.782059042252967407e-01 2.705927273068295946e+00 1.909066369470051372e+00 2.577561240180952229e+00 1.364079728612234366e+00
1.003081449686681337e+00 2.699263511797012516e+00 1.941429816616969228e+00 2.566113160272710303e+00 1.360223063094871288e+00
1.020903461174439641e+00 2.688783856428544006e+00 1.972981841664433356e+00 2.558400172768193759e+00 1.348154477527511164e+00
1.035326105491863213e+00 2.679067272872114547e+00 2.001151061190837410e+00 2.552137224040075036e+00 1.327655134895158184e+00
1.059035200590662917e+00 2.663781301248716815e+00 2.006777727022929003e+00 2.538105693010856534e+00 1.302636552148391802e+00
1.074751802986620541e+00 2.640802882874142998e+00 1.989663993228772521e+00 2.528318340549862597e+00 1.286650952203092446e+00
1.084773992663396136e+00 2.629950148109688968e+00 1.980337243300732242e+00 2.525543733315889217e+00 1.253357953032467220e+00
1.100230281906501961e+00 2.637319973023169783e+00 1.984732900121660926e+00 2.507864761798392905e+00 1.221391070787708699e+00
1.125851621090150356e+00 2.636314242825879894e+00 1.993342021637506845e+00 2.479041609203795460e+00 1.198809500532016958e+00
1.156313316105507250e+00 2.633094610799109780e+00 2.008458379882975819e+00 2.451087197727918277e+00 1.182025917951169403e+00
1.188042980195130438e+00 2.629403575873481724e+00 2.025936431219781841e+00 2.424166236818011022e+00 1.167336294917957762e+00
1.219858104689967471e+00 2.625032839740168988e+00 2.043352267179289861e+00 2.396694057441732362e+00 1.153613013216373551e+00
1.250422966324066465e+00 2.617395558435071656e+00 2.060880926074668551e+00 2.366336983335391775e+00 1.147850243679901849e+00
1.273978924874352048e+00 2.607220188885525314e+00 2.085243184793066362e+00 2.350817781406493445e+00 1.162224213977622878e+00
1.276428535877003778e+00 2.578072334443517022e+00 2.082529099971552000e+00 2.351687152224462451e+00 1.160774501170442230e+00
1.267851170682725570e+00 2.554713478095135493e+00 2.063686154143085982e+00 2.336179131333406378e+00 1.171878928595192271e+00
1.259376574434458496e+00 2.536896151093258389e+00 2.045306522476797007e+00 2.341296691673230956e+00 1.196916024552569846e+00
1.238614776104019599e+00 2.522713835032907248e+00 2.020580716578633584e+00 2.339684507312289163e+00 1.216605597333232813e+00
1.206614894659336690e+00 2.512440521035860463e+00 2.009722125604250120e+00 2.327616671607572574e+00 1.242429449623700277e+00
