8.699999999999999956e-01 2.740000000000000213e+00 1.850000000000000089e+00 2.629999999999999893e+00 1.350000000000000089e+00
9.043749029038798959e-01 2.732855186044661266e+00 1.861750126729115440e+00 2.612626810020016510e+00 1.365645158209686016e+00
9.336918044466190336e-01 2.721242831015613373e+00 1.880718718609359907e+00 2.594414935704807856e+00 1.375090869980074348e+00
9.683736581412325517e-01 2.711274929359405839e+00 1.905087038102974528e+00 2.586035764385830493e+00 1.378754151989838084e+00
9.937600461103341942e-01 2.703510697388560757e+00 1.929802290590713953e+00 2.577379832324740327e+00 1.365780939327855936e+00
1.008682092455427837e+00 2.693928644283165141e+00 1.956221360574768031e+00 2.568648419200289634e+00 1.351544765208102739e+00
1.017671314778198610e+00 2.681833907241975012e+00 1.984119052925928939e+00 2.561259510362401848e+00 1.339362787573507241e+00
1.022512526700637192e+00 2.672009375541192444e+00 2.010528122652945004e+00 2.553553077028080764e+00 1.323307293707896459e+00
1.026970089157268617e+00 2.666155332113573806e+00 2.032433776466858966e+00 2.543629065514567245e+00 1.302455258917375014e+00
1.035804366907001395e+00 2.662399825906311523e+00 2.048614967930154851e+00 2.531344187999327922e+00 1.278905921485167907e+00
1.051124725840632212e+00 2.659703413744126443e+00 2.058984358814256233e+00 2.517844091094358472e+00 1.254303030195896618e+00
1.072760093777079593e+00 2.656940229621300276e+00 2.064068217197333688e+00 2.503554798218605715e+00 1.230061804935727920e+00
1.102671074946899754e+00 2.648895822159641256e+00 2.061743380251209512e+00 2.484739466376856942e+00 1.211418181680625539e+00
1.136638353642885013e+00 2.634659351278731521e+00 2.056135511210416045e+00 2.461232206873124273e+00 1.206658211349392884e+00
1.170517227861274545e+00 2.619746047056974447e+00 2.054999316510968566e+00 2.436380508797317379e+00 1.210641272931934909e+00
1.204078795353083375e+00 2.606009360863239976e+00 2.058587124529881240e+00 2.411452534094589595e+00 1.217590476936793786e+00
1.237280723329386767e+00 2.593376208914739856e+00 2.066264207279095544e+00 2.386786461624958555e+00 1.225235940704272108e+00
1.268881010663279074e+00 2.579600667621291699e+00 2.080465802720385948e+00 2.364954996482975247e+00 1.230441924877351045e+00
1.274000287195578007e+00 2.566740905733218892e+00 2.083509229285150255e+00 2.339588686187848765e+00 1.244771791829506258e+00
1.252255284630524601e+00 2.550607652138370707e+00 2.057203090946938762e+00 2.334568902908490617e+00 1.240822091134808458e+00
1.229435089644930645e+00 2.531524086587115807e+00 2.033462608275594441e+00 2.331092787258031596e+00 1.241625770379254368e+00
1.206614894659336690e+00 2.512440521035860463e+00 2.009722125604250120e+00 2.327616671607572574e+00 1.242429449623700277e+00
