8.699999999999999956e-01 2.740000000000000213e+00 1.850000000000000089e+00 2.629999999999999893e+00 1.350000000000000089e+00
9.039495243558419713e-01 2.719859610873018863e+00 1.856418624168396647e+00 2.609665931893542457e+00 1.356370975337677143e+00
9.377858561728499298e-01 2.708644177877308934e+00 1.874073087907205171e+00 2.583379959748633325e+00 1.355846661855328872e+00
9.687411369472526124e-01 2.699915397313106258e+00 1.894302408913669300e+00 2.572080118152875627e+00 1.338155848479121834e+00
9.905925183608250695e-01 2.687628974585206443e+00 1.910458808381970908e+00 2.579335084043920645e+00 1.315946730504163220e+00
1.009135140582174905e+00 2.671205862466005332e+00 1.939991393779807005e+00 2.581748840110069665e+00 1.305840028103145922e+00
1.024748828232232789e+00 2.665090886276773485e+00 1.977613116183353226e+00 2.575471992573022284e+00 1.300678810951889197e+00
1.042939359114649855e+00 2.667240794845407326e+00 2.006290899591547827e+00 2.561523326068040785e+00 1.284220776066423264e+00
1.058927292502202855e+00 2.664346513810858852e+00 2.017336710379744602e+00 2.544956608084960603e+00 1.259125474261111988e+00
1.071303868862180320e+00 2.654700075492070876e+00 2.022772768449333292e+00 2.529253200033452220e+00 1.233407351352873604e+00
1.083300359713902816e+00 2.644413921968050918e+00 2.035023774716061329e+00 2.505387655481874365e+00 1.213007025449373000e+00
1.107586580530619536e+00 2.634515011364860992e+00 2.047696777769353549e+00 2.474870002710169992e+00 1.202345996261385830e+00
1.139732621403743984e+00 2.623604703008750150e+00 2.056542741726647971e+00 2.444856582759395547e+00 1.194781877043068041e+00
1.174264374754012463e+00 2.612249011844812063e+00 2.063974182271373081e+00 2.415769265588262105e+00 1.187621233647856878e+00
1.210718884154573072e+00 2.601467196259623638e+00 2.072385361728668940e+00 2.387349896066541355e+00 1.181388347679024786e+00
1.253456318445447470e+00 2.594841817248727978e+00 2.086782408174461256e+00 2.363191697680906422e+00 1.180428915871515549e+00
1.288836377036874703e+00 2.582177262448637656e+00 2.112497605302444015e+00 2.366315566634035417e+00 1.181756428658590652e+00
1.286040844920162129e+00 2.555712258739467391e+00 2.102778456983600996e+00 2.359553890782521535e+00 1.176390315580302826e+00
1.271933775790292653e+00 2.551037216245761297e+00 2.071810352239624731e+00 2.364928171685588332e+00 1.194166327438756170e+00
1.250402997046003772e+00 2.539761542971761266e+00 2.044705685980158449e+00 2.367252578024405807e+00 1.211068280237644457e+00
1.227663129384157781e+00 2.526529998652993214e+00 2.025509935983577758e+00 2.353252119204606085e+00 1.229444398174055708e+00
1.206614894659336690e+00 2.512440521035860463e+00 2.009722125604250120e+00 2.327616671607572574e+00 1.242429449623700277e+00
