8.699999999999999956e-01 2.740000000000000213e+00 1.850000000000000089e+00 2.629999999999999893e+00 1.350000000000000089e+00
9.210445605146833081e-01 2.713925159959353905e+00 1.861871335523713755e+00 2.613521036410254350e+00 1.359613708648786723e+00
9.626635910553478226e-01 2.691730362220871697e+00 1.888386825473749475e+00 2.592114119616744983e+00 1.364183400841561866e+00
9.881083504647322213e-01 2.673177119716436678e+00 1.929429489955358124e+00 2.585502181541814437e+00 1.361350961769954626e+00
1.007897952673571185e+00 2.663227497058865634e+00 1.975798725923673560e+00 2.587581221621092276e+00 1.357489308049664389e+00
1.024815441082177259e+00 2.657281489001868557e+00 2.023031562497263902e+00 2.587936902188868071e+00 1.349933281153182563e+00
1.042396749141949019e+00 2.663115112771160753e+00 2.055750832083930835e+00 2.570081993709370849e+00 1.323385963912920404e+00
1.058316763685016149e+00 2.672146901998956992e+00 2.036378570188565273e+00 2.538685752147179731e+00 1.294450688855368181e+00
1.071804311711251900e+00 2.670773740716881228e+00 2.011077845264037656e+00 2.509253067514064295e+00 1.265701615196419105e+00
1.102464975402712044e+00 2.652381392503543989e+00 2.018216686624008105e+00 2.482000725206786829e+00 1.238747628073814777e+00
1.143000033851029773e+00 2.635480883145421949e+00 2.031447988443821906e+00 2.448137884285886301e+00 1.222736182208419509e+00
1.177910812464375567e+00 2.619887615821747229e+00 2.047561721523590172e+00 2.415620662921430739e+00 1.202077113173177114e+00
1.212723031439190802e+00 2.605062339600773491e+00 2.064190925360475326e+00 2.383216897610159091e+00 1.180962850272685882e+00
1.248780443419718722e+00 2.592516277150045401e+00 2.082431323423687086e+00 2.351361160714691145e+00 1.159549658716737985e+00
1.287827547591361865e+00 2.604783556799155075e+00 2.110537727791990559e+00 2.332800983468599210e+00 1.140164527979146580e+00
1.292418334579338746e+00 2.639678498593307943e+00 2.121659496909615861e+00 2.352957984173240202e+00 1.141831855779543714e+00
1.289774776710689963e+00 2.602425262852281929e+00 2.097018186113805083e+00 2.352877012489718478e+00 1.141474029708100524e+00
1.291141075553275064e+00 2.560048119719763982e+00 2.089859905378979033e+00 2.353164849026334604e+00 1.144363186728620141e+00
1.292395347558211949e+00 2.524215764566098308e+00 2.080676540503936245e+00 2.371209864484875141e+00 1.161864018499461970e+00
1.283832382577499764e+00 2.505907232436261456e+00 2.056167234604145300e+00 2.372649443616305920e+00 1.194205846923185543e+00
1.258827169063997164e+00 2.505237421636950401e+00 2.028812974180405515e+00 2.349455045727872893e+00 1.222371646418504376e+00
1.206614894659336690e+00 2.512440521035860463e+00 2.009722125604250120e+00 2.327616671607572574e+00 1.242429449623700277e+00
