8.699999999999999956e-01 2.740000000000000213e+00 1.850000000000000089e+00 2.629999999999999893e+00 1.350000000000000089e+00
9.068971314571423470e-01 2.727493901048144043e+00 1.873456848936555286e+00 2.604587768452676144e+00 1.356192365654573129e+00
9.486926190360741584e-01 2.704213196556242149e+00 1.888239060436823324e+00 2.594676784502926381e+00 1.351173590659070722e+00
9.756818968830616168e-01 2.685345520834450550e+00 1.920367148290915482e+00 2.587291992144860053e+00 1.342822119874401920e+00
9.927745379744826737e-01 2.670195802960590559e+00 1.959408651384823452e+00 2.578536607452571960e+00 1.336784564555673738e+00
1.008589058650495085e+00 2.658551823169126749e+00 1.998356133221091735e+00 2.570226328125651438e+00 1.324040350143674161e+00
1.032418794945750840e+00 2.653084575328459316e+00 2.020055990615127861e+00 2.553615610180853146e+00 1.298449745568668989e+00
1.059948081643635742e+00 2.650907735302525658e+00 2.005937621824639194e+00 2.531635611920804330e+00 1.273116466698332783e+00
1.080210288769988702e+00 2.655074011960996128e+00 2.005001925578996591e+00 2.514817810376662077e+00 1.240864183029875001e+00
1.102897641124687800e+00 2.655892951691634973e+00 2.022571990712750623e+00 2.489462426825036268e+00 1.216075356762930770e+00
1.134372679155045693e+00 2.652208475558912149e+00 2.039988000350436703e+00 2.459759671338477727e+00 1.198357243624644575e+00
1.171432556950795956e+00 2.647056768517166425e+00 2.053624505422558588e+00 2.429917304258377708e+00 1.182502587083136270e+00
1.210748333984811964e+00 2.642181243927175682e+00 2.065278228275393868e+00 2.400301920489550156e+00 1.166962798965033743e+00
1.250120583771394012e+00 2.642234759309469716e+00 2.081772802658221178e+00 2.372645375684856894e+00 1.151303694853208492e+00
1.282348012601378873e+00 2.641774541913804342e+00 2.115459176744493686e+00 2.354154018024271267e+00 1.141831418254837249e+00
1.287018026388496272e+00 2.613023315056544504e+00 2.108800336645086038e+00 2.348859036131464073e+00 1.147985980329703004e+00
1.283316233217021374e+00 2.582681848762207188e+00 2.090428523311531173e+00 2.348147253122187195e+00 1.160079589152329005e+00
1.275853094865035064e+00 2.560391471809249975e+00 2.073165457386491717e+00 2.340894066180268407e+00 1.184163971145567817e+00
1.266049578703477563e+00 2.586548449012731510e+00 2.072719123192733992e+00 2.335210494551252403e+00 1.197166433675729058e+00
1.242821736743944028e+00 2.567981523693199541e+00 2.054684358360202356e+00 2.333947614254998193e+00 1.221896515239840886e+00
1.224718315701640359e+00 2.540211022364530002e+00 2.032203241982226238e+00 2.330782142931285605e+00 1.232162982431770581e+00
1.206614894659336690e+00 2.512440521035860463e+00 2.009722125604250120e+00 2.327616671607572574e+00 1.242429449623700277e+00
