8.699999999999999956e-01 2.740000000000000213e+00 1.850000000000000089e+00 2.629999999999999893e+00 1.350000000000000089e+00
9.195626083730533695e-01 2.735673186556816017e+00 1.875574726240780699e+00 2.613352999731477055e+00 1.353900885398452214e+00
9.434473305912872698e-01 2.707811893539921577e+00 1.867767866339271166e+00 2.605830876821709108e+00 1.371853585967159894e+00
9.649377184539155161e-01 2.704524738313221821e+00 1.912381755946088280e+00 2.597831845207589474e+00 1.371038472429290778e+00
9.892406316823645351e-01 2.684372618271225974e+00 1.944205396707775924e+00 2.590040966467873851e+00 1.357236760567450462e+00
1.010878710725432228e+00 2.654595127599693072e+00 1.963688241169433857e+00 2.583455025543919703e+00 1.346196503890132234e+00
1.038381657935784297e+00 2.635780286284980622e+00 1.989767288948017576e+00 2.573294140634510008e+00 1.327496633905654644e+00
1.058839557815787424e+00 2.653037028113400364e+00 2.016789639754505536e+00 2.561793238587324328e+00 1.304286858792570447e+00
1.060925191695262448e+00 2.671277840779436197e+00 2.032252083568023782e+00 2.545767208965692863e+00 1.274146669552187694e+00
1.065548817473047194e+00 2.663423055973060283e+00 2.040950921077698155e+00 2.525696256880390678e+00 1.239402100060293055e+00
1.087837054254825464e+00 2.648242571171237625e+00 2.055971920994367874e+00 2.504922900968864052e+00 1.213028539798147287e+00
1.102766051597398267e+00 2.650621306314626224e+00 2.056572376462822316e+00 2.488335375387284998e+00 1.176462263701779420e+00
1.130982033239355866e+00 2.645559016995425061e+00 2.078209885653755862e+00 2.455621890895891113e+00 1.165188884313903772e+00
1.166910122193303367e+00 2.626195555971222007e+00 2.095584278452881755e+00 2.433344645660492578e+00 1.155041633930577349e+00
1.202867370317330931e+00 2.606778022787332283e+00 2.112942552579003319e+00 2.411106859429378080e+00 1.144898641396091321e+00
1.248227317988252816e+00 2.604730379802940199e+00 2.131147914334999172e+00 2.388830968836078483e+00 1.130336112129025405e+00
1.288996294344662896e+00 2.592525914459167691e+00 2.132476537744541378e+00 2.365690679140165731e+00 1.147955972515320111e+00
1.293407516554271997e+00 2.568137419931851184e+00 2.133746204174848060e+00 2.346744423837072713e+00 1.173745755438684979e+00
1.279090410408638911e+00 2.542028398782630205e+00 2.105032113754129242e+00 2.343657515845635420e+00 1.185286142115668628e+00
1.254724464989721788e+00 2.545943216969471568e+00 2.062518301298802204e+00 2.345845165701726298e+00 1.195453155852226779e+00
1.228955545293645812e+00 2.531193819387389521e+00 2.033826586021775906e+00 2.337419005985562404e+00 1.218363281617882210e+00
1.206614894659336690e+00 2.512440521035860463e+00 2.009722125604250120e+00 2.327616671607572574e+00 1.242429449623700277e+00
