8.699999999999999956e-01 2.740000000000000213e+00 1.850000000000000089e+00 2.629999999999999893e+00 1.350000000000000089e+00
9.114044007815215176e-01 2.716119025513888285e+00 1.859387516460498935e+00 2.605913527309373645e+00 1.358222368713479566e+00
9.644588195938170738e-01 2.710773010921111226e+00 1.883938382689723579e+00 2.595522182740719330e+00 1.353674438330964458e+00
9.815760639814090638e-01 2.697345557905447944e+00 1.919938780978531545e+00 2.579645353378615891e+00 1.352703369689502111e+00
9.994947841238623898e-01 2.678965059134909676e+00 1.955065981845209633e+00 2.569268990170808120e+00 1.347979727324216226e+00
1.021424853761607965e+00 2.668336107199896112e+00 1.992091178008064345e+00 2.559541491785605416e+00 1.341054217439081597e+00
1.042911832344660894e+00 2.678126477876034084e+00 2.025065597040847543e+00 2.546921554273070765e+00 1.326898792398102156e+00
1.060658268639127266e+00 2.705089855837491175e+00 2.036631100109747461e+00 2.536467620550365343e+00 1.305061821494407859e+00
1.074453276589524275e+00 2.701837941545283783e+00 2.011670433459913365e+00 2.513106294081998371e+00 1.288353256456466811e+00
1.071919038054169881e+00 2.671821357622874427e+00 2.006887582403839687e+00 2.500847644161697581e+00 1.264643081917223855e+00
1.094451704658602420e+00 2.651519788922477971e+00 2.012466417626603388e+00 2.487681873409080424e+00 1.237000289799143671e+00
1.141416068515908933e+00 2.634871239743250992e+00 2.021510979554647758e+00 2.460906519722488639e+00 1.227992671476216824e+00
1.184652139683488592e+00 2.619960440272935731e+00 2.025343150405927606e+00 2.426793817654539609e+00 1.232481575333702173e+00
1.223154686405602876e+00 2.598813397457122587e+00 2.029029224874722814e+00 2.395364324373074449e+00 1.239958573143378429e+00
1.262933665731770683e+00 2.576227779645939631e+00 2.037144995136979553e+00 2.366474644097192659e+00 1.235774509537147958e+00
1.286604192847676131e+00 2.565150574974050635e+00 2.054351769403904182e+00 2.353784511041642435e+00 1.208792213651457725e+00
1.291333553273649404e+00 2.570270476193367237e+00 2.076241690668185758e+00 2.352070502536611318e+00 1.178517310097300985e+00
1.288028840548794962e+00 2.590271954574932867e+00 2.098509658681348533e+00 2.347828506220758893e+00 1.164563550601807718e+00
1.282057145486759753e+00 2.569226800749173645e+00 2.074988072600586264e+00 2.350341964758714486e+00 1.188200346305884780e+00
1.271237960443185822e+00 2.536054078083989971e+00 2.056933351693819301e+00 2.347732911127641930e+00 1.203405773433626980e+00
1.245034586294016199e+00 2.514586703332312378e+00 2.035012499826228005e+00 2.341367304150868467e+00 1.223748891754424584e+00
1.206614894659336690e+00 2.512440521035860463e+00 2.009722125604250120e+00 2.327616671607572574e+00 1.242429449623700277e+00
