8.699999999999999956e-01 2.740000000000000213e+00 1.850000000000000089e+00 2.629999999999999893e+00 1.350000000000000089e+00
9.128519007819025921e-01 2.729792206061369519e+00 1.868335346732589386e+00 2.613805205949178756e+00 1.351585864340198562e+00
9.526015793349978944e-01 2.713338307533236904e+00 1.885189501839411585e+00 2.603029646896242610e+00 1.353664160847475761e+00
9.807915464636984826e-01 2.717814552120476623e+00 1.913137397826123909e+00 2.588579898499851595e+00 1.345713221623753508e+00
9.918960472915222537e-01 2.711975848830976421e+00 1.945585699216456188e+00 2.567386193879878320e+00 1.340705300891524177e+00
1.013248538317983671e+00 2.702950128738160096e+00 1.967638944996426220e+00 2.553738564719343351e+00 1.322874421829617564e+00
1.034766848986480303e+00 2.695201982442468225e+00 1.990891213410626248e+00 2.543301105415921803e+00 1.304262120779908773e+00
1.055997822393041519e+00 2.684553156827715448e+00 2.017745320670472520e+00 2.533001573672200912e+00 1.290430483176390641e+00
1.067015351885972629e+00 2.665082664461436934e+00 2.039115972875288119e+00 2.522888135344232285e+00 1.299571906430858625e+00
1.091454681138590121e+00 2.649788220459239341e+00 2.034529802114378949e+00 2.503826748943774660e+00 1.284451785141864866e+00
1.095598669300021921e+00 2.648515957341245119e+00 2.029950349002749732e+00 2.489729890380728783e+00 1.256424746727165642e+00
1.109451577874404293e+00 2.635910460967659130e+00 2.031242793497892052e+00 2.467233609669675420e+00 1.234224552599832547e+00
1.137748125849288527e+00 2.622803310260854115e+00 2.038505375548848253e+00 2.439216524748046844e+00 1.220801165194090432e+00
1.168655274513864750e+00 2.618101000999605077e+00 2.051122085125775651e+00 2.411075320478701212e+00 1.206404925001106854e+00
1.201019036474525903e+00 2.617137446339372175e+00 2.067123756492615261e+00 2.386805783430996364e+00 1.191401273452196152e+00
1.234959218498593581e+00 2.616246694346975765e+00 2.083345085960117693e+00 2.361772240582038940e+00 1.177975701388862984e+00
1.267895099322477348e+00 2.606587829283457669e+00 2.094910710017950262e+00 2.330234264362881724e+00 1.174962049487192628e+00
1.276336297690207289e+00 2.583925835486394540e+00 2.083952060147799212e+00 2.320622277048867588e+00 1.181932923385440537e+00
1.260891688379405462e+00 2.575881074217214906e+00 2.057857041541365284e+00 2.337018456425265622e+00 1.196997835035357394e+00
1.242664654301339322e+00 2.556456995504347240e+00 2.039015169325636645e+00 2.337302951915112725e+00 1.212565882764078617e+00
1.224639774480337895e+00 2.534448758270103852e+00 2.024368647464943383e+00 2.332459811761342650e+00 1.227497666193889447e+00
1.206614894659336690e+00 2.512440521035860463e+00 2.009722125604250120e+00 2.327616671607572574e+00 1.242429449623700277e+00
