8.699999999999999956e-01 2.740000000000000213e+00 1.850000000000000089e+00 2.629999999999999893e+00 1.350000000000000089e+00
9.208626710904811441e-01 2.720967681971086627e+00 1.864476156762333581e+00 2.618931234182454215e+00 1.351097683973687236e+00
9.552897815510383861e-01 2.707215349239523228e+00 1.875817464777198129e+00 2.591500946735878053e+00 1.335744544013586443e+00
9.790352889240651058e-01 2.681345142517524760e+00 1.876239960293390796e+00 2.566917252080931799e+00 1.325892398352407797e+00
1.004144815150093129e+00 2.684435757892543073e+00 1.918714766837901653e+00 2.563256441088941351e+00 1.324425248256999588e+00
1.019783660977019224e+00 2.689757452211342326e+00 1.955553077604802903e+00 2.564320919190820725e+00 1.307723860601806676e+00
1.031423075035029724e+00 2.678248651871196984e+00 1.979003486650666055e+00 2.551849334463537122e+00 1.284722004819211172e+00
1.049547123427720274e+00 2.665289084358231531e+00 1.998336139040537862e+00 2.533443488004621713e+00 1.262678808967653943e+00
1.073736814509601123e+00 2.656791687402719759e+00 2.013039131758031619e+00 2.518176281444568065e+00 1.237753641252526737e+00
1.095761273746413966e+00 2.655364461500138606e+00 2.024329061636581439e+00 2.507629868512993632e+00 1.209720609124406820e+00
1.109046428417343799e+00 2.660494605470207219e+00 2.047156040161218549e+00 2.484892230638875432e+00 1.187779594011328932e+00
1.126383040961377313e+00 2.647217753647136629e+00 2.034144672140572041e+00 2.451164053000634446e+00 1.198930371050268340e+00
1.167984493663485779e+00 2.645849481561695971e+00 2.035970447404472417e+00 2.423375001095415815e+00 1.181844891981630008e+00
1.203710351699631032e+00 2.650002944401609106e+00 2.059571809847561497e+00 2.393626076390608315e+00 1.171159324796196888e+00
1.239451278256320066e+00 2.653156936100536711e+00 2.083524084313248093e+00 2.363672237160966638e+00 1.162053638382358312e+00
1.273958803309307664e+00 2.646464292181016642e+00 2.108885489189538109e+00 2.333769655801270382e+00 1.167952192874229800e+00
1.301981188650000565e+00 2.625659616854427281e+00 2.118803705521328240e+00 2.318748884546084632e+00 1.184497622178340981e+00
1.285388247256010974e+00 2.595207530052252576e+00 2.099986052402770920e+00 2.322998904203003701e+00 1.181795076409312362e+00
1.267699453912720875e+00 2.565764067940113247e+00 2.079290736081830460e+00 2.321318940683686272e+00 1.183411990095839084e+00
1.248101674026674601e+00 2.544274750536935858e+00 2.057457922277794005e+00 2.322211108675251268e+00 1.201102776305989606e+00
1.227090416536246842e+00 2.527394456818528035e+00 2.033895452866530729e+00 2.324723518451022652e+00 1.221276640320218210e+00
1.206614894659336690e+00 2.512440521035860463e+00 2.009722125604250120e+00 2.327616671607572574e+00 1.242429449623700277e+00
