8.699999999999999956e-01 2.740000000000000213e+00 1.850000000000000089e+00 2.629999999999999893e+00 1.350000000000000089e+00
9.031395456459108129e-01 2.741662860841079130e+00 1.865689636693941722e+00 2.599158929656383510e+00 1.354096074888896162e+00
9.316419912892524025e-01 2.740650865671291125e+00 1.887504219508320036e+00 2.569216161888249861e+00 1.351762903837568253e+00
9.454564746757405658e-01 2.754004660293935647e+00 1.921826451234155408e+00 2.555923737097261395e+00 1.358884273502560580e+00
9.707080042049730517e-01 2.749235384638105906e+00 1.938644356193859997e+00 2.558245157158389738e+00 1.337338527159974477e+00
9.924810509853084772e-01 2.729125864324856376e+00 1.958571674972456877e+00 2.558158497846205304e+00 1.320364457589049190e+00
1.020718041992787262e+00 2.714565769760302949e+00 1.985752904913294703e+00 2.558597444455072534e+00 1.306943898856258279e+00
1.049506965025474470e+00 2.697109103314048628e+00 2.013982438594394520e+00 2.561247763881526751e+00 1.297577908706711636e+00
1.058212938199680320e+00 2.689287785169248934e+00 2.023607746862607026e+00 2.541575611856876638e+00 1.275130733828136353e+00
1.059574800748796397e+00 2.667452586729342379e+00 2.027206125417646998e+00 2.533135142737980683e+00 1.253261376265006000e+00
1.062288605261497043e+00 2.648893175139884537e+00 2.033177882245044366e+00 2.517559393976418924e+00 1.231703138551909271e+00
1.070561730776965259e+00 2.631907418918102426e+00 2.042955708706953644e+00 2.496329038670172196e+00 1.212776231747614508e+00
1.094805752612094452e+00 2.613615332148619519e+00 2.062322771578446901e+00 2.476394971661494804e+00 1.201300455957471147e+00
1.132292897082124883e+00 2.596259507204911277e+00 2.077916940552104741e+00 2.456785165757667588e+00 1.195105228766375483e+00
1.174053709982394889e+00 2.580045889695611550e+00 2.088424168110740720e+00 2.436187648253897109e+00 1.190052984927630009e+00
1.216905480346081259e+00 2.565352697784746283e+00 2.098409305960611704e+00 2.415038203208197398e+00 1.184965929760882331e+00
1.260535457667209203e+00 2.555603780116024737e+00 2.112386931596301309e+00 2.392773515384061245e+00 1.180950394206250254e+00
1.288954363808457515e+00 2.549452855989774669e+00 2.131558836512077892e+00 2.368347697782464678e+00 1.189239763649201365e+00
1.265845738899545214e+00 2.533138452953205277e+00 2.110409362101835384e+00 2.355337411425930227e+00 1.205040239892389176e+00
1.245430713466908479e+00 2.524790440492137300e+00 2.078359974918416953e+00 2.347093076119444621e+00 1.218781972880867315e+00
1.226016912586617824e+00 2.518582924537123180e+00 2.044025430815918920e+00 2.337362604766744845e+00 1.230577974352620174e+00
1.206614894659336690e+00 2.512440521035860463e+00 2.009722125604250120e+00 2.327616671607572574e+00 1.242429449623700277e+00
