8.699999999999999956e-01 2.740000000000000213e+00 1.850000000000000089e+00 2.629999999999999893e+00 1.350000000000000089e+00
9.101771341823428063e-01 2.729109218307458562e+00 1.871667977775903102e+00 2.589861162211290591e+00 1.353327906110322498e+00
9.396879595555691633e-01 2.713478457091978768e+00 1.877116133733810699e+00 2.564461230289732274e+00 1.325082377402098999e+00
9.515332558688340825e-01 2.719361330731631998e+00 1.888108773421599329e+00 2.555660323221755181e+00 1.287947011574033240e+00
9.673144774639310661e-01 2.714669546403056355e+00 1.911385243143541190e+00 2.532698327099273783e+00 1.257343565598499469e+00
9.910873268069068098e-01 2.695023909996535405e+00 1.939291517196170878e+00 2.517996995859714371e+00 1.230957061609491365e+00
1.019605231631046216e+00 2.677030635070330344e+00 1.974960626386707219e+00 2.507726288202241971e+00 1.208423934186321658e+00
1.045319422380237784e+00 2.664293979066784335e+00 2.002305620778110029e+00 2.496915039860242214e+00 1.178991935299999572e+00
1.102368075686469329e+00 2.668158930949371843e+00 2.031873216783806946e+00 2.478649827417843454e+00 1.169499681041094696e+00
1.149069587875830134e+00 2.679544242116090214e+00 2.062017152144155929e+00 2.448203165822563587e+00 1.167630143605928428e+00
1.195120201175184915e+00 2.691312651422144597e+00 2.092186757409850717e+00 2.417092555455919722e+00 1.166139737886103811e+00
1.245406934610675975e+00 2.688162166664691100e+00 2.123799226191414036e+00 2.388669555189549154e+00 1.166197873587215161e+00
1.282030248319702581e+00 2.679241545308105099e+00 2.155188719048649837e+00 2.352173233217333514e+00 1.164473101781001274e+00
1.284790809652752275e+00 2.720120042612431899e+00 2.166465361463309147e+00 2.359264718505984071e+00 1.156904170265521170e+00
1.287926184477215186e+00 2.682366187595895290e+00 2.154553269095511592e+00 2.363515570454492121e+00 1.153697760250506077e+00
1.289815928674313383e+00 2.638175221709622154e+00 2.137955826768393575e+00 2.355087079541045458e+00 1.168764316238330991e+00
1.280862768342394320e+00 2.602996469449291972e+00 2.110767758292772633e+00 2.347384201317326280e+00 1.189444433721463579e+00
1.259125433996205690e+00 2.572221080246495983e+00 2.078317839715484894e+00 2.341372149224838051e+00 1.208685642375585623e+00
1.233438364636709750e+00 2.542109331777447245e+00 2.044315580019274492e+00 2.334728072204879101e+00 1.225875511748808266e+00
1.206614894659336690e+00 2.512440521035860463e+00 2.009722125604250120e+00 2.327616671607572574e+00 1.242429449623700277e+00
