8.699999999999999956e-01 2.740000000000000213e+00 1.850000000000000089e+00 2.629999999999999893e+00 1.350000000000000089e+00
9.077531296699160590e-01 2.722944509226071119e+00 1.867020911637580438e+00 2.608858586142212221e+00 1.357801337333705449e+00
9.430356845389676890e-01 2.705074679744427613e+00 1.887509170248495183e+00 2.591680276895043988e+00 1.366177477006461194e+00
9.740324716901261892e-01 2.700148179103608381e+00 1.915748184418452293e+00 2.566197024022960793e+00 1.360601232876519129e+00
9.894713481846136860e-01 2.685983758620927198e+00 1.945897300629655380e+00 2.554572645114109530e+00 1.346691929434748358e+00
1.000754109816818893e+00 2.669596819564908685e+00 1.977797789300824061e+00 2.549697741511798288e+00 1.334179230291876461e+00
1.012588921608785331e+00 2.660437063021710014e+00 2.017297271417025861e+00 2.553330940534174864e+00 1.329005924915234171e+00
1.025597259343097978e+00 2.669015046750699671e+00 2.054092691784866975e+00 2.558944871251664477e+00 1.318036951629544040e+00
1.040138243947590135e+00 2.679427089659253802e+00 2.068923274099788490e+00 2.554301328035902152e+00 1.292455640172106124e+00
1.057179769087496890e+00 2.677729293740894079e+00 2.066836510709519459e+00 2.540980128003380134e+00 1.264551895663427850e+00
1.077147110177214540e+00 2.673133650335818512e+00 2.059666317779680789e+00 2.523975454482929148e+00 1.238513716783886887e+00
1.105286373850433268e+00 2.665229948924824566e+00 2.051007869469565037e+00 2.498587846172195093e+00 1.218270314135723176e+00
1.142982706802672777e+00 2.650089890797203029e+00 2.048179771617248957e+00 2.466542174271549648e+00 1.214010933059517461e+00
1.181153667159494436e+00 2.633302010400930371e+00 2.053560370698584769e+00 2.437577054390458464e+00 1.220297668295440729e+00
1.218347255273623642e+00 2.617207180306554637e+00 2.064012215412884377e+00 2.409542344000604963e+00 1.227776034886188361e+00
1.252714534444227423e+00 2.601258367642555580e+00 2.077732227297430789e+00 2.379169981726108052e+00 1.231106124494051324e+00
1.279551218707153604e+00 2.582327501940140380e+00 2.087943103684364754e+00 2.347619915809399327e+00 1.224860644060936865e+00
1.296265372800818660e+00 2.552305603548425506e+00 2.090561963011413393e+00 2.330459331607538598e+00 1.220686707032037077e+00
1.289019772699931066e+00 2.559968660350015579e+00 2.096859862858504009e+00 2.335904693886817096e+00 1.248051918489724965e+00
1.260282794149811814e+00 2.545270998735751800e+00 2.069034139789349691e+00 2.349037442105800455e+00 1.258049964317312641e+00
1.233146713394576377e+00 2.528571495279790415e+00 2.039130417054510591e+00 2.339460365567230138e+00 1.250819046754671815e+00
1.206614894659336690e+00 2.512440521035860463e+00 2.009722125604250120e+00 2.327616671607572574e+00 1.242429449623700277e+00
