8.699999999999999956e-01 2.740000000000000213e+00 1.850000000000000089e+00 2.629999999999999893e+00 1.350000000000000089e+00
9.352779126954986477e-01 2.738807856107056793e+00 1.875353766726619131e+00 2.592245069971763183e+00 1.349536609208628946e+00
9.897795642247136927e-01 2.709297877268735721e+00 1.902273755510394571e+00 2.565750689699851872e+00 1.359321461063398129e+00
1.017939101316276407e+00 2.723961562830318428e+00 1.949528674138540918e+00 2.544576757672983636e+00 1.347416431803889036e+00
1.038440984217372964e+00 2.722340354979362775e+00 1.987948559074454780e+00 2.510474603991417641e+00 1.323800791834442547e+00
1.065609034647857500e+00 2.691331766157429861e+00 2.016270204387862641e+00 2.496533507088020354e+00 1.297560915608185983e+00
1.074447095398776586e+00 2.684940826086982035e+00 2.039230342996072753e+00 2.490204113401413455e+00 1.259551731960503629e+00
1.088338623105420844e+00 2.636153268404416661e+00 2.035144895416767241e+00 2.458246355632902169e+00 1.244431956167832531e+00
1.120939855705858967e+00 2.589805659821197370e+00 2.026776231637624548e+00 2.418377570648621688e+00 1.253429858699748989e+00
1.163420610033694347e+00 2.549074729799581718e+00 2.021598975884255189e+00 2.373177851189835597e+00 1.250440631689913040e+00
1.206614894659336690e+00 2.512440521035860463e+00 2.009722125604250120e+00 2.327616671607572574e+00 1.242429449623700277e+00
