8.699999999999999956e-01 2.740000000000000213e+00 1.850000000000000089e+00 2.629999999999999893e+00 1.350000000000000089e+00
8.981278065644182629e-01 2.714973347731314046e+00 1.845643662171499111e+00 2.601436072960761070e+00 1.356499450097774950e+00
9.269826968752058471e-01 2.707298573991673507e+00 1.853987855466693091e+00 2.567722300139272384e+00 1.372417219676079991e+00
9.343711649447264955e-01 2.714667656992726830e+00 1.891198340677199941e+00 2.544256315037171756e+00 1.360702498198693267e+00
9.481275011954162224e-01 2.734552052127985355e+00 1.901166886869765094e+00 2.550231598536723876e+00 1.332157022556241577e+00
9.723989316249007642e-01 2.750277244892351813e+00 1.921463017043182342e+00 2.554930256504482688e+00 1.306191429402966619e+00
1.009008329782876912e+00 2.746715414774611119e+00 1.962041062912510236e+00 2.551233170977576403e+00 1.299917348655468263e+00
1.031601163848717917e+00 2.725566620908142834e+00 1.996999070777442986e+00 2.540108378523800337e+00 1.309953964228427692e+00
1.040816830241708679e+00 2.694695899553574137e+00 2.023705200694498885e+00 2.524577634180890318e+00 1.310092469044115360e+00
1.043259572872068608e+00 2.669680026144969798e+00 2.036303116704902383e+00 2.512836078618403857e+00 1.285907182717682673e+00
1.049366128098753626e+00 2.656942709509251710e+00 2.041542013349843199e+00 2.506961268609507965e+00 1.253246188059456756e+00
1.058894125377727091e+00 2.647419879400809695e+00 2.044468651849476792e+00 2.499868021526580275e+00 1.219845663240764821e+00
1.079813963792529252e+00 2.638244229267313834e+00 2.058836430911544557e+00 2.468268636009763650e+00 1.202216735972257533e+00
1.117643902921110932e+00 2.625832356267610912e+00 2.077458465341294414e+00 2.440506371485005932e+00 1.193005757819400658e+00
1.162825575555259228e+00 2.610717154454147870e+00 2.099140726565346338e+00 2.422768623695173762e+00 1.185336559029707360e+00
1.209186943951177762e+00 2.595009293094515002e+00 2.121593431268468333e+00 2.407873254131401630e+00 1.177859561640550945e+00
1.251241573375302618e+00 2.572785884244850774e+00 2.138189882351335225e+00 2.389624912762019715e+00 1.174872746444174831e+00
1.282833078477912059e+00 2.546450673791885055e+00 2.140124508016633342e+00 2.372867093857514931e+00 1.189069075754483729e+00
1.268455869829937299e+00 2.520671971374099929e+00 2.138948759077210049e+00 2.357255857019247447e+00 1.210697327129393042e+00
1.245351414625835762e+00 2.517801025665661552e+00 2.104737373853474480e+00 2.341770243128607376e+00 1.230238518169076922e+00
1.225541977108341118e+00 2.515193167836855537e+00 2.057830769919359870e+00 2.333913529470926118e+00 1.237617364217361571e+00
1.206614894659336690e+00 2.512440521035860463e+00 2.009722125604250120e+00 2.327616671607572574e+00 1.242429449623700277e+00
