8.699999999999999956e-01 2.740000000000000213e+00 1.850000000000000089e+00 2.629999999999999893e+00 1.350000000000000089e+00
8.955626221752630567e-01 2.732957181820313330e+00 1.867270735912828661e+00 2.591924067862717784e+00 1.353988200772105799e+00
9.272217062988898917e-01 2.718079159273222967e+00 1.875054809805223099e+00 2.556788399755441255e+00 1.351427564869946307e+00
9.471848470317264512e-01 2.705076092520186659e+00 1.880268145039335481e+00 2.548961772670677917e+00 1.321638193364140790e+00
9.641084343007206847e-01 2.688880520255298556e+00 1.884389659166518349e+00 2.551530371625146731e+00 1.291599367068029691e+00
9.842551911097605633e-01 2.678102689471163700e+00 1.909158100761160881e+00 2.547133273715928681e+00 1.266371885058158675e+00
1.004187696036699107e+00 2.670182649665857166e+00 1.939811490489779189e+00 2.540405052032139732e+00 1.244328653181444366e+00
1.025027113140580592e+00 2.665577122182146486e+00 1.971717871954245416e+00 2.522693358270588604e+00 1.226656866865332374e+00
1.046679209264731902e+00 2.664711798113516661e+00 2.002218202394982161e+00 2.498683591434689877e+00 1.211526099507047372e+00
1.073781596816905992e+00 2.664339414706280884e+00 2.029319112811053483e+00 2.474634507623355795e+00 1.194961820568737565e+00
1.110601129119063391e+00 2.664088824626841046e+00 2.051173436702827146e+00 2.452417178009379750e+00 1.177583822235786837e+00
1.156041680548152595e+00 2.666974057306507717e+00 2.069075349989959012e+00 2.432254838789291718e+00 1.162149479119992890e+00
1.204633913430582126e+00 2.672631947348041770e+00 2.085636359577658361e+00 2.411867099073924159e+00 1.149686186409321520e+00
1.249771191106704649e+00 2.676006681308447988e+00 2.101855986604149962e+00 2.383797102211203001e+00 1.142357279039137419e+00
1.280837828831505432e+00 2.660021989851671265e+00 2.106374614008873269e+00 2.350560874888495633e+00 1.143195372348677852e+00
1.288831943564528348e+00 2.633274275350105942e+00 2.110564534999907149e+00 2.339935040440995540e+00 1.163491166732591120e+00
1.284853616997681858e+00 2.618146597772695650e+00 2.090606643183386737e+00 2.345213018254053594e+00 1.190772248517788734e+00
1.268844463692002211e+00 2.594576648738914582e+00 2.066232525120620611e+00 2.341344589914607699e+00 1.206518710485302126e+00
1.249015317006747949e+00 2.567889726627739400e+00 2.046150778685827287e+00 2.336899209568889191e+00 1.219334385673239707e+00
1.227815105833042209e+00 2.540165123831799932e+00 2.027936452145038704e+00 2.332257940588230660e+00 1.230881917648469992e+00
1.206614894659336690e+00 2.512440521035860463e+00 2.009722125604250120e+00 2.327616671607572574e+00 1.242429449623700277e+00
