8.699999999999999956e-01 2.740000000000000213e+00 1.850000000000000089e+00 2.629999999999999893e+00 1.350000000000000089e+00
8.908891277977827317e-01 2.723412305640132480e+00 1.865322444939540247e+00 2.585160286907371763e+00 1.350027014762510191e+00
9.326921289863436826e-01 2.736352321686008615e+00 1.898476765744673944e+00 2.561299062067156296e+00 1.346132119941923833e+00
9.441183047690751007e-01 2.727241054159032174e+00 1.900689394905699769e+00 2.558492782880983363e+00 1.308812597044771042e+00
9.623859137835761857e-01 2.727353387628132619e+00 1.905915124367841829e+00 2.558579433018125293e+00 1.271027208216165327e+00
1.007881995250071716e+00 2.706307149446406157e+00 1.926198278561072730e+00 2.539994075099455628e+00 1.268012921790003134e+00
1.027525342575182243e+00 2.681783792046728454e+00 1.959116948636107525e+00 2.529991145396260244e+00 1.250938673499456089e+00
1.045301124474449450e+00 2.664682191612619100e+00 1.989955173250688159e+00 2.516537525099693973e+00 1.226168198933963671e+00
1.067362525802071582e+00 2.656672801378078042e+00 2.016258359075616013e+00 2.493916990073211437e+00 1.199169164610829563e+00
1.108066676192716038e+00 2.659981665898834446e+00 2.037441914290824663e+00 2.465628323822916190e+00 1.178687709458146049e+00
1.161289056848574974e+00 2.664238833540029106e+00 2.057780467222471099e+00 2.437488746758166958e+00 1.168498612177423901e+00
1.213501116030286875e+00 2.669884682337804183e+00 2.082541241819225952e+00 2.411144480060852580e+00 1.159826079808824462e+00
1.263972559139156182e+00 2.678429950718393293e+00 2.109947014578212432e+00 2.386237725645957930e+00 1.152258784843624317e+00
1.287176477220226989e+00 2.695028322270459853e+00 2.143864660781454656e+00 2.365680733132732971e+00 1.154851273450003157e+00
1.289500644356274428e+00 2.660445671986664706e+00 2.129361647682453729e+00 2.340918272146559787e+00 1.155974173648508074e+00
1.286854858615877006e+00 2.627147699674100778e+00 2.107573395280030404e+00 2.339614779509469944e+00 1.172742801585751504e+00
1.276220741951853643e+00 2.603318527798016646e+00 2.089497896201468752e+00 2.341478004556656334e+00 1.201353391066733112e+00
1.254763256550726069e+00 2.573920458716211002e+00 2.065332624753522861e+00 2.337690395009687894e+00 1.219614869099322263e+00
1.230689075605031491e+00 2.543180489876035733e+00 2.037527375178886491e+00 2.332653533308630234e+00 1.231022159361511381e+00
1.206614894659336690e+00 2.512440521035860463e+00 2.009722125604250120e+00 2.327616671607572574e+00 1.242429449623700277e+00
