8.699999999999999956e-01 2.740000000000000213e+00 1.850000000000000089e+00 2.629999999999999893e+00 1.350000000000000089e+00
9.081505602194194227e-01 2.734410502696588807e+00 1.877222740751935737e+00 2.583162935600782362e+00 1.348075388661770679e+00
9.493472544097514287e-01 2.751717715224904381e+00 1.910900431380756270e+00 2.553267090711752729e+00 1.334507147508149805e+00
9.479880105003060109e-01 2.754716130650730399e+00 1.905162551754493450e+00 2.548549887272899994e+00 1.290925163503717776e+00
9.630670889372707766e-01 2.729071891499412761e+00 1.912845107723641469e+00 2.536783453770556473e+00 1.256882393307253709e+00
9.965646124892539870e-01 2.702015855528855148e+00 1.946955499529298139e+00 2.534584441010342193e+00 1.278858640952855730e+00
1.031995648737735749e+00 2.667742625604277773e+00 1.983572395544651812e+00 2.542834698091920309e+00 1.281425118325188350e+00
1.058683401678599090e+00 2.635754286017509607e+00 2.021806569699578393e+00 2.546615890562035300e+00 1.274986038572202496e+00
1.050786738367574191e+00 2.630442050306786239e+00 2.046760690347188216e+00 2.499013606434422385e+00 1.256176775180464222e+00
1.065606989665139892e+00 2.612007254662541467e+00 2.047702309250762909e+00 2.467623464545335654e+00 1.221144044182828736e+00
1.112953988312872733e+00 2.588925884022228452e+00 2.053961758105878666e+00 2.441047850727787516e+00 1.194670824304303602e+00
1.169829020138248632e+00 2.571517704363152745e+00 2.070602529179509155e+00 2.409342667881803290e+00 1.177579504740777994e+00
1.226704051963624531e+00 2.554109524704076595e+00 2.087243300253140088e+00 2.377637485035819065e+00 1.160488185177252385e+00
1.277745005487610053e+00 2.559959517638425108e+00 2.115585707039478347e+00 2.357040597894204836e+00 1.136115676598764335e+00
1.291473754793898809e+00 2.588094547127574252e+00 2.108262050191763493e+00 2.342693987317466586e+00 1.163066066308865665e+00
1.268496345110736057e+00 2.563216930323457543e+00 2.074524187730412805e+00 2.339035878559656556e+00 1.190548865797242062e+00
1.237555619885036373e+00 2.537828725679658781e+00 2.042123156667331685e+00 2.333326275083614565e+00 1.216489157710471281e+00
1.206614894659336690e+00 2.512440521035860463e+00 2.009722125604250120e+00 2.327616671607572574e+00 1.242429449623700277e+00
