8.699999999999999956e-01 2.740000000000000213e+00 1.850000000000000089e+00 2.629999999999999893e+00 1.350000000000000089e+00
9.031646741545575896e-01 2.736747039134517223e+00 1.866437125842938860e+00 2.595940290895455860e+00 1.346896971132464982e+00
9.232671055887107237e-01 2.744212653521640899e+00 1.896230211715412617e+00 2.568990350194345851e+00 1.338999076828870205e+00
9.293486420102525791e-01 2.747234020097237384e+00 1.906879931040500020e+00 2.561037733763595892e+00 1.335481604933987265e+00
9.507064208054846199e-01 2.737911236202434484e+00 1.924409299184837163e+00 2.552872082268842657e+00 1.316666951975655531e+00
9.599263591149558295e-01 2.730868807989652147e+00 1.929230807615591736e+00 2.551620146710431580e+00 1.308406283840719109e+00
1.003797896109516641e+00 2.693960490002965447e+00 1.981415936292313384e+00 2.529294648058908912e+00 1.278631747187031431e+00
1.016925305543305846e+00 2.682936980849381925e+00 1.998953070956165368e+00 2.520501142187106858e+00 1.269641533481935980e+00
1.026787909739727001e+00 2.674346632805070900e+00 2.012470232639392176e+00 2.511884607144907910e+00 1.261920629357024648e+00
1.037726027585136768e+00 2.660549458932057743e+00 2.027275370294300938e+00 2.499154091063127137e+00 1.251832825557420703e+00
1.040448635239349606e+00 2.656729824376432791e+00 2.030941355460136322e+00 2.495761324294038630e+00 1.249220581156781362e+00
1.056225915617851729e+00 2.637051138779255677e+00 2.046378673668169501e+00 2.481399039209303936e+00 1.242120183851632698e+00
1.158897061603239909e+00 2.606516592380160979e+00 2.092512296812323758e+00 2.417096403471122645e+00 1.197618098200096792e+00
1.171183987244183378e+00 2.603513229162842002e+00 2.097697961363820696e+00 2.409528730178638334e+00 1.192188388892406747e+00
1.192047153279328864e+00 2.599941928489748033e+00 2.105736746425156625e+00 2.396756683581352743e+00 1.182283922199997894e+00
1.220710059741821230e+00 2.598859332388451460e+00 2.115380392394175857e+00 2.379416574522088990e+00 1.167521147398262960e+00
1.255859995448541877e+00 2.567594337282672612e+00 2.088918227174038744e+00 2.346872240506562957e+00 1.186525032709278671e+00
1.239555894125362823e+00 2.552748029371084471e+00 2.064573145021137535e+00 2.341449475668698987e+00 1.203558238803820624e+00
1.206614894659336690e+00 2.512440521035860463e+00 2.009722125604250120e+00 2.327616671607572574e+00 1.242429449623700277e+00
