8.699999999999999956e-01 2.740000000000000213e+00 1.850000000000000089e+00 2.629999999999999893e+00 1.350000000000000089e+00
9.115403746636628890e-01 2.740746636077795451e+00 1.877597489259011487e+00 2.592775794757025132e+00 1.317024663259023232e+00
9.632136208664827670e-01 2.737965549551748978e+00 1.910329484658603416e+00 2.549317403416837102e+00 1.289910982402814765e+00
9.864676999362840260e-01 2.708571822011479835e+00 1.944283624210559447e+00 2.552231975655891993e+00 1.319112391214062985e+00
1.028270252949846419e+00 2.677745124725017689e+00 2.003086494063382794e+00 2.539507046720395067e+00 1.310476833300934896e+00
1.055875977297029422e+00 2.658831412652345350e+00 2.021951336993715209e+00 2.507206926857550755e+00 1.275234411543278767e+00
1.064299827473333293e+00 2.631873021917647382e+00 2.048893617691043723e+00 2.470713060441044995e+00 1.244637751590299102e+00
1.122974269922848212e+00 2.623917593665345382e+00 2.072562082552840579e+00 2.424598693189220278e+00 1.218369708716068311e+00
1.210117004429706267e+00 2.619087609942886363e+00 2.086128347216163359e+00 2.372749679639282405e+00 1.205762337079198110e+00
1.287987169997632630e+00 2.590057993487056009e+00 2.112302312406701965e+00 2.332029158722251694e+00 1.196530109022041044e+00
1.302695436048171729e+00 2.532562959560686444e+00 2.125805483133277551e+00 2.342854750782100925e+00 1.201876197557152581e+00
1.248982474145146071e+00 2.534432828133484694e+00 2.063298637967821758e+00 2.340758169236814901e+00 1.219633989542864283e+00
1.206614894659336690e+00 2.512440521035860463e+00 2.009722125604250120e+00 2.327616671607572574e+00 1.242429449623700277e+00
