8.699999999999999956e-01 2.740000000000000213e+00 1.850000000000000089e+00 2.629999999999999893e+00 1.350000000000000089e+00
9.057295015248822967e-01 2.734736577755602305e+00 1.867673545606305829e+00 2.601376518911321600e+00 1.327523469586121552e+00
9.353274471397108325e-01 2.718403665440467964e+00 1.897024913957121361e+00 2.570626388574067445e+00 1.328609080988695679e+00
9.640353034414010924e-01 2.707098424378152401e+00 1.936143626477544233e+00 2.548631376582712882e+00 1.319104016681340585e+00
9.901432674159702518e-01 2.698253010037870325e+00 1.973518628060216162e+00 2.531052015632615948e+00 1.300146101258799369e+00
1.013029450814809440e+00 2.686386000278843778e+00 2.006605918676796385e+00 2.516368339794999187e+00 1.276581481194541734e+00
1.032153993441056405e+00 2.676572843529682721e+00 2.028188025917712078e+00 2.501303230288750790e+00 1.245464661481306745e+00
1.057739495050345813e+00 2.664206106376130645e+00 2.031068310730209880e+00 2.479992168716405931e+00 1.215068475127077274e+00
1.095156618941085069e+00 2.646504616531643705e+00 2.035136533325619723e+00 2.455935597899521650e+00 1.193618440302431027e+00
1.138723369795116902e+00 2.632770233655698178e+00 2.050570863486510742e+00 2.432609394087398957e+00 1.174897008260624709e+00
1.183857036092343273e+00 2.623993631472470334e+00 2.072227032220791632e+00 2.409845820561200114e+00 1.156906159720519467e+00
1.229342872113073248e+00 2.617719580828012482e+00 2.095851581573470401e+00 2.387155116991325876e+00 1.139275904686435359e+00
1.270980425262036473e+00 2.633477752311580655e+00 2.124042012340090491e+00 2.366562803384043789e+00 1.130604646051934115e+00
1.288405462119266431e+00 2.654484527575641462e+00 2.124668372482677370e+00 2.355432978118935594e+00 1.158601161498980625e+00
1.257723832322059199e+00 2.635891567072734087e+00 2.100449598075477375e+00 2.351677067995503467e+00 1.182915400977575526e+00
1.243456003414237898e+00 2.605245577784610855e+00 2.076768793348800379e+00 2.346749603146663699e+00 1.197299235871941203e+00
1.230965174658168682e+00 2.574373564435481487e+00 2.054483671163661374e+00 2.340394253727261287e+00 1.212482655844104862e+00
1.218790034658752575e+00 2.543407042735671197e+00 2.032102898383955747e+00 2.334005462667417152e+00 1.227456052733902681e+00
1.206614894659336690e+00 2.512440521035860463e+00 2.009722125604250120e+00 2.327616671607572574e+00 1.242429449623700277e+00
