8.699999999999999956e-01 2.740000000000000213e+00 1.850000000000000089e+00 2.629999999999999893e+00 1.350000000000000089e+00
9.098092295475225244e-01 2.719647436007106123e+00 1.851403493751281104e+00 2.608600549086244058e+00 1.348910522162691139e+00
9.506481300621452135e-01 2.711422454875754617e+00 1.877370749196445310e+00 2.592417207669439616e+00 1.343562501825369626e+00
9.757877393309494218e-01 2.703671430394438246e+00 1.912691479571246855e+00 2.576523084139806574e+00 1.338978885880247161e+00
9.924145384883995558e-01 2.698102321560281069e+00 1.942503766743325144e+00 2.566269498214720723e+00 1.320154081882404906e+00
1.006421733558760634e+00 2.696209371604089355e+00 1.967587223738902047e+00 2.560498398253935548e+00 1.296107135172134717e+00
1.039376513417179071e+00 2.691011107454542639e+00 1.995409950931669174e+00 2.546301848086745423e+00 1.283734960881509846e+00
1.055254312025137198e+00 2.667611887910683599e+00 1.998846968842842298e+00 2.527542262418268848e+00 1.270536587106660287e+00
1.058962564414906771e+00 2.655989441043201893e+00 2.004993431297649398e+00 2.520419888771107786e+00 1.243248408660395210e+00
1.072944848676641305e+00 2.645840067205114110e+00 2.014156944770600255e+00 2.509931450155854726e+00 1.216457803866440424e+00
1.107939183362890656e+00 2.631169471400175208e+00 2.018343572154395638e+00 2.485133417063930317e+00 1.226530195980978233e+00
1.147477961203736463e+00 2.630976339610771930e+00 2.044241607648128678e+00 2.463853925527192956e+00 1.221640963344475583e+00
1.182515843139597678e+00 2.634338194055171112e+00 2.071182602000406714e+00 2.444110739445669811e+00 1.211150400803024274e+00
1.216891897683792356e+00 2.638106105928881284e+00 2.097564600585142713e+00 2.424304238171483661e+00 1.199566860767355747e+00
1.250704309693080551e+00 2.643529886464528911e+00 2.119318728975706279e+00 2.404954933541794571e+00 1.183999282344625037e+00
1.291003657375655589e+00 2.626316435788749182e+00 2.114915433469861217e+00 2.391356569332650395e+00 1.181814477585994005e+00
1.290122670633830904e+00 2.599767527303326276e+00 2.107394448998219705e+00 2.392445067959563243e+00 1.199815557477635908e+00
1.288170490238486288e+00 2.568528594230617745e+00 2.100963967978741742e+00 2.387734946380354994e+00 1.207623287453775784e+00
1.276733708658905231e+00 2.551056574276820310e+00 2.078146324394833488e+00 2.377562636178653488e+00 1.191952572195900117e+00
1.252367737859758190e+00 2.538244615513779667e+00 2.053676442152770232e+00 2.356918664603597335e+00 1.205084783231784584e+00
1.229016778577649571e+00 2.526218631066552422e+00 2.031176461350823637e+00 2.342387962464761220e+00 1.223881160137755497e+00
1.206614894659336690e+00 2.512440521035860463e+00 2.009722125604250120e+00 2.327616671607572574e+00 1.242429449623700277e+00
