8.699999999999999956e-01 2.740000000000000213e+00 1.850000000000000089e+00 2.629999999999999893e+00 1.350000000000000089e+00
8.963662776854888214e-01 2.730881490858375837e+00 1.869392026341669677e+00 2.601546325164398432e+00 1.346562534409297296e+00
9.222626737644150641e-01 2.726911769641879868e+00 1.894653184620683328e+00 2.575853064658148117e+00 1.347107420881956896e+00
9.545649667241022929e-01 2.725181919177763756e+00 1.921274687349578958e+00 2.555694338714648683e+00 1.347791821249110900e+00
9.900798594309329070e-01 2.725794549627085228e+00 1.948201375759604170e+00 2.544148620679571149e+00 1.338666211881679668e+00
1.020947651502271070e+00 2.723273185170008936e+00 1.976618958679686511e+00 2.538711901332960874e+00 1.325260178494443775e+00
1.041985181061851229e+00 2.710494862908444436e+00 2.005259910250342337e+00 2.531172393521234465e+00 1.313164930519706397e+00
1.050605439178652567e+00 2.693000172096247091e+00 2.026646401568096501e+00 2.518479368815975672e+00 1.295994489165850805e+00
1.053849414840446252e+00 2.684226668401896720e+00 2.038203838525623368e+00 2.506277040160813208e+00 1.268150438599117580e+00
1.057410338576934228e+00 2.675098023821996573e+00 2.045636662229666669e+00 2.495529503696026996e+00 1.239024016697414243e+00
1.066638091805284461e+00 2.658694873681205717e+00 2.053085080082742930e+00 2.479399762766335336e+00 1.215705290266699601e+00
1.090428046078047775e+00 2.643036782397459206e+00 2.060128378160274831e+00 2.455049329705578653e+00 1.200660078973462275e+00
1.128257256018687649e+00 2.637405719357682088e+00 2.067995543371987210e+00 2.428816836977147453e+00 1.189825613761008816e+00
1.171072804896913455e+00 2.640162621891382955e+00 2.077254432700087250e+00 2.405843716622388051e+00 1.179853881900879697e+00
1.215831907228008824e+00 2.643046412384978172e+00 2.086257659214934002e+00 2.383266087193036675e+00 1.172013984367162420e+00
1.258818454083979965e+00 2.635710528552283272e+00 2.095725824165112439e+00 2.358894826021415536e+00 1.170614065673642790e+00
1.281722112190551766e+00 2.610512151093263622e+00 2.103965178263072389e+00 2.344639362211802247e+00 1.165135015205370994e+00
1.273098184570202296e+00 2.581522861166256178e+00 2.100494226715831747e+00 2.337563776933433868e+00 1.175058568907282330e+00
1.260528096941882170e+00 2.562253584532503847e+00 2.082794607964331135e+00 2.334129960457126618e+00 1.194804454928224846e+00
1.244069742343687501e+00 2.545386129066254721e+00 2.059847155659112250e+00 2.331915172682406112e+00 1.212300804123140674e+00
1.225342318501512207e+00 2.528913325051057814e+00 2.034784640631681185e+00 2.329765922144989343e+00 1.227365126873420476e+00
1.206614894659336690e+00 2.512440521035860463e+00 2.009722125604250120e+00 2.327616671607572574e+00 1.242429449623700277e+00
