8.699999999999999956e-01 2.740000000000000213e+00 1.850000000000000089e+00 2.629999999999999893e+00 1.350000000000000089e+00
9.106877401115546222e-01 2.736679543725230257e+00 1.873442916707792394e+00 2.623183819060982636e+00 1.349935138259727552e+00
9.499481416572751469e-01 2.728292196400330383e+00 1.895327570462497668e+00 2.610661179275878041e+00 1.351511392444247006e+00
9.775081275195101060e-01 2.715755250124151754e+00 1.912470522292095687e+00 2.585551451010265733e+00 1.362166752814597981e+00
9.886857332779862562e-01 2.727828679370642995e+00 1.941808605594140147e+00 2.581780402245648975e+00 1.359674794838818590e+00
1.003318941053211066e+00 2.723091166586016243e+00 1.971319048291395148e+00 2.575524757992186053e+00 1.349836437388954646e+00
1.018584964010733840e+00 2.710025455984065523e+00 1.996879932659387125e+00 2.565308731135471643e+00 1.337072424833438911e+00
1.034251398237134634e+00 2.694049717808842725e+00 2.015224618316844296e+00 2.543927451846677457e+00 1.322179517861414411e+00
1.059003743653489593e+00 2.673272297210166570e+00 2.022639655687507698e+00 2.515305865081807646e+00 1.314149039208197589e+00
1.087540897463305845e+00 2.650461256522387288e+00 2.024220507807204861e+00 2.490710669227779839e+00 1.304227923031681335e+00
1.113075447256282713e+00 2.640027135416627591e+00 2.028794728482996135e+00 2.470779192410470060e+00 1.282001845141993446e+00
1.128047855859090065e+00 2.653133593385891942e+00 2.028768576561935433e+00 2.460822372477874165e+00 1.255492034510265809e+00
1.146679810818142631e+00 2.647599461101956209e+00 2.034535206957897469e+00 2.432548766118955097e+00 1.234412594471424818e+00
1.173482623937025737e+00 2.634486829029560884e+00 2.046075888593485548e+00 2.403636370689222979e+00 1.221015522547079568e+00
1.205164225240122677e+00 2.623067016655042050e+00 2.059501830734643324e+00 2.377354200193189548e+00 1.208773782163689470e+00
1.238606883847727991e+00 2.609814206107765600e+00 2.070686814920290608e+00 2.352063044900926769e+00 1.196366556623855271e+00
1.267461312875426849e+00 2.587505716417858093e+00 2.068189326094802549e+00 2.332127089823069266e+00 1.182831695564595664e+00
1.278764188014306136e+00 2.558977824695420011e+00 2.055512691000995318e+00 2.328469440761457232e+00 1.169674321601483769e+00
1.275796137312015688e+00 2.535737782725017819e+00 2.040807146496596225e+00 2.303072647301688924e+00 1.170855823558204722e+00
1.251867146176938839e+00 2.539333468495138302e+00 2.022869537972004750e+00 2.305574634110301613e+00 1.193578739293036595e+00
1.229186655869828781e+00 2.525282430363518849e+00 2.011853906972167483e+00 2.318869741947705787e+00 1.216197562859643533e+00
1.206614894659336690e+00 2.512440521035860463e+00 2.009722125604250120e+00 2.327616671607572574e+00 1.242429449623700277e+00
