8.699999999999999956e-01 2.740000000000000213e+00 1.850000000000000089e+00 2.629999999999999893e+00 1.350000000000000089e+00
9.126452977808426903e-01 2.745297552297303323e+00 1.873708047180036029e+00 2.602558168575220154e+00 1.359947117124123972e+00
9.388536528587688723e-01 2.739609132554451154e+00 1.886111460314300547e+00 2.561340406903802602e+00 1.352480988681388663e+00
9.481082206555557779e-01 2.767566498757110249e+00 1.924012486090903584e+00 2.563359805769021449e+00 1.346378193355360242e+00
9.610548507312868249e-01 2.792150880480892994e+00 1.963297312228481140e+00 2.577259542294334516e+00 1.342801309506156393e+00
9.943107412141627410e-01 2.761286004883051870e+00 1.986321909136999686e+00 2.574252444766020886e+00 1.330070075861896184e+00
1.027248776060111002e+00 2.729617355130367518e+00 2.008272696514926459e+00 2.570842563560542970e+00 1.317392656029712450e+00
1.047683441526494175e+00 2.715524712516983019e+00 2.016632260834286594e+00 2.554687217460227533e+00 1.290065804252274795e+00
1.053182508487235269e+00 2.705875103744374233e+00 2.029703930493736319e+00 2.536234539884767880e+00 1.261268970166272485e+00
1.060902472418282949e+00 2.683552795920866263e+00 2.048946585407326548e+00 2.519742739138572940e+00 1.237566441121195515e+00
1.072832951595401152e+00 2.654521850972067831e+00 2.053231654376105553e+00 2.500643708151203626e+00 1.215851220840781233e+00
1.097486478121625586e+00 2.628489661799475297e+00 2.061192794979836318e+00 2.473947091759618910e+00 1.199591475141512875e+00
1.137910305899455077e+00 2.610488062934359199e+00 2.081844136258004241e+00 2.448853687590788031e+00 1.190238476671531265e+00
1.185262523310534499e+00 2.592764484799465308e+00 2.099912368919809147e+00 2.425234636221086593e+00 1.183072449102025248e+00
1.236853391108788003e+00 2.579282682014510275e+00 2.114670679057975011e+00 2.400446112993109171e+00 1.176535410704373730e+00
1.285157737137983203e+00 2.588856452712283485e+00 2.128203960208577605e+00 2.371046160072488806e+00 1.175864069953222346e+00
1.297024665297306756e+00 2.598238265969241567e+00 2.148313484642505600e+00 2.357649334693998622e+00 1.200949417191834900e+00
1.285880456899858970e+00 2.565303317996975530e+00 2.142034775052395368e+00 2.358386327183779052e+00 1.219950460977266227e+00
1.286152531376511421e+00 2.542296614101258179e+00 2.114025961607865156e+00 2.356284424252867549e+00 1.197676805896259911e+00
1.262990863060540647e+00 2.523792604107660598e+00 2.071608800465273514e+00 2.348313128300683950e+00 1.199184985959540928e+00
1.234802878859938779e+00 2.518116562571760308e+00 2.040665463034761817e+00 2.337964899954128040e+00 1.220807217791620491e+00
1.206614894659336690e+00 2.512440521035860463e+00 2.009722125604250120e+00 2.327616671607572574e+00 1.242429449623700277e+00
