8.699999999999999956e-01 2.740000000000000213e+00 1.850000000000000089e+00 2.629999999999999893e+00 1.350000000000000089e+00
9.033938126244811517e-01 2.730316021484484601e+00 1.870378386036666285e+00 2.603057398589647686e+00 1.349565703176263121e+00
9.282138096139929129e-01 2.736408095753303016e+00 1.894957831435051698e+00 2.573985062042466243e+00 1.349291803877847862e+00
9.557432029846323340e-01 2.745369289322453721e+00 1.926386865183121522e+00 2.557530975488202962e+00 1.344424540688310188e+00
9.858398033933514215e-01 2.741541648022964850e+00 1.958123567984725755e+00 2.551455561100089753e+00 1.333055560776992721e+00
1.011834706006733642e+00 2.726867543344845490e+00 1.984419784575977896e+00 2.544165504716543680e+00 1.318388883949003887e+00
1.031998073174631436e+00 2.710639885564467555e+00 2.006130611065215952e+00 2.529820895624240951e+00 1.301289213626634300e+00
1.047996329375908697e+00 2.694920355504229814e+00 2.021338204474721678e+00 2.516356317478416482e+00 1.279434975671831065e+00
1.071109858118624913e+00 2.678751944632332904e+00 2.046736635117759384e+00 2.503816793712054345e+00 1.279579726875565537e+00
1.078388286527958817e+00 2.661125341396147981e+00 2.062492395244190035e+00 2.496392485705560826e+00 1.256787348427337303e+00
1.080117505273499257e+00 2.649556876160266139e+00 2.061396340558292017e+00 2.484623582660005159e+00 1.229569732836546248e+00
1.094176461488765018e+00 2.643492402282314302e+00 2.076277314718148581e+00 2.470930171441704015e+00 1.205434710418003430e+00
1.130500683808776108e+00 2.623492702070192362e+00 2.086983581674544563e+00 2.458516659184369235e+00 1.191824831159976616e+00
1.167164852873189052e+00 2.606313437574481640e+00 2.097854291938469284e+00 2.440984101104238135e+00 1.178715252124489465e+00
1.204802534854160667e+00 2.592005297382811602e+00 2.109043223206341633e+00 2.420724145969976426e+00 1.166172183811183372e+00
1.246054667949629380e+00 2.583411358304363414e+00 2.121321848968344970e+00 2.397157933580158939e+00 1.158044423174060089e+00
1.285082422626205423e+00 2.590840097036595679e+00 2.130194556709211540e+00 2.374103061729696762e+00 1.169285811463564917e+00
1.289106370391873924e+00 2.588682241429661968e+00 2.117343279797158750e+00 2.365823740984291046e+00 1.195800651063887887e+00
1.272841167693495867e+00 2.564447461162419284e+00 2.092100326485708095e+00 2.357973326477785569e+00 1.205470032183240781e+00
1.247058538068954059e+00 2.548848387210441491e+00 2.063595402311555471e+00 2.346616047136944161e+00 1.215769724495418425e+00
1.226836716364145374e+00 2.530644454123150755e+00 2.036658763957902796e+00 2.337116359372258145e+00 1.229099587059559351e+00
1.206614894659336690e+00 2.512440521035860463e+00 2.009722125604250120e+00 2.327616671607572574e+00 1.242429449623700277e+00
