8.699999999999999956e-01 2.740000000000000213e+00 1.850000000000000089e+00 2.629999999999999893e+00 1.350000000000000089e+00
9.055641557001791186e-01 2.721735283664608929e+00 1.866990644810945010e+00 2.612438829213482805e+00 1.345722416820382739e+00
9.343987905896273816e-01 2.710780156690337339e+00 1.876741746944986300e+00 2.590464388241121352e+00 1.329556739352984795e+00
9.568757917193068119e-01 2.695991062650814118e+00 1.886458567897322691e+00 2.571411146920806523e+00 1.312248308463099589e+00
9.917671755468564498e-01 2.684931859461192616e+00 1.908046038484684459e+00 2.557620400975824104e+00 1.319818514211493765e+00
1.007209190668323595e+00 2.681910280819935100e+00 1.935299711187828953e+00 2.543572568095128883e+00 1.334716367635181422e+00
1.026836992378199920e+00 2.682888017534577951e+00 1.967314774192912452e+00 2.528646628028492493e+00 1.326769690739000751e+00
1.043339093417008367e+00 2.692937085712251211e+00 1.995417766470409360e+00 2.521383100402053934e+00 1.313239850566428890e+00
1.054022160760941906e+00 2.705843508082892424e+00 2.019550154023148636e+00 2.521154079043497642e+00 1.296392720384024866e+00
1.061706000489284207e+00 2.714839404357361818e+00 2.034017692786373122e+00 2.521841291011232666e+00 1.273587769628987454e+00
1.065829580416256750e+00 2.714328634500593918e+00 2.039362398613278060e+00 2.512780999888054811e+00 1.248384947191495398e+00
1.068923395392812115e+00 2.702127504198412744e+00 2.039390371063026564e+00 2.495964631148616331e+00 1.226141613079597237e+00
1.097214058252636182e+00 2.682602029598669002e+00 2.032805537508189708e+00 2.473722916767862934e+00 1.215778284351113792e+00
1.143117969768465692e+00 2.667156886774178837e+00 2.036292317900778137e+00 2.452235369906750950e+00 1.219093924589486289e+00
1.172636835395885369e+00 2.645202989028528684e+00 2.043668738546610353e+00 2.428163782232023227e+00 1.214771686060766909e+00
1.199664800342009618e+00 2.622382737194385083e+00 2.050384869835797375e+00 2.402974324416045526e+00 1.211693592740237690e+00
1.226415813182594405e+00 2.599987342597258166e+00 2.057746022725822410e+00 2.376872583708600217e+00 1.209340512476878571e+00
1.257844310582450831e+00 2.583542399708213200e+00 2.069510234561860340e+00 2.347450746364760477e+00 1.208146769176501323e+00
1.280656000392667693e+00 2.562924837938395317e+00 2.069600897065917877e+00 2.323932649762485259e+00 1.200993292993799644e+00
1.260351716171913106e+00 2.544013526629833155e+00 2.045818306041785384e+00 2.328778939267301062e+00 1.211427469359323661e+00
1.237066383157230387e+00 2.529035042298254155e+00 2.027012197717493969e+00 2.329854837991034877e+00 1.228144931266364814e+00
1.206614894659336690e+00 2.512440521035860463e+00 2.009722125604250120e+00 2.327616671607572574e+00 1.242429449623700277e+00
