8.699999999999999956e-01 2.740000000000000213e+00 1.850000000000000089e+00 2.629999999999999893e+00 1.350000000000000089e+00
8.981941136350497512e-01 2.744658162096125675e+00 1.874047643146754316e+00 2.599386978233977796e+00 1.341839579967320173e+00
9.341382651835077322e-01 2.735305172729663781e+00 1.904913537870723150e+00 2.582405961349313994e+00 1.335128237910559568e+00
9.659807536188085297e-01 2.721170077365140383e+00 1.938071160223367562e+00 2.570301591629017945e+00 1.328830122129263769e+00
9.980055977484372232e-01 2.704076527157384557e+00 1.970424723688407820e+00 2.559007259023187597e+00 1.328503792503788139e+00
1.024444388241518844e+00 2.689311909461369776e+00 2.007551830394874504e+00 2.551868743028320896e+00 1.323278437175875677e+00
1.040476739469198941e+00 2.680921127186730146e+00 2.038140598032050832e+00 2.547016662795599906e+00 1.302658004000593728e+00
1.048558852155960341e+00 2.675382135935762573e+00 2.051478799612751036e+00 2.536920365698232871e+00 1.274449905554733142e+00
1.053709917643387284e+00 2.667206537601025218e+00 2.050504731116916890e+00 2.522301288741609415e+00 1.246041787410263391e+00
1.065042569514370818e+00 2.653343941470552192e+00 2.047684545280231472e+00 2.501928850123128267e+00 1.221697910745602966e+00
1.094508495756280508e+00 2.637242442988397162e+00 2.055710741922815554e+00 2.477450510033943232e+00 1.206322455109896774e+00
1.133855350260892569e+00 2.622353693777903949e+00 2.072773652598582927e+00 2.454764314496325817e+00 1.198983572114218354e+00
1.174250850949738911e+00 2.607880743755220720e+00 2.094312920409637790e+00 2.433750401327265944e+00 1.195679712945879158e+00
1.212964214543219788e+00 2.592010502405574623e+00 2.116651141026572258e+00 2.412849187152103614e+00 1.194781764330151264e+00
1.250858178390731545e+00 2.576122350979989761e+00 2.134004705579203964e+00 2.387634763022393525e+00 1.193203674911805123e+00
1.283934216832447239e+00 2.579201861169551968e+00 2.150951532438292624e+00 2.361605988388687294e+00 1.181705209198409934e+00
1.284845581450592356e+00 2.548496039480398156e+00 2.144904417947524067e+00 2.359533492654501519e+00 1.197800361178135375e+00
1.286606398000076368e+00 2.536878274806453337e+00 2.140689732286852109e+00 2.358934191546518733e+00 1.227192539883951827e+00
1.279112647798277269e+00 2.540971726508340911e+00 2.126936164658948858e+00 2.356471308075405613e+00 1.255561292249406824e+00
1.255893850628928998e+00 2.525525381560965954e+00 2.089295762388888811e+00 2.345655895132829016e+00 1.256741611108810552e+00
1.232653541658667251e+00 2.515251091856671728e+00 2.051861023481043489e+00 2.335763916173832389e+00 1.245912133810086919e+00
1.206614894659336690e+00 2.512440521035860463e+00 2.009722125604250120e+00 2.327616671607572574e+00 1.242429449623700277e+00
