8.699999999999999956e-01 2.740000000000000213e+00 1.850000000000000089e+00 2.629999999999999893e+00 1.350000000000000089e+00
9.016556416843988231e-01 2.719987356524902200e+00 1.872618203765431977e+00 2.618837219874079469e+00 1.359981495291772147e+00
9.369523762730843641e-01 2.715492584474024973e+00 1.905585956552222848e+00 2.605886912066122107e+00 1.364659646336032983e+00
9.628947569559755948e-01 2.716212586243242466e+00 1.940457464376215579e+00 2.591517710748311387e+00 1.354911009966912161e+00
9.854563718570463760e-01 2.712807430233681316e+00 1.973713789817577613e+00 2.575657618400883919e+00 1.341524780972812358e+00
1.009882677650411731e+00 2.701042741459616980e+00 1.999112735561549892e+00 2.555502474195604279e+00 1.326339543737563575e+00
1.033317114858450791e+00 2.705610538318959257e+00 2.009243508921851440e+00 2.550304307981511531e+00 1.298645645868699017e+00
1.060267066780658629e+00 2.705176175783333026e+00 2.020141686229879330e+00 2.537354892166904463e+00 1.271699775790988030e+00
1.076732537615511021e+00 2.696899444945120017e+00 2.036140023285465617e+00 2.518798692019130758e+00 1.246692492953772824e+00
1.100311110555879601e+00 2.684057839102358844e+00 2.053673748470458360e+00 2.496489200468912095e+00 1.227440352342466845e+00
1.134307082387190135e+00 2.674299848701528592e+00 2.074451478788296388e+00 2.466905687420403392e+00 1.225679543093378676e+00
1.170254918455813975e+00 2.664226527891211393e+00 2.091627255790872830e+00 2.437304108769548616e+00 1.234279263993662168e+00
1.206586119161294768e+00 2.652362204981043803e+00 2.106436084448723545e+00 2.408521698572539282e+00 1.244478112957169813e+00
1.244326387078532159e+00 2.634992280390348274e+00 2.118655530788625452e+00 2.381762830111398888e+00 1.247610160273854296e+00
1.273633004935811996e+00 2.611855773336273057e+00 2.122713661297144228e+00 2.367062786771200411e+00 1.233883117797828222e+00
1.282624526888841432e+00 2.607780315668215110e+00 2.113852084537237275e+00 2.338155450938723234e+00 1.211188388170216346e+00
1.282637110185143925e+00 2.620062705242610868e+00 2.106706646920363468e+00 2.353539752970146282e+00 1.188980014117559048e+00
1.279397227693623407e+00 2.586412890906736539e+00 2.106863080039730551e+00 2.352186124697980940e+00 1.191788811244583135e+00
1.272996833892832580e+00 2.562869456606386098e+00 2.095496521396486234e+00 2.348728112236134979e+00 1.213585618600673932e+00
1.258473319973408611e+00 2.540322817633912766e+00 2.074717986034727346e+00 2.348826577287108641e+00 1.230874826818257217e+00
1.236511238706957228e+00 2.525634934472923643e+00 2.040596591596431253e+00 2.344415204324359348e+00 1.239380735529506561e+00
1.206614894659336690e+00 2.512440521035860463e+00 2.009722125604250120e+00 2.327616671607572574e+00 1.242429449623700277e+00
