8.699999999999999956e-01 2.740000000000000213e+00 1.850000000000000089e+00 2.629999999999999893e+00 1.350000000000000089e+00
9.024971731571440614e-01 2.740716212564046739e+00 1.879042952800823896e+00 2.610556279753331932e+00 1.358883217801053478e+00
9.276586592532649611e-01 2.719725860725937139e+00 1.885133085199163228e+00 2.583398621102721116e+00 1.357774903949608536e+00
9.561598775783037851e-01 2.694473693793925317e+00 1.902373271860420045e+00 2.590042276926717513e+00 1.357596911791193017e+00
9.850592500044607069e-01 2.675667969381917199e+00 1.930220051442193885e+00 2.590315331573070257e+00 1.351135472860579556e+00
1.012074857647882853e+00 2.661611776150758946e+00 1.960477286271946618e+00 2.581876426927144141e+00 1.340761414718794953e+00
1.033692389416111190e+00 2.658918117504874168e+00 1.992714887827466974e+00 2.568953372055703177e+00 1.325316152775261491e+00
1.046609392985829334e+00 2.663343738429656771e+00 2.017258940847904913e+00 2.554896101823754151e+00 1.302168262382071395e+00
1.054621434162692051e+00 2.663187061661819399e+00 2.028858567316622619e+00 2.537435965641890334e+00 1.274197326550610132e+00
1.063125481177290332e+00 2.656945301302058748e+00 2.036160683956232287e+00 2.517261441051251047e+00 1.247033931189967859e+00
1.077914561536325255e+00 2.647940312394323925e+00 2.048776181946475372e+00 2.496291494222113272e+00 1.222999535122027082e+00
1.102578666774695293e+00 2.638147323162098434e+00 2.066954367710910123e+00 2.475988023280424777e+00 1.203746047839624689e+00
1.136483745783170018e+00 2.628319408408431812e+00 2.085657070808276004e+00 2.456738587679618835e+00 1.188503754719922645e+00
1.176604748665198263e+00 2.619081608774703529e+00 2.101942838034872363e+00 2.438010883666536177e+00 1.175344249590788426e+00
1.221895422931416064e+00 2.614359020932348621e+00 2.113826711425934590e+00 2.415868249229706777e+00 1.165697147233612174e+00
1.262204125217673223e+00 2.608171901079349819e+00 2.124593712603286555e+00 2.387587943063651963e+00 1.159284787936001315e+00
1.284358640108367755e+00 2.585140018001370166e+00 2.127401136761796874e+00 2.364155206558890665e+00 1.159024414087130417e+00
1.271553786433753830e+00 2.587097155414458616e+00 2.104255722982176113e+00 2.349443798432497843e+00 1.177496556629849866e+00
1.253018949692962680e+00 2.578899025689992630e+00 2.078979347839851055e+00 2.341720049858817543e+00 1.199775603554129821e+00
1.236968866121666455e+00 2.558128687207230634e+00 2.055294863021770890e+00 2.336569036129505950e+00 1.215215625952018597e+00
1.221791880390501461e+00 2.535284604121545549e+00 2.032508494313010505e+00 2.332092853868539262e+00 1.228822537787859437e+00
1.206614894659336690e+00 2.512440521035860463e+00 2.009722125604250120e+00 2.327616671607572574e+00 1.242429449623700277e+00
