8.699999999999999956e-01 2.740000000000000213e+00 1.850000000000000089e+00 2.629999999999999893e+00 1.350000000000000089e+00
9.082679595321444532e-01 2.724430681201336579e+00 1.869810383731788539e+00 2.618905688779866292e+00 1.341911953825581705e+00
9.470715927069178752e-01 2.743604567453398868e+00 1.880789784797609387e+00 2.605875463752048482e+00 1.352721508834065167e+00
9.746112308645429323e-01 2.740783138198455759e+00 1.901630635975260164e+00 2.578364280514697793e+00 1.360419001900095237e+00
9.897830979012487429e-01 2.720838258429293610e+00 1.927766209764996574e+00 2.567527636274421265e+00 1.357409153743415420e+00
1.011952236563850027e+00 2.701972670185321501e+00 1.953827347359216038e+00 2.558472576315591773e+00 1.353872370433092609e+00
1.040154928021049585e+00 2.686055080518670035e+00 1.977977697761779785e+00 2.546349864686980435e+00 1.345303814876341209e+00
1.063600626567537066e+00 2.666286672489265985e+00 1.994504805271867909e+00 2.529529122937449248e+00 1.328809466908015269e+00
1.079940082138975299e+00 2.642513989758837223e+00 2.007965510154394284e+00 2.510094352384304006e+00 1.313622241402033097e+00
1.086751081439088162e+00 2.640125693569097542e+00 2.016661280629892694e+00 2.496253306407163919e+00 1.280989988235865518e+00
1.092119878589144832e+00 2.626209963399140257e+00 2.016911363670423896e+00 2.480355793657526231e+00 1.249661040628610387e+00
1.116678919059278074e+00 2.605129337739848339e+00 2.025889457764684209e+00 2.455384616061984104e+00 1.237648302016124413e+00
1.149832540721041241e+00 2.593624561588323107e+00 2.032853019578501730e+00 2.426929326600557157e+00 1.222751830898823666e+00
1.181584596215369265e+00 2.587204644216321903e+00 2.038317254597797223e+00 2.399524805087018819e+00 1.201409751559951333e+00
1.213180615702704523e+00 2.580567844780467635e+00 2.044022752555725742e+00 2.372488536208731791e+00 1.179768178711030568e+00
1.243117797182950568e+00 2.571915720791581261e+00 2.051972762006956330e+00 2.349053133562093887e+00 1.155579423466084110e+00
1.265649137475769237e+00 2.556019751507573101e+00 2.067619741149644863e+00 2.338218375092484536e+00 1.130019258637001256e+00
1.275797740130368174e+00 2.527521844841395193e+00 2.081494820183457328e+00 2.337075062384292412e+00 1.132958025497232013e+00
1.275230745966741575e+00 2.514411897427513143e+00 2.061485683704344041e+00 2.328935087504217183e+00 1.161032031072260606e+00
1.267360160200138308e+00 2.510076446580792542e+00 2.031746066970194331e+00 2.322492435313590953e+00 1.179543709799781848e+00
1.236925240250805302e+00 2.509730757376612331e+00 2.015577253961825743e+00 2.323096903167146454e+00 1.208820883856783990e+00
1.206614894659336690e+00 2.512440521035860463e+00 2.009722125604250120e+00 2.327616671607572574e+00 1.242429449623700277e+00
