8.699999999999999956e-01 2.740000000000000213e+00 1.850000000000000089e+00 2.629999999999999893e+00 1.350000000000000089e+00
9.056393093597753241e-01 2.724828650725048540e+00 1.853205046075409479e+00 2.606283323060189616e+00 1.361409732394194938e+00
9.239991104269137390e-01 2.701180635738810398e+00 1.858063171333256713e+00 2.577972847384653932e+00 1.367210531434803311e+00
9.555268507665893862e-01 2.715623884856879666e+00 1.886680644823529374e+00 2.568854978366651665e+00 1.361490844411097800e+00
9.753554720961392643e-01 2.728278444282228321e+00 1.919442863298335133e+00 2.560839999118460053e+00 1.347847271134754665e+00
9.990579193008873871e-01 2.720500580946980662e+00 1.954662099121242225e+00 2.549714173209232992e+00 1.338717022621058961e+00
1.022403721392488363e+00 2.710090152895189508e+00 1.991869524377726908e+00 2.541752055623569539e+00 1.334303122882105841e+00
1.044630200294268674e+00 2.699580033935923495e+00 2.026746111476456225e+00 2.534804117424590775e+00 1.323117089660128975e+00
1.062639056561437645e+00 2.687208748764081889e+00 2.050029344643589102e+00 2.527363481126208899e+00 1.301358475257118563e+00
1.073700980680210915e+00 2.674962625440672870e+00 2.060220040597263047e+00 2.519150059038797629e+00 1.273933944916748384e+00
1.083501232915400569e+00 2.661419605532733712e+00 2.064450201090389569e+00 2.506452838069850753e+00 1.246871092416641513e+00
1.100956403373453352e+00 2.645270674145099754e+00 2.068085658245442993e+00 2.486042628064762727e+00 1.225240222138070934e+00
1.129219238485149601e+00 2.628000530386764844e+00 2.074184317694646840e+00 2.460555415882301311e+00 1.213191558008353210e+00
1.163755201776023318e+00 2.610790726911917048e+00 2.083917363462390870e+00 2.435212765485427866e+00 1.209862920612900794e+00
1.199638568062053379e+00 2.593236975485224249e+00 2.097194087830042353e+00 2.412407222757182002e+00 1.212651599532687641e+00
1.235099326504069950e+00 2.576944266509005210e+00 2.115941998622286491e+00 2.392349418256531912e+00 1.217811468487264737e+00
1.266314511439606161e+00 2.555371386975352710e+00 2.131892635627309573e+00 2.373357772472993066e+00 1.212774567118027891e+00
1.274472826338740816e+00 2.524766973397177150e+00 2.119334078913223340e+00 2.362499220806070888e+00 1.202762865231775224e+00
1.273603130551759222e+00 2.510665961256864254e+00 2.089332005419340277e+00 2.350855207363358179e+00 1.188767330257872068e+00
1.257928368085853510e+00 2.523906703367594595e+00 2.072174528792975590e+00 2.345601730228865200e+00 1.213695280750205718e+00
1.232008494872974591e+00 2.523588308266372593e+00 2.041191463500843906e+00 2.338546333544439637e+00 1.230321637049602179e+00
1.206614894659336690e+00 2.512440521035860463e+00 2.009722125604250120e+00 2.327616671607572574e+00 1.242429449623700277e+00
