8.699999999999999956e-01 2.740000000000000213e+00 1.850000000000000089e+00 2.629999999999999893e+00 1.350000000000000089e+00
8.999585571307648912e-01 2.740331873842710486e+00 1.872935617062754687e+00 2.619990849890126761e+00 1.358879513595762756e+00
9.345533496891712533e-01 2.735856417522543271e+00 1.889036416825852216e+00 2.600413032035731487e+00 1.361204898558657117e+00
9.548879931030025414e-01 2.725596590121791785e+00 1.884042151564359058e+00 2.567467242265677019e+00 1.358134586284942547e+00
9.730762652099875787e-01 2.712043018978426812e+00 1.894071178130884547e+00 2.553164151962815431e+00 1.337743213707362155e+00
9.942787753155111208e-01 2.698958798139072357e+00 1.916191011344487549e+00 2.548180984390516990e+00 1.324537910559310028e+00
1.017286894234425754e+00 2.684436943903075967e+00 1.939934847589424693e+00 2.541432402107233646e+00 1.318134459025481542e+00
1.039048733460861129e+00 2.667994264170014951e+00 1.962827364540833619e+00 2.532020569165112978e+00 1.313398053684543099e+00
1.056662852917936490e+00 2.649372016868738022e+00 1.983207244455587714e+00 2.519289344391457242e+00 1.305182867115803669e+00
1.069581220508614372e+00 2.630841634050129052e+00 2.000489197228142668e+00 2.505487868581421917e+00 1.290889145080962530e+00
1.082323404436162706e+00 2.613527336240527799e+00 2.014612385864746447e+00 2.491363486717572684e+00 1.272929152680229103e+00
1.099849731636726613e+00 2.596314081090954851e+00 2.025418555493891937e+00 2.475164845972673167e+00 1.255532291730714123e+00
1.122571701463406235e+00 2.578686499699081924e+00 2.033094526422265069e+00 2.456496936613473459e+00 1.241096030369267744e+00
1.148153061595035496e+00 2.560845839172637195e+00 2.038756226059352805e+00 2.436428131577641931e+00 1.229153223376655335e+00
1.174700993596145882e+00 2.542998579313898055e+00 2.043416121730036838e+00 2.415717020331402232e+00 1.218293643024588979e+00
1.201156968277345971e+00 2.525510615930770530e+00 2.047063122898183263e+00 2.394115483141925793e+00 1.207535827301284170e+00
1.226685435140723479e+00 2.509862683550431406e+00 2.048680559499017395e+00 2.370216139311485559e+00 1.196042569794382615e+00
1.250755225451245067e+00 2.501887894252909028e+00 2.049781319122919054e+00 2.342920232116441515e+00 1.181860627918255746e+00
1.258877519083542840e+00 2.519705871435915512e+00 2.057026471465200679e+00 2.324934830501194316e+00 1.170478978048298924e+00
1.237707312681832761e+00 2.520992124004776347e+00 2.038992800403177430e+00 2.327216608579167012e+00 1.192148293134823733e+00
1.222161103670584614e+00 2.516716322520318627e+00 2.024357463003713775e+00 2.327416640093369793e+00 1.217288871379262005e+00
1.206614894659336690e+00 2.512440521035860463e+00 2.009722125604250120e+00 2.327616671607572574e+00 1.242429449623700277e+00
