8.699999999999999956e-01 2.740000000000000213e+00 1.850000000000000089e+00 2.629999999999999893e+00 1.350000000000000089e+00
8.933561326767129884e-01 2.714986670445511230e+00 1.864718824932078967e+00 2.623159213127906231e+00 1.360187810094510841e+00
9.271287946050984496e-01 2.705942154797031041e+00 1.892417573872577696e+00 2.612554387563593039e+00 1.368547050038596335e+00
9.621625115568439579e-01 2.712414276966179649e+00 1.922482547369207317e+00 2.604988851360682922e+00 1.363369620627385537e+00
9.900502351107266508e-01 2.710049225415264829e+00 1.951170617189826872e+00 2.596322614672774254e+00 1.349050855038412600e+00
1.012801275044442839e+00 2.703266454111372230e+00 1.975587586670861873e+00 2.591109061576138739e+00 1.329460685763356853e+00
1.033408449705671028e+00 2.697688166952577848e+00 1.997214965268052644e+00 2.584988482354545258e+00 1.307420191346614136e+00
1.046702780241042907e+00 2.686986468254489502e+00 2.015533235691829628e+00 2.559953531861052678e+00 1.291835043122471882e+00
1.056279952587324544e+00 2.669725936040239223e+00 2.020855543617080308e+00 2.533650072492035665e+00 1.275557369251325790e+00
1.063281781624899169e+00 2.655204339642465605e+00 2.022213137962886709e+00 2.519950054528568906e+00 1.251176189617260626e+00
1.071744310557703361e+00 2.647431560472052414e+00 2.028072741719540772e+00 2.504653131108922182e+00 1.225033124161197806e+00
1.099793654216868921e+00 2.631517773887804612e+00 2.033552770067351911e+00 2.476956610120017110e+00 1.221435540018481758e+00
1.134515349489122915e+00 2.612066861309711552e+00 2.038469337234266376e+00 2.453288857070549778e+00 1.218060943708602961e+00
1.169519556084888112e+00 2.593598173666775253e+00 2.043556004577936847e+00 2.431316227188129897e+00 1.209544917436640388e+00
1.206696217044171959e+00 2.579056649114772171e+00 2.051770757422428648e+00 2.408654896094015729e+00 1.199336032795242257e+00
1.245725786094297405e+00 2.576784846319982059e+00 2.069045823871762835e+00 2.386254230432901746e+00 1.189050018584685287e+00
1.274347752537276168e+00 2.589012388621202199e+00 2.095905430592501340e+00 2.369472856350196555e+00 1.185064729514705650e+00
1.283597051918098808e+00 2.577696155645293086e+00 2.108070476945750116e+00 2.338862548568778621e+00 1.193895712496040540e+00
1.270734236540466355e+00 2.554228189993692943e+00 2.085196423766705998e+00 2.340351102025484575e+00 1.202822874623922234e+00
1.249971716080335193e+00 2.547862630219556390e+00 2.065051154692788771e+00 2.329797051986086220e+00 1.224419873689514215e+00
1.228942035601569227e+00 2.531933327008624168e+00 2.037709061426417723e+00 2.329735537357990882e+00 1.237219986975256480e+00
1.206614894659336690e+00 2.512440521035860463e+00 2.009722125604250120e+00 2.327616671607572574e+00 1.242429449623700277e+00
