8.699999999999999956e-01 2.740000000000000213e+00 1.850000000000000089e+00 2.629999999999999893e+00 1.350000000000000089e+00
9.103841023580859781e-01 2.725933313455405127e+00 1.867094346888246603e+00 2.609383954070106260e+00 1.351222276413955647e+00
9.503708233718587417e-01 2.713664683243237619e+00 1.891195350361968508e+00 2.596215237318657998e+00 1.349011737947870326e+00
9.745564732293544585e-01 2.699246912851795521e+00 1.922819916129045792e+00 2.591354704053737912e+00 1.340865832373426603e+00
9.909124755104578020e-01 2.685242981501566373e+00 1.958409690483729149e+00 2.590980162782426710e+00 1.336986891994842219e+00
1.006418032740686863e+00 2.675010988485641672e+00 1.995953417133499386e+00 2.592278427212124203e+00 1.337642071230670249e+00
1.027724635012217780e+00 2.671476259828430511e+00 2.032575976131683060e+00 2.588335476684021863e+00 1.331804749626460005e+00
1.051592131189368340e+00 2.672350545417930601e+00 2.043817047312530999e+00 2.569699072901445280e+00 1.309035929899436956e+00
1.065198183631007156e+00 2.669891847814279906e+00 2.031227112263191081e+00 2.547053167081758662e+00 1.284094024192086403e+00
1.078070791502780734e+00 2.663865698088300427e+00 2.022290993657855473e+00 2.522443142421163298e+00 1.259462985671630841e+00
1.096159590176476906e+00 2.655221799458818754e+00 2.025011149711175573e+00 2.496404063466144851e+00 1.236541426625559659e+00
1.120717043517543976e+00 2.644409452839225683e+00 2.034623093331373145e+00 2.471293676366130398e+00 1.216971526303852746e+00
1.150294307248831860e+00 2.631662610744704089e+00 2.043258359445826233e+00 2.447371875881679149e+00 1.199245835089894241e+00
1.182649339065976468e+00 2.618169253026381593e+00 2.049196110334728704e+00 2.424070157186456687e+00 1.182184948143742975e+00
1.216826976764625146e+00 2.605907209550764936e+00 2.056683229881377528e+00 2.400452988193709558e+00 1.166164583160936852e+00
1.251998491089298060e+00 2.598444650670517664e+00 2.072514714047082762e+00 2.376259258718995238e+00 1.153999197965861256e+00
1.286598872778395464e+00 2.589588837153975032e+00 2.095415432039598347e+00 2.354836971430940284e+00 1.156022722587429774e+00
1.286044814204332587e+00 2.555561726274710121e+00 2.080448359800788349e+00 2.360838407185356314e+00 1.155938672641454446e+00
1.269450142748422605e+00 2.529523557466913264e+00 2.060248729755145281e+00 2.353563780800377092e+00 1.166180956319229134e+00
1.257538741521617931e+00 2.521750043880327752e+00 2.048275935417331439e+00 2.350848714917026516e+00 1.196327261210806014e+00
1.236379960065632666e+00 2.513359781630874590e+00 2.029671731352269859e+00 2.342613421860991529e+00 1.221581617591199098e+00
1.206614894659336690e+00 2.512440521035860463e+00 2.009722125604250120e+00 2.327616671607572574e+00 1.242429449623700277e+00
