8.699999999999999956e-01 2.740000000000000213e+00 1.850000000000000089e+00 2.629999999999999893e+00 1.350000000000000089e+00
9.063651975711282116e-01 2.727944323820955752e+00 1.870537359457469462e+00 2.619920579778798775e+00 1.358793001868383143e+00
9.335322910435805976e-01 2.702744641370695255e+00 1.881082846277441156e+00 2.607025745517279169e+00 1.362153127513179518e+00
9.555174752428639007e-01 2.684201675864482883e+00 1.898836923911589647e+00 2.586879249774405309e+00 1.356116372846865037e+00
9.713106056174640734e-01 2.672514599194586893e+00 1.926591423465453090e+00 2.576044057073244353e+00 1.349929870803811438e+00
9.837459093222676865e-01 2.664629886326272512e+00 1.957395130417088680e+00 2.569568794088560537e+00 1.345486175286727981e+00
9.950732530951456045e-01 2.659219230581860494e+00 1.989383180846507226e+00 2.565155899723088773e+00 1.343544206664879725e+00
1.009000133859057291e+00 2.657824649502406267e+00 2.020621695170651932e+00 2.557225242279411503e+00 1.338217263253401068e+00
1.027820849901794231e+00 2.662848823857066005e+00 2.038372604688429846e+00 2.537698117809823017e+00 1.319878365092915784e+00
1.046132435424923512e+00 2.667104137510019513e+00 2.037215787803124289e+00 2.516786822169256865e+00 1.294912196521958325e+00
1.064119850857196958e+00 2.661905202273680882e+00 2.028947534886826443e+00 2.503349907702619781e+00 1.268367160498015345e+00
1.083318155176973718e+00 2.646279526746500910e+00 2.022520931474654837e+00 2.495005013878436539e+00 1.244335541937804601e+00
1.109939236288315145e+00 2.629546598494481469e+00 2.025701071561793576e+00 2.476460650041274469e+00 1.226133378488831305e+00
1.141264773040475466e+00 2.614372726300302929e+00 2.034784206802239037e+00 2.452064266515011415e+00 1.215303996445513901e+00
1.174467143302414085e+00 2.597309267373503872e+00 2.043548892137838635e+00 2.428286131651419932e+00 1.207800739003419110e+00
1.208219517979079560e+00 2.579794701390215383e+00 2.050877576831270588e+00 2.404101348074953570e+00 1.201214443427369272e+00
1.243862212714813786e+00 2.566865491174803449e+00 2.058687190045911830e+00 2.377511393611929869e+00 1.193251094252791855e+00
1.279087042439762678e+00 2.568049810048323334e+00 2.061269613398766687e+00 2.351196889012384439e+00 1.177572314414418120e+00
1.287033328053636128e+00 2.543030888987674487e+00 2.055707293296411553e+00 2.342804566933726740e+00 1.186827438906969956e+00
1.270783883636113831e+00 2.537516545557036984e+00 2.046119692828146430e+00 2.348631442280370685e+00 1.214562722662516192e+00
1.243353098677178803e+00 2.523506276310302887e+00 2.027096050971990415e+00 2.342268765052109014e+00 1.230723055971860491e+00
1.206614894659336690e+00 2.512440521035860463e+00 2.009722125604250120e+00 2.327616671607572574e+00 1.242429449623700277e+00
