8.699999999999999956e-01 2.740000000000000213e+00 1.850000000000000089e+00 2.629999999999999893e+00 1.350000000000000089e+00
9.089710655308116394e-01 2.713672206941785348e+00 1.865708869143844151e+00 2.615407976241169941e+00 1.370996010811999843e+00
9.394540334450892649e-01 2.679259111238292412e+00 1.863794017681967174e+00 2.592689897293601220e+00 1.376296768001372461e+00
9.293778846982986286e-01 2.641460241288272837e+00 1.841616341188133665e+00 2.584410223759879166e+00 1.371343419866158930e+00
9.270194698216824847e-01 2.645863948225181783e+00 1.848409917853355067e+00 2.570208313551591406e+00 1.333015108199162357e+00
9.431229980085527043e-01 2.670928049971531326e+00 1.873830095979978072e+00 2.561149915266082822e+00 1.305477289347427128e+00
9.752219547278007106e-01 2.691414170415890261e+00 1.916555476935981162e+00 2.559206716344514465e+00 1.290953637190991321e+00
1.011136669746504735e+00 2.703890090162122117e+00 1.967689908589256298e+00 2.557123308032129394e+00 1.287172226127140329e+00
1.042016305009353383e+00 2.686451806943573217e+00 2.010014075895873553e+00 2.534078219050467595e+00 1.288296415991670330e+00
1.049264023025943127e+00 2.657280420925062003e+00 2.012860232583288500e+00 2.504713063580207955e+00 1.269168599782297457e+00
1.070543985638352735e+00 2.658985487946911697e+00 2.022025477163963192e+00 2.489360405891634098e+00 1.230641233580379357e+00
1.121001411634356071e+00 2.638031546274751005e+00 2.043250320422313582e+00 2.464465895325780309e+00 1.224798602848301998e+00
1.167476616332361994e+00 2.620736670162483684e+00 2.067545781466030519e+00 2.432982611812391394e+00 1.223469020555024489e+00
1.214621680161628747e+00 2.607316081230046656e+00 2.094184402611117157e+00 2.400726465793908471e+00 1.227348743554688815e+00
1.258353335991101662e+00 2.596148164708413919e+00 2.116888693258754284e+00 2.373916206985742239e+00 1.248441538630038039e+00
1.283407025130922641e+00 2.567983015859654383e+00 2.114308462780360109e+00 2.354228145842192532e+00 1.272053485537723905e+00
1.282125317309374735e+00 2.548683388130700056e+00 2.078161715290295586e+00 2.342027749934035175e+00 1.249914876803315478e+00
1.279002315871001993e+00 2.580479427790180580e+00 2.073727282539713723e+00 2.345007264882006837e+00 1.222580770655776305e+00
1.279149298275569890e+00 2.577269185375107075e+00 2.077952346891813296e+00 2.343838288496670863e+00 1.182458601522434094e+00
1.270473743246113951e+00 2.536424407189750152e+00 2.072056849946160462e+00 2.337398645741356695e+00 1.186717008502436999e+00
1.240926207101278544e+00 2.513573231709930411e+00 2.043963164168697944e+00 2.331282684493305002e+00 1.211962698650171255e+00
1.206614894659336690e+00 2.512440521035860463e+00 2.009722125604250120e+00 2.327616671607572574e+00 1.242429449623700277e+00
