8.699999999999999956e-01 2.740000000000000213e+00 1.850000000000000089e+00 2.629999999999999893e+00 1.350000000000000089e+00
9.090479237197689466e-01 2.733651296604044934e+00 1.861164118113033394e+00 2.607589069164470530e+00 1.361671325905863705e+00
9.396286846706246587e-01 2.729817252183493359e+00 1.884729447626072307e+00 2.583108724092459507e+00 1.363874052264723913e+00
9.665147691638826810e-01 2.718017984643000595e+00 1.907961152384454850e+00 2.560028561979274198e+00 1.362191399361193378e+00
9.934295339156056226e-01 2.702404946268226471e+00 1.930651071862749202e+00 2.541581601517953537e+00 1.357936075352767391e+00
1.020052973429439458e+00 2.686004227855647297e+00 1.953342861987171331e+00 2.527605702308312274e+00 1.350089457553735883e+00
1.043730683396888015e+00 2.671113660420944225e+00 1.975508629585197795e+00 2.517136504073294034e+00 1.336684474674467715e+00
1.060810526980623392e+00 2.660312111092034471e+00 1.995005137920401461e+00 2.509972757443770242e+00 1.316478676344578824e+00
1.070362161588609418e+00 2.652849217939785120e+00 2.009331686662959360e+00 2.506322455223906953e+00 1.291502470301383765e+00
1.080216152183781864e+00 2.640490742899957777e+00 2.024491824691997621e+00 2.507016095637252917e+00 1.268233051660808464e+00
1.093053710152173119e+00 2.648416799446179581e+00 2.036409516949842846e+00 2.504849993824184828e+00 1.245283499683330630e+00
1.103583199447859320e+00 2.632621399949891305e+00 2.033266529619374818e+00 2.486891746202252840e+00 1.224048703434548191e+00
1.125049530633356332e+00 2.608850641748382770e+00 2.038733205411570992e+00 2.465145771203941738e+00 1.215488710884052859e+00
1.152668174845730586e+00 2.587540453095711346e+00 2.047408531784132624e+00 2.442128245945815124e+00 1.209772544086418877e+00
1.181216579126212807e+00 2.568857841660382668e+00 2.053430693871272972e+00 2.416477154993069476e+00 1.201421282581157213e+00
1.210281105426513903e+00 2.551024010379634444e+00 2.059626142853481667e+00 2.390368322468647388e+00 1.192775636216684143e+00
1.241415844613819708e+00 2.536106161148915739e+00 2.069600739269365608e+00 2.363469227540984097e+00 1.184901370736264781e+00
1.270903678809330195e+00 2.537707011311584271e+00 2.089627479551365408e+00 2.334247026915845513e+00 1.183291645062888753e+00
1.269123603698233627e+00 2.534036589264571759e+00 2.094893801821312795e+00 2.322076165148365678e+00 1.206794395930507413e+00
1.250631505758231787e+00 2.518551043810692391e+00 2.068664849259140848e+00 2.332740037561868540e+00 1.216857642639954218e+00
1.228641126832366703e+00 2.514520727486231788e+00 2.037921632584107634e+00 2.336349963317593925e+00 1.228219126904556147e+00
1.206614894659336690e+00 2.512440521035860463e+00 2.009722125604250120e+00 2.327616671607572574e+00 1.242429449623700277e+00
