8.699999999999999956e-01 2.740000000000000213e+00 1.850000000000000089e+00 2.629999999999999893e+00 1.350000000000000089e+00
9.058911391869075569e-01 2.741965840531451537e+00 1.875437619488212082e+00 2.606444127198710881e+00 1.354789810248021142e+00
9.373897684194936186e-01 2.723735768005853153e+00 1.885509121641136154e+00 2.578904796784498021e+00 1.361838590450690001e+00
9.764249484818621205e-01 2.700211185684946003e+00 1.894472258743427728e+00 2.566592042264328466e+00 1.358862737172138457e+00
1.007374197585194420e+00 2.680108141076301465e+00 1.915823085677562654e+00 2.549824041163895050e+00 1.358118306711857626e+00
1.031086190458943896e+00 2.661752979269924602e+00 1.943837704296923041e+00 2.537036025430099873e+00 1.361321109826540532e+00
1.056756550203933775e+00 2.650155045368269846e+00 1.971849878253782995e+00 2.519261224457943094e+00 1.353102648220114279e+00
1.072102841474803947e+00 2.647743005666010063e+00 1.990793177044122730e+00 2.505288915524015447e+00 1.330629142152554900e+00
1.080929420703947930e+00 2.635652105743453433e+00 2.007391447684578889e+00 2.496370948263720191e+00 1.307406063714841471e+00
1.090568953528606277e+00 2.614326410205023432e+00 2.030532117586455687e+00 2.501051812754430337e+00 1.308417965293085627e+00
1.095486885888537820e+00 2.609519340701881962e+00 2.024339691046252554e+00 2.512871860978474814e+00 1.281298465708912815e+00
1.094557789783643376e+00 2.610882530294434289e+00 2.016709238856391639e+00 2.508187380628706276e+00 1.253181444067986039e+00
1.101293869480904686e+00 2.615421498451755866e+00 2.023731408747381000e+00 2.494772888338494976e+00 1.227052551574765227e+00
1.127319792312564850e+00 2.613635456682531277e+00 2.049280540079889246e+00 2.471612110772614557e+00 1.214869715966514496e+00
1.156832378262072192e+00 2.603087799346465836e+00 2.069311502987595031e+00 2.440983330715186028e+00 1.210009912298638302e+00
1.188104886371865954e+00 2.590445681559568225e+00 2.083309073388416088e+00 2.409078250867124016e+00 1.203399413234584436e+00
1.219766666684371614e+00 2.576874250887225770e+00 2.095362765286987727e+00 2.377283404427213309e+00 1.196368757477705547e+00
1.251951352123447103e+00 2.560118811619924717e+00 2.102645487088940168e+00 2.346703080208774939e+00 1.189433804613036605e+00
1.272367455152060955e+00 2.538666938722470068e+00 2.087937651234389236e+00 2.320990956429902496e+00 1.190936385121451169e+00
1.254360175916744868e+00 2.533549467917828757e+00 2.058108786755070252e+00 2.315027427819642103e+00 1.207517769774082206e+00
1.228610513480653754e+00 2.527001929363310584e+00 2.032230005939104522e+00 2.322486430241147204e+00 1.224775364807669575e+00
1.206614894659336690e+00 2.512440521035860463e+00 2.009722125604250120e+00 2.327616671607572574e+00 1.242429449623700277e+00
