8.699999999999999956e-01 2.740000000000000213e+00 1.850000000000000089e+00 2.629999999999999893e+00 1.350000000000000089e+00
8.968678482387580919e-01 2.728810951814744534e+00 1.861270925991949099e+00 2.601820475317276671e+00 1.347626098011626361e+00
9.210886476759436725e-01 2.721030851915076543e+00 1.861748820990865694e+00 2.568368687174986231e+00 1.344521332866146723e+00
9.367034691229063625e-01 2.727542690740150100e+00 1.867275419303654926e+00 2.566535749172733638e+00 1.334249646462308370e+00
9.437017828346576653e-01 2.725325879059319778e+00 1.876292075254582414e+00 2.564892895283646723e+00 1.325906762012276863e+00
9.512014345682642258e-01 2.720599490567921830e+00 1.886727533469949813e+00 2.559902003448499386e+00 1.317433399802164784e+00
9.569580023568995397e-01 2.717146129521484266e+00 1.894567333696306255e+00 2.555561449905500382e+00 1.311217563581790424e+00
1.015986003955909878e+00 2.683929971725723451e+00 1.973633254731547382e+00 2.508487366447821554e+00 1.248784956609871877e+00
1.022609998339343296e+00 2.680213466307033610e+00 1.982499288613393418e+00 2.503192143612775311e+00 1.241785336680443441e+00
1.030665612646491258e+00 2.675704496926595510e+00 1.993275035389786787e+00 2.496740007845132947e+00 1.233279246820351061e+00
1.035867102768248005e+00 2.672795107726586128e+00 2.000231682026861968e+00 2.492571515670020776e+00 1.227788085795723960e+00
1.047277681886280343e+00 2.667104156936630055e+00 2.013049297040338637e+00 2.484157423708653667e+00 1.217370472490903355e+00
1.053542747178292105e+00 2.668374882182567909e+00 2.024842665856212420e+00 2.477889046457575351e+00 1.210969318284442542e+00
1.159750111639831438e+00 2.658528927906566253e+00 2.079057143594204682e+00 2.423781040358579109e+00 1.195471623517404325e+00
1.209620669030074591e+00 2.649518611046369987e+00 2.090934233427604205e+00 2.397919801207947899e+00 1.183296304703993274e+00
1.254442975520205561e+00 2.638318085725699369e+00 2.096841689877302350e+00 2.370684017634628216e+00 1.172070141446462932e+00
1.277123748682174487e+00 2.624227091686242908e+00 2.097768388660145256e+00 2.351588884902688914e+00 1.170158637508092792e+00
1.283309812582145604e+00 2.595346870178119936e+00 2.088400499319979620e+00 2.338173922092204648e+00 1.180849445388139518e+00
1.293164229265657994e+00 2.580664562320031497e+00 2.073310510340018009e+00 2.330411787215382002e+00 1.188992213737437353e+00
1.294925034675127984e+00 2.589252667258594265e+00 2.075682347074570000e+00 2.328095026200698747e+00 1.191880045894735396e+00
1.252696689886216408e+00 2.576389422411256458e+00 2.056315622617583383e+00 2.328401185052259237e+00 1.217685918011186752e+00
1.206614894659336690e+00 2.512440521035860463e+00 2.009722125604250120e+00 2.327616671607572574e+00 1.242429449623700277e+00
