8.699999999999999956e-01 2.740000000000000213e+00 1.850000000000000089e+00 2.629999999999999893e+00 1.350000000000000089e+00
9.088849012054515120e-01 2.737893759569288044e+00 1.871043875187714978e+00 2.594730702824386448e+00 1.342723161463384107e+00
9.491516133931835464e-01 2.719437991247336317e+00 1.889894837556661766e+00 2.569903688702398714e+00 1.354679719334576316e+00
9.802849211409120356e-01 2.709384438904677950e+00 1.925289127560051661e+00 2.551149241690642722e+00 1.345443206474035591e+00
1.005459224018119269e+00 2.702166330727978405e+00 1.962307922552494421e+00 2.532965067380457125e+00 1.331966665626941992e+00
1.027736020837551667e+00 2.687968105244525674e+00 2.004070773084717150e+00 2.530901780613421082e+00 1.324520292275980449e+00
1.040469537563447622e+00 2.668375975559714064e+00 2.037404196955462155e+00 2.540253534158190885e+00 1.306938304646100502e+00
1.057809936072734214e+00 2.665561480316670284e+00 2.032773129220528663e+00 2.536261876875494092e+00 1.277051897173071326e+00
1.063423875575904232e+00 2.651509149020154776e+00 2.036548318731151497e+00 2.516030272509174992e+00 1.247071748423263404e+00
1.071945083973686152e+00 2.645185211885380028e+00 2.038555164706770118e+00 2.491184104379303044e+00 1.217494003890524867e+00
1.105435921111438402e+00 2.628997324276045600e+00 2.058315373484836730e+00 2.472091401716991488e+00 1.196868413802416597e+00
1.150621769647080406e+00 2.607306861077026472e+00 2.077560316651074768e+00 2.449406483063034656e+00 1.190822535826256523e+00
1.194427095337379896e+00 2.586272525208180184e+00 2.099011768639786446e+00 2.425759473172014236e+00 1.187008626513193388e+00
1.238369836284749947e+00 2.566686297334272560e+00 2.120093354340605085e+00 2.400641530213181163e+00 1.182502956301969999e+00
1.272763694083652197e+00 2.541204707128049911e+00 2.122663399703180520e+00 2.368290226571990953e+00 1.175681133863441863e+00
1.292633928103559704e+00 2.510786570567017151e+00 2.115931944774293250e+00 2.348806070268760759e+00 1.160470937720020412e+00
1.286123765586523859e+00 2.548479615770709472e+00 2.131512574209923461e+00 2.371862427870285117e+00 1.163608870097462278e+00
1.275601207859305308e+00 2.557467973259506699e+00 2.123420436852504700e+00 2.366480276813478500e+00 1.196471807803479281e+00
1.275205314020537273e+00 2.520657898716876844e+00 2.117159253541298636e+00 2.357304322599843793e+00 1.213155240952954017e+00
1.261287888816607472e+00 2.489993111787209390e+00 2.088471418809213276e+00 2.345499064333349093e+00 1.219944455640017855e+00
1.233906048584649806e+00 2.496994018337767240e+00 2.048019594257163956e+00 2.335699746695448553e+00 1.231308133102599234e+00
1.206614894659336690e+00 2.512440521035860463e+00 2.009722125604250120e+00 2.327616671607572574e+00 1.242429449623700277e+00
