8.699999999999999956e-01 2.740000000000000213e+00 1.850000000000000089e+00 2.629999999999999893e+00 1.350000000000000089e+00
9.227296792231166611e-01 2.712289459513023360e+00 1.856612138620351793e+00 2.599662942005449562e+00 1.330619986753564854e+00
9.576875195643760330e-01 2.722524228331208107e+00 1.886440209332825857e+00 2.563666688263865012e+00 1.308536785407831360e+00
1.005071554224697072e+00 2.727064846363679962e+00 1.938525039091808733e+00 2.561669232724128609e+00 1.314956920194451317e+00
1.060411935912591419e+00 2.716804403601848161e+00 1.985638011140493431e+00 2.552772653048210660e+00 1.305241397572939555e+00
1.061930917106346683e+00 2.679831006575318142e+00 1.993758064283062570e+00 2.529797272468440106e+00 1.283334623339681402e+00
1.049969215142117385e+00 2.640288105759148074e+00 2.002669001320611208e+00 2.505211197525668787e+00 1.263418323958661604e+00
1.070530025219991188e+00 2.639648239464701174e+00 2.050564535839804581e+00 2.480945686540455775e+00 1.246667340921406852e+00
1.130621714981479897e+00 2.624473590956037938e+00 2.063349686186583209e+00 2.444609413701677614e+00 1.227087769092757741e+00
1.198605177552517942e+00 2.612022031486001428e+00 2.072863405050765717e+00 2.409041953302358152e+00 1.209062265215703036e+00
1.267945974719294933e+00 2.600634955389656611e+00 2.082747360995134578e+00 2.373698892636782354e+00 1.191336000189968658e+00
1.274261434012410099e+00 2.576783847036186792e+00 2.082070716437926627e+00 2.330578106686920226e+00 1.211175302980752599e+00
1.244197529735220353e+00 2.542418478196163178e+00 2.045911658259603971e+00 2.327273309279351388e+00 1.225374093395466657e+00
1.206614894659336690e+00 2.512440521035860463e+00 2.009722125604250120e+00 2.327616671607572574e+00 1.242429449623700277e+00
