8.699999999999999956e-01 2.740000000000000213e+00 1.850000000000000089e+00 2.629999999999999893e+00 1.350000000000000089e+00
8.933969901460347973e-01 2.727219137818069683e+00 1.858141492024658614e+00 2.607160660403771146e+00 1.335195973101560574e+00
9.187052381699799541e-01 2.710540705031720510e+00 1.863435508091764170e+00 2.578097103674623192e+00 1.327120051291066360e+00
9.526540057741987866e-01 2.692507168613941904e+00 1.875003813806941144e+00 2.567839102059971790e+00 1.316075567116114398e+00
9.775439256149518474e-01 2.677927435420059954e+00 1.901135100021825508e+00 2.560644322441006704e+00 1.308756560035613248e+00
9.971738217090214684e-01 2.670288108575279207e+00 1.934245393483373654e+00 2.554469447601185994e+00 1.306411854608090284e+00
1.019606714735920239e+00 2.665238047340923622e+00 1.964044875880393892e+00 2.544689682348848070e+00 1.297840489082252802e+00
1.039089316215360492e+00 2.658623751667647195e+00 1.977026747625112657e+00 2.528948209209998410e+00 1.279778154478345975e+00
1.052769209464938793e+00 2.649625644027319371e+00 1.978827835914166000e+00 2.510864044661966332e+00 1.259789487360651217e+00
1.066452682679832620e+00 2.638652935108357855e+00 1.980220574550397350e+00 2.494189429412033032e+00 1.239855439670240145e+00
1.087845222202497020e+00 2.632415719299683321e+00 1.998131936111406048e+00 2.491605752140098051e+00 1.222077362654574229e+00
1.101862964845488069e+00 2.640440661481505025e+00 2.029640675372134773e+00 2.491125721569920071e+00 1.213476229480798141e+00
1.123126606707864239e+00 2.639415312159326010e+00 2.054587873408161069e+00 2.466042783750587830e+00 1.218762492916457774e+00
1.158808615444761658e+00 2.627919496598167814e+00 2.062847429325597393e+00 2.435869132410882987e+00 1.219257685985661421e+00
1.197085780985871706e+00 2.615749898613085378e+00 2.066960167779423596e+00 2.407200250049071233e+00 1.215987025789569742e+00
1.234593293579824058e+00 2.605474096033324916e+00 2.070588277188100790e+00 2.377808648475754794e+00 1.210333188410384508e+00
1.267252956688718069e+00 2.594976615508476137e+00 2.073490795706516288e+00 2.347029876927192227e+00 1.202415772704119146e+00
1.287908167961596462e+00 2.570442748562807189e+00 2.069393481052293815e+00 2.325302331860009897e+00 1.196985377047766530e+00
1.275813742403238304e+00 2.540137105644003856e+00 2.069712832143530967e+00 2.320197049214965723e+00 1.199739750469664967e+00
1.243395579840432807e+00 2.542853173064562711e+00 2.057678411652928308e+00 2.321554067709257207e+00 1.217730141048896098e+00
1.223928608498055848e+00 2.528473049115750992e+00 2.034009680205710602e+00 2.324533668853939528e+00 1.230601618440630318e+00
1.206614894659336690e+00 2.512440521035860463e+00 2.009722125604250120e+00 2.327616671607572574e+00 1.242429449623700277e+00
