8.699999999999999956e-01 2.740000000000000213e+00 1.850000000000000089e+00 2.629999999999999893e+00 1.350000000000000089e+00
9.079576046105557463e-01 2.727791306843969199e+00 1.890738723027443280e+00 2.612644213481267297e+00 1.341522607365295938e+00
9.300376270672182644e-01 2.697057988879137280e+00 1.903788734878352429e+00 2.588407991070044378e+00 1.323627737895539225e+00
9.580137247446355309e-01 2.725493377008475715e+00 1.928958598836935989e+00 2.568723052515822225e+00 1.310692127236553040e+00
9.865314558485783758e-01 2.743854166984418530e+00 1.954135265133036814e+00 2.559487978342747105e+00 1.284728185365810793e+00
1.014911752369478615e+00 2.740477717045675554e+00 1.977468161621142473e+00 2.547892103092051386e+00 1.254343518041240113e+00
1.040726596086089639e+00 2.716686185514313401e+00 2.004694249167676912e+00 2.533700453065053093e+00 1.233715369555688612e+00
1.053261096412640763e+00 2.678452259331264518e+00 2.028018224699754679e+00 2.517597025315684522e+00 1.231189706565932518e+00
1.058964811926864868e+00 2.640841865886358608e+00 2.040800458359006253e+00 2.491122128117536860e+00 1.229235014246405688e+00
1.113759797886496150e+00 2.624047093863046687e+00 2.058261558815165593e+00 2.460816792360497107e+00 1.227076933373867806e+00
1.171071100843303459e+00 2.611337785411818047e+00 2.067522741492746174e+00 2.431156729594047938e+00 1.214535708161512240e+00
1.220037050578958393e+00 2.593404344259043093e+00 2.078242410641183202e+00 2.401300844948406343e+00 1.199517752682944360e+00
1.261430977077828253e+00 2.569129871991264746e+00 2.094609372172486328e+00 2.375388960799096338e+00 1.185032267482486246e+00
1.264646546438035868e+00 2.533979278607862540e+00 2.075912882869921816e+00 2.349769463689393767e+00 1.194323666116585470e+00
1.240479605887976122e+00 2.521457885643930918e+00 2.042209896559052495e+00 2.340021890168885399e+00 1.219005792683251377e+00
1.206614894659336690e+00 2.512440521035860463e+00 2.009722125604250120e+00 2.327616671607572574e+00 1.242429449623700277e+00
