8.699999999999999956e-01 2.740000000000000213e+00 1.850000000000000089e+00 2.629999999999999893e+00 1.350000000000000089e+00
9.073850597151166264e-01 2.721393060496990035e+00 1.861304105437081802e+00 2.598467146066687938e+00 1.348360702985994752e+00
9.443686632118444280e-01 2.731637407602088619e+00 1.894153065034649419e+00 2.585152992591376986e+00 1.340649666276373386e+00
9.637687778190511256e-01 2.738174236920161153e+00 1.930430038947456239e+00 2.560671214181777788e+00 1.333150372645027337e+00
9.918512290259279274e-01 2.736434133873925312e+00 1.964341303797364269e+00 2.536388455737402570e+00 1.324796716549267339e+00
1.020466201768871262e+00 2.718009400420898558e+00 1.998659159591384737e+00 2.525095680881086935e+00 1.321853221540751688e+00
1.036735348078170915e+00 2.687180341315813070e+00 2.021492212397340449e+00 2.533483084042555511e+00 1.327507130551525361e+00
1.039892905119982114e+00 2.675706070413595761e+00 2.032635097554574166e+00 2.539222924023619488e+00 1.300979140295193126e+00
1.040813733175014244e+00 2.664161429580307772e+00 2.032636582620319654e+00 2.529600811486272249e+00 1.272170790302332044e+00
1.044267579151319403e+00 2.657398919318746167e+00 2.031556485768220899e+00 2.516673771027120310e+00 1.242964377159838207e+00
1.049925240885956290e+00 2.655264419134728993e+00 2.031050072724484234e+00 2.501157091423838352e+00 1.213965788885680075e+00
1.068184547459937184e+00 2.650826013605644516e+00 2.046546294936682830e+00 2.481085224727954675e+00 1.190998968843823391e+00
1.110546489904745471e+00 2.636520770397392077e+00 2.074125804471454337e+00 2.466400648983194888e+00 1.195091309665605506e+00
1.157658222180441010e+00 2.619767020191349438e+00 2.081646867147572078e+00 2.443736370795518198e+00 1.185668961294776169e+00
1.202023405854403038e+00 2.610066093074292048e+00 2.097913093249964334e+00 2.415990947592955518e+00 1.177105629851808777e+00
1.246302994112876261e+00 2.600286902188620797e+00 2.114060082834886778e+00 2.388203485748720212e+00 1.168576934086499097e+00
1.278207737340395278e+00 2.579192829511680607e+00 2.112968609152947153e+00 2.354338342371634862e+00 1.165055646032314263e+00
1.288448234637959988e+00 2.545151323984894631e+00 2.120272993842767129e+00 2.358403451739354839e+00 1.177645005051120242e+00
1.270674543259127764e+00 2.527559964421384198e+00 2.117332117398253999e+00 2.357005847394593179e+00 1.203014609116184630e+00
1.257888312572067901e+00 2.508063284396833126e+00 2.082086890470111751e+00 2.345691899402506664e+00 1.212891393266121609e+00
1.233963993464430642e+00 2.505964286485901305e+00 2.044783540424085722e+00 2.335877831726997478e+00 1.227307727850479369e+00
1.206614894659336690e+00 2.512440521035860463e+00 2.009722125604250120e+00 2.327616671607572574e+00 1.242429449623700277e+00
