8.699999999999999956e-01 2.740000000000000213e+00 1.850000000000000089e+00 2.629999999999999893e+00 1.350000000000000089e+00
9.101172026557482475e-01 2.721960278068255690e+00 1.874587811178373364e+00 2.600919295331189485e+00 1.344039176980705852e+00
9.445450476566127351e-01 2.736694050848674564e+00 1.899131132344258344e+00 2.567414891297462809e+00 1.350859769431810076e+00
9.531155499983594570e-01 2.746498632275842677e+00 1.904496109661256265e+00 2.563482446487431954e+00 1.354371860558116536e+00
9.703412161669139335e-01 2.747420371059920097e+00 1.921610662940454128e+00 2.551834692187638254e+00 1.330730364821579359e+00
1.022810441507676193e+00 2.702605531453415200e+00 1.983573247878639423e+00 2.510348311853241032e+00 1.254863689765092216e+00
1.030972203456232972e+00 2.695419355560162877e+00 1.993244339733833748e+00 2.503895134436128878e+00 1.243206802575828496e+00
1.046986618589174745e+00 2.648775493922964408e+00 2.026582365214522508e+00 2.484445990822679917e+00 1.225417470822762978e+00
1.102275078173656553e+00 2.634089701512725146e+00 2.076812780021711546e+00 2.477830253685366912e+00 1.191587475404597418e+00
1.137500507187579002e+00 2.623156406077676195e+00 2.090927374209980094e+00 2.460851586014619397e+00 1.183068808553291218e+00
1.168240453276206292e+00 2.609570681505250178e+00 2.101191452839688001e+00 2.446285020784264574e+00 1.175057676439978938e+00
1.284558915377309596e+00 2.546018046318272443e+00 2.129315184621026980e+00 2.395747311912813426e+00 1.144178520695825929e+00
1.291621781726279616e+00 2.538213073945848386e+00 2.105195238358494425e+00 2.371162219897824830e+00 1.154336352606699423e+00
1.280284551024689410e+00 2.525403318201877578e+00 2.078462215267546043e+00 2.356073216567267536e+00 1.153972720484409020e+00
1.259673290417792302e+00 2.519095348520508981e+00 2.046222150123850003e+00 2.345246679608623985e+00 1.182892959646298925e+00
1.248064981242506200e+00 2.517639381112416253e+00 2.038236541748920772e+00 2.341389522212259156e+00 1.195918569881769811e+00
1.206614894659336690e+00 2.512440521035860463e+00 2.009722125604250120e+00 2.327616671607572574e+00 1.242429449623700277e+00
