8.699999999999999956e-01 2.740000000000000213e+00 1.850000000000000089e+00 2.629999999999999893e+00 1.350000000000000089e+00
8.981814698269335873e-01 2.715617527805080922e+00 1.849360614152120830e+00 2.605292025461078964e+00 1.335281094646829869e+00
9.364030951435012851e-01 2.689182290388128393e+00 1.858748133549896764e+00 2.587943800581927078e+00 1.325019999223225664e+00
9.655299411037806534e-01 2.677689457710934473e+00 1.905244219896560898e+00 2.580562258642113527e+00 1.318391480097085955e+00
9.965679563615954528e-01 2.678286458313440477e+00 1.953639188166014229e+00 2.578064249437022504e+00 1.308080690809617863e+00
1.022325123011959436e+00 2.682499916105832050e+00 1.994931266248903601e+00 2.569195390664896106e+00 1.290183861588106939e+00
1.039803640062297196e+00 2.683989986856353482e+00 2.021280940413435978e+00 2.547790825135957782e+00 1.266555075821815590e+00
1.055192488887809699e+00 2.678674388632367620e+00 2.033986163148347348e+00 2.525384014189624438e+00 1.239935244968156436e+00
1.080090199469390111e+00 2.672032165335672005e+00 2.054027219644592339e+00 2.514682206703704015e+00 1.213543726459846539e+00
1.124777471592394384e+00 2.672226572677731671e+00 2.076775741213775284e+00 2.488185823638104921e+00 1.201539433324535278e+00
1.172970110161332347e+00 2.675059082446868963e+00 2.097263141618369353e+00 2.455389491944066638e+00 1.196973674869117543e+00
1.221597097350867189e+00 2.673177455772302036e+00 2.116080553969581057e+00 2.421246652950463041e+00 1.195800733476367395e+00
1.261849263126863185e+00 2.654399605988000399e+00 2.135197810557889042e+00 2.395286256077987730e+00 1.202409960394590804e+00
1.274702883087896810e+00 2.630713779701660648e+00 2.142517569054407378e+00 2.364869731194858993e+00 1.216376508844553728e+00
1.277245821985583341e+00 2.614458259710764843e+00 2.146700832984452134e+00 2.336284659217959359e+00 1.238815046068482584e+00
1.292855151953715698e+00 2.603023092876205702e+00 2.159706805166021759e+00 2.333397484248005416e+00 1.216516560070972197e+00
1.293460847189128682e+00 2.586215159254659390e+00 2.153513801674497685e+00 2.339898447100265511e+00 1.188436160990247181e+00
1.278654624489361513e+00 2.560444131422800140e+00 2.126721257588415348e+00 2.341767496225515721e+00 1.177265692794554175e+00
1.265776424099328112e+00 2.572621327623179965e+00 2.115147937368205167e+00 2.331232882717316546e+00 1.205155907054705322e+00
1.248802350221293045e+00 2.558124656479562553e+00 2.092652904555951210e+00 2.329442207894460104e+00 1.230479496483044777e+00
1.227593311812055221e+00 2.535431609282442711e+00 2.051727451609307362e+00 2.328449977281137784e+00 1.237933725886202652e+00
1.206614894659336690e+00 2.512440521035860463e+00 2.009722125604250120e+00 2.327616671607572574e+00 1.242429449623700277e+00
