8.699999999999999956e-01 2.740000000000000213e+00 1.850000000000000089e+00 2.629999999999999893e+00 1.350000000000000089e+00
9.112453064850792872e-01 2.730339344735763341e+00 1.876708810247027737e+00 2.610496277313433477e+00 1.352752886100014873e+00
9.447685786956820930e-01 2.708010270104366235e+00 1.892512902159010357e+00 2.590159147547303142e+00 1.350475180911424156e+00
9.649866611508274294e-01 2.678035454104673363e+00 1.900939343564591155e+00 2.574461268869423503e+00 1.351646781120475760e+00
9.714989508530225137e-01 2.684160783807411743e+00 1.923627932415986397e+00 2.560752158860775118e+00 1.328071843235218763e+00
9.852846236910088873e-01 2.694205236188654595e+00 1.955512373121605307e+00 2.547058353535594843e+00 1.310009614031792946e+00
1.012010761606293885e+00 2.700274131952887124e+00 1.992449922191988909e+00 2.545665089242818535e+00 1.297256604135534230e+00
1.044223558933655482e+00 2.697609389092920029e+00 2.022597679881705801e+00 2.550433734944324904e+00 1.278830993986860509e+00
1.062879378699938648e+00 2.683770602720618292e+00 2.033621832930706308e+00 2.540817747312744679e+00 1.251977627476844823e+00
1.073470109732489242e+00 2.666698232981706163e+00 2.036392228459540821e+00 2.526833988659712205e+00 1.225400580359223834e+00
1.086808502839239798e+00 2.642016956743943989e+00 2.036844817147470454e+00 2.507553189143915340e+00 1.208084709318003602e+00
1.111441992717284055e+00 2.624450573076329896e+00 2.044240894866434122e+00 2.474783351497223283e+00 1.200369881200694655e+00
1.147456552669508856e+00 2.609621145395359498e+00 2.061472225879652065e+00 2.451547413536081965e+00 1.189289378430347988e+00
1.185290800766582109e+00 2.595283282854338847e+00 2.080483786488687592e+00 2.431224394373423081e+00 1.177276623368432196e+00
1.226502945709813108e+00 2.580591077027888147e+00 2.097303508538934658e+00 2.409182505293376408e+00 1.169036277756217990e+00
1.272041231565465225e+00 2.578186650758182541e+00 2.115450569943815751e+00 2.387781704034838803e+00 1.178788064929336299e+00
1.294867744448910507e+00 2.603642501887720506e+00 2.131890286028790715e+00 2.374462208934148943e+00 1.186580217913615565e+00
1.276695634278136593e+00 2.599494209257102284e+00 2.095603959857797349e+00 2.361863057684496781e+00 1.175782072591927907e+00
1.257629459344688616e+00 2.585470476036142884e+00 2.069521660576033373e+00 2.349940882048161317e+00 1.195541328091084488e+00
1.239773035620784336e+00 2.562564456943122071e+00 2.049123441070531015e+00 2.339958789346815671e+00 1.211941198825212229e+00
1.223193965140060513e+00 2.537502488989491045e+00 2.029422783337390346e+00 2.333787730477193900e+00 1.227185324224456142e+00
1.206614894659336690e+00 2.512440521035860463e+00 2.009722125604250120e+00 2.327616671607572574e+00 1.242429449623700277e+00
