8.699999999999999956e-01 2.740000000000000213e+00 1.850000000000000089e+00 2.629999999999999893e+00 1.350000000000000089e+00
9.420217623870297263e-01 2.731660773866196656e+00 1.870894729159942926e+00 2.598954304842600482e+00 1.349830347603045100e+00
9.898386920903923247e-01 2.701809700819578719e+00 1.895190537920892426e+00 2.575419969218882610e+00 1.366312983385645996e+00
1.006395546456487988e+00 2.722691703515756068e+00 1.941155370364866961e+00 2.561788659575124694e+00 1.361995780537468725e+00
1.024759111284218038e+00 2.718314592731998491e+00 1.972680568899856768e+00 2.520107211850800333e+00 1.337307643097225052e+00
1.048366316772106011e+00 2.695584314802958126e+00 1.992679376797262591e+00 2.488315512656492423e+00 1.305948243786337004e+00
1.066458112269797365e+00 2.678580598412953595e+00 2.011752015042561847e+00 2.483328418720148090e+00 1.267228803999087106e+00
1.076975746880635132e+00 2.632156532821490647e+00 2.026026264572875935e+00 2.460832208686439149e+00 1.244438999879149410e+00
1.110776263938201058e+00 2.584614084048443505e+00 2.026501457555107244e+00 2.419968622409945702e+00 1.246376188994945178e+00
1.157760278278716637e+00 2.547020346658955603e+00 2.019722064966362307e+00 2.374287503024113732e+00 1.244023143257517061e+00
1.206614894659336690e+00 2.512440521035860463e+00 2.009722125604250120e+00 2.327616671607572574e+00 1.242429449623700277e+00
