8.699999999999999956e-01 2.740000000000000213e+00 1.850000000000000089e+00 2.629999999999999893e+00 1.350000000000000089e+00
9.036762823007202794e-01 2.730266451616337520e+00 1.868662366286361287e+00 2.607915831475311030e+00 1.346679872083628826e+00
9.317047081699355582e-01 2.716291141781551399e+00 1.880724369017529707e+00 2.585802161949382949e+00 1.360254341123417587e+00
9.561485672961174132e-01 2.701628421553370352e+00 1.888346423256906048e+00 2.571614186595351903e+00 1.339008599319403636e+00
9.773932199950002842e-01 2.695997191373397328e+00 1.917793477569109006e+00 2.564515806416643784e+00 1.325279281001280118e+00
9.943623055602552885e-01 2.689431830455697892e+00 1.950878522048506536e+00 2.559909482439476580e+00 1.318402349706090160e+00
1.013807361836605470e+00 2.680829896487950226e+00 1.978383827310369769e+00 2.551000728373805426e+00 1.302766759597862922e+00
1.034795345039126069e+00 2.672195740455611812e+00 1.999972118897860751e+00 2.538007825181322286e+00 1.282468665417599629e+00
1.052848744475393783e+00 2.666553284770927235e+00 2.012025651191381659e+00 2.521567899531583556e+00 1.255402293519371826e+00
1.070044323760261706e+00 2.662654279278627634e+00 2.018868574113364733e+00 2.501840318449698675e+00 1.227733285850014289e+00
1.099595304208121016e+00 2.654153654634884951e+00 2.029224853612336066e+00 2.480122092569095660e+00 1.208813449793762818e+00
1.136907074528327177e+00 2.641448519167765241e+00 2.042781416750900636e+00 2.460429001083304534e+00 1.201821147537833312e+00
1.171774213308664603e+00 2.630889852484132874e+00 2.060111388531397747e+00 2.439207387451849396e+00 1.196422863798776381e+00
1.207125960658346431e+00 2.620099788882735758e+00 2.076793671257925578e+00 2.418105003314141133e+00 1.190633350844986893e+00
1.245633434985120136e+00 2.607780508032794486e+00 2.088316757828082793e+00 2.398223899132236436e+00 1.182491982843324241e+00
1.283497594972332845e+00 2.593886234009829206e+00 2.068828459881438597e+00 2.392579622717561971e+00 1.179200824221955157e+00
1.286812728101126346e+00 2.575290374849553920e+00 2.085948645615615771e+00 2.368895263419774633e+00 1.182437658853159546e+00
1.282553353692183595e+00 2.558834423041895789e+00 2.105582111971761261e+00 2.343827576886392539e+00 1.184229172039504840e+00
1.267843596565384479e+00 2.553901566426226566e+00 2.093642382621740516e+00 2.340354523617004912e+00 1.214418140346742225e+00
1.249841491184249254e+00 2.537233610287751517e+00 2.067916042327875736e+00 2.337106062167856990e+00 1.226324852701441204e+00
1.229277848651295191e+00 2.522760562180004218e+00 2.039269484762717077e+00 2.333699776178204566e+00 1.233362793430249571e+00
1.206614894659336690e+00 2.512440521035860463e+00 2.009722125604250120e+00 2.327616671607572574e+00 1.242429449623700277e+00
