8.699999999999999956e-01 2.740000000000000213e+00 1.850000000000000089e+00 2.629999999999999893e+00 1.350000000000000089e+00
9.132413184605699952e-01 2.722371626292574120e+00 1.883277608456909613e+00 2.617806051320654248e+00 1.358664572249933311e+00
9.568504235077204267e-01 2.714247425974987582e+00 1.917632952846183736e+00 2.593348066076298419e+00 1.355936253868273100e+00
9.901966737184919598e-01 2.695963237978438176e+00 1.945531462477883444e+00 2.577956579785576796e+00 1.337315307331482739e+00
1.019864011008431826e+00 2.693962278211075034e+00 1.976501322670760619e+00 2.576372712726473058e+00 1.310982120027309961e+00
1.051136120093884685e+00 2.697515159642033034e+00 2.011134871805670965e+00 2.569229550586024313e+00 1.290798297256425364e+00
1.045454190631849301e+00 2.685542236193914079e+00 2.010475553086934930e+00 2.530270132281041473e+00 1.309719394976984308e+00
1.056466048149036885e+00 2.669594645664658650e+00 2.022205284511224388e+00 2.534179100350415936e+00 1.276317025547286210e+00
1.066026538090602216e+00 2.655203768437455647e+00 2.034508939474036104e+00 2.526037940051824471e+00 1.242676089163187392e+00
1.075634204497956103e+00 2.674825173345482199e+00 2.058743290162630135e+00 2.506416367141248269e+00 1.219540910759078889e+00
1.131590136930528789e+00 2.672468002123854269e+00 2.062547467113441613e+00 2.478107479172049210e+00 1.236577108484984588e+00
1.175450685014552299e+00 2.660941679743971111e+00 2.079427829063680289e+00 2.439056783866200284e+00 1.236396122462408709e+00
1.219521511668506086e+00 2.649723741897453522e+00 2.096365825093415847e+00 2.399992285722726493e+00 1.236212482404333013e+00
1.268093891271139695e+00 2.647356217601139594e+00 2.113702479382666866e+00 2.361183026652649453e+00 1.234766839172167341e+00
1.290485866363767942e+00 2.675926632835155417e+00 2.108187755138826169e+00 2.349356994357099992e+00 1.212821458127167018e+00
1.292457628363185007e+00 2.662899128393442005e+00 2.100964754463078510e+00 2.346055540615599178e+00 1.181157929792140848e+00
1.295675165765235892e+00 2.624356700222648442e+00 2.112522103718431410e+00 2.352426912755422261e+00 1.171883556839841134e+00
1.296094035198946059e+00 2.584274983357987665e+00 2.111236088264754951e+00 2.358634325246199648e+00 1.169210488064607256e+00
1.290528012238232325e+00 2.552324732900788984e+00 2.090432149980170795e+00 2.368182740169838318e+00 1.185699541685791392e+00
1.278915550439329030e+00 2.535000370201833331e+00 2.064266707069337681e+00 2.373320763069733719e+00 1.212504150814598169e+00
1.246951863472260946e+00 2.519865575619353315e+00 2.048405099847400379e+00 2.341601084526039767e+00 1.231711518285729001e+00
1.206614894659336690e+00 2.512440521035860463e+00 2.009722125604250120e+00 2.327616671607572574e+00 1.242429449623700277e+00
