8.699999999999999956e-01 2.740000000000000213e+00 1.850000000000000089e+00 2.629999999999999893e+00 1.350000000000000089e+00
9.032209707783535046e-01 2.723954214051727440e+00 1.860952450537996405e+00 2.600719641266341142e+00 1.345749127176182558e+00
9.290491953409373282e-01 2.725943236905794098e+00 1.885069342038611762e+00 2.567787223935803276e+00 1.342432852686111788e+00
9.596452594369682121e-01 2.713782561108413205e+00 1.906297743827349622e+00 2.550731926393406290e+00 1.328770177068399727e+00
9.787386625494064463e-01 2.711531412965592747e+00 1.930188738116515257e+00 2.539124873179164688e+00 1.309324596382152261e+00
9.966557648408320702e-01 2.702638386442491658e+00 1.956586601089334909e+00 2.525349800518601917e+00 1.292447629349878335e+00
1.013551392776947724e+00 2.691681033451241767e+00 1.982599849941235171e+00 2.512191329564839037e+00 1.275765556632422859e+00
1.029341172482872047e+00 2.682489744774354534e+00 2.002692194115982982e+00 2.501198305467461136e+00 1.255602530437392339e+00
1.043805509232663686e+00 2.677588626527563687e+00 2.014034815996346595e+00 2.493566860526714279e+00 1.232074380055572238e+00
1.059413154929690570e+00 2.674189396518560802e+00 2.024995903051518109e+00 2.485055746898825024e+00 1.208535515507256131e+00
1.083518029668398164e+00 2.661145961747968691e+00 2.052357325320632420e+00 2.467877775436034149e+00 1.197052331015316939e+00
1.129306335443097442e+00 2.657577306159077057e+00 2.073836722081398243e+00 2.444819818157283997e+00 1.198266467104869948e+00
1.177145210931713315e+00 2.661842989125521974e+00 2.083794158323637902e+00 2.416786747383105727e+00 1.196944382347381763e+00
1.222084436876669455e+00 2.667856147050722715e+00 2.094840426716696236e+00 2.387573930080407969e+00 1.194484565943909615e+00
1.262302343372657232e+00 2.674151257544782556e+00 2.118203552276663792e+00 2.362529370664075756e+00 1.196766666530989065e+00
1.289001311026290342e+00 2.654652669901786499e+00 2.141909656787081229e+00 2.349636458972626851e+00 1.203038044096370829e+00
1.298637068362609615e+00 2.623250975775608396e+00 2.127233959420181453e+00 2.350919082515483982e+00 1.201374516129288139e+00
1.297736399006168551e+00 2.594975787129007561e+00 2.102854934263342024e+00 2.355830489170608111e+00 1.202328183854757704e+00
1.281436645039877975e+00 2.568326700855885214e+00 2.078626163764625723e+00 2.359212812587852870e+00 1.206633262465366618e+00
1.259411813708916084e+00 2.544659553236327199e+00 2.054983633430368162e+00 2.352915389338109620e+00 1.215107080563864184e+00
1.233562248847551057e+00 2.526930765467649387e+00 2.031913606427707908e+00 2.341342377732201108e+00 1.227925454118902415e+00
1.206614894659336690e+00 2.512440521035860463e+00 2.009722125604250120e+00 2.327616671607572574e+00 1.242429449623700277e+00
