8.699999999999999956e-01 2.740000000000000213e+00 1.850000000000000089e+00 2.629999999999999893e+00 1.350000000000000089e+00
8.962492230448024788e-01 2.723582706063944592e+00 1.876911473297222299e+00 2.620777580230470249e+00 1.356640806832686064e+00
9.238648385362511206e-01 2.704378586925417327e+00 1.896037041246271038e+00 2.606949096540661426e+00 1.368771636802379899e+00
9.615753252839072118e-01 2.709700692440679681e+00 1.913865778303557752e+00 2.588365619343981905e+00 1.358134420361443162e+00
9.734153755906070904e-01 2.730696148201133600e+00 1.929428568016659185e+00 2.578471560508507565e+00 1.336996517611100055e+00
9.870363685369438755e-01 2.741712263041403919e+00 1.948641985682168842e+00 2.567160822840905521e+00 1.312299689915600531e+00
1.006914872478639644e+00 2.730682183050479939e+00 1.973172814635744565e+00 2.551151152152983936e+00 1.296468233860597064e+00
1.026161485768377624e+00 2.715208583504703732e+00 2.003396092332108136e+00 2.539920855729886018e+00 1.295291576244346432e+00
1.045923592681472059e+00 2.712725196618393841e+00 2.035465100897307256e+00 2.530866733718908357e+00 1.283480934812966323e+00
1.061191249694083183e+00 2.700672146580653799e+00 2.043156336601396728e+00 2.516220362654933762e+00 1.256421957321380400e+00
1.071017360887410064e+00 2.676762637073622386e+00 2.031621680437376121e+00 2.503792956595628283e+00 1.236795597993890716e+00
1.103612846936834924e+00 2.655792416316997251e+00 2.022888760223462867e+00 2.482280103469829857e+00 1.230103288905445957e+00
1.143323969961501430e+00 2.639357153297529290e+00 2.028056322023237268e+00 2.459191164079959080e+00 1.224676271936369742e+00
1.174568507164511333e+00 2.619620153463526169e+00 2.039396079355425329e+00 2.439858771782452251e+00 1.212815677555636906e+00
1.202865643526483730e+00 2.598861961833973222e+00 2.051304192834286333e+00 2.421032886240168658e+00 1.200015516247741054e+00
1.230941308687259372e+00 2.579573394341571735e+00 2.063543060637294424e+00 2.399428960193340732e+00 1.187704023922523167e+00
1.258124202630149790e+00 2.565697445449253156e+00 2.076603166293600644e+00 2.369297866662922303e+00 1.180029807452471324e+00
1.276121406462754182e+00 2.558395122322925097e+00 2.092795723523912521e+00 2.332627529645815212e+00 1.178222080721360143e+00
1.270206078160839525e+00 2.539217266256253769e+00 2.069198190758562372e+00 2.329936679325228965e+00 1.174873824933836852e+00
1.260536616866103188e+00 2.523148764211346595e+00 2.054313064038347569e+00 2.332355693123751461e+00 1.201333281169561173e+00
1.239327394982914665e+00 2.513732078347968191e+00 2.035043597113422642e+00 2.331864899224480592e+00 1.226164920638876055e+00
1.206614894659336690e+00 2.512440521035860463e+00 2.009722125604250120e+00 2.327616671607572574e+00 1.242429449623700277e+00
