8.699999999999999956e-01 2.740000000000000213e+00 1.850000000000000089e+00 2.629999999999999893e+00 1.350000000000000089e+00
9.066762364751600467e-01 2.720532653644729404e+00 1.862711068513926760e+00 2.592428883568295372e+00 1.305176277889817049e+00
9.779235019590672984e-01 2.702697904781686145e+00 1.912679203159879826e+00 2.560115744376822988e+00 1.296527844062178358e+00
1.005269240872165737e+00 2.679669116551981478e+00 1.947372295409255383e+00 2.539070336813250783e+00 1.271793032173624383e+00
1.020770230185985339e+00 2.663376363093902910e+00 1.976257776199284777e+00 2.525867595538556998e+00 1.257380203622959547e+00
1.052377715306149764e+00 2.617033028994337318e+00 2.043496173827004991e+00 2.491290648136856856e+00 1.222753174372702256e+00
1.058898896542243673e+00 2.611059443560439064e+00 2.051655791023181408e+00 2.484080696998174353e+00 1.217126853825789556e+00
1.104628469258483126e+00 2.593594550499228824e+00 2.072361269763830727e+00 2.451461294891433162e+00 1.194082833232249508e+00
1.120103771917623003e+00 2.589505654473349239e+00 2.074663184981860642e+00 2.443818363856586462e+00 1.188770002884464327e+00
1.144524642796091340e+00 2.580902880741040573e+00 2.077532027903182588e+00 2.434690687303416645e+00 1.181917511841077850e+00
1.163624206238606851e+00 2.573614814027038733e+00 2.080148226031226510e+00 2.427744175342427813e+00 1.176708190627068662e+00
1.281662105855563061e+00 2.541282200700868188e+00 2.106084148367130648e+00 2.373393904350288519e+00 1.152240114591313924e+00
1.291018728099204704e+00 2.569735308381571048e+00 2.124379154611198306e+00 2.353326971645788745e+00 1.168161798334939050e+00
1.282989774973992469e+00 2.596485694077147688e+00 2.119091725004324189e+00 2.353813066059619707e+00 1.191337550416835311e+00
1.274965275336512160e+00 2.591663020265767337e+00 2.107773642812360126e+00 2.352152928409164012e+00 1.198439385449485917e+00
1.256333837765055028e+00 2.575226945642486331e+00 2.081214804393430207e+00 2.346846321479042263e+00 1.212545418473567116e+00
1.250255540290218681e+00 2.567551107374384411e+00 2.072474599115341931e+00 2.344495436183528181e+00 1.216198835455733374e+00
1.206614894659336690e+00 2.512440521035860463e+00 2.009722125604250120e+00 2.327616671607572574e+00 1.242429449623700277e+00
