8.699999999999999956e-01 2.740000000000000213e+00 1.850000000000000089e+00 2.629999999999999893e+00 1.350000000000000089e+00
9.386354393157629872e-01 2.735300874917973690e+00 1.883166170031665310e+00 2.589885185313729465e+00 1.338770726300563485e+00
9.871101714034098418e-01 2.757247939629830835e+00 1.942982312292486524e+00 2.575364221624205197e+00 1.337906969539225388e+00
1.023181488706159659e+00 2.718337390571144319e+00 1.992226877804860408e+00 2.557558248955575042e+00 1.323877714361707536e+00
1.058012679591254557e+00 2.690711534463357424e+00 2.036389756019873598e+00 2.540497418659849238e+00 1.294752642616098681e+00
1.071103755152764014e+00 2.656978737032669180e+00 2.052937608888703913e+00 2.503746221823174078e+00 1.261836183706115389e+00
1.105143588271570998e+00 2.628019529500852158e+00 2.077244729085688579e+00 2.462479051585959589e+00 1.235392760951004254e+00
1.169941067988562677e+00 2.624559968918528607e+00 2.099878479534707854e+00 2.431212448418465844e+00 1.207272272106406863e+00
1.234987036570630581e+00 2.625679667817027774e+00 2.120771261288365128e+00 2.401501246628943154e+00 1.177259725062014040e+00
1.295320704057075556e+00 2.620883488410519213e+00 2.133255709864467775e+00 2.359645624382750384e+00 1.159197172380507013e+00
1.275789451576037958e+00 2.591072677486867537e+00 2.094461704810683056e+00 2.347932434847237015e+00 1.194426777190040978e+00
1.244668072593983155e+00 2.552224854309062874e+00 2.051425379214941280e+00 2.339730058410929292e+00 1.219945647909370878e+00
1.206614894659336690e+00 2.512440521035860463e+00 2.009722125604250120e+00 2.327616671607572574e+00 1.242429449623700277e+00
