8.699999999999999956e-01 2.740000000000000213e+00 1.850000000000000089e+00 2.629999999999999893e+00 1.350000000000000089e+00
8.989162451602810133e-01 2.720445287668146861e+00 1.857986257852324519e+00 2.603210676112602151e+00 1.364266379692422149e+00
9.409374182346338378e-01 2.727449544966177530e+00 1.882418175296253438e+00 2.588945246389534383e+00 1.360050359718397939e+00
9.623322144314780946e-01 2.749454392209289111e+00 1.912787197431303543e+00 2.587180260777604879e+00 1.358126683885228836e+00
9.902318596110971649e-01 2.744501517916972944e+00 1.947566712481034301e+00 2.587180864061846997e+00 1.353519809302841326e+00
1.016557240555049590e+00 2.716838768835564633e+00 1.969153728351015209e+00 2.583698094457874461e+00 1.345166828956282146e+00
1.038823434219849462e+00 2.687155209267250378e+00 1.989995881621591245e+00 2.579345166261438393e+00 1.336895459416509224e+00
1.057135554104505548e+00 2.667224323289440591e+00 2.015938687285516728e+00 2.568040640041390876e+00 1.321315130795381654e+00
1.069287022402915399e+00 2.663028761290768376e+00 2.038073963750234974e+00 2.549272350962072053e+00 1.296476522182895996e+00
1.076931769624048352e+00 2.669678413837647923e+00 2.053848419132750180e+00 2.526548399752035934e+00 1.269532241115673532e+00
1.073831403973520171e+00 2.690269392890764610e+00 2.068522077748989219e+00 2.496146520260075441e+00 1.259257973720055768e+00
1.085489003900194538e+00 2.671864260080702103e+00 2.066724595321588254e+00 2.484729161853802992e+00 1.228855698943114305e+00
1.111559352954128554e+00 2.654046394127822950e+00 2.071869581927995974e+00 2.466730039443770117e+00 1.204257047775268097e+00
1.148388819132971861e+00 2.631502199725780144e+00 2.078502561083514166e+00 2.444105924541215558e+00 1.195693540496827856e+00
1.186790905270413310e+00 2.609878852090057322e+00 2.088806677976988269e+00 2.421098441671962309e+00 1.195580991068384558e+00
1.224373298875722327e+00 2.588262780961557485e+00 2.100402158796007779e+00 2.398164595276758071e+00 1.197034283380265851e+00
1.256263691811792427e+00 2.562209977997294885e+00 2.107744516414290281e+00 2.375148387350652257e+00 1.192059307347599795e+00
1.280903299279523511e+00 2.539173258380298392e+00 2.099723283911845151e+00 2.349140457053003672e+00 1.179375080353489036e+00
1.282934966029261048e+00 2.539621373078050581e+00 2.095440807485927426e+00 2.349669730146866531e+00 1.211117604928169333e+00
1.262738798691614095e+00 2.524189148570497476e+00 2.067207924546810460e+00 2.328668812466089921e+00 1.210031238596870118e+00
1.235056322803061324e+00 2.528000911545577711e+00 2.037352900317876525e+00 2.327919507293429113e+00 1.227560964708770630e+00
1.206614894659336690e+00 2.512440521035860463e+00 2.009722125604250120e+00 2.327616671607572574e+00 1.242429449623700277e+00
