8.699999999999999956e-01 2.740000000000000213e+00 1.850000000000000089e+00 2.629999999999999893e+00 1.350000000000000089e+00
9.092899598662189664e-01 2.726492650289829900e+00 1.869947353070942953e+00 2.587476217162944181e+00 1.348012765684736047e+00
9.482455208492637233e-01 2.710067978106864395e+00 1.878827556460734849e+00 2.561601016107066364e+00 1.315742583579191161e+00
9.598812578693287634e-01 2.724170659825495555e+00 1.891163735555021708e+00 2.547276190465062484e+00 1.293609210949889787e+00
9.571095028858223053e-01 2.720466347225484416e+00 1.911928207698491589e+00 2.539957685494864670e+00 1.248420816103936293e+00
9.753181412206221035e-01 2.702606090730939936e+00 1.930104842997704351e+00 2.529719477244241510e+00 1.232690815927369066e+00
1.044554144962240638e+00 2.646898530518701609e+00 1.985553061969281607e+00 2.490190425053059542e+00 1.198495888057827363e+00
1.063280005755450563e+00 2.633560682440667655e+00 1.998588739618404553e+00 2.477989465721006646e+00 1.189184959364670835e+00
1.076987320826042982e+00 2.632385160236219157e+00 2.005528114713951204e+00 2.468768354122261144e+00 1.186935498909351905e+00
1.100642100372664522e+00 2.630646254162085196e+00 2.020073752203901396e+00 2.454660481477284328e+00 1.183693429889753679e+00
1.226517589720105272e+00 2.622255712231967628e+00 2.107484665167405957e+00 2.386587315006968080e+00 1.168863756099264295e+00
1.256559332178903254e+00 2.619550896146105146e+00 2.129107240552996494e+00 2.371035804734585195e+00 1.165152882608352591e+00
1.286599623237596246e+00 2.625997421081489591e+00 2.149741894336890891e+00 2.356112009664145912e+00 1.159865614337093120e+00
1.285831145776347828e+00 2.658289910846996396e+00 2.151044751388902387e+00 2.357350251680764064e+00 1.156496983727576922e+00
1.287904644888019812e+00 2.725048942939397367e+00 2.166228028867009492e+00 2.354929239947825881e+00 1.143309126607727766e+00
1.288464493658946664e+00 2.707696992853943829e+00 2.162441673329509761e+00 2.354745604800663195e+00 1.137459230995152337e+00
1.291058505689587799e+00 2.588730983084947201e+00 2.133594678511273823e+00 2.352244932192242732e+00 1.115909811225257009e+00
1.269038056552439730e+00 2.574115760645228068e+00 2.105483924677954199e+00 2.329135026227715066e+00 1.161480436892815327e+00
1.256850262718192335e+00 2.562083093522573574e+00 2.086870359723116852e+00 2.328739803067504610e+00 1.177059901579176948e+00
1.206614894659336690e+00 2.512440521035860463e+00 2.009722125604250120e+00 2.327616671607572574e+00 1.242429449623700277e+00
