8.699999999999999956e-01 2.740000000000000213e+00 1.850000000000000089e+00 2.629999999999999893e+00 1.350000000000000089e+00
8.957614125538804206e-01 2.716430249703455146e+00 1.846884809173517050e+00 2.608559356104901195e+00 1.340899484919972018e+00
9.310761618518074156e-01 2.698939540620150623e+00 1.867581115888834908e+00 2.591603759649627303e+00 1.332716437057048120e+00
9.601302906309714391e-01 2.683734222430242511e+00 1.898576221433226019e+00 2.575143264874015347e+00 1.326296025406460188e+00
9.868765734222764152e-01 2.673356222620482558e+00 1.933336493122554733e+00 2.563495552501015240e+00 1.315797049691090459e+00
1.013551922658578963e+00 2.668566429394248818e+00 1.969405452488690589e+00 2.557572480550475813e+00 1.302879818600772177e+00
1.036824360739027506e+00 2.667889482648158506e+00 2.005721916443158559e+00 2.550611459578693285e+00 1.288718870640233938e+00
1.051845486869700030e+00 2.668571156366824848e+00 2.034101170868501729e+00 2.535989688951480581e+00 1.270292412383869918e+00
1.060490844617837158e+00 2.667199500482760222e+00 2.042497549826607361e+00 2.513618485051934304e+00 1.248601505740739137e+00
1.081260985616344206e+00 2.656744693825925818e+00 2.046732576062637587e+00 2.487594500453061741e+00 1.231052796563884222e+00
1.115232836830439833e+00 2.644085195591820092e+00 2.060919032180561938e+00 2.460580292768391519e+00 1.221692415043513558e+00
1.155201224066129795e+00 2.637979857774658932e+00 2.079491298690530066e+00 2.431673779238745947e+00 1.218024478896009288e+00
1.196913876102800423e+00 2.635934103799316031e+00 2.099134519132111798e+00 2.404215151555810781e+00 1.213026814736618775e+00
1.235419314794329093e+00 2.642002837556258754e+00 2.121528725309926422e+00 2.382194506510922682e+00 1.203029860770963078e+00
1.252510589040110034e+00 2.658360246327363008e+00 2.155623745732778929e+00 2.362758285547053472e+00 1.199060191778509088e+00
1.257243507015279871e+00 2.642989346562988118e+00 2.165811609057019638e+00 2.349858308118265793e+00 1.219564262845186375e+00
1.269617370274798152e+00 2.625679553287886936e+00 2.165948724372121603e+00 2.343240539484099383e+00 1.240863748691676038e+00
1.280195332180769086e+00 2.600980557440041085e+00 2.137709743811610164e+00 2.345298944064738933e+00 1.232721879496455397e+00
1.275080445043370148e+00 2.573118835365849844e+00 2.111672441606762263e+00 2.337215074608051335e+00 1.234604272516069745e+00
1.259275662867805679e+00 2.550716873826815334e+00 2.077378076765370452e+00 2.332138452104732806e+00 1.236411538615388217e+00
1.235350714980830045e+00 2.532663261612261962e+00 2.040084901151829389e+00 2.332924626479730090e+00 1.237109564501187142e+00
1.206614894659336690e+00 2.512440521035860463e+00 2.009722125604250120e+00 2.327616671607572574e+00 1.242429449623700277e+00
