8.699999999999999956e-01 2.740000000000000213e+00 1.850000000000000089e+00 2.629999999999999893e+00 1.350000000000000089e+00
9.092623871752432141e-01 2.723414525057728852e+00 1.865032492266760045e+00 2.609231415042405189e+00 1.356494271408893670e+00
9.342022966554126562e-01 2.702897394014775578e+00 1.882663683490814810e+00 2.584758477629484297e+00 1.356129422732671674e+00
9.621408960801656196e-01 2.698410308144758130e+00 1.916892376628367201e+00 2.587154052957270522e+00 1.356637622070488547e+00
9.780523211686055207e-01 2.684293324190004437e+00 1.950825981046666158e+00 2.582480057277231733e+00 1.352926655803648348e+00
9.906628790384368610e-01 2.665978522102622428e+00 1.980576780829780059e+00 2.570665716072998208e+00 1.346565391440949444e+00
1.007358336607392602e+00 2.650086721233420484e+00 2.005565843256446712e+00 2.552651783018718312e+00 1.333735002637124856e+00
1.029476039620930150e+00 2.645106799942754439e+00 2.019115782121875924e+00 2.529184904264967226e+00 1.311806761387476428e+00
1.051399519038243024e+00 2.650326061244778320e+00 2.022658423805710370e+00 2.507350819792636187e+00 1.286295733044048983e+00
1.074301052687858915e+00 2.651738492300676153e+00 2.023997616691079582e+00 2.491614369179569799e+00 1.258100273294279869e+00
1.107644375081408006e+00 2.645426589161666620e+00 2.019349909924627262e+00 2.476930188749808970e+00 1.233562949165978084e+00
1.149294351288390859e+00 2.636124762772503960e+00 2.017067618304491106e+00 2.454186781708432186e+00 1.217650382138064424e+00
1.190429688319346146e+00 2.628363914016904612e+00 2.024461925546871210e+00 2.424846876824094277e+00 1.208797553783787837e+00
1.229043043136473390e+00 2.619669878462180801e+00 2.037374240732110930e+00 2.394072588485511854e+00 1.206966598620098363e+00
1.261945030316211191e+00 2.604966360524187063e+00 2.049408495379793749e+00 2.367133637636930743e+00 1.216445727777790919e+00
1.287446549165275789e+00 2.590102166898958114e+00 2.073903261737986892e+00 2.345373902507713382e+00 1.216950889108696865e+00
1.288111079324556929e+00 2.599542965919122484e+00 2.087193022166606404e+00 2.344397311605721512e+00 1.189201998177514819e+00
1.287874160392981748e+00 2.585765978354024330e+00 2.076646043629436278e+00 2.342465778901341888e+00 1.165492497186337850e+00
1.284493361166284986e+00 2.566108355033946520e+00 2.055507145114800593e+00 2.339465264602284655e+00 1.185365937489681443e+00
1.268251195360141192e+00 2.546383673914391466e+00 2.042271510522752465e+00 2.340591699911887424e+00 1.208117386371728497e+00
1.240542505093453318e+00 2.522781826334209665e+00 2.027224651277018008e+00 2.337430784801121764e+00 1.222124854855080711e+00
1.206614894659336690e+00 2.512440521035860463e+00 2.009722125604250120e+00 2.327616671607572574e+00 1.242429449623700277e+00
