8.699999999999999956e-01 2.740000000000000213e+00 1.850000000000000089e+00 2.629999999999999893e+00 1.350000000000000089e+00
8.975617614161405244e-01 2.724027810340524880e+00 1.855880117919938677e+00 2.608177168987603878e+00 1.329087110303224462e+00
9.420569447386286654e-01 2.705855565832354870e+00 1.865994298987534661e+00 2.586972261739832302e+00 1.326117959366768462e+00
9.679779170222164719e-01 2.699353829444625319e+00 1.872408128980202147e+00 2.585379076553884214e+00 1.354184949947125016e+00
9.804161224515122175e-01 2.674758841495107120e+00 1.893652116023117227e+00 2.567955227836407506e+00 1.346473561592004042e+00
9.918417920814677213e-01 2.667012090007880865e+00 1.924907514737277836e+00 2.562716560644585861e+00 1.323586745517206342e+00
1.012439597043748973e+00 2.674461563433651712e+00 1.960669902187702762e+00 2.564321430725443829e+00 1.304844739949595267e+00
1.044569202666594698e+00 2.681372055206479477e+00 1.992862452778914939e+00 2.559393491986712288e+00 1.291719438686466104e+00
1.054562956413925834e+00 2.673365964819483853e+00 2.008754932196894938e+00 2.524396197291271626e+00 1.273671913703454228e+00
1.064968572796858304e+00 2.661545225935857850e+00 2.024347062699242805e+00 2.493704124713245651e+00 1.254101342479676529e+00
1.083785829485655272e+00 2.649303143868045662e+00 2.030814155953069466e+00 2.479670649179615882e+00 1.226257188120660535e+00
1.108992030890150193e+00 2.648499101775630304e+00 2.045518080964011443e+00 2.477236513853656952e+00 1.197013213472772453e+00
1.142850116849611908e+00 2.651730051292844337e+00 2.073454299775474574e+00 2.461008583561021368e+00 1.179343612987861833e+00
1.182774427512606863e+00 2.650262596939438886e+00 2.089973906030861528e+00 2.427976121895127459e+00 1.173243454592206581e+00
1.222030157022009123e+00 2.649178815929683850e+00 2.096428723644756076e+00 2.390168632236116864e+00 1.170151043645117683e+00
1.260189972004435388e+00 2.643164728541189223e+00 2.104627799484425577e+00 2.352831199635421200e+00 1.171484289673760504e+00
1.288080757403463839e+00 2.618817334813080322e+00 2.104766303609832523e+00 2.329136709210646750e+00 1.176354893179188510e+00
1.293123473940693824e+00 2.590195289532313261e+00 2.107486495433095630e+00 2.326570188872722156e+00 1.167038225673421747e+00
1.266669344845575473e+00 2.569834241083564841e+00 2.084261478243687460e+00 2.323933307390533276e+00 1.183978845318396145e+00
1.246875695327988698e+00 2.550529120119311433e+00 2.057439764174638697e+00 2.324877143156464321e+00 1.202126432184991822e+00
1.226745294993662805e+00 2.531484820577585726e+00 2.033580944889444631e+00 2.326246907382018669e+00 1.222277940904346050e+00
1.206614894659336690e+00 2.512440521035860463e+00 2.009722125604250120e+00 2.327616671607572574e+00 1.242429449623700277e+00
