8.699999999999999956e-01 2.740000000000000213e+00 1.850000000000000089e+00 2.629999999999999893e+00 1.350000000000000089e+00
8.857803068161733684e-01 2.728922538947174292e+00 1.854614815512371617e+00 2.602395254757968512e+00 1.329013062842504311e+00
9.046449724726929320e-01 2.721347957345855662e+00 1.862558608521443837e+00 2.571477551927127347e+00 1.310335750352208617e+00
9.296886636495740319e-01 2.732764311864163354e+00 1.883141253081298094e+00 2.539840585652323846e+00 1.312701180531350875e+00
9.394070003142355185e-01 2.733986100328819724e+00 1.898836386741205695e+00 2.544163562748491536e+00 1.340880033009190786e+00
9.757518661458638443e-01 2.730335668109751701e+00 1.930805924734299017e+00 2.547422865183591512e+00 1.354075875673909968e+00
1.014966206086629352e+00 2.722244314628475603e+00 1.964605262533672514e+00 2.546410625731714727e+00 1.348067606150357811e+00
1.037302715270077114e+00 2.701621587075826891e+00 1.988718936111294244e+00 2.551087109048914225e+00 1.331481255207363157e+00
1.049626337254431219e+00 2.687565579784234604e+00 2.015878818078127299e+00 2.550067540746428829e+00 1.310303330010396783e+00
1.060257881956485182e+00 2.691004782198123557e+00 2.043963570200391544e+00 2.533290846945585706e+00 1.290349110107655628e+00
1.067155478371755839e+00 2.691105145571164314e+00 2.059876334329767911e+00 2.512727594457232705e+00 1.265727045822752306e+00
1.068967741590493681e+00 2.681252163409236111e+00 2.064349893203015984e+00 2.496128141701479120e+00 1.238812325923451807e+00
1.074519368937311370e+00 2.668570112090901336e+00 2.064636145735049944e+00 2.478033632328972224e+00 1.212864524923687126e+00
1.096571958659744439e+00 2.652938680682759287e+00 2.068675111230068531e+00 2.456177232223711204e+00 1.192089528100576556e+00
1.134809326127098394e+00 2.633517416294045788e+00 2.079056658393404255e+00 2.436037186498303253e+00 1.181139821945794699e+00
1.178922066154351578e+00 2.613459867309359641e+00 2.091721505401160197e+00 2.418205254159039530e+00 1.175745181420522423e+00
1.228407374320519718e+00 2.596693556642880374e+00 2.104241307218415624e+00 2.401000989073233338e+00 1.176005015097243644e+00
1.278909057285616324e+00 2.589049683757331799e+00 2.108697600292556373e+00 2.377804895090932735e+00 1.182814383052525509e+00
1.268760329061065617e+00 2.569385726371643752e+00 2.091735101532741226e+00 2.358244790587436857e+00 1.196566932344717227e+00
1.245419566603768846e+00 2.553819584717585744e+00 2.065278276270784197e+00 2.348816715833747182e+00 1.214297530196160935e+00
1.226017230631552657e+00 2.533130052876722882e+00 2.037500200937516937e+00 2.338216693720660100e+00 1.228363489909930717e+00
1.206614894659336690e+00 2.512440521035860463e+00 2.009722125604250120e+00 2.327616671607572574e+00 1.242429449623700277e+00
