8.699999999999999956e-01 2.740000000000000213e+00 1.850000000000000089e+00 2.629999999999999893e+00 1.350000000000000089e+00
8.964141582484206339e-01 2.713806663784562812e+00 1.847931343278515159e+00 2.580830716609683328e+00 1.350271997551476533e+00
9.369124442326289826e-01 2.719252378024079153e+00 1.882704739213107326e+00 2.561597142459660859e+00 1.329217817854034145e+00
9.544914353870741497e-01 2.744867249463126768e+00 1.917549041924019537e+00 2.581661003787238506e+00 1.308872788478498750e+00
9.893611722424231480e-01 2.704656369908226665e+00 1.944341030343518462e+00 2.571379745774960757e+00 1.308437080473044523e+00
1.021257677311197654e+00 2.671107947009854655e+00 1.968266243452417852e+00 2.554965296725540735e+00 1.289881258451616164e+00
1.042348381431897897e+00 2.656485027051458392e+00 1.991588044717323980e+00 2.542143221102328710e+00 1.257503182989875068e+00
1.052487444640227032e+00 2.644716189149600716e+00 2.012932830559561292e+00 2.527154364671513775e+00 1.223626726705515866e+00
1.078550547310362262e+00 2.635969875762187442e+00 2.053686134793394125e+00 2.498138080722124954e+00 1.208914905763619263e+00
1.115912830971198977e+00 2.617274172246256914e+00 2.070290756536700361e+00 2.454254346421444133e+00 1.198247776442414647e+00
1.171064006095199561e+00 2.603855234475977554e+00 2.090353234504898516e+00 2.417579868235660179e+00 1.191182431418930543e+00
1.229323860291925197e+00 2.588032898474009968e+00 2.111175297207651624e+00 2.385305260884980516e+00 1.184418353185565875e+00
1.276279907299212812e+00 2.557131302796828987e+00 2.121352763981909639e+00 2.355732260666885125e+00 1.175038689254176205e+00
1.265343456756268470e+00 2.524151843296698505e+00 2.087397595982560361e+00 2.342140295962991114e+00 1.192726254141179165e+00
1.237056303850888161e+00 2.521910238191776177e+00 2.052516886914698357e+00 2.337788459013512732e+00 1.221581466783221659e+00
1.206614894659336690e+00 2.512440521035860463e+00 2.009722125604250120e+00 2.327616671607572574e+00 1.242429449623700277e+00
