8.699999999999999956e-01 2.740000000000000213e+00 1.850000000000000089e+00 2.629999999999999893e+00 1.350000000000000089e+00
9.125271535829901914e-01 2.741822826201872232e+00 1.873489479088735310e+00 2.606646695855842299e+00 1.355165907465586850e+00
9.403389419656607018e-01 2.727287595569340528e+00 1.902184582793439160e+00 2.585925207816750504e+00 1.361562928582875198e+00
9.689474462094188612e-01 2.740079531628815346e+00 1.935947830962314153e+00 2.586208922617149852e+00 1.353627199179847196e+00
9.943606660516637330e-01 2.717822257487937598e+00 1.961908485450947870e+00 2.582521022889901374e+00 1.341975800983941536e+00
1.018025454773773930e+00 2.691789328586804420e+00 1.985448823529593509e+00 2.578247488780015750e+00 1.330617975703070499e+00
1.048711764278497105e+00 2.678219587386005518e+00 2.015815223750415441e+00 2.571056613171166738e+00 1.316349346091762573e+00
1.066868944584007384e+00 2.674664412091124710e+00 2.036467158526011900e+00 2.537720770348898647e+00 1.300039267188766834e+00
1.074037106974508271e+00 2.679322255429121835e+00 2.056228026726851787e+00 2.504795444714192687e+00 1.278509848350728451e+00
1.084391643944078609e+00 2.670877367750431830e+00 2.069399030322631727e+00 2.487210278220714610e+00 1.244812095305019906e+00
1.112215577173254477e+00 2.660300259785748356e+00 2.077971963362932328e+00 2.472974982844762692e+00 1.213119560971542610e+00
1.149069810053410023e+00 2.658372892950893185e+00 2.088556956164985046e+00 2.454270570040461674e+00 1.185859809297094891e+00
1.186990177257386980e+00 2.661149856898680000e+00 2.100838715065560969e+00 2.433791948713925457e+00 1.160872260133268163e+00
1.225604827633415939e+00 2.663247594748170410e+00 2.114252317198381359e+00 2.412096037940900661e+00 1.137568718391600120e+00
1.264899723575442669e+00 2.651088770162366437e+00 2.129772216626093950e+00 2.386928515035571685e+00 1.126819810960327573e+00
1.279394736217087436e+00 2.623107498947661931e+00 2.137450307673389283e+00 2.372508297891803508e+00 1.144752243748974774e+00
1.281231301318946914e+00 2.597964395536608961e+00 2.133788910797057348e+00 2.364131652882222934e+00 1.173904581733763886e+00
1.284399165260279752e+00 2.570513720654371337e+00 2.120127465400427624e+00 2.350246993173374044e+00 1.195151896746002418e+00
1.282631168521189302e+00 2.539268642287816569e+00 2.097164841395941615e+00 2.349966345973034887e+00 1.194696109866830058e+00
1.262570590108274216e+00 2.532841257600098483e+00 2.079193559716884465e+00 2.333111704099580130e+00 1.224112205280677879e+00
1.236946603783322551e+00 2.526490435054742800e+00 2.043364556374629881e+00 2.322705081939131055e+00 1.235805528957519828e+00
1.206614894659336690e+00 2.512440521035860463e+00 2.009722125604250120e+00 2.327616671607572574e+00 1.242429449623700277e+00
