8.699999999999999956e-01 2.740000000000000213e+00 1.850000000000000089e+00 2.629999999999999893e+00 1.350000000000000089e+00
9.088549622432086084e-01 2.744036825190363516e+00 1.871844824574503185e+00 2.596001621862899622e+00 1.334772989041918212e+00
9.405556961739529598e-01 2.735409843709101008e+00 1.912369374355416873e+00 2.572385002958269773e+00 1.334030126384915693e+00
9.528831269471851328e-01 2.757550872844098500e+00 1.944193405212072401e+00 2.560278646104922728e+00 1.313861022742453200e+00
9.722432233263050838e-01 2.738743637256809471e+00 1.972890995689929428e+00 2.541294670839463699e+00 1.293391754458174336e+00
9.917581947341128634e-01 2.712163055316449523e+00 1.998711552191372309e+00 2.522240267426580029e+00 1.275266510949321530e+00
1.009820971715114091e+00 2.680166546234181268e+00 2.022924963177363811e+00 2.505406545601192470e+00 1.261289768298573755e+00
1.027479355886690815e+00 2.652184942078775975e+00 2.048307985208316584e+00 2.524811638017420812e+00 1.248603608522961927e+00
1.043234467757313766e+00 2.628313716931751642e+00 2.043043579305193091e+00 2.494211955061913510e+00 1.231045744852259149e+00
1.083981978884222652e+00 2.633812742653365291e+00 2.052913137716745773e+00 2.458232642306712457e+00 1.213599262041744620e+00
1.131563485483455755e+00 2.637905832454173982e+00 2.057456217795905484e+00 2.426538087569363178e+00 1.194730842455054454e+00
1.186985936230304572e+00 2.644565833650741826e+00 2.062898861035812548e+00 2.401719294160428841e+00 1.176400782900818287e+00
1.242285748166034987e+00 2.646876779484138353e+00 2.077204993996906168e+00 2.378975421135427037e+00 1.158698704892395792e+00
1.289040664837005856e+00 2.637547740207215607e+00 2.112349411613606343e+00 2.361636352118198889e+00 1.153065366642166412e+00
1.300222088327159131e+00 2.607030997477015610e+00 2.134595482977063252e+00 2.352192426371462197e+00 1.172009304541936858e+00
1.281975980400521964e+00 2.573288264109443890e+00 2.109173808879452494e+00 2.341121544273635724e+00 1.183234266908371746e+00
1.253969948582000615e+00 2.556333001742316480e+00 2.068387727464588099e+00 2.338639930918383403e+00 1.196854738601365709e+00
1.230281326085072235e+00 2.534401914370476128e+00 2.039045236297070574e+00 2.333111674096694177e+00 1.219641155152416001e+00
1.206614894659336690e+00 2.512440521035860463e+00 2.009722125604250120e+00 2.327616671607572574e+00 1.242429449623700277e+00
