8.699999999999999956e-01 2.740000000000000213e+00 1.850000000000000089e+00 2.629999999999999893e+00 1.350000000000000089e+00
9.076131167862452331e-01 2.721073884083802685e+00 1.865006222828637483e+00 2.597366857316038224e+00 1.359836252959996550e+00
9.464046561972758731e-01 2.701762334940319477e+00 1.885969070089878796e+00 2.575566218470742630e+00 1.373929943802906006e+00
9.759357188626116564e-01 2.693931851553166723e+00 1.923639540001987447e+00 2.564613547837883978e+00 1.364253988167442033e+00
9.935127146794511255e-01 2.694963960246304691e+00 1.962067428596037999e+00 2.559749571151970660e+00 1.345436893305860471e+00
1.010781508035066611e+00 2.687719287268546253e+00 2.003568341532671493e+00 2.554650121709749921e+00 1.334641912215110970e+00
1.022717808636920189e+00 2.672767556170149383e+00 2.039893330923273407e+00 2.551223217085393458e+00 1.317619251918026313e+00
1.036015701768357777e+00 2.663994034308795555e+00 2.041898498390051220e+00 2.538602064312697415e+00 1.282834748128842683e+00
1.050025824369020588e+00 2.668957057701219160e+00 2.043487269010069607e+00 2.526399736561615317e+00 1.245451726417010185e+00
1.072448703035726592e+00 2.661826279441334542e+00 2.044133216595392266e+00 2.505532303741764721e+00 1.211773338973480385e+00
1.120046519857061273e+00 2.649819360231845167e+00 2.063037744509246707e+00 2.486198908523157947e+00 1.194769030079562144e+00
1.158358447119999246e+00 2.639653522622771753e+00 2.082694008850916489e+00 2.456244265962489237e+00 1.210686706958244763e+00
1.200918668963748992e+00 2.619432950045115227e+00 2.088770629740344109e+00 2.423010395163184505e+00 1.217068952186250996e+00
1.241848997295418311e+00 2.600013201461172763e+00 2.091896680664786956e+00 2.386182534374283737e+00 1.221209104117197741e+00
1.281434146695238585e+00 2.581339301510630957e+00 2.097586126681438401e+00 2.347879430162478354e+00 1.220913684016515788e+00
1.294654981182812969e+00 2.577459182671105964e+00 2.104447501438134971e+00 2.326943297539610267e+00 1.192125952897784780e+00
1.298893450006216366e+00 2.601277095658495409e+00 2.104649580945243237e+00 2.347788236148263596e+00 1.218118902860476860e+00
1.304397152837393437e+00 2.591254964874016409e+00 2.108362442126802794e+00 2.351909099488356247e+00 1.255141562375373221e+00
1.302622466622952224e+00 2.558579785276546836e+00 2.105133371871701797e+00 2.340129684886807837e+00 1.273355431455156062e+00
1.277720860384880197e+00 2.530186701181914799e+00 2.079757957929345924e+00 2.330051039700348881e+00 1.272002755470944324e+00
1.242390561881953737e+00 2.519191956150454548e+00 2.044876070834860116e+00 2.327935756435718595e+00 1.258192637573639194e+00
1.206614894659336690e+00 2.512440521035860463e+00 2.009722125604250120e+00 2.327616671607572574e+00 1.242429449623700277e+00
