8.699999999999999956e-01 2.740000000000000213e+00 1.850000000000000089e+00 2.629999999999999893e+00 1.350000000000000089e+00
9.044570782887610960e-01 2.723825952302282527e+00 1.862807565087493789e+00 2.611729624266879490e+00 1.351503057573415933e+00
9.417812753339548371e-01 2.718028737132396788e+00 1.884915425980469905e+00 2.595875306582801745e+00 1.354691785530057091e+00
9.716200466593519769e-01 2.702228910221283975e+00 1.905561161832521666e+00 2.581657090010552658e+00 1.351696859545873153e+00
9.933503190398305094e-01 2.683604593337928446e+00 1.929630065499031488e+00 2.573181713473101428e+00 1.347701358052703746e+00
1.009659345765121952e+00 2.668072340916972429e+00 1.959680754610475972e+00 2.570215660767620314e+00 1.343964788908895702e+00
1.023239728152454564e+00 2.658801346659108500e+00 1.993473227690151006e+00 2.568047247238138819e+00 1.337334281780759637e+00
1.038101270064179626e+00 2.660522092420901430e+00 2.021542160606256022e+00 2.557220412409383581e+00 1.321250399230397887e+00
1.051925504474970019e+00 2.670562198908379870e+00 2.030973463340909557e+00 2.540374583771130901e+00 1.298579342837530071e+00
1.066641029611861136e+00 2.676081427202428475e+00 2.031295979003077790e+00 2.523298709612875612e+00 1.273366859228864278e+00
1.084044571556492809e+00 2.671170646684335459e+00 2.031746813088301185e+00 2.503927759990148161e+00 1.249547549387566292e+00
1.103593336183966933e+00 2.659722354940909916e+00 2.036547826536752925e+00 2.479977077398319629e+00 1.231884858230100743e+00
1.126160671477268949e+00 2.647238043876455560e+00 2.047251664921846181e+00 2.453859509438334197e+00 1.220356268698665758e+00
1.152631329019346396e+00 2.634843496090113479e+00 2.062083187969709464e+00 2.429578207670683110e+00 1.212111355512166977e+00
1.182534581601110357e+00 2.621527869110179321e+00 2.077501639982350046e+00 2.408101378651720026e+00 1.204949674452416408e+00
1.215251734977240483e+00 2.605203319976364451e+00 2.088072397181203410e+00 2.388771420605624307e+00 1.198684837259856861e+00
1.250384326190499218e+00 2.588268118241916049e+00 2.087866216409054676e+00 2.373108033285781016e+00 1.188230084276804988e+00
1.286635826654428438e+00 2.571752556134962120e+00 2.071563498485326171e+00 2.365333570191145984e+00 1.186644094519803794e+00
1.281914033097488304e+00 2.547482290567888441e+00 2.059438093113578727e+00 2.364398579662359001e+00 1.201350591591044070e+00
1.266231297278300083e+00 2.523809427708557873e+00 2.043749071055090738e+00 2.357555427580175333e+00 1.210803147554752712e+00
1.238604820907969639e+00 2.511460484705970941e+00 2.025747461150301021e+00 2.344029972692386998e+00 1.225532223738493576e+00
1.206614894659336690e+00 2.512440521035860463e+00 2.009722125604250120e+00 2.327616671607572574e+00 1.242429449623700277e+00
