8.699999999999999956e-01 2.740000000000000213e+00 1.850000000000000089e+00 2.629999999999999893e+00 1.350000000000000089e+00
9.408150014951511819e-01 2.755323666169270158e+00 1.880391775936341769e+00 2.601225435334197478e+00 1.331064006949629341e+00
9.918262047688675143e-01 2.744033079718241730e+00 1.935303425606163641e+00 2.575879682715732866e+00 1.324594651377750010e+00
1.016609841568718586e+00 2.699283077889728766e+00 1.982819184337260454e+00 2.577888650827779404e+00 1.322624723663369029e+00
1.034545820326943089e+00 2.664621602011691959e+00 2.007050013342198458e+00 2.548501878617678074e+00 1.294521285661240917e+00
1.045776341115844499e+00 2.647813504276935515e+00 2.023026760183489259e+00 2.504922940854345637e+00 1.261356554946719832e+00
1.090368266087280880e+00 2.642381268607679967e+00 2.062164089000943612e+00 2.460026518778395399e+00 1.244790939015505193e+00
1.162407519595142880e+00 2.647224993134993820e+00 2.082480688999829077e+00 2.423358334462225816e+00 1.224109888998033080e+00
1.235672782290906602e+00 2.653406942829866999e+00 2.093284650858541873e+00 2.389469903984148935e+00 1.199679466652563420e+00
1.292281484623945653e+00 2.625533995265711074e+00 2.120593106084885271e+00 2.357721023716466302e+00 1.180989376081264419e+00
1.265623927529627268e+00 2.593060340650707118e+00 2.073087304373957274e+00 2.337680668219844105e+00 1.189090728670198160e+00
1.236105617819972302e+00 2.552753214193248077e+00 2.041382765752789652e+00 2.332652567816241973e+00 1.215748890158310891e+00
1.206614894659336690e+00 2.512440521035860463e+00 2.009722125604250120e+00 2.327616671607572574e+00 1.242429449623700277e+00
