8.699999999999999956e-01 2.740000000000000213e+00 1.850000000000000089e+00 2.629999999999999893e+00 1.350000000000000089e+00
9.436672263154888274e-01 2.732719480094270903e+00 1.876735377826294071e+00 2.590580860779033046e+00 1.360591629920250067e+00
9.844960941723371883e-01 2.738081626724108375e+00 1.930116384563550502e+00 2.580045449043663730e+00 1.337404134070610873e+00
1.028400737583543778e+00 2.711120547743618658e+00 1.969424313484794853e+00 2.558502477712127021e+00 1.311758228600246268e+00
1.051630762596381885e+00 2.702781899041112545e+00 2.001115372462392017e+00 2.536440293901255583e+00 1.264069564795114786e+00
1.046705778432847733e+00 2.670604044001247068e+00 2.039203927622055712e+00 2.504070523463311826e+00 1.238335872657354786e+00
1.091996500412528270e+00 2.646421379115226458e+00 2.076196087691704495e+00 2.462410298715106194e+00 1.233570355108697392e+00
1.165273495590658737e+00 2.635832608278433575e+00 2.085060484327122765e+00 2.421322323098697993e+00 1.210959562298037362e+00
1.237746288468188904e+00 2.625902796555795504e+00 2.091246899223154543e+00 2.380905729408413940e+00 1.185218124444892940e+00
1.275573175315211305e+00 2.585080699200287935e+00 2.070445255796546924e+00 2.346089227021929347e+00 1.176921600282514691e+00
1.247370304224898696e+00 2.551684864082286008e+00 2.037682542542332165e+00 2.340505578142330734e+00 1.214057439192382404e+00
1.206614894659336690e+00 2.512440521035860463e+00 2.009722125604250120e+00 2.327616671607572574e+00 1.242429449623700277e+00
