8.699999999999999956e-01 2.740000000000000213e+00 1.850000000000000089e+00 2.629999999999999893e+00 1.350000000000000089e+00
9.023959784485037217e-01 2.716067772466324914e+00 1.857230747193410414e+00 2.600292667545461622e+00 1.345575597576447180e+00
9.319159332382949135e-01 2.718578033020575102e+00 1.884360312969814544e+00 2.565569228283164360e+00 1.344880109906496868e+00
9.550094230041099586e-01 2.725726249385990840e+00 1.921388782499218628e+00 2.552647080813029046e+00 1.324405111765331489e+00
9.801824481654102250e-01 2.712765148903650392e+00 1.948127078983482363e+00 2.544926815207963600e+00 1.293594631867922340e+00
1.005725409959418837e+00 2.696430931087638871e+00 1.968893606138871766e+00 2.533920836593746451e+00 1.261803210298988009e+00
1.030876313960958690e+00 2.682113643920169377e+00 1.987059499123814854e+00 2.516397823659484168e+00 1.229340749045123360e+00
1.047120186015864984e+00 2.671556584854136052e+00 2.004966250835849895e+00 2.486465339512698769e+00 1.200306365560383393e+00
1.091690575930375440e+00 2.674348619503015279e+00 2.029815606407516348e+00 2.460810252676919774e+00 1.189981876772045588e+00
1.144142785272984408e+00 2.683930255364870732e+00 2.047245775242633847e+00 2.436669588584975177e+00 1.183963192512571316e+00
1.196607685045253611e+00 2.696421166573356398e+00 2.064408696670509524e+00 2.415015616838406487e+00 1.177022320971908620e+00
1.247976135523463315e+00 2.705131697589789219e+00 2.081804242607937283e+00 2.394009182525556056e+00 1.161424528049593174e+00
1.283520094588357363e+00 2.698781364753174650e+00 2.094704676403960519e+00 2.377674856838642548e+00 1.127150192234857462e+00
1.289765000241980708e+00 2.674175761019043751e+00 2.093930489175371168e+00 2.366994117152845245e+00 1.093473875813183227e+00
1.284946380532891119e+00 2.651202013724593076e+00 2.077162917261775377e+00 2.348691190857375322e+00 1.120236848892962822e+00
1.289035525226292833e+00 2.632548447715691076e+00 2.093952011449798700e+00 2.327788330656296534e+00 1.151548017451422323e+00
1.302784905785013603e+00 2.601887725212797875e+00 2.114347103115835402e+00 2.333141341223339271e+00 1.164636009551277551e+00
1.291475956622472943e+00 2.586467374599088931e+00 2.086035958596974549e+00 2.340524540530544151e+00 1.195633535556443139e+00
1.265756105922041241e+00 2.562080347628725274e+00 2.057892031312549719e+00 2.337336006320656523e+00 1.209934497786288476e+00
1.236646376904546152e+00 2.536083650234658649e+00 2.033534756338306604e+00 2.332363284959839689e+00 1.223176869613585183e+00
1.206614894659336690e+00 2.512440521035860463e+00 2.009722125604250120e+00 2.327616671607572574e+00 1.242429449623700277e+00
