8.699999999999999956e-01 2.740000000000000213e+00 1.850000000000000089e+00 2.629999999999999893e+00 1.350000000000000089e+00
8.976653547375617048e-01 2.725325655566772642e+00 1.870380633401899750e+00 2.604278178989990256e+00 1.360571572108079330e+00
9.301053868104791622e-01 2.717986025170858078e+00 1.878521882336704696e+00 2.569602183944136975e+00 1.359840477227606925e+00
9.581131311213717527e-01 2.730411810136050832e+00 1.885710296704344646e+00 2.564959221323613203e+00 1.335388864064338987e+00
9.674889066968477280e-01 2.708326805016707528e+00 1.915538664363689136e+00 2.549734022978870307e+00 1.342409220673016712e+00
9.847807768894890623e-01 2.692021804882569480e+00 1.952396545161899200e+00 2.533789687168155780e+00 1.338972180432546066e+00
1.006939944329135361e+00 2.682367808663129960e+00 1.990732426386096598e+00 2.521860241919037460e+00 1.328858398503891092e+00
1.035341408948944553e+00 2.680208494089979521e+00 2.026178983471848660e+00 2.516725235742762301e+00 1.313561083635428339e+00
1.059246455492766525e+00 2.680413490568771095e+00 2.046986044691562423e+00 2.513723256905028069e+00 1.288030543516623938e+00
1.064511843229797305e+00 2.671600701024589686e+00 2.052538828393474457e+00 2.503102767549656882e+00 1.258941746121325256e+00
1.067257564679436666e+00 2.661403907074834319e+00 2.055513532012401168e+00 2.494495008162615157e+00 1.229047705198988982e+00
1.078542555251022383e+00 2.650608157929922104e+00 2.064883406481691441e+00 2.490185589039949132e+00 1.200028954689179583e+00
1.105393730587424406e+00 2.636929125691415798e+00 2.091608834697865849e+00 2.473440877081684253e+00 1.188824572658751189e+00
1.141734493506759929e+00 2.620214047674428670e+00 2.111697575427685880e+00 2.451852012020951932e+00 1.184350987032150915e+00
1.180038917078030991e+00 2.601735578588171283e+00 2.125626150778066048e+00 2.429758727235567850e+00 1.180153490397708449e+00
1.218860999430060099e+00 2.584937537128944474e+00 2.140564002048028325e+00 2.406628229104764927e+00 1.176516672575882438e+00
1.255399250854517756e+00 2.565792234317850085e+00 2.154351793897518075e+00 2.384164181878642541e+00 1.171285432406978577e+00
1.279861640637309339e+00 2.560490442578826187e+00 2.127221560110683640e+00 2.363221064936786409e+00 1.173866444394047415e+00
1.262601905532726665e+00 2.566084771844117540e+00 2.103057418328043049e+00 2.355172896606926081e+00 1.198387410430887368e+00
1.243846769054207435e+00 2.551177223654721882e+00 2.073407947333889556e+00 2.345586045416589105e+00 1.216516278120706396e+00
1.225230831856772173e+00 2.531808872345290951e+00 2.041565036469069838e+00 2.336601358512080839e+00 1.229472863872203225e+00
1.206614894659336690e+00 2.512440521035860463e+00 2.009722125604250120e+00 2.327616671607572574e+00 1.242429449623700277e+00
