8.699999999999999956e-01 2.740000000000000213e+00 1.850000000000000089e+00 2.629999999999999893e+00 1.350000000000000089e+00
9.097987291324792780e-01 2.723146419662580531e+00 1.851339001700594844e+00 2.602787577284353837e+00 1.361360676973031314e+00
9.402531970731565769e-01 2.732452781628496474e+00 1.876677129740340622e+00 2.572970540828905861e+00 1.359166785080180517e+00
9.588218302194857490e-01 2.749988428358070447e+00 1.908220240899848985e+00 2.554349184046407206e+00 1.345885757698397578e+00
9.858620069621335524e-01 2.742788569376199082e+00 1.944835250453913922e+00 2.540259783389394510e+00 1.334507734775939980e+00
1.010109845753258906e+00 2.720756940435524740e+00 1.979755087978354977e+00 2.532747929145167110e+00 1.329234308862165648e+00
1.026628321539392763e+00 2.705992333452994281e+00 2.021900740793715290e+00 2.524487471860614285e+00 1.330189466472723403e+00
1.041074497423859491e+00 2.682426114750674273e+00 2.048064807316850366e+00 2.505118103815547670e+00 1.317147456659879090e+00
1.052276218199304614e+00 2.666323595466577601e+00 2.048483580747211708e+00 2.495544305860138756e+00 1.286151834215415235e+00
1.061560990757585810e+00 2.655818652697254034e+00 2.048704490728799676e+00 2.490556584169670185e+00 1.252170047927671392e+00
1.071558083449554166e+00 2.644949734634053584e+00 2.060293952111240667e+00 2.485723322165199090e+00 1.219484280695981582e+00
1.102682739271282131e+00 2.641859816381502579e+00 2.091755924518578169e+00 2.481227594919243717e+00 1.200288648478384790e+00
1.147907283270523493e+00 2.624871620782092130e+00 2.105236660686327976e+00 2.459694140351752711e+00 1.195996096867497638e+00
1.189471373307511071e+00 2.603145108215331405e+00 2.107309833656436204e+00 2.434129746827307095e+00 1.195532017340194209e+00
1.230824714197621628e+00 2.583985743404028756e+00 2.114406334278041033e+00 2.407987351674182097e+00 1.189460993367174035e+00
1.267342534330158532e+00 2.573615249605876620e+00 2.131555801683700846e+00 2.380545908744939432e+00 1.177073207210817873e+00
1.290631906234386506e+00 2.546230967733898787e+00 2.119193036535865549e+00 2.361177073948926175e+00 1.165060088276220540e+00
1.287919590118306035e+00 2.528846265326710530e+00 2.131778321793220243e+00 2.361762596815826676e+00 1.195816797823880284e+00
1.285929655346950584e+00 2.536135567444441019e+00 2.118292127098865940e+00 2.365435512800607931e+00 1.229032221201539432e+00
1.266361618922854149e+00 2.541373508794495972e+00 2.079305199942129700e+00 2.359565696489305253e+00 1.244646994354147163e+00
1.234670393979879099e+00 2.528758194793366165e+00 2.045043570976194491e+00 2.342791252762131293e+00 1.239440022356520288e+00
1.206614894659336690e+00 2.512440521035860463e+00 2.009722125604250120e+00 2.327616671607572574e+00 1.242429449623700277e+00
