8.699999999999999956e-01 2.740000000000000213e+00 1.850000000000000089e+00 2.629999999999999893e+00 1.350000000000000089e+00
9.152247623713036795e-01 2.725571230147460611e+00 1.860273690120720413e+00 2.596224205498444348e+00 1.353662219072256701e+00
9.383454846319198017e-01 2.748484702670762836e+00 1.876495565745978311e+00 2.568522831738112355e+00 1.337618675598883033e+00
9.471347089766649630e-01 2.758767081493198159e+00 1.888700701741941712e+00 2.559382245607890738e+00 1.304326972792580364e+00
9.685962457986424523e-01 2.746115278437126328e+00 1.909836990205890261e+00 2.553586165347870196e+00 1.275595288242996173e+00
9.991869696436571635e-01 2.723080553617733823e+00 1.941045298966052268e+00 2.549347902006160904e+00 1.263429461272699950e+00
1.027851943662338563e+00 2.697119796127157798e+00 1.974605480662916079e+00 2.551137532590880941e+00 1.265381279779172807e+00
1.045832318111839188e+00 2.665599691335254651e+00 2.003256444184209784e+00 2.541038188846738155e+00 1.259796987521939249e+00
1.062001222226872876e+00 2.645615994934086057e+00 2.030121973005431180e+00 2.512335383712805736e+00 1.248646942271147253e+00
1.091689363564774418e+00 2.637319979434771700e+00 2.054140555352490516e+00 2.478846790449176662e+00 1.237159384289314934e+00
1.132503447658227635e+00 2.633489669921655008e+00 2.074276462172128355e+00 2.447170691792905028e+00 1.225376739920731151e+00
1.178286798074513086e+00 2.629050554528538086e+00 2.091823182759223965e+00 2.417477256510715655e+00 1.213122429037442052e+00
1.225555921865362219e+00 2.618152464435484994e+00 2.107495180695243775e+00 2.390109734232041649e+00 1.200888010959223928e+00
1.265898199584497341e+00 2.593632048206300666e+00 2.119937288167988765e+00 2.370198351104746415e+00 1.187130417511137903e+00
1.283109637604535225e+00 2.581707651957542371e+00 2.087803932935744733e+00 2.347996255236283858e+00 1.187077663697809760e+00
1.260698860334334093e+00 2.568208925647385232e+00 2.058984175161675534e+00 2.340230286907966750e+00 1.210949327743515491e+00
1.233735281027257713e+00 2.540735598959893426e+00 2.034135847065676295e+00 2.333854560702628422e+00 1.227015585118063079e+00
1.206614894659336690e+00 2.512440521035860463e+00 2.009722125604250120e+00 2.327616671607572574e+00 1.242429449623700277e+00
