8.699999999999999956e-01 2.740000000000000213e+00 1.850000000000000089e+00 2.629999999999999893e+00 1.350000000000000089e+00
9.006773895880664238e-01 2.724569240947678050e+00 1.865218242914613578e+00 2.606370561633219562e+00 1.346568437211011826e+00
9.315765018604906800e-01 2.719583022296514496e+00 1.874581880445748361e+00 2.585923210235843150e+00 1.330686607478948957e+00
9.463119459382405285e-01 2.711134078944883008e+00 1.878094215461058036e+00 2.569724116514595202e+00 1.309713025962025323e+00
9.594918279624756741e-01 2.700573827388809356e+00 1.891963824292249630e+00 2.555859355085437823e+00 1.290070144172760447e+00
9.745706134253961928e-01 2.690240460634063080e+00 1.914761756305926932e+00 2.543797762863524881e+00 1.273221702795350074e+00
9.905584812125312055e-01 2.680453070664787329e+00 1.941018501097504290e+00 2.532632372265630316e+00 1.257841981283338129e+00
1.006871555756612802e+00 2.671130953227985660e+00 1.968239268778647189e+00 2.521626917847776372e+00 1.242862012042266429e+00
1.023907310777876223e+00 2.662959020894512197e+00 1.995585650084744200e+00 2.509980525453999078e+00 1.227841497155305994e+00
1.049030806749488232e+00 2.655258652302210365e+00 2.020933201991936823e+00 2.495423315751907012e+00 1.214611329201804146e+00
1.083923017303031866e+00 2.645582878444718400e+00 2.043823803144364959e+00 2.478495197944588391e+00 1.207154856052133240e+00
1.122450139705614802e+00 2.638200177573793770e+00 2.065966107459017653e+00 2.458759544203301672e+00 1.204096160376854074e+00
1.160703312965507772e+00 2.635496507780538344e+00 2.087923852366605271e+00 2.436295431011277657e+00 1.201982164788763852e+00
1.198410109484868702e+00 2.634547393166110751e+00 2.109018139684295079e+00 2.412463009864803887e+00 1.199405305733944660e+00
1.236744184773725275e+00 2.630056580324506399e+00 2.125860725234564708e+00 2.387438891547339015e+00 1.195347838677265351e+00
1.276001046449649845e+00 2.626620994531037923e+00 2.132437068158169691e+00 2.361358025738653055e+00 1.187185528440471316e+00
1.294004027567095649e+00 2.623359903137414850e+00 2.105139886469495014e+00 2.346169118984053448e+00 1.195934998840644026e+00
1.290300115468278719e+00 2.600168334394195035e+00 2.084766209157007388e+00 2.334323061777957786e+00 1.204318122834124649e+00
1.276782761443861824e+00 2.573816299943928687e+00 2.068395385745117387e+00 2.329191894422190767e+00 1.209802873153593916e+00
1.255468339456964122e+00 2.551378082515459056e+00 2.049563646870555367e+00 2.327623962375760858e+00 1.219269194190424122e+00
1.231041809242803264e+00 2.531909086918941565e+00 2.029642945110332164e+00 2.327620211354734181e+00 1.230849187690679525e+00
1.206614894659336690e+00 2.512440521035860463e+00 2.009722125604250120e+00 2.327616671607572574e+00 1.242429449623700277e+00
