8.699999999999999956e-01 2.740000000000000213e+00 1.850000000000000089e+00 2.629999999999999893e+00 1.350000000000000089e+00
9.105889020484523311e-01 2.743752948093696631e+00 1.867370236757145641e+00 2.605874647969691260e+00 1.357577079664287201e+00
9.448478580723187470e-01 2.723376928971330990e+00 1.876099433898819724e+00 2.585371286253959067e+00 1.362872651466862317e+00
9.702554777351014570e-01 2.734467682502814689e+00 1.903072816605145823e+00 2.562855878086238270e+00 1.361308645405616691e+00
9.894487612543028110e-01 2.728049145495887728e+00 1.938536097217158138e+00 2.549409039371042240e+00 1.364506930153270181e+00
1.006566041813574452e+00 2.711736080792933823e+00 1.970189710010636475e+00 2.539907160409422993e+00 1.369287235571342798e+00
1.024536185842569225e+00 2.694575978207810696e+00 2.001533223919772730e+00 2.530717426069105436e+00 1.370135457523209199e+00
1.043554873016152795e+00 2.678917115538808513e+00 2.029116912210170209e+00 2.520760987563561262e+00 1.357014863923741155e+00
1.056599495858214999e+00 2.665688309593186034e+00 2.038535144427077839e+00 2.512205019204701184e+00 1.329368544572431921e+00
1.070080667804004682e+00 2.649376832672991178e+00 2.032732121315134588e+00 2.509256437918036653e+00 1.301967722004119699e+00
1.099433733368647248e+00 2.634908268916313467e+00 2.042727970818125627e+00 2.505061086608320498e+00 1.279157955273136471e+00
1.127489584086108554e+00 2.627905754829204632e+00 2.056138305234798569e+00 2.485776302582893837e+00 1.257005857503488588e+00
1.152226478086020300e+00 2.622230542280870047e+00 2.064195344442042224e+00 2.458747344923802203e+00 1.235186634081959500e+00
1.178636631524092371e+00 2.615082377208774567e+00 2.070996892571121517e+00 2.430220191790473994e+00 1.215132208545693482e+00
1.206420255510282535e+00 2.605842906517304769e+00 2.077875536676336399e+00 2.401295859938936239e+00 1.196966934247316372e+00
1.234530955122777440e+00 2.597309072767625349e+00 2.085981962522728494e+00 2.369426918752683520e+00 1.181588598021759751e+00
1.262857666386126620e+00 2.604297968145027564e+00 2.101128328003615930e+00 2.336243847915782101e+00 1.173721562582983768e+00
1.275185644351028769e+00 2.581701351968066493e+00 2.102231275289253354e+00 2.320462242530896280e+00 1.188462745988170921e+00
1.265914199886942759e+00 2.553211056144411906e+00 2.085148078374888136e+00 2.312309968450017017e+00 1.193370591233698708e+00
1.248953506384191225e+00 2.530687950581515633e+00 2.062152701557536272e+00 2.309166293943617720e+00 1.204907196450063500e+00
1.227884980850096674e+00 2.517757403804233185e+00 2.035836836623800661e+00 2.315175933481475656e+00 1.222468419431818720e+00
1.206614894659336690e+00 2.512440521035860463e+00 2.009722125604250120e+00 2.327616671607572574e+00 1.242429449623700277e+00
