8.699999999999999956e-01 2.740000000000000213e+00 1.850000000000000089e+00 2.629999999999999893e+00 1.350000000000000089e+00
9.238238509274094845e-01 2.726705873065046415e+00 1.870267152622003604e+00 2.591239593588637202e+00 1.348397393067559458e+00
9.463532926060971295e-01 2.719466973815367172e+00 1.895881939489195034e+00 2.557805009103591765e+00 1.323090448420773058e+00
9.724758459936745369e-01 2.709328725114148906e+00 1.923885724914335960e+00 2.552288133199878128e+00 1.291319104554659702e+00
1.003437226156904671e+00 2.686554616672645501e+00 1.959700031011506471e+00 2.535837623719874312e+00 1.273832480123621602e+00
1.033643290026036832e+00 2.666301314654911714e+00 1.996198815499926393e+00 2.515509685153499042e+00 1.255564719768884618e+00
1.054449168295525041e+00 2.666425232545928115e+00 2.022294435402609114e+00 2.500057329074696799e+00 1.223273816152813609e+00
1.071732503083143717e+00 2.649161920943601256e+00 2.052099263779475713e+00 2.469087177318299187e+00 1.202561015642310105e+00
1.109506550018463322e+00 2.618788098283429733e+00 2.071777185714661851e+00 2.439696518192738139e+00 1.202324022077692067e+00
1.172626729932685796e+00 2.606117433509391290e+00 2.071728636253658440e+00 2.405660127232211121e+00 1.194124607466933385e+00
1.239117279102949443e+00 2.609257863793660537e+00 2.073497297947827445e+00 2.373092480218218281e+00 1.180937614567573846e+00
1.277322665803940938e+00 2.641344742786857491e+00 2.096916473731082142e+00 2.359085631871375099e+00 1.171524714660574062e+00
1.281072859381909179e+00 2.681288092615568885e+00 2.125911206719179880e+00 2.362129075769166420e+00 1.174961539725193793e+00
1.280318526101640542e+00 2.716291015106679474e+00 2.147915213245151111e+00 2.363223685465985824e+00 1.196332544748919924e+00
1.287783111357867050e+00 2.720433325001075264e+00 2.151287180412577715e+00 2.352629259098041103e+00 1.228478903313380721e+00
1.297776925620166333e+00 2.683296911292810893e+00 2.141806386957603614e+00 2.345701719583709988e+00 1.206300749634620306e+00
1.304841100321201264e+00 2.647682792726787415e+00 2.134210387518525209e+00 2.343908594969964732e+00 1.181621404865855096e+00
1.309787353067897175e+00 2.605123146153458968e+00 2.123881980041973261e+00 2.347889905660677456e+00 1.172548314024036475e+00
1.293022542056588620e+00 2.593453636031048060e+00 2.089550145269051029e+00 2.360244805748249242e+00 1.200530593976802507e+00
1.263961006004620247e+00 2.569354194850111295e+00 2.045316613464058353e+00 2.353038299849997461e+00 1.193135075265303380e+00
1.235212835976516654e+00 2.539805594825853774e+00 2.024857158036359461e+00 2.339998129281902983e+00 1.215901985916836070e+00
1.206614894659336690e+00 2.512440521035860463e+00 2.009722125604250120e+00 2.327616671607572574e+00 1.242429449623700277e+00
