8.699999999999999956e-01 2.740000000000000213e+00 1.850000000000000089e+00 2.629999999999999893e+00 1.350000000000000089e+00
9.293927539100504953e-01 2.751100154604954717e+00 1.874501222792709365e+00 2.597273289126269091e+00 1.349479788946254422e+00
9.748301469749129922e-01 2.742864629322630865e+00 1.913153937251607539e+00 2.576928781929821888e+00 1.344953017413118790e+00
9.881896204020723662e-01 2.737826156447846326e+00 1.927997379759831320e+00 2.571734956513636927e+00 1.342825672070226295e+00
1.028249212131491008e+00 2.700471626670663206e+00 1.982759998475524643e+00 2.565589359512299605e+00 1.319319891159387081e+00
1.043581294180555563e+00 2.684529077285864762e+00 2.005616466805674403e+00 2.560721311889043506e+00 1.307594422634545728e+00
1.066061021801756770e+00 2.657878850932922976e+00 2.044732071642443305e+00 2.509796548853805653e+00 1.278528664141703963e+00
1.074059969085483068e+00 2.648249899121255968e+00 2.055405351342791231e+00 2.488953736754754953e+00 1.268180831207902370e+00
1.079542992567504411e+00 2.642532553826973718e+00 2.060318265157235373e+00 2.476438899172292984e+00 1.261996359478438912e+00
1.222243266898811243e+00 2.624663118709808618e+00 2.073621868510619137e+00 2.377617863130280895e+00 1.191052236400244269e+00
1.283301946036439656e+00 2.599996388036714290e+00 2.072228670315481303e+00 2.340913174282596376e+00 1.166508009774365195e+00
1.252670263779994464e+00 2.574582123009850676e+00 2.049871681564014558e+00 2.335288052064683928e+00 1.187104871059523115e+00
1.206614894659336690e+00 2.512440521035860463e+00 2.009722125604250120e+00 2.327616671607572574e+00 1.242429449623700277e+00
