8.699999999999999956e-01 2.740000000000000213e+00 1.850000000000000089e+00 2.629999999999999893e+00 1.350000000000000089e+00
9.126987675643211118e-01 2.723389357731183846e+00 1.863492616133779700e+00 2.600540190255203221e+00 1.355508392395582185e+00
9.675689721950012645e-01 2.725089018426514631e+00 1.883989582904417093e+00 2.598993786046974286e+00 1.366167723356204400e+00
9.806261594203364851e-01 2.700774333509008418e+00 1.910940939874586242e+00 2.574183869278948489e+00 1.364949293488966431e+00
1.000170262910266894e+00 2.688115764436349586e+00 1.945787548390805366e+00 2.561351023672062244e+00 1.352673236296217496e+00
1.016876771361049592e+00 2.673892764074939254e+00 1.981717357116644651e+00 2.554340115492284013e+00 1.339448626462098169e+00
1.034220832463259354e+00 2.662784981719963362e+00 2.016850540181205798e+00 2.545534792158796300e+00 1.324415450022807361e+00
1.059611927172493751e+00 2.693614011017270826e+00 2.035396054125792276e+00 2.535144424394927487e+00 1.319349531096189354e+00
1.074316841671665079e+00 2.727099587999890051e+00 2.042179365544721126e+00 2.521357673087684326e+00 1.301232725486351383e+00
1.091964984449079301e+00 2.742986978224903449e+00 2.047506762211338760e+00 2.509387472981789990e+00 1.273765401894396465e+00
1.095964779607992545e+00 2.706330506300668404e+00 2.040711056074540064e+00 2.521437692750803983e+00 1.279529142055744195e+00
1.094515422679986472e+00 2.673835759458896177e+00 2.037697070651533160e+00 2.519541252090255590e+00 1.257149342649684920e+00
1.091394593414589664e+00 2.651711828042000896e+00 2.046856806215244351e+00 2.505751662795863144e+00 1.231260552639794836e+00
1.131462522500118029e+00 2.633940584244229832e+00 2.039556237537311745e+00 2.476604153776587935e+00 1.221266102604270598e+00
1.173123466283071625e+00 2.620082654740887307e+00 2.038390191997472289e+00 2.440625334757581921e+00 1.223689267139643988e+00
1.210102298601311244e+00 2.608390233374044076e+00 2.047005243563987165e+00 2.402604225216115719e+00 1.227312783483639036e+00
1.245241649831920761e+00 2.602206914120062553e+00 2.070679889366326076e+00 2.370370008387491456e+00 1.226837920841087337e+00
1.272554634233378446e+00 2.580074751975103720e+00 2.095019607939923922e+00 2.354676003956725605e+00 1.213142778313581305e+00
1.277508815298565192e+00 2.555406063519072735e+00 2.073129559561551538e+00 2.356356109021188860e+00 1.197186586362685157e+00
1.273803231956549542e+00 2.537732945966064246e+00 2.053509874058538465e+00 2.360319839057203328e+00 1.222907334653490441e+00
1.254561334408319517e+00 2.510944755313690102e+00 2.032192662059424393e+00 2.351856093409438575e+00 1.240261294567298389e+00
1.206614894659336690e+00 2.512440521035860463e+00 2.009722125604250120e+00 2.327616671607572574e+00 1.242429449623700277e+00
