8.699999999999999956e-01 2.740000000000000213e+00 1.850000000000000089e+00 2.629999999999999893e+00 1.350000000000000089e+00
8.921482159995743899e-01 2.734247009540258677e+00 1.866936956676576109e+00 2.599891103926618818e+00 1.335228925118880028e+00
9.169041688430860093e-01 2.728630710227556211e+00 1.883128584831453622e+00 2.564013249918962067e+00 1.334526283332971852e+00
9.584815822472984026e-01 2.736116543859785644e+00 1.909449196057732445e+00 2.561003657616800933e+00 1.344684954358492002e+00
9.820531555351971198e-01 2.745036198418534301e+00 1.946072041220662907e+00 2.555540710084477585e+00 1.350637969462612054e+00
1.008037304510119858e+00 2.730946391191456879e+00 1.979587368555510318e+00 2.548696706318588134e+00 1.347376111997980797e+00
1.035633314355757895e+00 2.713207360938024504e+00 2.005361471396444717e+00 2.542670010462335206e+00 1.334211380939892555e+00
1.053274680403017305e+00 2.693567962692483331e+00 2.029514889764967744e+00 2.541282185577749875e+00 1.317000254784747915e+00
1.066542420498540755e+00 2.688954225551316579e+00 2.050064363197547035e+00 2.530290055315873587e+00 1.292111813861348324e+00
1.072611655702247369e+00 2.685948674570512562e+00 2.061170025040670595e+00 2.509908235875405680e+00 1.265851720787552148e+00
1.073360756832605345e+00 2.676932319591774689e+00 2.070931807001684000e+00 2.489985488232902000e+00 1.239927795357219642e+00
1.079923837196979930e+00 2.658766203238080550e+00 2.078344301393038052e+00 2.470892364097620142e+00 1.217469651749641280e+00
1.100969507378664947e+00 2.635399076260948270e+00 2.083129577814184952e+00 2.452644271995676029e+00 1.201041064795635105e+00
1.134076806619877864e+00 2.613429860049785614e+00 2.088823673005756554e+00 2.435409751398715628e+00 1.187816115272092965e+00
1.173708854392788048e+00 2.595204121006736919e+00 2.096992654746062446e+00 2.418735473046157658e+00 1.174985521040836423e+00
1.219395509373924158e+00 2.583693362340730992e+00 2.105556017348505726e+00 2.400157380585134614e+00 1.162870953334627311e+00
1.267930609527744945e+00 2.591086772419855411e+00 2.109144440828462752e+00 2.376527705742979446e+00 1.161207556049506762e+00
1.285033384713532234e+00 2.582841642706442009e+00 2.108571141656688575e+00 2.362418231062892726e+00 1.185057391987506481e+00
1.263210529803969084e+00 2.556555313343014113e+00 2.086648576768513230e+00 2.351692970672942362e+00 1.186889997539951835e+00
1.244737651734130202e+00 2.540400738426445315e+00 2.060826007122953385e+00 2.342809720552910147e+00 1.204235907401884687e+00
1.225676273196733446e+00 2.526420629731152889e+00 2.035274066363601975e+00 2.335213196080241360e+00 1.223332678512792482e+00
1.206614894659336690e+00 2.512440521035860463e+00 2.009722125604250120e+00 2.327616671607572574e+00 1.242429449623700277e+00
