8.699999999999999956e-01 2.740000000000000213e+00 1.850000000000000089e+00 2.629999999999999893e+00 1.350000000000000089e+00
8.935350052571778834e-01 2.748826866035245065e+00 1.881058566132367105e+00 2.604951788432833482e+00 1.353185208504192882e+00
9.198592039937651954e-01 2.744177409235004195e+00 1.907031982758355060e+00 2.577298342883350912e+00 1.343682466897760719e+00
9.555658157523901908e-01 2.738402067271978435e+00 1.931244117994079801e+00 2.551120296281292887e+00 1.345355191204879119e+00
9.950494032570258440e-01 2.738044495183240556e+00 1.961871383175421313e+00 2.535519788004366060e+00 1.347438495380533396e+00
1.030883387016352515e+00 2.734219051177119830e+00 1.996620085583759030e+00 2.528406416921923139e+00 1.341905993142042286e+00
1.049023208266342433e+00 2.717234062164018304e+00 2.019449081105461730e+00 2.527232823104634818e+00 1.320842437849859108e+00
1.056905797916724676e+00 2.708433430671389974e+00 2.041383402545672077e+00 2.519038835318952785e+00 1.292807122976377787e+00
1.062696220108103606e+00 2.704455430254378623e+00 2.062456203213478112e+00 2.501092197821479068e+00 1.265846724270017321e+00
1.062741689778531118e+00 2.690282208371542527e+00 2.074678140800302106e+00 2.484265073342349250e+00 1.238207714490111133e+00
1.060565671211761263e+00 2.664382690622320915e+00 2.078786105028001874e+00 2.476429979494522815e+00 1.214668945167778347e+00
1.080119240032328953e+00 2.639754469410446447e+00 2.082393069635783078e+00 2.464149479279877042e+00 1.193938593584065178e+00
1.124298538903798939e+00 2.638218227163633411e+00 2.090677097723636191e+00 2.439324211193278025e+00 1.180266409077765255e+00
1.167396323639054989e+00 2.644092333297044739e+00 2.102442310126722891e+00 2.412822538660938765e+00 1.170702678261500873e+00
1.209434553771271847e+00 2.651764194650298556e+00 2.116095190004243509e+00 2.385999105857970815e+00 1.163016839675795167e+00
1.255114180751581321e+00 2.655554999076750633e+00 2.126627413543556333e+00 2.359123955395082461e+00 1.156683646408752209e+00
1.285092042448058969e+00 2.634694724865157323e+00 2.119622167325629025e+00 2.351082537462837241e+00 1.172289308590903190e+00
1.275986170588699897e+00 2.619471079011978176e+00 2.102443589802041490e+00 2.356505050848635374e+00 1.198782554832774627e+00
1.261990171661866444e+00 2.592893247957464453e+00 2.076401329928287520e+00 2.355114700410791517e+00 1.209554301311034807e+00
1.245122873557474641e+00 2.565054242048630417e+00 2.053374649615064662e+00 2.347904951016491992e+00 1.218988101484421938e+00
1.226361254418147917e+00 2.538214718174597984e+00 2.031801443722936362e+00 2.338256074510622451e+00 1.230442052549161946e+00
1.206614894659336690e+00 2.512440521035860463e+00 2.009722125604250120e+00 2.327616671607572574e+00 1.242429449623700277e+00
