8.699999999999999956e-01 2.740000000000000213e+00 1.850000000000000089e+00 2.629999999999999893e+00 1.350000000000000089e+00
9.043049768839970248e-01 2.731454026102946742e+00 1.852606650325118620e+00 2.609431494040774790e+00 1.325175028742878292e+00
9.428828352465986606e-01 2.730886590495988919e+00 1.876248047222300208e+00 2.598257348135764477e+00 1.307037177536467976e+00
9.755100718665385973e-01 2.737743540489598004e+00 1.894434208066060776e+00 2.592205448005560964e+00 1.328549830654682795e+00
9.785312918266715343e-01 2.704250876973959272e+00 1.900462028699928307e+00 2.579962493126376266e+00 1.324680950935863022e+00
9.873440011391585447e-01 2.694554288153919064e+00 1.927348814949203071e+00 2.557640177847546603e+00 1.308076784750424659e+00
1.009751643278638422e+00 2.696445789267361892e+00 1.963176369659569653e+00 2.541951610300036357e+00 1.306424291990502917e+00
1.036776427680579316e+00 2.697474118171482527e+00 1.998172987761754671e+00 2.536217047412359094e+00 1.297002095690610091e+00
1.062650666253102116e+00 2.697753883996834912e+00 2.024297843224359017e+00 2.527292063965087099e+00 1.275154012884909260e+00
1.079770524411993948e+00 2.690936356092182624e+00 2.032136278805516838e+00 2.512057975826001321e+00 1.244660676810813049e+00
1.096099061728892599e+00 2.676125994818588261e+00 2.030002326939316148e+00 2.498495814762457634e+00 1.215494670171449076e+00
1.120906429595173615e+00 2.657380333048131593e+00 2.041180184981822521e+00 2.470651321106049902e+00 1.199440277703655022e+00
1.149593818865236372e+00 2.643879827520161818e+00 2.056796949119291895e+00 2.435558653007526608e+00 1.193132498461909385e+00
1.182351950773873117e+00 2.631271303550480223e+00 2.070837064262789795e+00 2.400570286325424352e+00 1.187574925001284143e+00
1.218193717399301823e+00 2.616619357138867841e+00 2.084787989429096378e+00 2.368492369191891544e+00 1.182833394727957899e+00
1.258657186706458209e+00 2.600411338461436905e+00 2.095951106163475242e+00 2.338803308037073592e+00 1.185101226170664601e+00
1.287659633360275668e+00 2.573862490817128368e+00 2.080106982199626753e+00 2.334094549193196588e+00 1.191099073249263229e+00
1.287388446558045407e+00 2.554001841851682109e+00 2.084053099199289605e+00 2.326170103480650564e+00 1.162480905292014421e+00
1.289277816561845258e+00 2.555038774779288868e+00 2.076645135705168066e+00 2.327263017070317463e+00 1.196416132494765305e+00
1.264526167960946523e+00 2.558740725670472393e+00 2.053598656821163271e+00 2.326725860003107105e+00 1.221232682605363440e+00
1.238735007236430263e+00 2.536107368616019375e+00 2.033468766578609532e+00 2.325739162873437404e+00 1.237840351353557633e+00
1.206614894659336690e+00 2.512440521035860463e+00 2.009722125604250120e+00 2.327616671607572574e+00 1.242429449623700277e+00
