8.699999999999999956e-01 2.740000000000000213e+00 1.850000000000000089e+00 2.629999999999999893e+00 1.350000000000000089e+00
9.040806481666709971e-01 2.742577037342849522e+00 1.873591354362164729e+00 2.608594881064477899e+00 1.366532972585579264e+00
9.355870988824878109e-01 2.726001149028945747e+00 1.894287736942102729e+00 2.588263093549697302e+00 1.379406658163758737e+00
9.769025259254271454e-01 2.711241869020366124e+00 1.922197281201367014e+00 2.577346537716159514e+00 1.383348510034223988e+00
1.002395500777032433e+00 2.721079469085375901e+00 1.952352984204360098e+00 2.582072147324191658e+00 1.365708110926501462e+00
1.018195824102947178e+00 2.700204221941849170e+00 1.982289832023798493e+00 2.574633261450871125e+00 1.352766447428275454e+00
1.029863111152194755e+00 2.677817881247897880e+00 2.009461788783800884e+00 2.570482176409510267e+00 1.337244500865193864e+00
1.034439453395682440e+00 2.666760441792407565e+00 2.029204385494092211e+00 2.561449913328705641e+00 1.310845197468671453e+00
1.039240201093140303e+00 2.665182283829740761e+00 2.040769185615271208e+00 2.544467676649039500e+00 1.282188146980028698e+00
1.054723607788872641e+00 2.663293106548789257e+00 2.045238605941636312e+00 2.523726802499696831e+00 1.254683712232390613e+00
1.074436610709619488e+00 2.660289111795747896e+00 2.047955025092286885e+00 2.502086495949332079e+00 1.228078223439763583e+00
1.113463450915308073e+00 2.649587636282157099e+00 2.054187297029411496e+00 2.480123113082358888e+00 1.211178925745573620e+00
1.157337627529234414e+00 2.635374695449872906e+00 2.060457832831091185e+00 2.453686110555288291e+00 1.205407199475789115e+00
1.196496315946050659e+00 2.621323242429606459e+00 2.066224041400009703e+00 2.422102416447843520e+00 1.202818332896804288e+00
1.232430686658524399e+00 2.607444460182756441e+00 2.072385469204027331e+00 2.388326935719990551e+00 1.200996801748144271e+00
1.271345166548686567e+00 2.598787733412457612e+00 2.077945649607842338e+00 2.355578018998197631e+00 1.208649407538539666e+00
1.292770979162374712e+00 2.615063059206450991e+00 2.103455699863936879e+00 2.341163663095620517e+00 1.220763518845749074e+00
1.288246005306248110e+00 2.595426355498573034e+00 2.118224286740039375e+00 2.334319914112297667e+00 1.203746629186435602e+00
1.284169538874908589e+00 2.566721473221202920e+00 2.093386836544635976e+00 2.338636458676578656e+00 1.211167423338655791e+00
1.265995885585685210e+00 2.536331789554912230e+00 2.077784917059771086e+00 2.333768701245784172e+00 1.217507764305166607e+00
1.235138239674658633e+00 2.526552487973801053e+00 2.044245496295872933e+00 2.332852286433503508e+00 1.231846241919391405e+00
1.206614894659336690e+00 2.512440521035860463e+00 2.009722125604250120e+00 2.327616671607572574e+00 1.242429449623700277e+00
