8.699999999999999956e-01 2.740000000000000213e+00 1.850000000000000089e+00 2.629999999999999893e+00 1.350000000000000089e+00
9.030977493736275230e-01 2.731300012748482331e+00 1.857749112968241079e+00 2.604581814086740721e+00 1.365421851616599458e+00
9.297455970420296367e-01 2.711487219408152960e+00 1.862438704694175495e+00 2.576849256316992243e+00 1.373124171525019532e+00
9.484229585708150445e-01 2.719644553901375605e+00 1.894395173073720962e+00 2.558388566585901192e+00 1.369425133580252973e+00
9.616095718803767678e-01 2.730177434081619836e+00 1.922441021849740084e+00 2.555929480884676863e+00 1.348948428534193722e+00
9.778324520878813875e-01 2.720465972135458266e+00 1.954845184858166718e+00 2.549537450380612302e+00 1.334361512112498982e+00
9.988487853276833972e-01 2.703427186697562767e+00 1.986455488270301384e+00 2.546080269443863564e+00 1.326485199545493820e+00
1.023550415201102126e+00 2.687734707635391018e+00 2.017798294492505473e+00 2.543115081324089477e+00 1.318782416347699327e+00
1.050427084829376856e+00 2.681113298378318799e+00 2.043971850617858799e+00 2.542472802083783012e+00 1.299875975008939255e+00
1.063363305081276744e+00 2.671812249691426722e+00 2.053806150761020355e+00 2.530218942762898049e+00 1.272235048241154187e+00
1.071787301365772827e+00 2.657729629667080928e+00 2.056388822983061360e+00 2.512024996907149976e+00 1.246132844724222810e+00
1.085146448539136443e+00 2.640140323839855085e+00 2.064412512312399972e+00 2.494416739089630575e+00 1.222938302974838853e+00
1.108410187461554841e+00 2.619320770987830116e+00 2.079354441487203164e+00 2.475554125634697122e+00 1.209156518151951687e+00
1.139799144583306667e+00 2.598357513722761691e+00 2.095120279567430632e+00 2.455552617989465336e+00 1.206910745842021182e+00
1.174881966404419664e+00 2.578602970956076934e+00 2.108335255464458768e+00 2.435588532297736641e+00 1.211663571430418251e+00
1.210682291001913935e+00 2.559455268191038968e+00 2.118216067743411202e+00 2.415449468476010164e+00 1.220149941254003778e+00
1.244137887671746823e+00 2.538972899356736868e+00 2.122679185083531372e+00 2.393923390286334385e+00 1.229884440938523005e+00
1.271588162742906425e+00 2.513938587567489336e+00 2.122581928195614864e+00 2.371269116211317751e+00 1.227951273998463710e+00
1.268864601640530942e+00 2.504063166688689446e+00 2.106447717088599347e+00 2.360803087717048054e+00 1.205753720486197889e+00
1.253865055249570482e+00 2.509701574253582201e+00 2.077721310045369751e+00 2.350810377268934825e+00 1.225321202668277376e+00
1.229301842423350166e+00 2.513253791790039493e+00 2.043722569763613883e+00 2.338284140035646441e+00 1.232023388897007132e+00
1.206614894659336690e+00 2.512440521035860463e+00 2.009722125604250120e+00 2.327616671607572574e+00 1.242429449623700277e+00
