8.699999999999999956e-01 2.740000000000000213e+00 1.850000000000000089e+00 2.629999999999999893e+00 1.350000000000000089e+00
8.969841848864412714e-01 2.732587366648776772e+00 1.883933659740574695e+00 2.607281429441247411e+00 1.357046599533379805e+00
9.324409673200549920e-01 2.743384800122249167e+00 1.910298138779267463e+00 2.583656896766785671e+00 1.354396147379280713e+00
9.645837402915736769e-01 2.731065622649644808e+00 1.925238846640631607e+00 2.552659399816378905e+00 1.354019818844216960e+00
9.961096119824570660e-01 2.708371220203956931e+00 1.942334429665909967e+00 2.536186124809989284e+00 1.345639082869421799e+00
1.027981452531442130e+00 2.699432296596933512e+00 1.973475628728400100e+00 2.524867980621444463e+00 1.330964043938607233e+00
1.048408962685285717e+00 2.701861375585280722e+00 2.010782707540625935e+00 2.525068177177468787e+00 1.312702507042227573e+00
1.058905179970582644e+00 2.696363427503765120e+00 2.040194367567277567e+00 2.525992716785906200e+00 1.288482818513965178e+00
1.063884761700203629e+00 2.677758600751038109e+00 2.049020795240489079e+00 2.514263197920930448e+00 1.264510054379766490e+00
1.067324121681969773e+00 2.660117683660897736e+00 2.054669704488555571e+00 2.497468610949907575e+00 1.240720340553725043e+00
1.077524340016818405e+00 2.652289295347958653e+00 2.065459076185118370e+00 2.473469947086821996e+00 1.217445636191987424e+00
1.109183470280224793e+00 2.654320438919826053e+00 2.076221055473732147e+00 2.447358859636894923e+00 1.200318107842319293e+00
1.155164157050214691e+00 2.657509190714145042e+00 2.084374245844716089e+00 2.423368635097177481e+00 1.190753916971356574e+00
1.205580174328370724e+00 2.659566310214793727e+00 2.091520967389529861e+00 2.400730854201146514e+00 1.185019304460918299e+00
1.252618644492375921e+00 2.664013678348816416e+00 2.109174693694984892e+00 2.379377103637924318e+00 1.179345803991819430e+00
1.284680829216876541e+00 2.658520678139013160e+00 2.136620425014531310e+00 2.352523727637550799e+00 1.176362192670759255e+00
1.281188146503863479e+00 2.629237245063902773e+00 2.122758404889080630e+00 2.340035793178013801e+00 1.168701563745770944e+00
1.268959279556989728e+00 2.601565177338527324e+00 2.097412021298503682e+00 2.347922328934518799e+00 1.175826008322399252e+00
1.261744661424294423e+00 2.574334327807126677e+00 2.090503110828794586e+00 2.345700572935855988e+00 1.194801215266731775e+00
1.246779685193628140e+00 2.550615319912196366e+00 2.069946929575088301e+00 2.340736690250605267e+00 1.212361287543372246e+00
1.227452845753691735e+00 2.530634294782721394e+00 2.041287048007480287e+00 2.334410671147897798e+00 1.227908769706781866e+00
1.206614894659336690e+00 2.512440521035860463e+00 2.009722125604250120e+00 2.327616671607572574e+00 1.242429449623700277e+00
