8.699999999999999956e-01 2.740000000000000213e+00 1.850000000000000089e+00 2.629999999999999893e+00 1.350000000000000089e+00
9.211941872284954425e-01 2.762156952954093025e+00 1.885277865998346458e+00 2.618124169214996133e+00 1.344588653584791071e+00
9.722831151202284694e-01 2.725854666253612280e+00 1.891567493991618498e+00 2.581478133235772354e+00 1.347416324816248290e+00
9.959071995173374159e-01 2.738407923885388673e+00 1.931048597575756753e+00 2.551954497126894150e+00 1.335764046416006545e+00
1.008170250254501132e+00 2.740538721076254625e+00 1.954706798689140435e+00 2.520390837142467255e+00 1.308871932826892515e+00
1.020353740903967354e+00 2.724818052637112409e+00 1.969981891308508315e+00 2.491621040117252495e+00 1.279645337216052337e+00
1.045075648145884495e+00 2.699046333453073210e+00 1.994477630647808919e+00 2.475828117211233970e+00 1.255391720889011520e+00
1.084154281849429413e+00 2.647202576799185803e+00 2.011095342998403090e+00 2.455261203477310250e+00 1.249232302271844786e+00
1.119050406416134624e+00 2.593219242778128653e+00 2.009733101209763451e+00 2.420256948678951137e+00 1.248255422165408302e+00
1.161769986795499809e+00 2.550065342481888209e+00 2.012408747817982402e+00 2.376961674077710196e+00 1.242479232350980789e+00
1.206614894659336690e+00 2.512440521035860463e+00 2.009722125604250120e+00 2.327616671607572574e+00 1.242429449623700277e+00
