8.699999999999999956e-01 2.740000000000000213e+00 1.850000000000000089e+00 2.629999999999999893e+00 1.350000000000000089e+00
9.024554685373811225e-01 2.714255772226708885e+00 1.870516683876015662e+00 2.614592613732661608e+00 1.360912844509164943e+00
9.293209925817440542e-01 2.702157570757738991e+00 1.907517442705316535e+00 2.595269057741627527e+00 1.365235356008047685e+00
9.474124713324203473e-01 2.666683376580612386e+00 1.921256545044902841e+00 2.585871220408712645e+00 1.367335467049423769e+00
9.540945848593854750e-01 2.691053634092228197e+00 1.899312169713935239e+00 2.596195146092855843e+00 1.349883220972383668e+00
9.586035847321382475e-01 2.713471666777386382e+00 1.907065731330882308e+00 2.593056254406934436e+00 1.323123653066019090e+00
9.679897341739719385e-01 2.719150884611900132e+00 1.931109342407055340e+00 2.580885530151803664e+00 1.296134235228077802e+00
9.867732951163327160e-01 2.714225070181483623e+00 1.968050691648736583e+00 2.562418376164909084e+00 1.281633181637545471e+00
1.012263875474485264e+00 2.703267603794974328e+00 2.006001615343508515e+00 2.541990726950567048e+00 1.279132079303482161e+00
1.044657330761518121e+00 2.691175567988005390e+00 2.034776800683104625e+00 2.519323598147864551e+00 1.266372196879948619e+00
1.066231658015333039e+00 2.684746633387764980e+00 2.034275955515544521e+00 2.511854116400575876e+00 1.236381283867219683e+00
1.096370745683801662e+00 2.658175681819693104e+00 2.040895376152785268e+00 2.487638926822705265e+00 1.226880905726543958e+00
1.136865401838108580e+00 2.640251532306677085e+00 2.055403019829437294e+00 2.456600897711695097e+00 1.232723237524759208e+00
1.184809083060115231e+00 2.626793243447679504e+00 2.072007933763571508e+00 2.428880191022809498e+00 1.226927962743737055e+00
1.233069030865706850e+00 2.613304964839254563e+00 2.087627613673438631e+00 2.401740008974972085e+00 1.218769709375301602e+00
1.273699378451956576e+00 2.593054889882351777e+00 2.093330061149296206e+00 2.375143035501999567e+00 1.206085962025434277e+00
1.287691237467333716e+00 2.564711811624947657e+00 2.080516777571570941e+00 2.358105130466463972e+00 1.190078972943665381e+00
1.291381497089439279e+00 2.563243343774703309e+00 2.112191792955072422e+00 2.336010725767962981e+00 1.190069189191713006e+00
1.276347315855717035e+00 2.534193061346198927e+00 2.100001904864757574e+00 2.305706198302032828e+00 1.192961176064624151e+00
1.264492124179099175e+00 2.510854742241397375e+00 2.076260535403581908e+00 2.310594748573353119e+00 1.213072729189205390e+00
1.244706294265866431e+00 2.506423134626527549e+00 2.047580298252000386e+00 2.320637648958699728e+00 1.236570652622891009e+00
1.206614894659336690e+00 2.512440521035860463e+00 2.009722125604250120e+00 2.327616671607572574e+00 1.242429449623700277e+00
