8.699999999999999956e-01 2.740000000000000213e+00 1.850000000000000089e+00 2.629999999999999893e+00 1.350000000000000089e+00
8.965736512608578623e-01 2.726228417761761946e+00 1.847619284643763349e+00 2.606438766175493527e+00 1.327703221548698131e+00
9.549730415574746445e-01 2.712667149570756386e+00 1.857708159681941362e+00 2.588950906428703291e+00 1.331839391308759390e+00
9.790305633237872396e-01 2.701336683679218531e+00 1.877076953165074835e+00 2.580172344811419105e+00 1.354862677005518767e+00
9.961873071784279610e-01 2.681942054197907321e+00 1.908500604992701355e+00 2.565198271601365487e+00 1.364536870001716640e+00
9.965947309349225680e-01 2.703839488336913011e+00 1.929543595176991033e+00 2.586630831137284314e+00 1.356556078416308431e+00
1.008607920928902058e+00 2.717845419108540828e+00 1.957189749594651085e+00 2.581840138476365620e+00 1.336129339325183185e+00
1.027516617961350409e+00 2.717181227841074076e+00 1.984957759357249385e+00 2.560569840457424640e+00 1.316845587987165223e+00
1.047893992460259938e+00 2.706467815945926336e+00 2.007935364880540696e+00 2.535761450594240962e+00 1.298322591030786288e+00
1.063220110752509218e+00 2.691583615503412297e+00 2.023081245694708485e+00 2.513814448143279368e+00 1.276306005101420116e+00
1.070858249846642352e+00 2.678880506331322131e+00 2.028124144318560251e+00 2.497017275618770071e+00 1.249602259056664222e+00
1.079967860185357953e+00 2.662381737059539955e+00 2.010953623400157042e+00 2.483433520842684317e+00 1.226454700752308558e+00
1.113878788795184205e+00 2.667110010346058324e+00 2.017730793629070263e+00 2.479647457390349086e+00 1.243869277956413333e+00
1.151495517489143250e+00 2.666385884326276656e+00 2.038217945371343376e+00 2.456221811497250496e+00 1.228110129631989844e+00
1.185571131594645333e+00 2.648351247086026206e+00 2.055265447157043734e+00 2.425298202381881651e+00 1.220793181953589768e+00
1.218818501378146291e+00 2.630718758156014303e+00 2.071787799655882889e+00 2.390407097077864584e+00 1.219856296565606568e+00
1.252155769865073154e+00 2.614272590906329352e+00 2.087720171454616747e+00 2.354429631773978127e+00 1.218948809774611952e+00
1.283812009005308674e+00 2.591185117907542690e+00 2.094543249867013124e+00 2.325792288432925847e+00 1.211355302362147057e+00
1.293932072707836944e+00 2.565585668944420306e+00 2.070124502168662062e+00 2.320519142900009602e+00 1.199220070949042594e+00
1.278733672889559969e+00 2.551414771619906041e+00 2.031416977971828519e+00 2.319525491970118480e+00 1.207303811772821867e+00
1.255194224493264121e+00 2.526442601349495831e+00 2.013491238934792982e+00 2.318752380410069147e+00 1.223696990763953218e+00
1.206614894659336690e+00 2.512440521035860463e+00 2.009722125604250120e+00 2.327616671607572574e+00 1.242429449623700277e+00
