8.699999999999999956e-01 2.740000000000000213e+00 1.850000000000000089e+00 2.629999999999999893e+00 1.350000000000000089e+00
9.062630926985359991e-01 2.725035689206158018e+00 1.864480277120061924e+00 2.609891729640824387e+00 1.334938957486306421e+00
9.250583360907148611e-01 2.707642725385631000e+00 1.884432285721965972e+00 2.574446542168870700e+00 1.332721162571563145e+00
9.531704631474646749e-01 2.725204019548957302e+00 1.914438006500404299e+00 2.558180795046866685e+00 1.324578352439532036e+00
9.851850784679871964e-01 2.700552537856480750e+00 1.925549116710357112e+00 2.575257273920465551e+00 1.316619997533599928e+00
1.016201426121842610e+00 2.690387697608302098e+00 1.966535872964432663e+00 2.569919350522875678e+00 1.311915499016109266e+00
1.044982146818678181e+00 2.688766725563609405e+00 2.004224112541750813e+00 2.550864597508879505e+00 1.303272908429262467e+00
1.064233308831570746e+00 2.690816648227305041e+00 2.023875434017709196e+00 2.519394188607240626e+00 1.286651136261960371e+00
1.069455421513416438e+00 2.687096583745775646e+00 2.027945589592525355e+00 2.495904777373724404e+00 1.262239663853519822e+00
1.074870014355139958e+00 2.664840409597495352e+00 2.046952037948157610e+00 2.488132866814828148e+00 1.243272225835605038e+00
1.092918252253753497e+00 2.638662975835278424e+00 2.071524705367872254e+00 2.474772887530913401e+00 1.234664329168267294e+00
1.125669497915052775e+00 2.617015595301827702e+00 2.087889472574807392e+00 2.452560382933218541e+00 1.226236287558741589e+00
1.164856465779962269e+00 2.599966091851784622e+00 2.104212635216477612e+00 2.424713183694900742e+00 1.224977304686548862e+00
1.205135129392540083e+00 2.583347933627783810e+00 2.119302802748281422e+00 2.396486567532579492e+00 1.227057432652942204e+00
1.245767487734253720e+00 2.562393635164333716e+00 2.125474371306427468e+00 2.371143037480512472e+00 1.224728440383144878e+00
1.270830073165019725e+00 2.553375697214566920e+00 2.135315475919402850e+00 2.351557672729312376e+00 1.204268779373501408e+00
1.292802521636427393e+00 2.561371902352596930e+00 2.155295068534976544e+00 2.327624491847212873e+00 1.188919004187618977e+00
1.283195708567977267e+00 2.555558343654180220e+00 2.130422467625110006e+00 2.325566050536486795e+00 1.212570518334422420e+00
1.272469782000727356e+00 2.550282894568792980e+00 2.104939244490150685e+00 2.347636895689955150e+00 1.232182773257251229e+00
1.253984406372840921e+00 2.553226322920369551e+00 2.076962313601368848e+00 2.330157782699143532e+00 1.251027249738531077e+00
1.233900794466443962e+00 2.540273659416537377e+00 2.033185435579859757e+00 2.326545012224765063e+00 1.247357906010145401e+00
1.206614894659336690e+00 2.512440521035860463e+00 2.009722125604250120e+00 2.327616671607572574e+00 1.242429449623700277e+00
