8.699999999999999956e-01 2.740000000000000213e+00 1.850000000000000089e+00 2.629999999999999893e+00 1.350000000000000089e+00
9.026061958895916781e-01 2.733582244813517192e+00 1.868323452543383834e+00 2.606733838528841662e+00 1.362526669575727212e+00
9.411780520007223538e-01 2.714430257312680173e+00 1.881898027122541617e+00 2.589141652387885628e+00 1.363859078450631479e+00
9.681085260388970770e-01 2.703583487517222217e+00 1.910994524809969120e+00 2.573344810334298849e+00 1.367122705328981835e+00
9.926819376338428258e-01 2.695105460386856056e+00 1.943638298803330278e+00 2.565158169145036915e+00 1.361246356482717523e+00
1.014322331716220438e+00 2.686857639607349135e+00 1.977012200387128882e+00 2.561670488322448591e+00 1.353042181952703871e+00
1.029804980280472959e+00 2.673617178492232682e+00 2.006970360462795089e+00 2.561387294740371079e+00 1.341013929354714307e+00
1.031385278628980329e+00 2.655119746994642149e+00 2.018249533214210523e+00 2.559881420415472952e+00 1.320502038629843833e+00
1.034201941237424816e+00 2.650116734779331740e+00 2.036784803757258011e+00 2.547010200401865543e+00 1.298697250541912540e+00
1.054605081368045205e+00 2.655862856534333627e+00 2.053945873130083033e+00 2.530256719590604053e+00 1.278615778160752114e+00
1.079683904066431888e+00 2.654847084066326968e+00 2.052367936217572186e+00 2.514913035180918577e+00 1.255479951964571406e+00
1.101708277813868264e+00 2.652123473821933697e+00 2.045428414261784678e+00 2.500734170494158803e+00 1.231554008723489746e+00
1.116137470073337967e+00 2.662152424292681285e+00 2.038809615331389491e+00 2.487449255601851039e+00 1.213558966307527687e+00
1.139343747256246875e+00 2.648996523331171637e+00 2.049858430329670966e+00 2.456393241820485684e+00 1.223287986762906510e+00
1.171656444824549670e+00 2.633530951040075063e+00 2.061179882216694903e+00 2.427107201934448177e+00 1.223841815323523985e+00
1.208099126033577608e+00 2.619002502369488283e+00 2.071807958676988193e+00 2.399145774640782047e+00 1.221926892599304315e+00
1.246008714275495199e+00 2.603493548394263168e+00 2.081328363206651488e+00 2.372474554227207655e+00 1.220811390078910375e+00
1.284186010632095032e+00 2.581677528446734815e+00 2.084064984371104767e+00 2.353198832355249959e+00 1.223163328047711662e+00
1.282941661067289685e+00 2.558086307627176037e+00 2.084877315937395448e+00 2.332851510995549216e+00 1.212281114410915128e+00
1.254729819953446679e+00 2.535241113249119049e+00 2.071545166703925300e+00 2.327591034893130129e+00 1.223670985111680487e+00
1.230528446350620975e+00 2.522987323644242164e+00 2.040951841261787081e+00 2.327527301131765203e+00 1.232778193997627447e+00
1.206614894659336690e+00 2.512440521035860463e+00 2.009722125604250120e+00 2.327616671607572574e+00 1.242429449623700277e+00
