8.699999999999999956e-01 2.740000000000000213e+00 1.850000000000000089e+00 2.629999999999999893e+00 1.350000000000000089e+00
9.007844479392264070e-01 2.712301901750572952e+00 1.845592926427438663e+00 2.600430626341558860e+00 1.350840263558411802e+00
9.546058588033663472e-01 2.698089599893972235e+00 1.868919009577771906e+00 2.591347813194955663e+00 1.354291514981212918e+00
9.859779467254308205e-01 2.707343284944373707e+00 1.908140616978154513e+00 2.576730593503635536e+00 1.356267892703584055e+00
1.009490140074925435e+00 2.708103662869577821e+00 1.949925280377979853e+00 2.558306916212214954e+00 1.349084470138959047e+00
1.029653610702924160e+00 2.697670394751578993e+00 1.991728972933054509e+00 2.542164008384575347e+00 1.345400036046322079e+00
1.048897372375591441e+00 2.687439874287501418e+00 2.030320004489726049e+00 2.529075260201271824e+00 1.328990167520106791e+00
1.066831904594685243e+00 2.666548289007454109e+00 2.026256821707815181e+00 2.512410254204052507e+00 1.300967962367857833e+00
1.086334572524035647e+00 2.654309839648496538e+00 1.998772386967914150e+00 2.477520920457790155e+00 1.289395869993668287e+00
1.118836356859820969e+00 2.638822630437042349e+00 2.027384446059800727e+00 2.458856163717156207e+00 1.295162895502540712e+00
1.153694869032848569e+00 2.629229284972487868e+00 2.062336860544302652e+00 2.436173503970689325e+00 1.292187853251644869e+00
1.185673338611046734e+00 2.612389857028823315e+00 2.080043466552095044e+00 2.407733810858504686e+00 1.273008148763555614e+00
1.214470500638690886e+00 2.594680736718919523e+00 2.090737846396691690e+00 2.380120084941842684e+00 1.249013457435901531e+00
1.243450936108800420e+00 2.579275266615333351e+00 2.101395736073245146e+00 2.353564346381863182e+00 1.222617271659688809e+00
1.273136330465401755e+00 2.574981407473739825e+00 2.111867658439874340e+00 2.326598001205047339e+00 1.192202634379949888e+00
1.286995686514082582e+00 2.606940872825336264e+00 2.113256635316698606e+00 2.311698512846290576e+00 1.174700619547654146e+00
1.286271463788322134e+00 2.640566120472718215e+00 2.107425985304678395e+00 2.320178699101395292e+00 1.172670496247171901e+00
1.279424897927760041e+00 2.609432172587223597e+00 2.092326356609346849e+00 2.331308509803778684e+00 1.156391273590460234e+00
1.270246750467136199e+00 2.574537380395611308e+00 2.079659800594059860e+00 2.329591585878628468e+00 1.167346603805062610e+00
1.254819671464949105e+00 2.547960868536796486e+00 2.061571083459975640e+00 2.328917217447501908e+00 1.191220020058710416e+00
1.233010310054098557e+00 2.528784731020348175e+00 2.037743969898985874e+00 2.329338777876492017e+00 1.218001480593379426e+00
1.206614894659336690e+00 2.512440521035860463e+00 2.009722125604250120e+00 2.327616671607572574e+00 1.242429449623700277e+00
