8.699999999999999956e-01 2.740000000000000213e+00 1.850000000000000089e+00 2.629999999999999893e+00 1.350000000000000089e+00
9.003375263078684521e-01 2.749198828464749056e+00 1.881296521508194708e+00 2.606289183462119130e+00 1.349504292619709167e+00
9.308281298236625867e-01 2.751162685136815167e+00 1.913421677486256911e+00 2.582217406393803927e+00 1.345078766480695132e+00
9.685594108537181057e-01 2.747679121634889476e+00 1.943788293133435818e+00 2.560627209359240375e+00 1.345911990804403047e+00
1.007690688600750395e+00 2.741295868623033982e+00 1.977363744805395562e+00 2.547469875445169674e+00 1.346397990510996179e+00
1.038570087079884408e+00 2.729102982188630566e+00 2.011558844301731153e+00 2.539800641494822209e+00 1.337358836748688162e+00
1.050897914435139802e+00 2.710247879270608173e+00 2.036543884932206616e+00 2.529793403487657688e+00 1.319152180221110582e+00
1.053875755260564873e+00 2.699503315907405554e+00 2.055727960875826987e+00 2.511119529252126448e+00 1.296247510099736155e+00
1.055724598695570782e+00 2.699602264497830806e+00 2.068296332763722045e+00 2.488948114466302375e+00 1.271173411794327857e+00
1.057125906473210808e+00 2.688233921920827107e+00 2.069606822233394539e+00 2.473201533038280608e+00 1.244516762396610021e+00
1.063670582564012701e+00 2.662473514187642110e+00 2.066713565931305396e+00 2.469469848912229093e+00 1.223162747509024317e+00
1.086135308967986601e+00 2.642231871925499576e+00 2.077977700957243989e+00 2.463316981210212031e+00 1.201703306173367070e+00
1.125084320801052584e+00 2.637932888641932205e+00 2.095986927510334219e+00 2.445794568685894177e+00 1.184776176360642364e+00
1.171128629499617047e+00 2.640097360917563751e+00 2.109574800926128368e+00 2.422290345410746060e+00 1.173538778520970105e+00
1.219391159993120644e+00 2.644182256167151746e+00 2.122542295325049455e+00 2.397165989292290078e+00 1.166641397136491953e+00
1.269329665868399237e+00 2.647391283935870643e+00 2.130261051466727729e+00 2.369664780100637191e+00 1.164344048132869958e+00
1.287929538215763170e+00 2.629606157846194225e+00 2.098527779786306002e+00 2.354992750409832247e+00 1.164284681169507785e+00
1.284064618074684638e+00 2.601410572898780416e+00 2.088476033466438953e+00 2.361414661837418549e+00 1.181546304842207684e+00
1.265572537717522206e+00 2.595886328421944445e+00 2.061436844147268577e+00 2.352049352284641071e+00 1.202871288714178144e+00
1.247276989195833963e+00 2.569773229443919504e+00 2.043965125184202591e+00 2.344320335358090812e+00 1.218616016883203867e+00
1.226945941927585215e+00 2.541106875239889984e+00 2.026843625394226134e+00 2.335968503482831693e+00 1.230522733253452072e+00
1.206614894659336690e+00 2.512440521035860463e+00 2.009722125604250120e+00 2.327616671607572574e+00 1.242429449623700277e+00
