8.699999999999999956e-01 2.740000000000000213e+00 1.850000000000000089e+00 2.629999999999999893e+00 1.350000000000000089e+00
9.041034446006980252e-01 2.715938335972128748e+00 1.854587830521722269e+00 2.605067509639985346e+00 1.340882353352546019e+00
9.381963000091207983e-01 2.708619399513989556e+00 1.880439482385763972e+00 2.578889479569058008e+00 1.328462282072220280e+00
9.756347758643811874e-01 2.700387475416614613e+00 1.920825504072563694e+00 2.586008908776563864e+00 1.321398491425811450e+00
1.009262591849235946e+00 2.694128154366573824e+00 1.954428292343000972e+00 2.588611532811212701e+00 1.305903647211296814e+00
1.040145706873905063e+00 2.694855933814293891e+00 1.999440139479497613e+00 2.584316638837461877e+00 1.297985950420375234e+00
1.051216731672619531e+00 2.693428980613952195e+00 2.038900960207211899e+00 2.552048536188914696e+00 1.299254618914081227e+00
1.065685247097445609e+00 2.691263051887364366e+00 2.027018885582789309e+00 2.511711230003943029e+00 1.286186722500317625e+00
1.068188812722395742e+00 2.688331174640579579e+00 2.025247138508875278e+00 2.496041030918034309e+00 1.261639672515228794e+00
1.070442128138229032e+00 2.678681799194491120e+00 2.039772827185515336e+00 2.491990113585284661e+00 1.237514763563509756e+00
1.076788907307898668e+00 2.655271058869745460e+00 2.065845795206786129e+00 2.487090881011535082e+00 1.221957430504964082e+00
1.103578327358265110e+00 2.628658195671615516e+00 2.087864139564651111e+00 2.466265003685184531e+00 1.221642734194296143e+00
1.146044494890523291e+00 2.614087169612747008e+00 2.109498400245203964e+00 2.439393889661340520e+00 1.216358276459432286e+00
1.190680959330294053e+00 2.603837803836261955e+00 2.130908920642944793e+00 2.412657122318259795e+00 1.208502925141527129e+00
1.241695955162973153e+00 2.593176277443265842e+00 2.147841493887419073e+00 2.385187789247896983e+00 1.208574094327034443e+00
1.280697078805397071e+00 2.588600809079006027e+00 2.134532061833983363e+00 2.348781742166250464e+00 1.215183869184236043e+00
1.281187104323035175e+00 2.555224855864175026e+00 2.154188608553811779e+00 2.339232632425761516e+00 1.210993389234787498e+00
1.279324636140611648e+00 2.559796729469021148e+00 2.130834271219165910e+00 2.341050973015221803e+00 1.234370599833957582e+00
1.272681348107297161e+00 2.576083280397952535e+00 2.102688836239400949e+00 2.345189154679512278e+00 1.253418272652077059e+00
1.248988814115028045e+00 2.568923898186200816e+00 2.057560465529007399e+00 2.342630450626506544e+00 1.261568804206144145e+00
1.226294738562757392e+00 2.541562360655677200e+00 2.029782247015974761e+00 2.335275081204134295e+00 1.253522570810818859e+00
1.206614894659336690e+00 2.512440521035860463e+00 2.009722125604250120e+00 2.327616671607572574e+00 1.242429449623700277e+00
