8.699999999999999956e-01 2.740000000000000213e+00 1.850000000000000089e+00 2.629999999999999893e+00 1.350000000000000089e+00
9.035268431799238220e-01 2.737474757313971274e+00 1.869509025378395917e+00 2.604150290530649059e+00 1.357377423943918249e+00
9.429818521169609502e-01 2.723932638283995900e+00 1.888809731539327297e+00 2.593254205172548232e+00 1.355030560727597422e+00
9.714694507193467610e-01 2.715645464958067024e+00 1.916295071353728119e+00 2.577999194253533854e+00 1.351872523393916836e+00
9.921429721331294083e-01 2.710725891090318473e+00 1.947128402380879475e+00 2.562370983017351111e+00 1.356565653138693150e+00
1.015247495689099777e+00 2.702147314935138489e+00 1.976808711182820977e+00 2.548254842565170097e+00 1.360780867120861437e+00
1.044060183683083842e+00 2.689694735808162207e+00 1.999979175354632543e+00 2.532552205524882805e+00 1.353163373065163544e+00
1.067895611674991141e+00 2.680006903875907120e+00 2.009411401549825893e+00 2.514355957910644701e+00 1.330180785328758608e+00
1.077970537907450677e+00 2.677265847634012985e+00 2.006251151537624455e+00 2.498126547443606071e+00 1.299908796764351671e+00
1.084899340475100615e+00 2.672454294104291250e+00 2.003502565910525668e+00 2.489044148846063731e+00 1.267541016246306551e+00
1.114814174219167286e+00 2.657467444943734769e+00 2.019890560287151082e+00 2.491242833384649025e+00 1.254569547395271822e+00
1.155893380768264311e+00 2.643852223461938600e+00 2.037697284380375784e+00 2.481887029163319713e+00 1.249378887230520485e+00
1.187903369906893047e+00 2.631839106688060870e+00 2.047148363746002619e+00 2.458242159085099576e+00 1.234824972692093237e+00
1.211115528504178807e+00 2.621600832675200721e+00 2.052681592354791640e+00 2.431675097482872694e+00 1.214598681007118097e+00
1.232853566534153567e+00 2.615214717850076642e+00 2.060015378263254870e+00 2.403176724202362724e+00 1.193885421861311524e+00
1.255434113013265129e+00 2.615979196527178363e+00 2.073922117355885497e+00 2.370594082477229136e+00 1.180439759442548198e+00
1.276664399224721969e+00 2.608618353926664302e+00 2.091225608903669375e+00 2.337103811741898962e+00 1.177785017820075053e+00
1.277025381143256144e+00 2.588530481197634181e+00 2.082998632755540314e+00 2.312477852194612549e+00 1.185639161299641531e+00
1.263039533460675434e+00 2.579020396818189731e+00 2.067492548436375976e+00 2.312819757281279198e+00 1.212948749367008139e+00
1.243967869357449407e+00 2.559166889197448391e+00 2.048872767902019998e+00 2.316521829073061145e+00 1.228930161692339151e+00
1.225135202550257763e+00 2.536104660080000794e+00 2.029303657383783044e+00 2.321874133354842051e+00 1.236856465148283624e+00
1.206614894659336690e+00 2.512440521035860463e+00 2.009722125604250120e+00 2.327616671607572574e+00 1.242429449623700277e+00
