8.699999999999999956e-01 2.740000000000000213e+00 1.850000000000000089e+00 2.629999999999999893e+00 1.350000000000000089e+00
8.990826132503363377e-01 2.718248528674847897e+00 1.860960540704276633e+00 2.603865091612509453e+00 1.336050879592112883e+00
9.411740311990157704e-01 2.722037165886320942e+00 1.896954991591574213e+00 2.588155606182199975e+00 1.333513015741107255e+00
9.748310544224981777e-01 2.708340914495962259e+00 1.923776396211521522e+00 2.568611293652092176e+00 1.317665844695780741e+00
1.000755534214386788e+00 2.689610893980073136e+00 1.943119435153218610e+00 2.548342989448234785e+00 1.298051961577621816e+00
1.021603142323161073e+00 2.670292719808989190e+00 1.967738809594886229e+00 2.529859055475209395e+00 1.279422852260132970e+00
1.036635762689888329e+00 2.647635461430505543e+00 1.998420719728722705e+00 2.516872866462474878e+00 1.265874058418137826e+00
1.045497414795295343e+00 2.623780453535760948e+00 2.033817324840593965e+00 2.508109824781326047e+00 1.258164516685300605e+00
1.049262414462026838e+00 2.609822154041665065e+00 2.066336171406937261e+00 2.491783122776235260e+00 1.237913117186002276e+00
1.068477238106831928e+00 2.593155879771627870e+00 2.061463801726325595e+00 2.465069768679883033e+00 1.215575205768302025e+00
1.110258370039116871e+00 2.578156586316564969e+00 2.067061646995249635e+00 2.442087795073228484e+00 1.197535259825626808e+00
1.155031647525067928e+00 2.567580300328243581e+00 2.082672871241952439e+00 2.422123984727783341e+00 1.179280497525748261e+00
1.201589238165180262e+00 2.559697692477484132e+00 2.101788886829873082e+00 2.400070367026246210e+00 1.164219998706189418e+00
1.255367277307597007e+00 2.560872866267234649e+00 2.119686002788893742e+00 2.375090819582811985e+00 1.159984392432130473e+00
1.266545110359452941e+00 2.549751683140710767e+00 2.113845591968272153e+00 2.344575555168535885e+00 1.180770938605757880e+00
1.246392562669184745e+00 2.532019199944171906e+00 2.082113343766341274e+00 2.337387813420002125e+00 1.199930396017883538e+00
1.226503728664260606e+00 2.522229860490015962e+00 2.045917734685295475e+00 2.332502242513787571e+00 1.221179922820791797e+00
1.206614894659336690e+00 2.512440521035860463e+00 2.009722125604250120e+00 2.327616671607572574e+00 1.242429449623700277e+00
