8.699999999999999956e-01 2.740000000000000213e+00 1.850000000000000089e+00 2.629999999999999893e+00 1.350000000000000089e+00
9.155555533878122487e-01 2.734468829381200283e+00 1.871287744207478010e+00 2.614581237953736093e+00 1.358044444772576131e+00
9.550990596203157157e-01 2.710795570646645114e+00 1.874066161649235562e+00 2.591848482015857602e+00 1.360256903850546983e+00
9.762749150615179783e-01 2.695577237838279849e+00 1.900955475024488583e+00 2.568140979601891249e+00 1.362894463407650969e+00
9.970178048310385233e-01 2.688096902071732686e+00 1.936398204627142405e+00 2.557709811226760444e+00 1.360471516779005796e+00
1.014529798689291606e+00 2.679316534676422723e+00 1.972018378217623269e+00 2.552798133981326600e+00 1.353294302766814283e+00
1.031559878500794225e+00 2.671814460346348952e+00 2.006965289970301214e+00 2.547803211911910282e+00 1.343613642319102963e+00
1.048298979888131699e+00 2.682999850577808321e+00 2.030745746941194696e+00 2.536273895997005035e+00 1.324862844460729105e+00
1.059654313751140498e+00 2.711963729888088981e+00 2.033684659204159750e+00 2.522720323109754581e+00 1.307852773908132482e+00
1.070322041805812141e+00 2.710408923315308360e+00 2.036923969175514770e+00 2.512004929456820079e+00 1.280977608073059049e+00
1.076927218436973810e+00 2.678286889884032185e+00 2.040010957062550645e+00 2.513702022070854358e+00 1.264113124093525942e+00
1.094006512730440361e+00 2.649342212357922222e+00 2.047434490420444675e+00 2.510960619462724974e+00 1.246594769280797710e+00
1.113618442668826702e+00 2.626190175780810154e+00 2.052443732776081831e+00 2.489478000346660114e+00 1.229919111615207283e+00
1.139060586876301295e+00 2.619280526613340321e+00 2.053550579954660726e+00 2.452608714162027859e+00 1.217882913685322643e+00
1.183187973262329162e+00 2.613307515596204667e+00 2.062370383020279974e+00 2.423474914690936455e+00 1.211096110591781683e+00
1.226984100057603388e+00 2.608145504959254346e+00 2.073923153701696442e+00 2.393539580893680796e+00 1.208765395159120626e+00
1.262911681175956646e+00 2.586793237734725803e+00 2.081307455862269506e+00 2.369340727027384297e+00 1.200093772185315544e+00
1.278304219186379820e+00 2.555716061132432770e+00 2.086680680726047399e+00 2.365798073253545741e+00 1.184984668110935058e+00
1.282006445240766457e+00 2.523672032368818652e+00 2.066346231350598028e+00 2.359439461517349734e+00 1.192106929994481757e+00
1.275983884556852521e+00 2.501678181913443932e+00 2.045118087327479461e+00 2.346817986368476827e+00 1.208727353767243162e+00
1.250554843915214542e+00 2.497481196144608173e+00 2.026046756403408367e+00 2.339728804348936819e+00 1.231043781940176052e+00
1.206614894659336690e+00 2.512440521035860463e+00 2.009722125604250120e+00 2.327616671607572574e+00 1.242429449623700277e+00
