8.699999999999999956e-01 2.740000000000000213e+00 1.850000000000000089e+00 2.629999999999999893e+00 1.350000000000000089e+00
9.139014224167246736e-01 2.817391039803576636e+00 1.887319961295737203e+00 2.621146525934353377e+00 1.364779882711173009e+00
9.292337543627952057e-01 2.816997765648860508e+00 1.873271388459504472e+00 2.589942211889729506e+00 1.396389431391543923e+00
9.859775540047980291e-01 2.841760515107600416e+00 1.889654442124158562e+00 2.536723787151886622e+00 1.380335169995279276e+00
1.027400013726325056e+00 2.857477341962502138e+00 1.913558134299909952e+00 2.482651335979038976e+00 1.375441347077475784e+00
1.048830004274662331e+00 2.845467865723627199e+00 1.930541033801500106e+00 2.434350516038046308e+00 1.345202388333339938e+00
1.068399185340537016e+00 2.771772321792752347e+00 1.956249907399450150e+00 2.394207446397532468e+00 1.328579039423614105e+00
1.061104351345036223e+00 2.706746437760041424e+00 1.960663964849217233e+00 2.430519804608987311e+00 1.274812904291644289e+00
1.088392546235113834e+00 2.618519540246786459e+00 1.972258077187187153e+00 2.408145913042793573e+00 1.242736780665534502e+00
1.149369424015416419e+00 2.572624709525218378e+00 2.002700472157375788e+00 2.374705433120997355e+00 1.242788159392246294e+00
1.206614894659336690e+00 2.512440521035860463e+00 2.009722125604250120e+00 2.327616671607572574e+00 1.242429449623700277e+00
