8.699999999999999956e-01 2.740000000000000213e+00 1.850000000000000089e+00 2.629999999999999893e+00 1.350000000000000089e+00
8.991952882740120723e-01 2.741139897378857881e+00 1.879395724069995000e+00 2.602039508640091370e+00 1.344771641478267776e+00
9.304760175922693888e-01 2.719586295369462725e+00 1.890526828816170957e+00 2.576115230540044099e+00 1.349387193743064595e+00
9.664159708479901356e-01 2.714382065281363499e+00 1.923026446046002258e+00 2.557838815896218421e+00 1.343972333707842193e+00
9.980839914109056465e-01 2.712073062627112119e+00 1.959945959894491274e+00 2.543536403343412466e+00 1.335466284648709312e+00
1.029034990858413545e+00 2.703449652281495919e+00 1.999995022411657164e+00 2.537780230536334614e+00 1.339304588944528529e+00
1.045248987564768584e+00 2.692294160656444113e+00 2.037727819499872250e+00 2.541782256703312370e+00 1.324276159178781498e+00
1.051765203277237104e+00 2.683001021534758390e+00 2.056190780692640718e+00 2.533306335299955414e+00 1.297108707521788196e+00
1.057671824290869811e+00 2.672838817717262394e+00 2.057530912376309473e+00 2.519483241044808253e+00 1.268621119776506267e+00
1.064588301955706751e+00 2.663116450696123572e+00 2.051790086679071035e+00 2.505797658984055598e+00 1.240223923444264686e+00
1.087814550503296340e+00 2.654028962201007591e+00 2.058972481793965859e+00 2.484262048328905070e+00 1.217225415173970759e+00
1.124047577200432357e+00 2.646080017723914324e+00 2.080964982275778752e+00 2.460973566032357951e+00 1.205906968756958797e+00
1.163174702955546813e+00 2.637693508250461338e+00 2.106589051573944715e+00 2.439822094933419283e+00 1.198303354275541244e+00
1.202440571112713075e+00 2.626547991308493479e+00 2.131468442032355970e+00 2.419103034644412897e+00 1.191737811170217931e+00
1.239130432970224849e+00 2.608011576997808945e+00 2.150495421961837739e+00 2.397923502876209145e+00 1.186029627063960534e+00
1.267163396439996204e+00 2.578742101504061246e+00 2.154119017602905473e+00 2.379718926842067095e+00 1.183346139107885220e+00
1.279505252616002897e+00 2.545187956498921267e+00 2.138376282608450030e+00 2.369878974134844718e+00 1.185603799032948880e+00
1.280242616155253588e+00 2.522662786202011453e+00 2.119939272727030755e+00 2.369541431389727393e+00 1.206516380030920876e+00
1.276695421755972948e+00 2.529373097997392517e+00 2.120810400903940351e+00 2.364730127252097081e+00 1.236990390994409328e+00
1.252615190143727908e+00 2.533017069656635645e+00 2.091863240563738291e+00 2.347556227836422149e+00 1.254719637866095638e+00
1.227194031958307452e+00 2.524543860454987687e+00 2.051064550636855444e+00 2.335250877560421490e+00 1.250013618794487913e+00
1.206614894659336690e+00 2.512440521035860463e+00 2.009722125604250120e+00 2.327616671607572574e+00 1.242429449623700277e+00
