8.699999999999999956e-01 2.740000000000000213e+00 1.850000000000000089e+00 2.629999999999999893e+00 1.350000000000000089e+00
9.032485031441083168e-01 2.718475927623258848e+00 1.853522665645255474e+00 2.595669779152079748e+00 1.350298043281255911e+00
9.338563121781739973e-01 2.714415263562900194e+00 1.867056212381285052e+00 2.572267322772258780e+00 1.371565659886002653e+00
9.550280464198243058e-01 2.729099276841999711e+00 1.906861855623194879e+00 2.558980671250542294e+00 1.363997089155723597e+00
9.766933825830472760e-01 2.732619526960015310e+00 1.948385446383609665e+00 2.557375569757697420e+00 1.350186361405123048e+00
1.005042666576840382e+00 2.723001243226383039e+00 1.989960067288632839e+00 2.556308043458633605e+00 1.341606403144750104e+00
1.032473231189955598e+00 2.705004880151590907e+00 2.028378385664745487e+00 2.547576717629525422e+00 1.334265725688966064e+00
1.051145004340764189e+00 2.689343790818985447e+00 2.057743311441669665e+00 2.531811298989175452e+00 1.315435255590766239e+00
1.056926562567196859e+00 2.682243664182762721e+00 2.069611915214449205e+00 2.522769025013480437e+00 1.285555405903495929e+00
1.057389030148223386e+00 2.676671591781373483e+00 2.070784217536524086e+00 2.520060049328028295e+00 1.253735422516132347e+00
1.061101573988066704e+00 2.661045125533350486e+00 2.067485836198525995e+00 2.508439618657944514e+00 1.224607707287694414e+00
1.088306399872748687e+00 2.637962575079643823e+00 2.076168195521585602e+00 2.485312148901657636e+00 1.206884073985737382e+00
1.132085915847871771e+00 2.618095613600109672e+00 2.093401473872204654e+00 2.463768196696140667e+00 1.212719622277603992e+00
1.171542731101518076e+00 2.599136060118539149e+00 2.110865862899551804e+00 2.443248931521946776e+00 1.225869181538676411e+00
1.209223329372543398e+00 2.578479999945172629e+00 2.130035216858537694e+00 2.420790273746337373e+00 1.236411038673061569e+00
1.247059881331890052e+00 2.552503800490885322e+00 2.142012847245959417e+00 2.395948787673437330e+00 1.242500312335781398e+00
1.276593776817546821e+00 2.521513162321842749e+00 2.130809512883030887e+00 2.372865423234871596e+00 1.234419310008500581e+00
1.282047030436412438e+00 2.514191619018374180e+00 2.107320141648081346e+00 2.362276107763126465e+00 1.208285552416881181e+00
1.287019057192057003e+00 2.477165270804980501e+00 2.097000381442320815e+00 2.351435713359464330e+00 1.225121812603529037e+00
1.270476152917720203e+00 2.455785789468947211e+00 2.069575521582017519e+00 2.349080441419590937e+00 1.244659819995333594e+00
1.237472752560908829e+00 2.482985828846538734e+00 2.038409694244839976e+00 2.340002578733318739e+00 1.244791232276576398e+00
1.206614894659336690e+00 2.512440521035860463e+00 2.009722125604250120e+00 2.327616671607572574e+00 1.242429449623700277e+00
