8.699999999999999956e-01 2.740000000000000213e+00 1.850000000000000089e+00 2.629999999999999893e+00 1.350000000000000089e+00
9.215720691725868274e-01 2.742175005800615573e+00 1.886936069297783458e+00 2.606902266194181639e+00 1.350027333574483901e+00
9.813855207197138553e-01 2.716316916999501618e+00 1.900592654056245889e+00 2.565650217479267692e+00 1.358360850868764125e+00
1.004912164700488164e+00 2.751760407389131302e+00 1.937294459156534643e+00 2.565958467563682621e+00 1.349532433322256031e+00
1.012594227291198967e+00 2.746146478059430684e+00 1.969617392484403151e+00 2.527067527635375566e+00 1.323971546418966749e+00
1.024447057793584026e+00 2.690351382408936232e+00 1.976678194473488803e+00 2.490022899105885923e+00 1.308785638480686853e+00
1.035188144405202904e+00 2.689546712226558611e+00 1.989656934501281560e+00 2.484825272329907797e+00 1.264439265162898840e+00
1.068688800212640455e+00 2.644647119266434476e+00 1.996031670976740946e+00 2.466149368463783631e+00 1.239097032245400687e+00
1.107226952331525682e+00 2.593154988961660745e+00 1.995416320108063468e+00 2.429901187292769382e+00 1.252691947135753825e+00
1.155921648030763027e+00 2.551290323525515547e+00 2.003142214461571591e+00 2.379952125688670872e+00 1.248027729115500639e+00
1.206614894659336690e+00 2.512440521035860463e+00 2.009722125604250120e+00 2.327616671607572574e+00 1.242429449623700277e+00
