8.699999999999999956e-01 2.740000000000000213e+00 1.850000000000000089e+00 2.629999999999999893e+00 1.350000000000000089e+00
9.140214120807622633e-01 2.742678124294128494e+00 1.877704222463875361e+00 2.611221999857237019e+00 1.352866177470577469e+00
9.444896466700857252e-01 2.732858481331886136e+00 1.909977625592301997e+00 2.596429173623720388e+00 1.340290748224413520e+00
9.734792717523721439e-01 2.720377115797324663e+00 1.946244983617370528e+00 2.588506297841261627e+00 1.331803230856764220e+00
1.001922445700639930e+00 2.710339697548340254e+00 1.984712619593823835e+00 2.581705228426239174e+00 1.324403083599866138e+00
1.026201754374471031e+00 2.701200933908983526e+00 2.018778908905738412e+00 2.570652270050480581e+00 1.307727231049916616e+00
1.048942427190462157e+00 2.702700101994187420e+00 2.033890681720442739e+00 2.552172053834933951e+00 1.280095118272380095e+00
1.060129044646288765e+00 2.693410933283854725e+00 2.043459516115460506e+00 2.512800435257664500e+00 1.268648446701690302e+00
1.063902863200773208e+00 2.675140868660377258e+00 2.049538917922411940e+00 2.490313490135664942e+00 1.244153822588432323e+00
1.081488620594166949e+00 2.656794977096017973e+00 2.066176121700190826e+00 2.470186552857073892e+00 1.222955460241298864e+00
1.117019101865854180e+00 2.642477226821895453e+00 2.077882845917579768e+00 2.442544397390757016e+00 1.233404724694366239e+00
1.151760274127960670e+00 2.620269158973357548e+00 2.079960983436603073e+00 2.417663492523081992e+00 1.239015145552892161e+00
1.189950751032638365e+00 2.600160252460161470e+00 2.082456410415020276e+00 2.391472814755144505e+00 1.239101662964475103e+00
1.231082278586719037e+00 2.586746227943179210e+00 2.090538767474404924e+00 2.364852250315901738e+00 1.229368393059123710e+00
1.264298771710450797e+00 2.584530990918509019e+00 2.107378526165561539e+00 2.344721278799845265e+00 1.206690185945997529e+00
1.281333650580439132e+00 2.584019072683547691e+00 2.131972564592904185e+00 2.333194031908492949e+00 1.178585957247559879e+00
1.285844772634472166e+00 2.558918019935290999e+00 2.155020036754382140e+00 2.326674096597750818e+00 1.176819981757203148e+00
1.281824007452846192e+00 2.540697476803102095e+00 2.144279412188529133e+00 2.334308268975360257e+00 1.206381703560900354e+00
1.273646158903519954e+00 2.530302490919630998e+00 2.117688955671416018e+00 2.347014444414363243e+00 1.232670707713106051e+00
1.259345838678649354e+00 2.520401895281479732e+00 2.084934615568513561e+00 2.351078355771018202e+00 1.254941128319708277e+00
1.232456589055104690e+00 2.517991077026632496e+00 2.043714454329602415e+00 2.342210662381016828e+00 1.258849338928129225e+00
1.206614894659336690e+00 2.512440521035860463e+00 2.009722125604250120e+00 2.327616671607572574e+00 1.242429449623700277e+00
