8.699999999999999956e-01 2.740000000000000213e+00 1.850000000000000089e+00 2.629999999999999893e+00 1.350000000000000089e+00
9.259674050395664269e-01 2.716921854034291872e+00 1.881321366448935661e+00 2.614637933861276409e+00 1.357689578864983204e+00
9.747322043275263859e-01 2.702062232490209936e+00 1.891217498194461388e+00 2.574789211245245291e+00 1.339915122908283074e+00
1.008816231426438170e+00 2.699200737049049614e+00 1.911183097033504863e+00 2.554035526341637219e+00 1.307973069734404525e+00
1.048182452196444014e+00 2.696321463403453578e+00 1.955836885986562246e+00 2.552817015180304683e+00 1.289984122950261991e+00
1.059896752989545998e+00 2.670594479576396729e+00 2.000827992106039677e+00 2.539965165253880386e+00 1.283902060106808074e+00
1.055800040726720734e+00 2.644008357711564283e+00 2.019380150520206918e+00 2.513736776434819742e+00 1.258444341788661047e+00
1.066517083064647542e+00 2.614278390770884197e+00 2.043827796342487790e+00 2.494680419496835722e+00 1.235643495155300808e+00
1.123725412885721031e+00 2.606739111131498365e+00 2.063601861316295860e+00 2.458324874858456077e+00 1.220629958933162396e+00
1.186388881785048977e+00 2.603853729008772433e+00 2.082286988325758870e+00 2.422240476652977925e+00 1.207411662406455921e+00
1.248606564001135899e+00 2.602784545263174820e+00 2.101070578104235143e+00 2.384263413195027326e+00 1.195871292292147503e+00
1.297985331500339568e+00 2.584372161368331700e+00 2.108645871593770593e+00 2.339076722568131927e+00 1.191285910104172840e+00
1.279651608280973019e+00 2.545885209308031527e+00 2.078747501180009394e+00 2.343933670105914135e+00 1.195993418814867981e+00
1.244061448614227405e+00 2.526119921263414003e+00 2.043653245026821441e+00 2.337216807966833620e+00 1.217677712864476902e+00
1.206614894659336690e+00 2.512440521035860463e+00 2.009722125604250120e+00 2.327616671607572574e+00 1.242429449623700277e+00
