8.699999999999999956e-01 2.740000000000000213e+00 1.850000000000000089e+00 2.629999999999999893e+00 1.350000000000000089e+00
9.038565778591007849e-01 2.721587688169492036e+00 1.867106333790981676e+00 2.610095103178723619e+00 1.357261749670682693e+00
9.391289865468895881e-01 2.698865659218918189e+00 1.872778559892793071e+00 2.596297105305747088e+00 1.369619744365585090e+00
9.610702090224700900e-01 2.684235823563724921e+00 1.891769457547286981e+00 2.570324966182016002e+00 1.359711642945502508e+00
9.713679571907012367e-01 2.679218790940231631e+00 1.925110170436229673e+00 2.558653251729447131e+00 1.346123042662529246e+00
9.851441440963148999e-01 2.672330870644815448e+00 1.962228864071474010e+00 2.558492600417565654e+00 1.342674451723336659e+00
1.000045966893295724e+00 2.665663039168480797e+00 1.999494205064887620e+00 2.558559350448657455e+00 1.340880614671376314e+00
1.022989635315504575e+00 2.662844446886853511e+00 2.031383880911784345e+00 2.550258152156434033e+00 1.328016252882394888e+00
1.046081190472098355e+00 2.667611900764986554e+00 2.034738123494567841e+00 2.529379431350257779e+00 1.303114483575351201e+00
1.064990420355829581e+00 2.676102180434196676e+00 2.026041289008842394e+00 2.505950011778418585e+00 1.278527155033744700e+00
1.076907421873555037e+00 2.663903444325945280e+00 2.019497865342636089e+00 2.488350420364255466e+00 1.252417284645735318e+00
1.105618319382485559e+00 2.640731996175580409e+00 2.014502944535349283e+00 2.478729147864390470e+00 1.237082736524419246e+00
1.142524398363711446e+00 2.629330111126880087e+00 2.023030705270124852e+00 2.452265802472081369e+00 1.223766777708596987e+00
1.176918808795899274e+00 2.621393396814710730e+00 2.040004276158492669e+00 2.427231005985329038e+00 1.210143777640048990e+00
1.211478691783357986e+00 2.614023624532021639e+00 2.057382753052424906e+00 2.402341767492482738e+00 1.196582593877063116e+00
1.247752721446399482e+00 2.608689255978382970e+00 2.073467623816061867e+00 2.377093133577541817e+00 1.182890787131704924e+00
1.289774669010907981e+00 2.602960203060120659e+00 2.088074611431385286e+00 2.351728207784292479e+00 1.184010067862374616e+00
1.289612142229383362e+00 2.584462770468041182e+00 2.086084429283825425e+00 2.346260966028462125e+00 1.211905640408508233e+00
1.286626352813441176e+00 2.579224774703972933e+00 2.065597197752685688e+00 2.343880448162813934e+00 1.240030680525168627e+00
1.265181078462701336e+00 2.556729638067409827e+00 2.049206902925099882e+00 2.346594139157744063e+00 1.255615310884936164e+00
1.239211266376173848e+00 2.534359448907146373e+00 2.029904297937605850e+00 2.339001570681368047e+00 1.243373026679881477e+00
1.206614894659336690e+00 2.512440521035860463e+00 2.009722125604250120e+00 2.327616671607572574e+00 1.242429449623700277e+00
