8.699999999999999956e-01 2.740000000000000213e+00 1.850000000000000089e+00 2.629999999999999893e+00 1.350000000000000089e+00
8.950957469437079705e-01 2.728694234775890681e+00 1.869748370016858008e+00 2.614591883324483668e+00 1.362968644145406971e+00
9.212189465093133522e-01 2.723287132651480924e+00 1.894863224874338448e+00 2.600571852776389470e+00 1.372645041361006069e+00
9.544874084620947885e-01 2.718093066791053225e+00 1.919277273401636563e+00 2.584595373710528499e+00 1.373042381200751949e+00
9.843551746314759265e-01 2.712145428162744398e+00 1.945790192993477330e+00 2.576654035575651758e+00 1.365721316905422977e+00
1.005964555567974150e+00 2.702257323773070041e+00 1.972283069192444227e+00 2.574463689650947185e+00 1.354649864614474675e+00
1.020665243570898051e+00 2.688683221060621964e+00 1.997535762457208319e+00 2.571876580317596694e+00 1.342379397058215851e+00
1.032068456297280834e+00 2.674942166707017677e+00 2.021523889369595928e+00 2.565503264491965307e+00 1.328541306035024405e+00
1.044549054182061010e+00 2.664720691792739515e+00 2.040977510367330883e+00 2.554291976194066560e+00 1.310103814966100844e+00
1.059457514506257247e+00 2.659676721152649304e+00 2.051360658031735174e+00 2.540019198335489392e+00 1.287151233350988688e+00
1.075071553395091417e+00 2.657793108899984436e+00 2.052972682382484759e+00 2.525027006508144822e+00 1.262601817842588181e+00
1.087731263558579631e+00 2.654233273620778100e+00 2.046818497141467130e+00 2.509361159983526157e+00 1.238483371672592481e+00
1.099233293104987297e+00 2.644944550112269255e+00 2.035997933291010753e+00 2.488386859204216872e+00 1.218781360293077265e+00
1.124139827078816545e+00 2.633089653417999276e+00 2.033377063161378118e+00 2.458006546892861799e+00 1.209803838628932482e+00
1.159602579340126560e+00 2.622613466005669913e+00 2.041079361497020184e+00 2.429718586144630876e+00 1.211467738995822607e+00
1.197381843863521755e+00 2.610996428390767399e+00 2.051038986884651916e+00 2.405740262757144698e+00 1.217161120091818871e+00
1.234430581281977357e+00 2.597959302049548391e+00 2.061899222735835924e+00 2.383696610276901939e+00 1.223881589656019120e+00
1.269968592943872432e+00 2.586816944911185523e+00 2.076670444062809207e+00 2.360168723869576990e+00 1.226152946030196977e+00
1.288058191234115135e+00 2.566469974252941100e+00 2.069358889920554834e+00 2.337304080914625271e+00 1.230686061757522154e+00
1.260165747178228601e+00 2.550469017075327027e+00 2.046828607666869360e+00 2.335000719987392781e+00 1.223239409126419375e+00
1.232625713978930282e+00 2.531352907111533046e+00 2.027374375084551428e+00 2.331382037572093946e+00 1.231087188938313925e+00
1.206614894659336690e+00 2.512440521035860463e+00 2.009722125604250120e+00 2.327616671607572574e+00 1.242429449623700277e+00
