8.699999999999999956e-01 2.740000000000000213e+00 1.850000000000000089e+00 2.629999999999999893e+00 1.350000000000000089e+00
9.353281145403506969e-01 2.730594564429821514e+00 1.861321083021764800e+00 2.582679769716358820e+00 1.326966809731960240e+00
9.895484498866153888e-01 2.707555096743489820e+00 1.912366438325864504e+00 2.554921342087280944e+00 1.321138445318347898e+00
1.019140636469880956e+00 2.678377878324605277e+00 1.974561697382728243e+00 2.557087403223059052e+00 1.325499950850581810e+00
1.020478355507068668e+00 2.656496996906964281e+00 2.005877638364809368e+00 2.522007900545796488e+00 1.293440816745502042e+00
1.039624667782300893e+00 2.643070835651361694e+00 2.041587269142247862e+00 2.480705005310275268e+00 1.262302164401044591e+00
1.085948804472516960e+00 2.615684043958898641e+00 2.051183378626058929e+00 2.447190407841757676e+00 1.232223895805608649e+00
1.150926658832619687e+00 2.612111866548157746e+00 2.077042452683457885e+00 2.414388706865914891e+00 1.203722862495455015e+00
1.223225115720083966e+00 2.620378564682203759e+00 2.112121477089562660e+00 2.384776796027516355e+00 1.182415757256946476e+00
1.301644872979694334e+00 2.615849137558431625e+00 2.130087088091551450e+00 2.346077689476955275e+00 1.172479954864822149e+00
1.286844668750419807e+00 2.577748172565666795e+00 2.087119166871806542e+00 2.336710675797013970e+00 1.194999126483246910e+00
1.251182688188769987e+00 2.534939101438866249e+00 2.056332730256345442e+00 2.329392492638234113e+00 1.215054185916581764e+00
1.206614894659336690e+00 2.512440521035860463e+00 2.009722125604250120e+00 2.327616671607572574e+00 1.242429449623700277e+00
