8.699999999999999956e-01 2.740000000000000213e+00 1.850000000000000089e+00 2.629999999999999893e+00 1.350000000000000089e+00
9.111557432067669549e-01 2.728569843898671188e+00 1.879616657728890861e+00 2.606953068834187537e+00 1.355444350020450273e+00
9.480048063798086622e-01 2.713985070816274714e+00 1.902183878826257724e+00 2.586120999972954859e+00 1.371492808445048173e+00
9.749245013659479930e-01 2.691845511224050913e+00 1.919008626276346385e+00 2.567467131119612667e+00 1.355617080342052416e+00
9.933504911401761506e-01 2.683731808068864577e+00 1.954465839600841637e+00 2.558612904103213737e+00 1.335619151153370598e+00
1.010702080222737775e+00 2.678602751993008013e+00 1.993381015027983150e+00 2.550316328882311190e+00 1.317657014250734449e+00
1.023247743517742725e+00 2.670926905663344453e+00 2.035712029156141689e+00 2.544742078076883463e+00 1.303357712877910801e+00
1.040530256639273787e+00 2.686820637285796565e+00 2.056362149642873227e+00 2.550961667641375552e+00 1.284105565185846176e+00
1.063443551493729489e+00 2.678170051195813084e+00 2.052546983724603979e+00 2.526983156808442210e+00 1.256772845251934223e+00
1.080082667086064818e+00 2.663013974219783808e+00 2.046699719064917211e+00 2.502719329744989007e+00 1.231088522995223533e+00
1.105604608323431881e+00 2.646074174967564030e+00 2.048409507888300674e+00 2.476609225323572971e+00 1.210206524499279901e+00
1.151639046736017802e+00 2.625509793047617446e+00 2.056948446387763418e+00 2.450862007217293748e+00 1.209140419091479179e+00
1.196910951924960997e+00 2.615209838838172374e+00 2.073149157920801233e+00 2.418034985716703389e+00 1.214973250140425787e+00
1.240093032771161008e+00 2.606456508684601658e+00 2.090656680407522394e+00 2.383374126015056049e+00 1.219897382589263390e+00
1.279395394415403064e+00 2.597042642942972712e+00 2.111413563017244588e+00 2.350722301484094778e+00 1.228917682337732797e+00
1.305208210143840475e+00 2.585837181078006086e+00 2.137796484753839543e+00 2.326492180989665925e+00 1.247212494009866113e+00
1.305785966016060895e+00 2.568957048671097976e+00 2.111166983474717984e+00 2.334533545090363482e+00 1.230554791955146277e+00
1.304151066312312146e+00 2.597371687067777213e+00 2.130299388054441412e+00 2.324798258103072168e+00 1.242914394621978502e+00
1.291469440829140281e+00 2.585186890978107943e+00 2.087451111619043953e+00 2.330477208987475457e+00 1.233489980502831651e+00
1.268437685098919410e+00 2.561266096988510377e+00 2.061045510436159134e+00 2.343940093491880816e+00 1.222126620488320548e+00
1.237355361489900218e+00 2.536751905951293296e+00 2.032930454032559453e+00 2.338123096363128983e+00 1.229654961415961534e+00
1.206614894659336690e+00 2.512440521035860463e+00 2.009722125604250120e+00 2.327616671607572574e+00 1.242429449623700277e+00
