8.699999999999999956e-01 2.740000000000000213e+00 1.850000000000000089e+00 2.629999999999999893e+00 1.350000000000000089e+00
9.092489819845220866e-01 2.733294371968551850e+00 1.862555072628368613e+00 2.607137807091779447e+00 1.353972194669097018e+00
9.443707000471803781e-01 2.724196937877059632e+00 1.887571437393449791e+00 2.592766096492127303e+00 1.352375938171395342e+00
9.725914899823817628e-01 2.715289878241216037e+00 1.916469120236766743e+00 2.582394637793202552e+00 1.343870555325562099e+00
9.964846593715455114e-01 2.708187191595619936e+00 1.943327568403302230e+00 2.572340430334591144e+00 1.329225817202038584e+00
1.018156178883482532e+00 2.699716622180180270e+00 1.964963309149348580e+00 2.559938933536181516e+00 1.311536043632766990e+00
1.037235980216592246e+00 2.686272116198855198e+00 1.980562327686495205e+00 2.544870239928548106e+00 1.294091222238348049e+00
1.051899134189666407e+00 2.669329492321494079e+00 1.991993835304420424e+00 2.529833678308425426e+00 1.276780019664293109e+00
1.060902234651060816e+00 2.654505320699776849e+00 2.002137074368120384e+00 2.518257056976348274e+00 1.255442860189831089e+00
1.062705134825847830e+00 2.646360296817164670e+00 2.008178680576153674e+00 2.510977065165264310e+00 1.229303192725454297e+00
1.075466510191882552e+00 2.642333895522019027e+00 2.014194793923800297e+00 2.496602136571257180e+00 1.204668849946856080e+00
1.110755764097086207e+00 2.635082118176047761e+00 2.029648563484132584e+00 2.476936894259367250e+00 1.200807575259284388e+00
1.147305026149388230e+00 2.623379264993811688e+00 2.043509257691147774e+00 2.455763214554307794e+00 1.198798888581840583e+00
1.181608483121846298e+00 2.610810156451726982e+00 2.055378146493676006e+00 2.433885808046294397e+00 1.192950440285744484e+00
1.216320628014815108e+00 2.600522264580870324e+00 2.069210308870799153e+00 2.411608570423025899e+00 1.186391725508829875e+00
1.251119689073846075e+00 2.598555277950746145e+00 2.089701521026154030e+00 2.389038059602885067e+00 1.183524793358055271e+00
1.279479048642186090e+00 2.608098710148418320e+00 2.096681679687995459e+00 2.367590641213115799e+00 1.186206643179459119e+00
1.276669987937487205e+00 2.582945075055418371e+00 2.078574426680515952e+00 2.375451865585958000e+00 1.191039997184068167e+00
1.266836858830763690e+00 2.559881663030214582e+00 2.059697591655283322e+00 2.375510955015478487e+00 1.201461283804338809e+00
1.250504179804114546e+00 2.543316034474859766e+00 2.037566396526127033e+00 2.361898490714658738e+00 1.213770957238215153e+00
1.231014536906462675e+00 2.528561659996864552e+00 2.020647488433953143e+00 2.345694884866064811e+00 1.228961076842058242e+00
1.206614894659336690e+00 2.512440521035860463e+00 2.009722125604250120e+00 2.327616671607572574e+00 1.242429449623700277e+00
