8.699999999999999956e-01 2.740000000000000213e+00 1.850000000000000089e+00 2.629999999999999893e+00 1.350000000000000089e+00
9.112952179368543071e-01 2.714601696847814161e+00 1.858296577063673682e+00 2.606382010719229481e+00 1.371475706638103809e+00
9.359058005410245684e-01 2.709875386745693060e+00 1.876762856319308614e+00 2.563153046679136793e+00 1.364900111663389870e+00
9.681168487780067444e-01 2.715012763424311970e+00 1.918916817124995289e+00 2.564918288030231697e+00 1.350243868787065260e+00
9.998867729537456173e-01 2.711352873184473378e+00 1.957914054512871482e+00 2.556608209980884894e+00 1.327071236577057833e+00
1.026721318740138500e+00 2.698345989630614561e+00 1.997969715652848421e+00 2.539409216690107218e+00 1.311995394665720349e+00
1.044821142452693863e+00 2.679677387044005599e+00 2.033430897496185441e+00 2.511357044719279674e+00 1.302942925902571325e+00
1.059240382978269945e+00 2.668176661382096526e+00 2.040796204314529572e+00 2.492403191446916466e+00 1.263060220465515471e+00
1.079513152059199399e+00 2.652376108350524397e+00 2.052536445275845889e+00 2.486495157109500198e+00 1.219706422432600412e+00
1.121185392401364833e+00 2.628407264478277661e+00 2.070448401316214770e+00 2.467948662604960486e+00 1.199542932368542925e+00
1.166923951978034779e+00 2.608425623694150097e+00 2.091326984952764700e+00 2.441470100457435510e+00 1.193260538308521079e+00
1.212318146794663321e+00 2.590678764370947906e+00 2.113437824265012477e+00 2.413358535872758726e+00 1.189356886831618221e+00
1.256058023892386410e+00 2.583285225274724706e+00 2.137544883808728535e+00 2.382858994769248451e+00 1.198836809833795147e+00
1.285142327290542674e+00 2.547772685080510247e+00 2.147973902613442565e+00 2.360070217356986966e+00 1.206915140024832134e+00
1.287604132053816297e+00 2.499854236511703132e+00 2.139599444385483995e+00 2.356047043138497443e+00 1.196797830000468910e+00
1.282150196801898012e+00 2.498323289576349193e+00 2.123136047253791681e+00 2.345776319347287142e+00 1.154036435744258515e+00
1.287608581315746070e+00 2.532470472351427304e+00 2.131416109589475028e+00 2.350520575822566016e+00 1.125409726240758745e+00
1.292191895747512476e+00 2.560986635855994731e+00 2.127601914924452942e+00 2.371056915684146560e+00 1.158730205792159573e+00
1.285689448567597815e+00 2.559441398351526065e+00 2.110239050973738983e+00 2.377108756208276663e+00 1.204860061545302230e+00
1.268444924293031573e+00 2.545075575425136627e+00 2.083264035807993242e+00 2.371603466670401339e+00 1.242000235229932859e+00
1.238625184357185605e+00 2.525228176915974121e+00 2.046889700801155065e+00 2.351158781998937464e+00 1.250594292921079598e+00
1.206614894659336690e+00 2.512440521035860463e+00 2.009722125604250120e+00 2.327616671607572574e+00 1.242429449623700277e+00
