8.699999999999999956e-01 2.740000000000000213e+00 1.850000000000000089e+00 2.629999999999999893e+00 1.350000000000000089e+00
9.015438649475514543e-01 2.734561261693223333e+00 1.869909117402839493e+00 2.611184123194331352e+00 1.344491248107180015e+00
9.386093440050711223e-01 2.719676685256920301e+00 1.879409845063056084e+00 2.593282216335170531e+00 1.345786030230715413e+00
9.701551659695530905e-01 2.702548135477020441e+00 1.893409582819163051e+00 2.577120721017871041e+00 1.344948727235673269e+00
9.933826536644106975e-01 2.692105229926360810e+00 1.918321547973924179e+00 2.567038724921624215e+00 1.337774429752759175e+00
1.010951840935784496e+00 2.687482701285360598e+00 1.945659875384859516e+00 2.559022187777328927e+00 1.326481798947707125e+00
1.030907280997598763e+00 2.680522282974860726e+00 1.968159907183364199e+00 2.547207374125349144e+00 1.311350936409142465e+00
1.051418888668369966e+00 2.671420891173619694e+00 1.980366056954917298e+00 2.532785459785313886e+00 1.290388223271449641e+00
1.071785666579361918e+00 2.667800278746139675e+00 1.987751125851408007e+00 2.518941785300642167e+00 1.265942687904537678e+00
1.094167877759539387e+00 2.665942002639455133e+00 1.994678906788922790e+00 2.503998619407061810e+00 1.242066761320740786e+00
1.119676863475484563e+00 2.659639128388211038e+00 2.003172791680958742e+00 2.484826154594940828e+00 1.222524507159941987e+00
1.146266184865952553e+00 2.648620014176154669e+00 2.013925235053181773e+00 2.462105556028693965e+00 1.209723627363539000e+00
1.172360782921805455e+00 2.635468843815898410e+00 2.026084802994087664e+00 2.437993996723947454e+00 1.201775269894344911e+00
1.197816764012351376e+00 2.621006216688376522e+00 2.037998800264553712e+00 2.413589160811030254e+00 1.195621186937942504e+00
1.222248199327382823e+00 2.604024220425328107e+00 2.047741532350605187e+00 2.390031881542759695e+00 1.189238353562788619e+00
1.244228590793946321e+00 2.583634545389954518e+00 2.054260637487572261e+00 2.369750181793070620e+00 1.180294368557253781e+00
1.264113346853493081e+00 2.567103196911472818e+00 2.063293570621163475e+00 2.352319384417203452e+00 1.164049066736253746e+00
1.274846912574474800e+00 2.548815984994024841e+00 2.084550294779003998e+00 2.346027017183768049e+00 1.165752325480045259e+00
1.265400522163179220e+00 2.529953057788742576e+00 2.066777929352674459e+00 2.349153661583049058e+00 1.182043142966381355e+00
1.250172400500617842e+00 2.520720307967259988e+00 2.046972893608526523e+00 2.345231060639577869e+00 1.202373992143759063e+00
1.229488700627349385e+00 2.515737339633998815e+00 2.027060170178748510e+00 2.337318413914144966e+00 1.221847542427655808e+00
1.206614894659336690e+00 2.512440521035860463e+00 2.009722125604250120e+00 2.327616671607572574e+00 1.242429449623700277e+00
