8.699999999999999956e-01 2.740000000000000213e+00 1.850000000000000089e+00 2.629999999999999893e+00 1.350000000000000089e+00
9.132065769706749769e-01 2.736210410237482904e+00 1.867017081246850729e+00 2.607814928233580964e+00 1.357091397328605176e+00
9.524046188096152443e-01 2.719982367746912821e+00 1.886352592472738676e+00 2.594257692173707497e+00 1.356990169578030425e+00
9.796802940913524882e-01 2.707545245232632958e+00 1.914688055393373389e+00 2.585077658468763584e+00 1.347880553234984680e+00
9.989522246401353334e-01 2.700915759718089504e+00 1.946239175190931148e+00 2.577748839428670280e+00 1.334159901982112428e+00
1.019697204953079694e+00 2.694673203931548855e+00 1.974716731724350138e+00 2.564354480271355818e+00 1.318541601680894848e+00
1.037920769240679997e+00 2.688206745093681072e+00 1.992505366405176170e+00 2.547164743070708948e+00 1.294692606730380779e+00
1.048345206092719639e+00 2.681407682915402102e+00 2.001799770098216413e+00 2.532530754351985713e+00 1.265275903336999574e+00
1.069696233649930495e+00 2.670114660063243495e+00 2.011644672018603419e+00 2.515260093143464992e+00 1.240568844091407108e+00
1.085436938139813456e+00 2.653223395363901282e+00 2.016018438950250236e+00 2.518603120548978502e+00 1.260898440868824188e+00
1.090647048869813673e+00 2.636069891221811012e+00 2.013465801286985268e+00 2.499028472825993941e+00 1.236900018261314793e+00
1.122404720931015287e+00 2.626472417185758523e+00 2.005231637944779433e+00 2.475313245125900341e+00 1.218004431143337341e+00
1.156131621842127144e+00 2.615121136274293434e+00 2.007343868409993348e+00 2.449995754453894392e+00 1.201291074729605279e+00
1.186499692341307810e+00 2.603151947752110562e+00 2.015795518010506715e+00 2.424642739985214845e+00 1.184667991778002971e+00
1.216689063706313689e+00 2.591386181531264210e+00 2.026856605404049549e+00 2.399346847844871178e+00 1.168923932904111451e+00
1.248048505965255295e+00 2.579310676097955835e+00 2.043697366816417116e+00 2.374843157044197905e+00 1.158259146984500720e+00
1.275508012082213316e+00 2.569164531493840720e+00 2.070586613736467907e+00 2.357816414668555627e+00 1.164927934384963226e+00
1.286535763441662095e+00 2.561084535290547137e+00 2.092092743903867014e+00 2.350812238507880458e+00 1.188829121649987552e+00
1.271110632247143490e+00 2.555922275842453129e+00 2.060989106853656327e+00 2.347073357315059283e+00 1.174664485817420223e+00
1.242711107477951771e+00 2.542016586045182880e+00 2.044091352727495980e+00 2.333907919945951370e+00 1.193947053161054095e+00
1.224641294679339465e+00 2.527190218857862547e+00 2.027012145288479061e+00 2.330649761414520071e+00 1.218207269508274404e+00
1.206614894659336690e+00 2.512440521035860463e+00 2.009722125604250120e+00 2.327616671607572574e+00 1.242429449623700277e+00
