8.699999999999999956e-01 2.740000000000000213e+00 1.850000000000000089e+00 2.629999999999999893e+00 1.350000000000000089e+00
9.422719359709696985e-01 2.717846921820810113e+00 1.861043814082631531e+00 2.588222169565153052e+00 1.322269005242327156e+00
1.001739686216436054e+00 2.707762652551893634e+00 1.922585678922080543e+00 2.556843241485998064e+00 1.300957370457071827e+00
1.039222687561371927e+00 2.701171590364686459e+00 1.972785007629410448e+00 2.552961737480189619e+00 1.290279979733145233e+00
1.043118710829310736e+00 2.686629963867554149e+00 1.994571338781185865e+00 2.543705817565037997e+00 1.281481737452982994e+00
1.038045801285121472e+00 2.664983705407564241e+00 2.014417039030416134e+00 2.523411841286870683e+00 1.263356530536616340e+00
1.052081585377229400e+00 2.647477129708499799e+00 2.036331109175758769e+00 2.497667946710826925e+00 1.243229980992342387e+00
1.102275114397251343e+00 2.630283239089476588e+00 2.073428432936501586e+00 2.464045327786998474e+00 1.224051292476091790e+00
1.142247891924136116e+00 2.625244436158512329e+00 2.094058046838646714e+00 2.444621828691599941e+00 1.216746100769510397e+00
1.156575510999570344e+00 2.623437134141967775e+00 2.100603980754069067e+00 2.437285740594681283e+00 1.214295522019253726e+00
1.290215625242325359e+00 2.600623087334680950e+00 2.151247181962983479e+00 2.362149951011727200e+00 1.195341607442786724e+00
1.291918405525556590e+00 2.590272464993738755e+00 2.137435122649416819e+00 2.348392700915466591e+00 1.198927487041311801e+00
1.278888703634051716e+00 2.571279570637136302e+00 2.107674211600254921e+00 2.331921556496078907e+00 1.206453247315954380e+00
1.263320318862123148e+00 2.559324192138667353e+00 2.088162319306247294e+00 2.330019002825895136e+00 1.212780405520451410e+00
1.206614894659336690e+00 2.512440521035860463e+00 2.009722125604250120e+00 2.327616671607572574e+00 1.242429449623700277e+00
