8.699999999999999956e-01 2.740000000000000213e+00 1.850000000000000089e+00 2.629999999999999893e+00 1.350000000000000089e+00
9.111721055358966703e-01 2.723335812517893029e+00 1.871857919115959445e+00 2.616084579171385815e+00 1.345632974686761907e+00
9.526910336754974562e-01 2.716781969170829036e+00 1.898202866066087457e+00 2.598253614233836828e+00 1.350678237685824845e+00
9.723687429141018024e-01 2.710364714380349760e+00 1.925109117381360591e+00 2.579517002412173188e+00 1.366219585075507226e+00
9.925974924076221839e-01 2.702596961055830693e+00 1.961830020948631237e+00 2.571038176750875870e+00 1.361937392293612881e+00
1.009852310568164269e+00 2.687880167379389729e+00 1.992782656469583635e+00 2.567200784804597902e+00 1.349362844904224534e+00
1.021933742873775586e+00 2.666285841639807419e+00 2.019415571403094578e+00 2.565531347737262102e+00 1.337844739478952105e+00
1.032168594593313227e+00 2.647476303096614192e+00 2.036008783228024477e+00 2.559322669789555693e+00 1.317754346104224705e+00
1.047491103354377895e+00 2.643384820096002397e+00 2.042695205040564232e+00 2.546069341096179439e+00 1.291952222935577987e+00
1.068276869177863686e+00 2.650062203418183771e+00 2.048228824539844339e+00 2.530025272536213787e+00 1.267541489731435433e+00
1.096562581745279985e+00 2.654986164797279891e+00 2.056879789193894137e+00 2.506875993070451614e+00 1.247143536854703472e+00
1.114317667713769167e+00 2.655433595902421562e+00 2.048976088529577577e+00 2.497568766398333473e+00 1.221175783900520395e+00
1.110633541299986149e+00 2.644695657890339557e+00 2.017919624983560034e+00 2.492602214690281315e+00 1.205465511481068175e+00
1.127275833802407146e+00 2.624782301961898767e+00 2.003020106620807983e+00 2.464090627058797445e+00 1.210095765468879092e+00
1.163766571121066740e+00 2.613700320608663308e+00 2.015836715167114601e+00 2.435274967263923784e+00 1.218915370489319860e+00
1.202318464717472057e+00 2.604921389753580119e+00 2.032983861698951955e+00 2.408044652025886467e+00 1.227581825034277374e+00
1.237835152124751925e+00 2.595525549498730822e+00 2.053031676517480530e+00 2.380609030322230701e+00 1.234877397673497912e+00
1.272950187751775042e+00 2.591451639748823421e+00 2.079269636167730528e+00 2.357656530910786419e+00 1.242354513319388953e+00
1.276869975966603121e+00 2.572407194706813893e+00 2.100914868008382452e+00 2.335237738675585373e+00 1.241709700635494240e+00
1.253794815899659021e+00 2.549691741020874147e+00 2.073323906915766290e+00 2.332312681701851353e+00 1.242751273035421766e+00
1.230204855279497744e+00 2.531066131028367305e+00 2.041523016260008205e+00 2.329964676654711742e+00 1.242590361329561022e+00
1.206614894659336690e+00 2.512440521035860463e+00 2.009722125604250120e+00 2.327616671607572574e+00 1.242429449623700277e+00
