8.699999999999999956e-01 2.740000000000000213e+00 1.850000000000000089e+00 2.629999999999999893e+00 1.350000000000000089e+00
8.877804729950389273e-01 2.731403663101127588e+00 1.865198582924067594e+00 2.603394976512124259e+00 1.331764797528620425e+00
9.130792976240492687e-01 2.721435405182773604e+00 1.877954001257261751e+00 2.571735916748525863e+00 1.324746764410454691e+00
9.456858424690912646e-01 2.723415166965006851e+00 1.899763810051368740e+00 2.549793059332343237e+00 1.335788581852014545e+00
9.792289256149985244e-01 2.724237683912605235e+00 1.931530577027686268e+00 2.541463732588622904e+00 1.339747740743425730e+00
1.008798101408570069e+00 2.715665259206407001e+00 1.963832963520436348e+00 2.540694003552060654e+00 1.333615712824556043e+00
1.032251441335152009e+00 2.707893580705530212e+00 1.994414026776022641e+00 2.538100656377673126e+00 1.318303221114770940e+00
1.048083315153026440e+00 2.705754482004879780e+00 2.023427985605573021e+00 2.527032749401024958e+00 1.298772266981675916e+00
1.056538105340122380e+00 2.703500269077427021e+00 2.048045007666215778e+00 2.509591976450725959e+00 1.276681789690405688e+00
1.059852843104884812e+00 2.692859903856443804e+00 2.061659442240143747e+00 2.492032818075208933e+00 1.250792295494705275e+00
1.066788077671585899e+00 2.674058516545861686e+00 2.066256925183526327e+00 2.477667431811508614e+00 1.226704025967029432e+00
1.091848534477371402e+00 2.656963236897819325e+00 2.076329302426864309e+00 2.460715117569777899e+00 1.208208952439984385e+00
1.132467722138551736e+00 2.646318123791431720e+00 2.090186743126407620e+00 2.443036895831639299e+00 1.197050195013223073e+00
1.177402753852706097e+00 2.636387845776559047e+00 2.101842658229615690e+00 2.426085679969995024e+00 1.187739306917929172e+00
1.220953273194971267e+00 2.627038711229145562e+00 2.113332786222455795e+00 2.407196882677202776e+00 1.177901270002691181e+00
1.261167100083500081e+00 2.626993847990192421e+00 2.123547178596612461e+00 2.382618393341893626e+00 1.166620725379960311e+00
1.287777503583998895e+00 2.617100944566894682e+00 2.114121890907586732e+00 2.355560276314575319e+00 1.175975724761494590e+00
1.281061325776879034e+00 2.596049958665301638e+00 2.100108043096216459e+00 2.354522717784802044e+00 1.198138376135577055e+00
1.271755091191998144e+00 2.572727111346202467e+00 2.076328388223818600e+00 2.353104917474168278e+00 1.209095109944066104e+00
1.257697817054038270e+00 2.549992475373529022e+00 2.052065723896386196e+00 2.347951553715687201e+00 1.218061883524935718e+00
1.236373184388358304e+00 2.529053987810487403e+00 2.030868267118830950e+00 2.338881840809894364e+00 1.230045765538948954e+00
1.206614894659336690e+00 2.512440521035860463e+00 2.009722125604250120e+00 2.327616671607572574e+00 1.242429449623700277e+00
