8.699999999999999956e-01 2.740000000000000213e+00 1.850000000000000089e+00 2.629999999999999893e+00 1.350000000000000089e+00
9.087455796648099549e-01 2.727416557687463161e+00 1.868189765667692015e+00 2.611374641079564185e+00 1.359961476007558234e+00
9.477895186962325136e-01 2.712586095439652123e+00 1.880374771270363343e+00 2.585995266672284298e+00 1.364518304624607881e+00
9.832760557414382818e-01 2.708880941774376439e+00 1.909047018675348095e+00 2.580259780212233789e+00 1.369381835384582580e+00
1.003722844577487949e+00 2.704116553159707337e+00 1.943697098522380928e+00 2.578956307404141945e+00 1.365665986668040510e+00
1.019509180526401826e+00 2.699078395393455398e+00 1.975226425343806547e+00 2.570467390737466662e+00 1.351138405858903102e+00
1.036421309496022403e+00 2.692112261979954013e+00 2.001990857994835338e+00 2.555067083267687611e+00 1.332763700275864771e+00
1.056257163440212921e+00 2.673535715956175896e+00 2.021315032113697896e+00 2.533089070996209280e+00 1.321808057773705691e+00
1.071182338851604632e+00 2.644733718038354109e+00 2.019120286172125578e+00 2.513160196024261328e+00 1.319418260294841438e+00
1.084077420006346326e+00 2.629139100758413505e+00 2.004838614991431456e+00 2.498349501435969344e+00 1.295892079535276853e+00
1.104748144514757557e+00 2.644336850556201046e+00 2.009896803150105882e+00 2.477052969456050580e+00 1.273247865041401194e+00
1.130547110615550688e+00 2.651344462336424179e+00 2.031627539443642494e+00 2.454822239956139907e+00 1.257083231516797683e+00
1.166009482353588922e+00 2.651386979987961023e+00 2.042328642492127866e+00 2.425995574826670165e+00 1.240509707649006588e+00
1.198115690860170002e+00 2.645315743608878112e+00 2.056185890947294315e+00 2.396753844155781188e+00 1.225253453668104120e+00
1.226374272304125990e+00 2.637138039789028277e+00 2.071910035259715510e+00 2.369481694991750764e+00 1.208170756194855144e+00
1.254361480066994883e+00 2.627755048947162830e+00 2.086352001015775226e+00 2.342522590792906367e+00 1.190328808637552749e+00
1.277531063482780782e+00 2.605172489059076835e+00 2.088561415037598401e+00 2.319592750325768282e+00 1.176992302998315809e+00
1.282150526169462568e+00 2.573795650209123487e+00 2.074984170494874380e+00 2.313616163453563246e+00 1.175148619541868333e+00
1.276708226202493801e+00 2.542311363109483136e+00 2.061773627776824380e+00 2.316403149502582526e+00 1.172468733903386573e+00
1.256447242537301445e+00 2.519477149311501130e+00 2.047801197772592285e+00 2.322027074224923826e+00 1.190301719830854976e+00
1.231679827021602724e+00 2.519419762659812267e+00 2.032199373930706265e+00 2.323526321691240959e+00 1.219209458453936357e+00
1.206614894659336690e+00 2.512440521035860463e+00 2.009722125604250120e+00 2.327616671607572574e+00 1.242429449623700277e+00
