8.699999999999999956e-01 2.740000000000000213e+00 1.850000000000000089e+00 2.629999999999999893e+00 1.350000000000000089e+00
9.341617796345151881e-01 2.771949494234990041e+00 1.882313954670235434e+00 2.603150649040314235e+00 1.359237909234662034e+00
9.777549581360135411e-01 2.718622583773554702e+00 1.883393649606391884e+00 2.566442777668982433e+00 1.358695058012225232e+00
9.981963684732377828e-01 2.701385764981881543e+00 1.939197470966122161e+00 2.571402984091775146e+00 1.355371445345600945e+00
1.021079414869676016e+00 2.725346892955587741e+00 1.981697220508837010e+00 2.547755421485321747e+00 1.330702024710516351e+00
1.035442457797455473e+00 2.737444420692328073e+00 2.004335843391915173e+00 2.515142773922984798e+00 1.291392033386755456e+00
1.052680636620413557e+00 2.702498118598698706e+00 2.016636163997234110e+00 2.498063310179014618e+00 1.251612092899368367e+00
1.083333619861570618e+00 2.663127401064721678e+00 2.048007527169595665e+00 2.457665384823811472e+00 1.238004870107216382e+00
1.142811898601319376e+00 2.618198143301440517e+00 2.069342211167601420e+00 2.430485295972047322e+00 1.227031014580407975e+00
1.213256518365287029e+00 2.592319750106009568e+00 2.063981299807091663e+00 2.386177207377925935e+00 1.211705942424839089e+00
1.249468925448239398e+00 2.551752029946413813e+00 2.038266212983101511e+00 2.339213470349133850e+00 1.214978312196565380e+00
1.206614894659336690e+00 2.512440521035860463e+00 2.009722125604250120e+00 2.327616671607572574e+00 1.242429449623700277e+00
