8.699999999999999956e-01 2.740000000000000213e+00 1.850000000000000089e+00 2.629999999999999893e+00 1.350000000000000089e+00
9.055057114228343140e-01 2.713632729019291201e+00 1.861750099942660608e+00 2.618377426825248211e+00 1.346223863215973093e+00
9.400824976744991401e-01 2.697184116724011815e+00 1.884563941021395905e+00 2.604583493032188724e+00 1.339675175813893615e+00
9.710268866546892808e-01 2.690624276443192020e+00 1.912736694089718359e+00 2.588241643340215337e+00 1.332935221520518132e+00
9.975774054392333445e-01 2.689685441337641869e+00 1.942541737471056296e+00 2.571283988195796955e+00 1.324962587723545138e+00
1.020147323142972517e+00 2.689884969190701636e+00 1.971671095842293608e+00 2.555455047212990660e+00 1.313164967041217102e+00
1.038430382515935779e+00 2.687645587250036883e+00 1.996920863637532406e+00 2.542463830988473728e+00 1.295493641318060662e+00
1.051729399801338838e+00 2.680890289266817827e+00 2.014967847902504161e+00 2.533472234820470348e+00 1.272754223940554930e+00
1.061163335367512950e+00 2.669101903737591819e+00 2.026696811845507984e+00 2.526740659794689314e+00 1.248331454573086141e+00
1.074962090130750614e+00 2.646440787804498207e+00 2.026038209399125822e+00 2.506734538318906136e+00 1.231922312655643115e+00
1.111247512921440306e+00 2.640481743291496208e+00 2.023251435329863845e+00 2.479800239353164404e+00 1.218309625044818212e+00
1.147852353420229843e+00 2.647702828767020566e+00 2.036674656347777557e+00 2.461788432033967133e+00 1.202294096591628003e+00
1.184202919800023679e+00 2.657133323397041114e+00 2.056572022027534530e+00 2.442566059919923926e+00 1.191750033459636926e+00
1.221995814153331139e+00 2.661919864330657859e+00 2.077335866761481853e+00 2.422056236766208848e+00 1.182500264660793832e+00
1.260475369427976000e+00 2.650351743042834940e+00 2.094941009545728150e+00 2.401729349177375461e+00 1.174106064146780426e+00
1.283794991442429145e+00 2.619500758935629392e+00 2.101907789779192459e+00 2.385468299418242566e+00 1.174706990567118137e+00
1.283005255861118910e+00 2.583696703703120878e+00 2.098971772109034628e+00 2.375001460628288985e+00 1.178708840265936031e+00
1.280062047897887467e+00 2.547681933894063722e+00 2.089853944205938063e+00 2.369994278546074362e+00 1.179548754844596425e+00
1.270372834114084748e+00 2.518030883980275192e+00 2.071863072852653254e+00 2.357498028385835553e+00 1.185461215117959988e+00
1.251756444830764980e+00 2.503302464932654292e+00 2.048436508603504347e+00 2.343910498615424665e+00 1.200591444908093886e+00
1.229190959640090508e+00 2.504001907198529775e+00 2.027296236940145935e+00 2.334324794741817310e+00 1.220893339288924517e+00
1.206614894659336690e+00 2.512440521035860463e+00 2.009722125604250120e+00 2.327616671607572574e+00 1.242429449623700277e+00
