8.699999999999999956e-01 2.740000000000000213e+00 1.850000000000000089e+00 2.629999999999999893e+00 1.350000000000000089e+00
9.139320182895075417e-01 2.725031598411840505e+00 1.876259410066631883e+00 2.613685713015633905e+00 1.355338347115824016e+00
9.625214835997177865e-01 2.700374899201176238e+00 1.867949764034683158e+00 2.603086503009344188e+00 1.351452276546897924e+00
9.700254180056521180e-01 2.692492668660956046e+00 1.894531531972763583e+00 2.585540222754695527e+00 1.327834524436006802e+00
9.847465145530305275e-01 2.680600726427301073e+00 1.934675922992257435e+00 2.575704997165918719e+00 1.322229067862034535e+00
1.006716411965525637e+00 2.670604816509597690e+00 1.974552110024450080e+00 2.565325545938844432e+00 1.325150723597429137e+00
1.036757516299409598e+00 2.671407804580036238e+00 2.012430425573168424e+00 2.549097541469785178e+00 1.322446911195807928e+00
1.066557259977827909e+00 2.687658028094491947e+00 2.029628027237733612e+00 2.529514720586873544e+00 1.301992755113342559e+00
1.078438174475742972e+00 2.692663255306845471e+00 2.025460512216277209e+00 2.512941176530347764e+00 1.269132225970470706e+00
1.073932046039835386e+00 2.664975164445948064e+00 2.021281295541947021e+00 2.508188358781770155e+00 1.245832546960496945e+00
1.078590513177396959e+00 2.636298546873705462e+00 2.015868873573927189e+00 2.507587245022817601e+00 1.258655615112102444e+00
1.110602136117696537e+00 2.622964459575812146e+00 2.012237475444376145e+00 2.480638349070624749e+00 1.236880562391598160e+00
1.148346696683680834e+00 2.621351014066370944e+00 2.021438496114775774e+00 2.446912380355656502e+00 1.219466621745729729e+00
1.191907276391457327e+00 2.629062658897391103e+00 2.035910865424219285e+00 2.415235116321348130e+00 1.208039533967395496e+00
1.241305997183077769e+00 2.631645091465982134e+00 2.049892253719049151e+00 2.384595598849965636e+00 1.200174584924658561e+00
1.275154015018790110e+00 2.611941737355614190e+00 2.067658851186280788e+00 2.360467832830031920e+00 1.188461086706823044e+00
1.284305512111742820e+00 2.615412992394581693e+00 2.099665957528262350e+00 2.360115101280074512e+00 1.163922078136985006e+00
1.287477532321082530e+00 2.591128126737762827e+00 2.083045340548884461e+00 2.355749999966630703e+00 1.187144133691626635e+00
1.288367855751611835e+00 2.556014510478695989e+00 2.083707739764224076e+00 2.338644646484007161e+00 1.195602846036095901e+00
1.267628586125968404e+00 2.559372900819739005e+00 2.045234268886188200e+00 2.330612279421357069e+00 1.206136183769804804e+00
1.242537727136734604e+00 2.538159611025423867e+00 2.026351503107807428e+00 2.325525310015915892e+00 1.228245818650571142e+00
1.206614894659336690e+00 2.512440521035860463e+00 2.009722125604250120e+00 2.327616671607572574e+00 1.242429449623700277e+00
