8.699999999999999956e-01 2.740000000000000213e+00 1.850000000000000089e+00 2.629999999999999893e+00 1.350000000000000089e+00
9.007100598863784224e-01 2.722614369436286097e+00 1.850119280999262372e+00 2.602819576501802956e+00 1.352702709094453892e+00
9.283963929725161934e-01 2.715377708829473047e+00 1.867465570959936150e+00 2.584812522199646523e+00 1.336640629487179099e+00
9.434171055806186423e-01 2.711242518582187344e+00 1.896314082718042249e+00 2.569194101893018889e+00 1.323410221979865797e+00
9.648097729743981832e-01 2.702974859708366928e+00 1.916381405316714748e+00 2.547540640975853865e+00 1.324112137712194937e+00
9.796395281673532240e-01 2.694283512878615561e+00 1.933276175437910860e+00 2.537318231831646731e+00 1.302052309048516987e+00
9.944692833603082649e-01 2.685592166048864193e+00 1.950170945559107194e+00 2.527095822687439153e+00 1.279992480384838816e+00
1.009308535290311726e+00 2.676897196355139119e+00 1.967069142204169951e+00 2.516870684755979415e+00 1.257937146236900894e+00
1.024913320379059023e+00 2.667918060705577243e+00 1.984213593486047866e+00 2.506441048919858083e+00 1.236319576533159381e+00
1.048193938295825189e+00 2.656358516128941361e+00 2.003734982809779908e+00 2.493925014440742327e+00 1.219205827872764214e+00
1.080910967026265768e+00 2.645956158633485433e+00 2.025132351008008591e+00 2.477991402240858676e+00 1.208294181257426603e+00
1.119100515057442236e+00 2.640556611165543188e+00 2.046513350968266476e+00 2.458924926984025205e+00 1.201067988733229175e+00
1.158671463708282889e+00 2.639857461292673069e+00 2.066778306638273666e+00 2.437787390342871952e+00 1.194838095725772931e+00
1.198583799488132762e+00 2.642245635254187430e+00 2.085615264205207708e+00 2.415048817107384949e+00 1.189772476650222233e+00
1.239453336974332354e+00 2.646828349974422512e+00 2.100326300378039690e+00 2.389924891165019272e+00 1.185701430974540171e+00
1.280114734639761664e+00 2.640633633408891789e+00 2.104674113412192682e+00 2.361720992658232099e+00 1.181483438427248123e+00
1.300464802030548928e+00 2.615082695139001157e+00 2.100786404876239466e+00 2.345377370458598065e+00 1.182780842479518313e+00
1.292088475618543564e+00 2.593252085124603479e+00 2.077337403845118668e+00 2.347314216937448350e+00 1.191065137593680712e+00
1.268719108448528088e+00 2.581503059778217590e+00 2.052212313508652297e+00 2.343251355851918571e+00 1.205562201054783955e+00
1.246917294661566977e+00 2.559834588187682503e+00 2.036556522235723587e+00 2.337915473630511443e+00 1.218505885683212053e+00
1.226766094660451722e+00 2.536137554611771261e+00 2.023139323919986854e+00 2.332766072619042230e+00 1.230467667653456276e+00
1.206614894659336690e+00 2.512440521035860463e+00 2.009722125604250120e+00 2.327616671607572574e+00 1.242429449623700277e+00
