8.699999999999999956e-01 2.740000000000000213e+00 1.850000000000000089e+00 2.629999999999999893e+00 1.350000000000000089e+00
9.126689872808365633e-01 2.727342321976168993e+00 1.862412958409721320e+00 2.618531556137572380e+00 1.360070768658772966e+00
9.506310127701463886e-01 2.724930605079861401e+00 1.884641243947591915e+00 2.602901574801958162e+00 1.354601706026534957e+00
9.681198461296479651e-01 2.710646887070019773e+00 1.909424956640856319e+00 2.584415952010720829e+00 1.351520971122511128e+00
9.852835266877433273e-01 2.693939373197329346e+00 1.933598623865955490e+00 2.568472963063066938e+00 1.347480734255192214e+00
1.005279973987484032e+00 2.683080786026975417e+00 1.959621757022766086e+00 2.554361506226117573e+00 1.339083343638271195e+00
1.026435371941259556e+00 2.675349547469441092e+00 1.986542595304088499e+00 2.541161394638971061e+00 1.329759710886981416e+00
1.051252071430279766e+00 2.669367511302578322e+00 2.011247419631086331e+00 2.528007683088702162e+00 1.317940419943318231e+00
1.080729295619131891e+00 2.661969891473870309e+00 2.026959042332338701e+00 2.513569609234609370e+00 1.301382179495919722e+00
1.108705518788065003e+00 2.649274416527086284e+00 2.031747995182881183e+00 2.497732895550731413e+00 1.283063454561938599e+00
1.121337444978057984e+00 2.628828528019712341e+00 2.021359756331548851e+00 2.476568279866672384e+00 1.286361874863765298e+00
1.149311199218033597e+00 2.619414880399775214e+00 2.027231920148134137e+00 2.442028457687762888e+00 1.293326828337763024e+00
1.173389981815679661e+00 2.608040448456055316e+00 2.031724596882980460e+00 2.417645653145132467e+00 1.276264626760355014e+00
1.195849299509796237e+00 2.596885608394035927e+00 2.035655609698534541e+00 2.395232603303981023e+00 1.257592535360730235e+00
1.218001431339045926e+00 2.586435116000906920e+00 2.039567322039896435e+00 2.373199162332643386e+00 1.238387336297193553e+00
1.240830438606553621e+00 2.578423778688454515e+00 2.044065334168641002e+00 2.350404787666953599e+00 1.218901375247802177e+00
1.264858015175021055e+00 2.579301327449222025e+00 2.050823150770198389e+00 2.326543137906050163e+00 1.199569315238632639e+00
1.278320688165524244e+00 2.597411549174336809e+00 2.062640599857747503e+00 2.319022646413213540e+00 1.193217029812203567e+00
1.272448707190908301e+00 2.568865075437742007e+00 2.059616721269004636e+00 2.330151758150606600e+00 1.201319564826274222e+00
1.255219356887024240e+00 2.545536693946327311e+00 2.046373925932603477e+00 2.328992396217186567e+00 1.214167487592973993e+00
1.231837061886289497e+00 2.526794490484392863e+00 2.029453298508198777e+00 2.327781097219159712e+00 1.227853868013488281e+00
1.206614894659336690e+00 2.512440521035860463e+00 2.009722125604250120e+00 2.327616671607572574e+00 1.242429449623700277e+00
