8.699999999999999956e-01 2.740000000000000213e+00 1.850000000000000089e+00 2.629999999999999893e+00 1.350000000000000089e+00
8.944611418731085450e-01 2.729601518260047044e+00 1.868208015182414305e+00 2.590159136433615394e+00 1.345713786297284553e+00
9.240982666369093046e-01 2.724255527090720719e+00 1.879185641830305897e+00 2.566021847095228736e+00 1.321397006272118091e+00
9.317769617594884313e-01 2.731395424992415499e+00 1.880219535858734803e+00 2.558194718387514222e+00 1.288552765768236963e+00
9.593493311804213164e-01 2.748060341230383230e+00 1.902965069397173137e+00 2.555801912078170535e+00 1.264160389384569649e+00
9.939329163582700799e-01 2.736953736246883651e+00 1.922014943807563547e+00 2.546245105279544951e+00 1.239590884352202993e+00
1.013857902246610321e+00 2.712888404895270611e+00 1.944422746505539257e+00 2.532267610682663150e+00 1.220204689530831166e+00
1.029897838680924549e+00 2.683984724717630499e+00 1.968699519609655280e+00 2.514414617449424405e+00 1.208758884810186451e+00
1.046460608646547996e+00 2.653371804145952861e+00 1.982851691252076165e+00 2.494093272237879244e+00 1.196950499906986876e+00
1.077124695737202265e+00 2.634049668755500395e+00 2.001572432091540676e+00 2.467605567476162332e+00 1.183503359244558517e+00
1.118951901124175530e+00 2.630708033699926673e+00 2.028294882021517420e+00 2.440659755059307656e+00 1.173040435072780996e+00
1.163946543372983200e+00 2.634505725521576469e+00 2.057726053060192406e+00 2.415788090647930542e+00 1.165389920808282298e+00
1.210135329440185981e+00 2.643945076487121515e+00 2.088605169516594806e+00 2.394797300062243117e+00 1.159062355009408574e+00
1.251015739412251193e+00 2.660399986561941876e+00 2.124430754734226934e+00 2.379743477660504425e+00 1.156007741387530929e+00
1.294407937522391805e+00 2.651215224920960178e+00 2.138382848593564312e+00 2.354839168434833763e+00 1.163380351514141875e+00
1.294549836427430378e+00 2.622212460377864929e+00 2.109581575082701388e+00 2.348961929560181794e+00 1.179302344201253572e+00
1.287109086500004773e+00 2.593793146544072670e+00 2.087483476460758602e+00 2.340784272229682106e+00 1.198399917791132419e+00
1.263587809011747609e+00 2.565595117931222635e+00 2.065406689724280653e+00 2.333615050649064049e+00 1.214690454217391524e+00
1.235101351835542038e+00 2.539017819483541771e+00 2.037564407664265609e+00 2.330615861128318311e+00 1.228559951920545901e+00
1.206614894659336690e+00 2.512440521035860463e+00 2.009722125604250120e+00 2.327616671607572574e+00 1.242429449623700277e+00
