8.699999999999999956e-01 2.740000000000000213e+00 1.850000000000000089e+00 2.629999999999999893e+00 1.350000000000000089e+00
9.074681963324944256e-01 2.727371416291623163e+00 1.868928837224844708e+00 2.608835357399196031e+00 1.356262940758200530e+00
9.459392853491881414e-01 2.734703823684010882e+00 1.893735118412112728e+00 2.591183967090527673e+00 1.358670194536106157e+00
9.674811237121450080e-01 2.720578048726721931e+00 1.918932606250990380e+00 2.569972935933335645e+00 1.367354402977398076e+00
9.905633601845736935e-01 2.708211693755904648e+00 1.949033194045384443e+00 2.552388452411872066e+00 1.368944141936540682e+00
1.017833403911404755e+00 2.696943556980302859e+00 1.981159042323326958e+00 2.542920550941381919e+00 1.370425420032691521e+00
1.047973672735542650e+00 2.682568563077230017e+00 2.005666882500046100e+00 2.530769221627489074e+00 1.358534823076866571e+00
1.068988105639142594e+00 2.670245321959227702e+00 2.014134915566079265e+00 2.515869614070584070e+00 1.332293680818511294e+00
1.079974369316477389e+00 2.656891056756932823e+00 2.018537420605341470e+00 2.505134923721740847e+00 1.302476670121415436e+00
1.107485142234478026e+00 2.646385226656409628e+00 2.041725790723103451e+00 2.501978526708724893e+00 1.284594981745831976e+00
1.110537299225991426e+00 2.630775167462632957e+00 2.029683908502446954e+00 2.478688867661153150e+00 1.262423913831766775e+00
1.124959982383372026e+00 2.607080772181650019e+00 2.028970218320181651e+00 2.455402681311879221e+00 1.247766653870572284e+00
1.153538796703956537e+00 2.587223239751711645e+00 2.038774346170671770e+00 2.434186257471058656e+00 1.234325004140671478e+00
1.184731034677315664e+00 2.572809803160079234e+00 2.049493146928202503e+00 2.414397613295122369e+00 1.215745970476267201e+00
1.216693730232105253e+00 2.559465178353634407e+00 2.061662842722973288e+00 2.394356346779676681e+00 1.197610061763371148e+00
1.251688025784684744e+00 2.554462689790669039e+00 2.082567101909034157e+00 2.373858428028970735e+00 1.183736882070546725e+00
1.277174045050987861e+00 2.579176982944514140e+00 2.093088130932696522e+00 2.353445305774771956e+00 1.184351103232092361e+00
1.283229598451492981e+00 2.560978424783985741e+00 2.085611663191307752e+00 2.339355674669775009e+00 1.161034510853125479e+00
1.277974368697542218e+00 2.530916070387029482e+00 2.074624750016810459e+00 2.333369088790156365e+00 1.172341288337693133e+00
1.264615456144062344e+00 2.515947498653295256e+00 2.051279087180328364e+00 2.331969143422402801e+00 1.194647090278907253e+00
1.239468945696533098e+00 2.512224086931112321e+00 2.026368929066235669e+00 2.332493809124887907e+00 1.217350505410786266e+00
1.206614894659336690e+00 2.512440521035860463e+00 2.009722125604250120e+00 2.327616671607572574e+00 1.242429449623700277e+00
