8.699999999999999956e-01 2.740000000000000213e+00 1.850000000000000089e+00 2.629999999999999893e+00 1.350000000000000089e+00
9.049440594478121991e-01 2.734572121897175023e+00 1.871390303174569114e+00 2.622585208755945807e+00 1.366531956734776454e+00
9.382270372381961154e-01 2.730600453568997832e+00 1.898828801539151456e+00 2.602689405551720458e+00 1.366804092891287237e+00
9.704225231480118063e-01 2.727335045008994818e+00 1.929254668998946265e+00 2.592498157029570205e+00 1.356484001399997030e+00
9.972269584117476882e-01 2.718432754145279517e+00 1.957903569673237421e+00 2.585874639064674962e+00 1.341940847813840598e+00
1.018756354907907724e+00 2.705365784766601056e+00 1.982277057010473298e+00 2.576523057344442424e+00 1.325290576056282532e+00
1.036077054252437346e+00 2.690922863182096059e+00 1.999502827411979045e+00 2.562930842486494054e+00 1.306235669722122017e+00
1.049739792156403784e+00 2.677575746577018023e+00 2.009283723970885394e+00 2.546975452091875258e+00 1.284674176264570589e+00
1.060532913731681903e+00 2.668002928603371959e+00 2.016656513683645624e+00 2.530616980372446534e+00 1.260938827919957816e+00
1.069796251062100856e+00 2.664667320815874874e+00 2.027436436173014389e+00 2.513852306826694694e+00 1.236429741064494214e+00
1.086837345253405918e+00 2.664201918636051047e+00 2.044932040246446814e+00 2.494358338567640221e+00 1.215921801979360284e+00
1.116446414035974222e+00 2.662101753470912602e+00 2.065528361002702873e+00 2.471995515720299075e+00 1.203772417673638850e+00
1.153515556219158578e+00 2.658126701863762431e+00 2.083976109491849193e+00 2.448579731114983282e+00 1.198732717643943513e+00
1.192959521531658629e+00 2.655097310194607374e+00 2.100171498984826357e+00 2.424598686278606863e+00 1.196073848322229072e+00
1.233269933877853219e+00 2.650422567038884125e+00 2.114488792817221796e+00 2.400739486134184197e+00 1.193405472902282272e+00
1.266864948030044458e+00 2.633445055352805486e+00 2.127719281344957913e+00 2.380320972464672558e+00 1.192339192613934840e+00
1.278251941545662129e+00 2.621961149611972797e+00 2.143827949545854317e+00 2.359827917666854180e+00 1.208642888659484882e+00
1.272595874332590693e+00 2.596517262794197922e+00 2.121156851483438910e+00 2.350660264318295667e+00 1.215160170390079841e+00
1.262880319306617594e+00 2.572603387826090771e+00 2.094142253537939258e+00 2.343872597414114356e+00 1.219013662676716292e+00
1.246907111106691612e+00 2.552591706117728787e+00 2.065199342533019955e+00 2.336497722770230823e+00 1.226838307028100372e+00
1.226643842730234191e+00 2.534404673902082905e+00 2.036386564748305261e+00 2.330274518020616803e+00 1.236258965641165997e+00
1.206614894659336690e+00 2.512440521035860463e+00 2.009722125604250120e+00 2.327616671607572574e+00 1.242429449623700277e+00
