8.699999999999999956e-01 2.740000000000000213e+00 1.850000000000000089e+00 2.629999999999999893e+00 1.350000000000000089e+00
9.085071114647276236e-01 2.723865099143548907e+00 1.876115677360746359e+00 2.599971569679157213e+00 1.359138594811259759e+00
9.480042765719736142e-01 2.700470623876353393e+00 1.894249794701916567e+00 2.573947909788379729e+00 1.366131730399880784e+00
9.769492114617741585e-01 2.688800523597519199e+00 1.934463755388907691e+00 2.553296272225000774e+00 1.353781070480383653e+00
9.961338538911769236e-01 2.679216344168342978e+00 1.968290317100136466e+00 2.536765484581195995e+00 1.331159389110445401e+00
1.014993887886487478e+00 2.667746176374062195e+00 2.001612402715097438e+00 2.528044686333944746e+00 1.307256999760657346e+00
1.031964168705799434e+00 2.673715879381944660e+00 2.045214066467758052e+00 2.536402412357077196e+00 1.287657127724389117e+00
1.046625003225510886e+00 2.672259781713498761e+00 2.046719237974300665e+00 2.521816549961135578e+00 1.256434315487661157e+00
1.064486789655283872e+00 2.664732454351189439e+00 2.046793248297047896e+00 2.504276421196229840e+00 1.226772599642205197e+00
1.103401943416186359e+00 2.649344625858148117e+00 2.058107128344377923e+00 2.481584995951098715e+00 1.206947599603297006e+00
1.152261250254845715e+00 2.638583619181606110e+00 2.084903201948546503e+00 2.452861458238671855e+00 1.202559707876417416e+00
1.198059227882517064e+00 2.616917219052298016e+00 2.100207698092682929e+00 2.425713238028885499e+00 1.203634996879281216e+00
1.245922957590561264e+00 2.597631588459107022e+00 2.117911502118429379e+00 2.397702970035258119e+00 1.204116748105191315e+00
1.293633223751203598e+00 2.601077059226092114e+00 2.146382997796845160e+00 2.367583460659751449e+00 1.208208095187003561e+00
1.306106785027579154e+00 2.632297000804364462e+00 2.168225008749312899e+00 2.356606314586151996e+00 1.214437127228645608e+00
1.305300424613967003e+00 2.668368938990601347e+00 2.183965035319479053e+00 2.349628819054266238e+00 1.222353603352267726e+00
1.301913247318072120e+00 2.647038724452694947e+00 2.167488871980479015e+00 2.337316177785829119e+00 1.226443109164948808e+00
1.301228751676072992e+00 2.610873024710480994e+00 2.146542788965520643e+00 2.329563072978547922e+00 1.226639216306003588e+00
1.301158535646907755e+00 2.578060425873643702e+00 2.124989919410202432e+00 2.318394801191146826e+00 1.234622072275958438e+00
1.274241436489569779e+00 2.567345444207919325e+00 2.072593405289523627e+00 2.326812939189049523e+00 1.237710681639824006e+00
1.241536681805160747e+00 2.542387950691800125e+00 2.036308295554722925e+00 2.327818352590279360e+00 1.244259310188073009e+00
1.206614894659336690e+00 2.512440521035860463e+00 2.009722125604250120e+00 2.327616671607572574e+00 1.242429449623700277e+00
