8.699999999999999956e-01 2.740000000000000213e+00 1.850000000000000089e+00 2.629999999999999893e+00 1.350000000000000089e+00
9.161697099923290510e-01 2.725599283882530699e+00 1.874156550383354825e+00 2.609069863440856007e+00 1.350861172445188663e+00
9.624627648649993761e-01 2.716752999543892599e+00 1.895618356163374818e+00 2.594953847070130770e+00 1.367771888095773658e+00
9.713320060294965419e-01 2.706464058588657018e+00 1.928403053486872798e+00 2.572021151807944328e+00 1.354753515647909579e+00
9.861332182695897730e-01 2.698219989601120528e+00 1.955910549958602473e+00 2.547231209203801860e+00 1.333411059475136495e+00
1.010292495875272589e+00 2.691613459996746727e+00 1.970712577366062090e+00 2.518702741806278844e+00 1.320317273106100808e+00
1.002871577104530232e+00 2.699885449147452654e+00 1.945575245189215652e+00 2.535145497300143269e+00 1.337665329760988620e+00
1.030411404509259166e+00 2.709457001256197373e+00 1.980697316958332177e+00 2.539232096249394832e+00 1.325030906907643802e+00
1.050834851113685353e+00 2.703843051166461731e+00 2.014989855168053623e+00 2.535194047391743588e+00 1.305891962074905210e+00
1.069324015100417080e+00 2.685941673106300165e+00 2.041802361819172074e+00 2.527964889762449374e+00 1.286304673834493650e+00
1.076269339489645427e+00 2.657904604593174902e+00 2.042709158304810479e+00 2.501314206888510139e+00 1.269839002428150954e+00
1.076013550811027342e+00 2.651478900628803093e+00 2.028537880645393088e+00 2.481414845311368467e+00 1.238184307668586781e+00
1.112695068041545277e+00 2.634319243446743730e+00 2.031609190742938331e+00 2.479106805401948943e+00 1.211689038959725462e+00
1.152219973595554947e+00 2.632190561672213658e+00 2.041870442822321774e+00 2.434202036910792177e+00 1.205690196298567551e+00
1.199069351904787917e+00 2.630568116630626285e+00 2.066546295566279667e+00 2.405618487025129593e+00 1.203909690223997631e+00
1.246117832892237098e+00 2.628950245970185229e+00 2.091612996194838203e+00 2.377508903539678808e+00 1.202232173067740106e+00
1.277379725418409606e+00 2.606261852697408621e+00 2.106055717685052731e+00 2.348851330855334041e+00 1.194026881164427900e+00
1.286053872966160805e+00 2.573935451593047041e+00 2.105698431239949819e+00 2.327322858629286895e+00 1.182557916678027787e+00
1.277930000098249197e+00 2.554898628152547868e+00 2.086550168085906876e+00 2.291468349738675414e+00 1.186241126864551854e+00
1.266572945234998526e+00 2.531891097793948830e+00 2.062412796712622232e+00 2.315900150093698429e+00 1.197741700461770753e+00
1.235957148344596579e+00 2.519518301863110654e+00 2.037967944682365751e+00 2.317391323558602778e+00 1.220761975539086386e+00
1.206614894659336690e+00 2.512440521035860463e+00 2.009722125604250120e+00 2.327616671607572574e+00 1.242429449623700277e+00
