8.699999999999999956e-01 2.740000000000000213e+00 1.850000000000000089e+00 2.629999999999999893e+00 1.350000000000000089e+00
9.101435303520041264e-01 2.738318687239312155e+00 1.869857583264089573e+00 2.603542684572499155e+00 1.357496831657878822e+00
9.268462132732423475e-01 2.715883572374296673e+00 1.868872001799770644e+00 2.578342690378138347e+00 1.344671032694478630e+00
9.474334891288781479e-01 2.695976417093112421e+00 1.890184683204408467e+00 2.561535747208036895e+00 1.336529379436029785e+00
9.557526496244443948e-01 2.707928740818817293e+00 1.907189890174570079e+00 2.528954159714198457e+00 1.323510909334850716e+00
9.726554622366585523e-01 2.706340903425607181e+00 1.932992043314527564e+00 2.511416626643255601e+00 1.301316253929995170e+00
9.921307676342057125e-01 2.698948957160971496e+00 1.960467430842388170e+00 2.502843171129094380e+00 1.279089187893500679e+00
1.011872818732566515e+00 2.691377104240894713e+00 1.987935170972515708e+00 2.494552942442684884e+00 1.256926115907835984e+00
1.033771728038268334e+00 2.682799102764116039e+00 2.015218093245990438e+00 2.487593732405698699e+00 1.235334594098849825e+00
1.070342009510750092e+00 2.680217905665677858e+00 2.035411388024379598e+00 2.463928883497784827e+00 1.221316676070326235e+00
1.115369136779750692e+00 2.682010563811654258e+00 2.052717656779175837e+00 2.442273058976016209e+00 1.209746838352087517e+00
1.162522462323706263e+00 2.684876652231499961e+00 2.069530463259238839e+00 2.422435242605287975e+00 1.198389831781512704e+00
1.209799012425979203e+00 2.685207228222798559e+00 2.084983905155878947e+00 2.403060624962135350e+00 1.185215859944359851e+00
1.252380008796300848e+00 2.677841669926105617e+00 2.096716629637866092e+00 2.380379266782435277e+00 1.170619756912872678e+00
1.278379050535607853e+00 2.656941078520601796e+00 2.101808829846484095e+00 2.352793330767655622e+00 1.166871655935969088e+00
1.286895973527636627e+00 2.627473089062914546e+00 2.103970535161378663e+00 2.339363812998797254e+00 1.177495766232989904e+00
1.285383439196398303e+00 2.600508309481242897e+00 2.102141691052937578e+00 2.335297169080908120e+00 1.195464250256881522e+00
1.273894376126135652e+00 2.577357036920851385e+00 2.073290489672577230e+00 2.330449129207964987e+00 1.199597204080547597e+00
1.256724959001846331e+00 2.551854650989402007e+00 2.050537550026933165e+00 2.327298466815278299e+00 1.207517555571388401e+00
1.233109628926175816e+00 2.529075059741888509e+00 2.030349372213095638e+00 2.326028720484225598e+00 1.221948943428446066e+00
1.206614894659336690e+00 2.512440521035860463e+00 2.009722125604250120e+00 2.327616671607572574e+00 1.242429449623700277e+00
