8.699999999999999956e-01 2.740000000000000213e+00 1.850000000000000089e+00 2.629999999999999893e+00 1.350000000000000089e+00
9.114242963297837230e-01 2.741463184756173899e+00 1.892472989851038401e+00 2.593561089088934235e+00 1.343784249286275712e+00
9.599548584337682655e-01 2.755631370706278283e+00 1.937726083696223123e+00 2.591911941890731264e+00 1.328818436822414073e+00
1.006685284377402123e+00 2.726480963549397618e+00 1.967611966462595730e+00 2.573283029418852230e+00 1.313659526791508325e+00
1.041423914650010829e+00 2.689779807905212650e+00 1.991037671263091280e+00 2.550786997024265812e+00 1.296976022015805974e+00
1.050618237701343549e+00 2.650809383159554500e+00 2.007240271759334949e+00 2.532311778999750018e+00 1.272238012123898532e+00
1.053448959929733864e+00 2.625121470863396755e+00 2.017820713612552996e+00 2.503436062293487474e+00 1.240503585651864693e+00
1.079001587810788365e+00 2.613597129288576681e+00 2.034052799220595897e+00 2.468507950095805370e+00 1.209730624094797147e+00
1.130629963079073264e+00 2.611108552130931404e+00 2.059607148858065617e+00 2.437445108248371017e+00 1.186995728539071093e+00
1.193901959251799871e+00 2.612220131670814904e+00 2.089490476354479043e+00 2.410553006740372872e+00 1.171571936084341292e+00
1.258861812037372463e+00 2.600854057312409928e+00 2.120269525052441928e+00 2.383384373257552369e+00 1.162949763504111056e+00
1.287611145158832127e+00 2.565569065023017181e+00 2.115636751392479198e+00 2.356317496017731106e+00 1.181838792570564012e+00
1.280768035048270637e+00 2.549528442810856887e+00 2.108310893152238741e+00 2.344019709729227685e+00 1.220761365067648763e+00
1.245511984827719854e+00 2.528751484938283056e+00 2.062015805327976459e+00 2.335181934952792471e+00 1.236778809962460146e+00
1.206614894659336690e+00 2.512440521035860463e+00 2.009722125604250120e+00 2.327616671607572574e+00 1.242429449623700277e+00
