8.699999999999999956e-01 2.740000000000000213e+00 1.850000000000000089e+00 2.629999999999999893e+00 1.350000000000000089e+00
9.082694020834385373e-01 2.727711125983862228e+00 1.866758595552046929e+00 2.594605745719297474e+00 1.338457783979951188e+00
9.537438257045343093e-01 2.731174908446635907e+00 1.891656905840554570e+00 2.562725486224280758e+00 1.330039948930442861e+00
9.691517690340289981e-01 2.714434456544856378e+00 1.906066954916200817e+00 2.549888760382140518e+00 1.301026186991704359e+00
9.690261913776707647e-01 2.696141869921445888e+00 1.894054356052023991e+00 2.555744525538289569e+00 1.270176855690234197e+00
9.980696001667728190e-01 2.688693799896043402e+00 1.921891820449456167e+00 2.539974823011300842e+00 1.246329149385080770e+00
1.021104878336147381e+00 2.671870446138745692e+00 1.953416995447732507e+00 2.520680116415999539e+00 1.227441233990439251e+00
1.051746126895406919e+00 2.653003730817599326e+00 1.986730012491412012e+00 2.497569402010924478e+00 1.219216393482353000e+00
1.081198089858351752e+00 2.660039559733298198e+00 2.028003764902631900e+00 2.481668121225515389e+00 1.205212140379387842e+00
1.124250730664595466e+00 2.656464390728690894e+00 2.060926100661124583e+00 2.456748486801645370e+00 1.194988981415861629e+00
1.168926232019245059e+00 2.650804066349192301e+00 2.091942391294608683e+00 2.430598335163642432e+00 1.185624918933272154e+00
1.213646831268199833e+00 2.645074803411304298e+00 2.122891462316597533e+00 2.404412082939387574e+00 1.176290855445037975e+00
1.260846040535542167e+00 2.647951471998619244e+00 2.145280204321170281e+00 2.375238810560652336e+00 1.163559960306816743e+00
1.288781420984509207e+00 2.679862376267290180e+00 2.142299189616630795e+00 2.357478790336149377e+00 1.157356747139881792e+00
1.291878810017190293e+00 2.645582269695450961e+00 2.143760384264171037e+00 2.351295003211875567e+00 1.171629712408130741e+00
1.291789029192775828e+00 2.609384945940756317e+00 2.124218265981332010e+00 2.344077202987145281e+00 1.176949655818448903e+00
1.277489650537888988e+00 2.575744822201641249e+00 2.097906299927625895e+00 2.345022355001666003e+00 1.180780400520224038e+00
1.255949515904139835e+00 2.550955125295157888e+00 2.067785267301575747e+00 2.341648802142876296e+00 1.198233461660594523e+00
1.231282205281738262e+00 2.531697823165508954e+00 2.038753696452912934e+00 2.334632736875224435e+00 1.220331455642147400e+00
1.206614894659336690e+00 2.512440521035860463e+00 2.009722125604250120e+00 2.327616671607572574e+00 1.242429449623700277e+00
