8.699999999999999956e-01 2.740000000000000213e+00 1.850000000000000089e+00 2.629999999999999893e+00 1.350000000000000089e+00
9.133696112953861856e-01 2.725888051355986441e+00 1.861420849671127753e+00 2.609163148378029540e+00 1.352369060262163192e+00
9.436429472544221042e-01 2.710471888857407308e+00 1.868790291152968130e+00 2.583073186885489037e+00 1.341135365487610809e+00
9.661699759189780190e-01 2.696564697882192885e+00 1.883318810756626105e+00 2.565694491332457527e+00 1.322375058373161494e+00
9.870969627583010553e-01 2.687017565960915455e+00 1.915890238674994084e+00 2.554405552719489325e+00 1.310048669827178935e+00
1.005634034768262852e+00 2.680149242857579495e+00 1.954698987994287096e+00 2.541698238482447803e+00 1.311440768742491381e+00
1.025442632637179496e+00 2.670041926064304239e+00 1.988071770171105923e+00 2.524179160743148742e+00 1.303897561876610434e+00
1.043296669744880445e+00 2.662404249347837926e+00 2.006022351376104407e+00 2.513028474128344403e+00 1.280845308081537182e+00
1.058469279590826373e+00 2.657147126587808383e+00 2.016645040226146435e+00 2.509561237221501706e+00 1.253846075476966027e+00
1.079722933193945966e+00 2.650445445481298457e+00 2.030502932115699988e+00 2.501601607410134598e+00 1.229241420955152320e+00
1.108439187516206292e+00 2.644371893224131131e+00 2.046895924691140678e+00 2.482756913265906196e+00 1.210142681495631090e+00
1.140063694360673008e+00 2.641542450585765422e+00 2.061427014950393932e+00 2.455906619394034873e+00 1.195242526303166297e+00
1.172517627406866936e+00 2.641963716411420027e+00 2.073270429773241386e+00 2.425015097081203663e+00 1.182960405484825284e+00
1.206731618776290205e+00 2.645551774582400206e+00 2.084560820157085992e+00 2.392020569791675211e+00 1.175181999209571337e+00
1.243228572373195728e+00 2.650058979605112164e+00 2.100215160214890187e+00 2.360559671526864189e+00 1.176089279131047105e+00
1.278036371898183310e+00 2.642755048894945169e+00 2.122651043827831430e+00 2.337342267378232030e+00 1.184150769952482918e+00
1.292669406049660852e+00 2.614167651458469521e+00 2.122654895118353036e+00 2.327880104395195549e+00 1.182880345542265843e+00
1.293245917634161080e+00 2.593762130129569243e+00 2.095156508122821837e+00 2.321261733603511956e+00 1.194730759997848724e+00
1.284227662093570199e+00 2.572076112790561364e+00 2.078467987093536529e+00 2.322175144412936820e+00 1.212229225962536683e+00
1.265585023100205930e+00 2.549684058894785998e+00 2.055822768857637595e+00 2.320676797199208163e+00 1.222905867966746607e+00
1.237401688726493143e+00 2.529676088805452139e+00 2.030859849609396584e+00 2.319780275155682858e+00 1.229908513266674941e+00
1.206614894659336690e+00 2.512440521035860463e+00 2.009722125604250120e+00 2.327616671607572574e+00 1.242429449623700277e+00
