8.699999999999999956e-01 2.740000000000000213e+00 1.850000000000000089e+00 2.629999999999999893e+00 1.350000000000000089e+00
9.086730430114039470e-01 2.731896891627575652e+00 1.871514957707738347e+00 2.608173899870875889e+00 1.350062574801842219e+00
9.370689053567907711e-01 2.736477913211250890e+00 1.896557447522253748e+00 2.581873958560647164e+00 1.349986895519834640e+00
9.604647365868619335e-01 2.739677639939776199e+00 1.929829827340149517e+00 2.569207752770988673e+00 1.341417658703782712e+00
9.824072954060310003e-01 2.730764081620768557e+00 1.963434726423902488e+00 2.563859258204243652e+00 1.331479089214513190e+00
1.003591454163657914e+00 2.714429484735441545e+00 1.994559113031376452e+00 2.560380319156275508e+00 1.322845071571841169e+00
1.023116041263009146e+00 2.699800868449368174e+00 2.028831887015519975e+00 2.555659548773259626e+00 1.321932374159904278e+00
1.032206953123548931e+00 2.691525847838593055e+00 2.056171893920360372e+00 2.531688571707499058e+00 1.332104580859111653e+00
1.037985238417663103e+00 2.687102092216444582e+00 2.049700410036718434e+00 2.514002855605041997e+00 1.308065627127299901e+00
1.049503655090511023e+00 2.682318771040895999e+00 2.050565044792049818e+00 2.510916882063131794e+00 1.277765162016893496e+00
1.061726512726478999e+00 2.672768571270816462e+00 2.055731416587660565e+00 2.505378847816013721e+00 1.249080844402627788e+00
1.068843959985664505e+00 2.653308446514330843e+00 2.050370196435090442e+00 2.494834823905229371e+00 1.224888391801351117e+00
1.090858461209841312e+00 2.628114738775547909e+00 2.046153471543792790e+00 2.475621783315665958e+00 1.212603438748932616e+00
1.126076643881892103e+00 2.606274033219008857e+00 2.052727085404620677e+00 2.454140749124206433e+00 1.209133809787657166e+00
1.163359783666610081e+00 2.586645142726592184e+00 2.064767332826039858e+00 2.433569236479633968e+00 1.207561028951648741e+00
1.202309710325435876e+00 2.569881622136859001e+00 2.079907938250761923e+00 2.413466345877704367e+00 1.204742696114251110e+00
1.243752372757558566e+00 2.561275552708474734e+00 2.095003800554105844e+00 2.393956882229526517e+00 1.193756257739582161e+00
1.284233141533482225e+00 2.561176931747995322e+00 2.117647428968497891e+00 2.377537518423106455e+00 1.195643698844192970e+00
1.270306046111434606e+00 2.545322758949407405e+00 2.104438783609624330e+00 2.366774982126554239e+00 1.218474003051126742e+00
1.247378973289724247e+00 2.531180595231113717e+00 2.073592320432375846e+00 2.352222416253540782e+00 1.220769340268306635e+00
1.226991188520324627e+00 2.521811946259973070e+00 2.041667112912158188e+00 2.339911116394339796e+00 1.231609522084528674e+00
1.206614894659336690e+00 2.512440521035860463e+00 2.009722125604250120e+00 2.327616671607572574e+00 1.242429449623700277e+00
