8.699999999999999956e-01 2.740000000000000213e+00 1.850000000000000089e+00 2.629999999999999893e+00 1.350000000000000089e+00
9.070358159422888811e-01 2.733586731317008578e+00 1.878526431539465413e+00 2.617765206645206177e+00 1.353921881303248087e+00
9.472480553655788782e-01 2.713389078936397247e+00 1.881104620966728813e+00 2.602703772745731392e+00 1.352734426871852413e+00
9.687537209210568268e-01 2.695460759947766238e+00 1.904196395174964307e+00 2.582266929912386821e+00 1.351082739839423841e+00
9.879006697767727108e-01 2.683261212200147572e+00 1.937297428155912771e+00 2.568275507280941561e+00 1.349232546540467759e+00
1.009170370574959286e+00 2.675950440525398655e+00 1.972071628030634294e+00 2.556909738476004890e+00 1.343184022042293480e+00
1.029436451160466115e+00 2.669900994706514208e+00 1.998075738916576638e+00 2.544796976867627070e+00 1.326235504653216379e+00
1.047043186006215709e+00 2.666133705036964230e+00 2.010753856529607031e+00 2.531651775065147714e+00 1.302619316457569232e+00
1.064045207922856617e+00 2.665096857518895579e+00 2.016553809450984058e+00 2.517669660432986678e+00 1.277518404683344988e+00
1.083583529635792519e+00 2.675185995548179374e+00 2.017434707154518225e+00 2.503235310757652154e+00 1.256656930430343211e+00
1.097161860521481014e+00 2.647194065929475482e+00 2.020651663077607907e+00 2.492550373621002180e+00 1.250799024453724373e+00
1.118378476641606944e+00 2.636309475423789905e+00 2.023751740653003672e+00 2.476595850208655580e+00 1.229168062294153208e+00
1.146970840135018488e+00 2.638412536559691546e+00 2.028876113774592760e+00 2.451962620923907821e+00 1.211269820734976133e+00
1.180775803423773418e+00 2.644070125612639544e+00 2.038410119553391908e+00 2.422675515219430142e+00 1.201731868584589469e+00
1.217914358128978636e+00 2.644728651617575199e+00 2.054707547847580251e+00 2.395492951694064399e+00 1.195866686568244353e+00
1.251573466446401550e+00 2.637103662848948815e+00 2.075579894202763231e+00 2.371837017913042800e+00 1.189680693953889312e+00
1.275471772854930519e+00 2.615348937929232509e+00 2.091743127721439777e+00 2.356285907083337072e+00 1.182974001090537630e+00
1.282757042965529282e+00 2.584622455605073643e+00 2.088133985213405985e+00 2.351616396054951430e+00 1.185922706600365695e+00
1.277444563086763019e+00 2.562183950049274461e+00 2.068644260009897096e+00 2.349631286897655880e+00 1.200652844606684200e+00
1.260465658311204606e+00 2.546565032218198521e+00 2.041426954935233073e+00 2.344271730794688313e+00 1.214254820502626009e+00
1.232181766805886314e+00 2.527606609904642809e+00 2.019264743192049849e+00 2.334385635942042736e+00 1.222158518706197183e+00
1.206614894659336690e+00 2.512440521035860463e+00 2.009722125604250120e+00 2.327616671607572574e+00 1.242429449623700277e+00
