8.699999999999999956e-01 2.740000000000000213e+00 1.850000000000000089e+00 2.629999999999999893e+00 1.350000000000000089e+00
8.887060333473059126e-01 2.729376305195353236e+00 1.853955874381178148e+00 2.605148903802051219e+00 1.331792973515061096e+00
9.162848186527405847e-01 2.719628730653925963e+00 1.861186762210608192e+00 2.584021102198477138e+00 1.314052975794207656e+00
9.686032010936168613e-01 2.707074970125442182e+00 1.875869162801220513e+00 2.581519880033839698e+00 1.313854348473469713e+00
9.786208814385324306e-01 2.682178779231509491e+00 1.896714431174774562e+00 2.566674722736074887e+00 1.317358104434220634e+00
9.940238564207262151e-01 2.681399090154461540e+00 1.931381353019989255e+00 2.555532106567906858e+00 1.308195867082158292e+00
1.019816954086781413e+00 2.685865452326265501e+00 1.966518717816144068e+00 2.548386809050340318e+00 1.302702742276419912e+00
1.045179419596030890e+00 2.687407393220054619e+00 1.998099049936095106e+00 2.536405819518573690e+00 1.292270840035218527e+00
1.061817096198364396e+00 2.686805664318474562e+00 2.018158228006634580e+00 2.521441836126462555e+00 1.272846742175200330e+00
1.070268229815702021e+00 2.684235080287192599e+00 2.026747661041877979e+00 2.506446260292785944e+00 1.249581832339020648e+00
1.080240085035631070e+00 2.684055476067120694e+00 2.034700673012450611e+00 2.490001251763279466e+00 1.226505025188181941e+00
1.102842409095983189e+00 2.670753704732621969e+00 2.033274824236892542e+00 2.476942466610335458e+00 1.206526651190828803e+00
1.141215193129431205e+00 2.653325874733624801e+00 2.039522836333353961e+00 2.457064694149570183e+00 1.197239684098077017e+00
1.179260509596725015e+00 2.644973618724370645e+00 2.058688807117666997e+00 2.430939047415504373e+00 1.193179490974947798e+00
1.214698478532548531e+00 2.638805019591115464e+00 2.080204221657023123e+00 2.403667477710801581e+00 1.190148366809807401e+00
1.248748786960766965e+00 2.627225303836807413e+00 2.097185965506454419e+00 2.374475242685767817e+00 1.188665239727288991e+00
1.275390609527604413e+00 2.604739347220815127e+00 2.100715936257803396e+00 2.347650629652068499e+00 1.189802355221548202e+00
1.290028482108861674e+00 2.575289309610671484e+00 2.092639748698947422e+00 2.332630296004215786e+00 1.190938594345625656e+00
1.292609280065821542e+00 2.548818820977362343e+00 2.072499640291999512e+00 2.330130404608393491e+00 1.197844503962919527e+00
1.270497882914007892e+00 2.539009351037236684e+00 2.045753122469424312e+00 2.328617751056445417e+00 1.213017430052530710e+00
1.244631658603310598e+00 2.518827356163083842e+00 2.029080895562020537e+00 2.330947968009589921e+00 1.226725261262467948e+00
1.206614894659336690e+00 2.512440521035860463e+00 2.009722125604250120e+00 2.327616671607572574e+00 1.242429449623700277e+00
