8.699999999999999956e-01 2.740000000000000213e+00 1.850000000000000089e+00 2.629999999999999893e+00 1.350000000000000089e+00
9.164031380621487921e-01 2.750028115832177988e+00 1.872116071558060924e+00 2.601354159260385046e+00 1.330528425859445196e+00
9.385060551522690364e-01 2.720274794036405819e+00 1.882983515403001240e+00 2.569706335621221083e+00 1.314272669580564656e+00
9.522253913055476193e-01 2.692654145804242116e+00 1.908969637389675844e+00 2.545632567082294795e+00 1.294044827523144425e+00
9.785489058078400415e-01 2.665868507589529646e+00 1.944948145925693428e+00 2.532069534536846689e+00 1.283968803713931406e+00
1.010057473759738311e+00 2.643508427762265800e+00 1.984231370709286901e+00 2.521549493298997024e+00 1.274348996534646838e+00
1.037096333043133090e+00 2.645126892595283774e+00 2.020283015081026257e+00 2.509364101229784705e+00 1.247166135576512680e+00
1.047215407803079090e+00 2.627153292565182596e+00 2.041261394084357139e+00 2.510565997442349762e+00 1.211606200065629357e+00
1.076795652707359885e+00 2.601288620892659331e+00 2.059189239615157430e+00 2.479124350946221522e+00 1.196249981784030858e+00
1.120434916463971753e+00 2.588330687816577491e+00 2.077197309920693513e+00 2.444601971601559232e+00 1.179857499984618308e+00
1.168221005482308561e+00 2.575817078942795657e+00 2.094928886549001668e+00 2.415843730717931681e+00 1.159854592414815366e+00
1.216821465621823917e+00 2.563432032787753112e+00 2.112417774358371858e+00 2.388656867303949660e+00 1.139059103632807268e+00
1.277234469060129829e+00 2.566184483666696714e+00 2.120985395007251029e+00 2.372834916270965877e+00 1.116101565049222311e+00
1.277326389992313960e+00 2.564670951098606544e+00 2.095572341587866649e+00 2.349052167270397451e+00 1.150517200761508541e+00
1.258962849438457487e+00 2.541000802847261930e+00 2.065194901563951912e+00 2.339237264808472272e+00 1.176773249194347226e+00
1.232788872048897089e+00 2.526720661941561197e+00 2.037458513584101016e+00 2.333426968208022423e+00 1.209601349409023641e+00
1.206614894659336690e+00 2.512440521035860463e+00 2.009722125604250120e+00 2.327616671607572574e+00 1.242429449623700277e+00
