8.699999999999999956e-01 2.740000000000000213e+00 1.850000000000000089e+00 2.629999999999999893e+00 1.350000000000000089e+00
8.934566131727689209e-01 2.716710581167683713e+00 1.842737882688414208e+00 2.616089672511511033e+00 1.358598333736985131e+00
9.397883629148362505e-01 2.711298986678023049e+00 1.844200947048375783e+00 2.600077940347086169e+00 1.366934737778125575e+00
9.624972828642164302e-01 2.711927219778559106e+00 1.865401250937724242e+00 2.587889038537574571e+00 1.349076232827934430e+00
9.794945479406881317e-01 2.702775887580572522e+00 1.892646224100426045e+00 2.581301983910694098e+00 1.336703280833678509e+00
9.983147333842306015e-01 2.697007009628769936e+00 1.922895665474299021e+00 2.579837804393493528e+00 1.329171776142667571e+00
1.015689695102192980e+00 2.692678407740023427e+00 1.952631170489436796e+00 2.576310405410100479e+00 1.318553326346887378e+00
1.031111698605515770e+00 2.688438263631478531e+00 1.979697884961590937e+00 2.565597684830372760e+00 1.304151725098449788e+00
1.045596079805707346e+00 2.682015473743909251e+00 2.001114545869171035e+00 2.546076178603818629e+00 1.287588832197155142e+00
1.059460676658316336e+00 2.670810735491533361e+00 2.013333015896467515e+00 2.521737744222126931e+00 1.269350653096881443e+00
1.075586653272260218e+00 2.658490154083382961e+00 2.018374753490328466e+00 2.500712410551167775e+00 1.247431832454596545e+00
1.105171505859187109e+00 2.654211659635341114e+00 2.027909199670423490e+00 2.485708975276502475e+00 1.225953308006985321e+00
1.143684324546232478e+00 2.648768767017993575e+00 2.040187506764843395e+00 2.467605407161955089e+00 1.214362406119689597e+00
1.176483896917084326e+00 2.635760349151559989e+00 2.049136391347575969e+00 2.442773812792297328e+00 1.210049684796224101e+00
1.204276618721656700e+00 2.621205049383946051e+00 2.057376473788194549e+00 2.414919049349818714e+00 1.207341021085906352e+00
1.230211361887244337e+00 2.607839629456667918e+00 2.065965021445308913e+00 2.385307643921038778e+00 1.203355024435035503e+00
1.254272417392490624e+00 2.596471873701239108e+00 2.072882900612840640e+00 2.354331836488828156e+00 1.194726069395807277e+00
1.276793119170756219e+00 2.582573203279714846e+00 2.072016941543382007e+00 2.323847210302804278e+00 1.185684804233861023e+00
1.257222231710606097e+00 2.564401012563218174e+00 2.055583410169541825e+00 2.326549712003069370e+00 1.183570394576751728e+00
1.237522103637123561e+00 2.546594055451163907e+00 2.039849920875891787e+00 2.327922419018909395e+00 1.201438026250654545e+00
1.221906247716296745e+00 2.529473340224048350e+00 2.024772216348472043e+00 2.327816863960677995e+00 1.221841362219852289e+00
1.206614894659336690e+00 2.512440521035860463e+00 2.009722125604250120e+00 2.327616671607572574e+00 1.242429449623700277e+00
