8.699999999999999956e-01 2.740000000000000213e+00 1.850000000000000089e+00 2.629999999999999893e+00 1.350000000000000089e+00
9.148120713999136067e-01 2.742242141346418194e+00 1.877445615712538984e+00 2.618674316391385037e+00 1.358670076974839214e+00
9.446346189889021083e-01 2.709078617503489994e+00 1.884554748444209782e+00 2.599735801407411451e+00 1.362860636007980464e+00
9.679908128646632637e-01 2.678363189703911740e+00 1.903460693047822394e+00 2.586473308413489214e+00 1.350063400514786238e+00
9.973754558464105191e-01 2.670149117768575664e+00 1.933653497744317162e+00 2.577523395049703403e+00 1.331886148394725300e+00
1.023356281054984551e+00 2.665408646650248681e+00 1.968893894424500912e+00 2.569876623116731817e+00 1.317945445417973538e+00
1.042083870898037112e+00 2.659818676987723229e+00 2.004447878166618402e+00 2.562367476646279840e+00 1.300964783840727224e+00
1.056146342793781834e+00 2.658171107121956922e+00 2.034233956833948476e+00 2.549070883151575817e+00 1.276918630822375889e+00
1.068473340948843386e+00 2.658797412530011339e+00 2.054177051489181061e+00 2.528864029856390694e+00 1.248166669147721564e+00
1.086799045331113378e+00 2.648880619688685822e+00 2.065531437253703917e+00 2.503407988924035266e+00 1.221233450491445716e+00
1.115560425562213354e+00 2.624581939212565995e+00 2.072558985007154408e+00 2.478044257437436393e+00 1.206346356913730489e+00
1.149837001150556537e+00 2.598359563875257461e+00 2.081958762202277491e+00 2.453817228369142622e+00 1.198597268740286159e+00
1.186348527462997016e+00 2.575520628000941503e+00 2.094603905555107559e+00 2.429134515978587761e+00 1.190917850818287160e+00
1.225412273598871282e+00 2.560593408381286462e+00 2.107682079777079220e+00 2.403275714332106627e+00 1.178314997997147895e+00
1.269429511461939608e+00 2.573288876946469905e+00 2.110051252220836560e+00 2.376501635571589777e+00 1.170600703012575572e+00
1.292682556015266382e+00 2.580564160396166873e+00 2.115025768083850899e+00 2.354925949644538274e+00 1.199595983863777304e+00
1.288571744129162422e+00 2.578815678027006175e+00 2.115000624317597833e+00 2.358819569884414324e+00 1.162610363544361869e+00
1.280933251672742079e+00 2.539852244686166660e+00 2.100361847897280754e+00 2.362902607971705926e+00 1.172563862108320309e+00
1.274711898316923442e+00 2.513760925525679202e+00 2.098551589529974670e+00 2.351177903011975712e+00 1.201879548094087147e+00
1.261957090526423464e+00 2.491319586347626736e+00 2.076923557035597945e+00 2.339992017207175756e+00 1.225769588599416204e+00
1.237152182238598019e+00 2.490469466057757320e+00 2.040425760162030588e+00 2.332358929443857587e+00 1.238067012604402883e+00
1.206614894659336690e+00 2.512440521035860463e+00 2.009722125604250120e+00 2.327616671607572574e+00 1.242429449623700277e+00
