8.699999999999999956e-01 2.740000000000000213e+00 1.850000000000000089e+00 2.629999999999999893e+00 1.350000000000000089e+00
8.990366438263306392e-01 2.748154004156394326e+00 1.874886461733442644e+00 2.597515427732021820e+00 1.343412775814898819e+00
9.215304276379634452e-01 2.747069855620416501e+00 1.884414006093292349e+00 2.557943640326503232e+00 1.331565149433219464e+00
9.317032045650610605e-01 2.748516656535099578e+00 1.888479212003654428e+00 2.545881536636001474e+00 1.302647713393663365e+00
9.431752447934400596e-01 2.745762985016748647e+00 1.901503357624925394e+00 2.546214438969252036e+00 1.273619100605987597e+00
9.646278383299604631e-01 2.734794372239054194e+00 1.927123229680522520e+00 2.541821117203181490e+00 1.251170897795962356e+00
9.915113309382360685e-01 2.718712403894012475e+00 1.958624720963619836e+00 2.532359176362283915e+00 1.236837698387277307e+00
1.019444073733565270e+00 2.699345365975474476e+00 1.992277223606452541e+00 2.520512156062253872e+00 1.230035182050246423e+00
1.041690564973195343e+00 2.677693420371452859e+00 2.025218310701159652e+00 2.503899873910739426e+00 1.227154224287097861e+00
1.061176729805105357e+00 2.654941258821287509e+00 2.053048083369905186e+00 2.481089148352345397e+00 1.222816047452342847e+00
1.090324092986544535e+00 2.635998175234675944e+00 2.074137170948266551e+00 2.453747788655650020e+00 1.215624154823635950e+00
1.134927310077539886e+00 2.626893739066244127e+00 2.088904241892565405e+00 2.426057351445584764e+00 1.207488608183481471e+00
1.187507662841142508e+00 2.626361884334906360e+00 2.098693479391765315e+00 2.400652158954248883e+00 1.199444897400314902e+00
1.241300929996038693e+00 2.633647062536190742e+00 2.107964299420089116e+00 2.377383286954705355e+00 1.192016103920827463e+00
1.280483986686861364e+00 2.658579528421317839e+00 2.123177406081863339e+00 2.361140460608890379e+00 1.191791827483303257e+00
1.289224931607353852e+00 2.689845650592730841e+00 2.135851785942220360e+00 2.352633329796117501e+00 1.196959854614900065e+00
1.290982784450793508e+00 2.654515474889678650e+00 2.121975636229093354e+00 2.355334699875561100e+00 1.188502673810059251e+00
1.281008441871947623e+00 2.622108531854092650e+00 2.099116421588361536e+00 2.352415244962116958e+00 1.194978252866187862e+00
1.255727505748043260e+00 2.600941108625030029e+00 2.082168010578635542e+00 2.349865154360984754e+00 1.215338749214694092e+00
1.236047423806999834e+00 2.573800133932217182e+00 2.059157886468968801e+00 2.343243639994379013e+00 1.228673253608008498e+00
1.221331159233168151e+00 2.543120327484039045e+00 2.034440006036609461e+00 2.335430155800975793e+00 1.235551351615854276e+00
1.206614894659336690e+00 2.512440521035860463e+00 2.009722125604250120e+00 2.327616671607572574e+00 1.242429449623700277e+00
