8.699999999999999956e-01 2.740000000000000213e+00 1.850000000000000089e+00 2.629999999999999893e+00 1.350000000000000089e+00
9.069138192960956024e-01 2.723260999951534700e+00 1.854347307162041769e+00 2.609719052070341050e+00 1.355120274611457454e+00
9.411585159112965115e-01 2.704912490683827109e+00 1.870018159199944519e+00 2.595787961337303162e+00 1.356248444896607452e+00
9.664555745074121518e-01 2.688444257228913337e+00 1.895686241762938318e+00 2.588051905312071632e+00 1.355673497874005484e+00
9.844727301297044875e-01 2.674887265335229802e+00 1.926382196966343496e+00 2.585446634815940836e+00 1.354510623975745620e+00
9.999240569625218455e-01 2.664955098335991313e+00 1.958880737460287458e+00 2.582874671083465579e+00 1.350171634802057596e+00
1.015358771793682058e+00 2.660508836963992430e+00 1.988708582841464345e+00 2.575031336995648346e+00 1.338102362887395369e+00
1.029305707852119944e+00 2.662253056394345396e+00 2.008472237680475558e+00 2.561377485502159157e+00 1.318112327158673214e+00
1.041308997486588783e+00 2.667339687617342747e+00 2.017588667876180519e+00 2.545217945517295188e+00 1.294778620320022222e+00
1.054407648919040819e+00 2.672547970937694917e+00 2.021117096520379963e+00 2.527797898181312508e+00 1.271088220599518648e+00
1.072514666021672447e+00 2.675251254487055252e+00 2.023115844145430664e+00 2.508337016349202919e+00 1.248594205229047516e+00
1.097650181868494279e+00 2.672847020985841038e+00 2.025916622303094883e+00 2.486505642892915535e+00 1.229085677509006658e+00
1.127828062015797883e+00 2.664013493242062935e+00 2.030510328688406751e+00 2.463761032940406270e+00 1.213931174624600873e+00
1.159080774034575434e+00 2.649635806157784046e+00 2.036777526247481429e+00 2.441948636083775437e+00 1.202590517628024491e+00
1.188986556283623042e+00 2.631196868686619617e+00 2.043883498591553494e+00 2.421875402666842536e+00 1.193656971626061214e+00
1.216791160796768301e+00 2.609302952104725737e+00 2.050686357816176031e+00 2.403895211108282304e+00 1.186790380213966101e+00
1.241899640941046101e+00 2.584773560548163651e+00 2.057805383832107538e+00 2.387822867822906314e+00 1.182312092559974381e+00
1.265473687763559063e+00 2.564369547852698439e+00 2.072732363317833393e+00 2.368373931900248586e+00 1.179226506305202093e+00
1.265396018098108755e+00 2.548079637951265575e+00 2.070755707690467684e+00 2.350737670240320210e+00 1.197151309428454269e+00
1.249150875611148681e+00 2.525026340768703470e+00 2.058230644350940608e+00 2.344840638868717519e+00 1.211483991645783798e+00
1.229786141966419999e+00 2.515850623428152133e+00 2.035988095124924069e+00 2.338098617619344566e+00 1.229086914251157570e+00
1.206614894659336690e+00 2.512440521035860463e+00 2.009722125604250120e+00 2.327616671607572574e+00 1.242429449623700277e+00
