8.699999999999999956e-01 2.740000000000000213e+00 1.850000000000000089e+00 2.629999999999999893e+00 1.350000000000000089e+00
9.009864948368736526e-01 2.716184219104769149e+00 1.859528158736593717e+00 2.606347997106187808e+00 1.356678510777022950e+00
9.469771366616991370e-01 2.695880255213998655e+00 1.868877912321517787e+00 2.590170569734309147e+00 1.353755949259288105e+00
9.774572880809900832e-01 2.706834092485077115e+00 1.900240804817080020e+00 2.583500681603217330e+00 1.360662086304381013e+00
9.938196324197882126e-01 2.716981138115540428e+00 1.937230666940977564e+00 2.577021586786833574e+00 1.351756755973092750e+00
1.011901102886011428e+00 2.716103100717268237e+00 1.969719625066590485e+00 2.564705652915366230e+00 1.333953860300718386e+00
1.033523280809908629e+00 2.706362702979848933e+00 1.999892891943308992e+00 2.545771109273155641e+00 1.320245833608776120e+00
1.054639264124115128e+00 2.681620305185493436e+00 2.011455409348634760e+00 2.520365898468987176e+00 1.319686025837156329e+00
1.092259705440004502e+00 2.664568223312623108e+00 2.007236149518510704e+00 2.488885759288824051e+00 1.317843157480130145e+00
1.110053580594748901e+00 2.657563646497318910e+00 1.997220531699667179e+00 2.471570597323805796e+00 1.290525467903346435e+00
1.115802661598172207e+00 2.650712445459449285e+00 2.003732530327074990e+00 2.454395826128715985e+00 1.259511982076149117e+00
1.131785214236821435e+00 2.650183362312572122e+00 2.024820524840303726e+00 2.428893514727539671e+00 1.237080770506830740e+00
1.158079899461361251e+00 2.654135302502659943e+00 2.048684389295742925e+00 2.402976952920125697e+00 1.220111361262337546e+00
1.189776831750998687e+00 2.658865486312340654e+00 2.071504802007035906e+00 2.378534056004635744e+00 1.203851204987327561e+00
1.224929894774148931e+00 2.658980571489354183e+00 2.092862961179734693e+00 2.354599398211689731e+00 1.187320550237025651e+00
1.259406103938213395e+00 2.640565872221673160e+00 2.105978711873559561e+00 2.335596729509532565e+00 1.174009982945428909e+00
1.275745241269480967e+00 2.608002174256788486e+00 2.102485689890802867e+00 2.331954192260512482e+00 1.171338666071235934e+00
1.284233172158369740e+00 2.577427012257068828e+00 2.087353532240484810e+00 2.323764361897615149e+00 1.178886713103309170e+00
1.269417760251120519e+00 2.545985207452764687e+00 2.080104253531843472e+00 2.317733237675443814e+00 1.175750772055285331e+00
1.248521911899985071e+00 2.526324093961514805e+00 2.053991733662689168e+00 2.324893825846159778e+00 1.189860151673431510e+00
1.228458077245930813e+00 2.517065890292804031e+00 2.030898118140293640e+00 2.326826523957909121e+00 1.215183242804810604e+00
1.206614894659336690e+00 2.512440521035860463e+00 2.009722125604250120e+00 2.327616671607572574e+00 1.242429449623700277e+00
