8.699999999999999956e-01 2.740000000000000213e+00 1.850000000000000089e+00 2.629999999999999893e+00 1.350000000000000089e+00
8.947529071275120982e-01 2.724822924813102176e+00 1.850811429279785925e+00 2.602998900994820453e+00 1.331927834276831257e+00
9.319594641164625770e-01 2.709336895057075090e+00 1.853122225623337060e+00 2.572566434701484273e+00 1.321162415860589689e+00
9.710845348483979622e-01 2.708976048890014088e+00 1.872976969972367955e+00 2.560724605350727323e+00 1.335263681504837985e+00
9.844259281170525400e-01 2.702531760171302366e+00 1.898743440902058932e+00 2.547109995239766000e+00 1.315456761174072842e+00
9.887421534434706061e-01 2.687065228075280032e+00 1.928030343465852559e+00 2.541380014282610400e+00 1.299638827799239449e+00
1.006796220485303373e+00 2.671930391508580360e+00 1.963408856189057250e+00 2.541543375740456856e+00 1.305840364867561165e+00
1.018240018204819242e+00 2.662922746285585784e+00 1.995079801921906704e+00 2.539553469574457267e+00 1.322518744718367056e+00
1.023597316651854383e+00 2.662037784620703729e+00 1.984410799831787919e+00 2.521493942080523354e+00 1.299744183067617520e+00
1.044612033338617074e+00 2.654092896273322122e+00 1.993181020806436443e+00 2.501631824490329947e+00 1.276688781566845954e+00
1.068414880038207837e+00 2.645573397851292530e+00 2.009914225346136174e+00 2.485199134510915453e+00 1.255492380501912253e+00
1.093829207682081250e+00 2.644857474676924003e+00 2.029344627960986358e+00 2.477543879180203579e+00 1.233071893997961910e+00
1.112934622177867761e+00 2.629624734606002878e+00 2.023170595589906195e+00 2.479844318843332562e+00 1.210023315795929477e+00
1.144149180787808806e+00 2.608410357920868616e+00 2.015651344244915322e+00 2.450999391825258833e+00 1.203008259997038421e+00
1.184328597671982841e+00 2.597266627189377175e+00 2.021189008833845335e+00 2.416619663920087646e+00 1.195005411152577190e+00
1.224777397797606637e+00 2.587863911561258501e+00 2.029380025734267790e+00 2.382016670507451472e+00 1.187105785463414831e+00
1.263682085684316281e+00 2.581472194406978726e+00 2.044137919047265939e+00 2.346803242167727621e+00 1.181071116350297601e+00
1.289979990908312057e+00 2.580842119586066907e+00 2.073807481966777999e+00 2.315992562104178809e+00 1.182941613988772511e+00
1.283603257728764380e+00 2.554020250145019766e+00 2.080415055628975995e+00 2.305332961864837493e+00 1.197919243420848767e+00
1.264614599849809728e+00 2.530017598004841162e+00 2.056316111413630576e+00 2.312473989307527678e+00 1.207079138324735013e+00
1.237229361960509699e+00 2.514873672244709812e+00 2.033187337584000609e+00 2.318932477387801061e+00 1.223365620196100068e+00
1.206614894659336690e+00 2.512440521035860463e+00 2.009722125604250120e+00 2.327616671607572574e+00 1.242429449623700277e+00
