8.699999999999999956e-01 2.740000000000000213e+00 1.850000000000000089e+00 2.629999999999999893e+00 1.350000000000000089e+00
9.121594714593631581e-01 2.729696654395572075e+00 1.880016606898055720e+00 2.593621339566999584e+00 1.341324602498940255e+00
9.432670449358449005e-01 2.729612136728076788e+00 1.913237415528065588e+00 2.568397529346519992e+00 1.322454931271138001e+00
9.974811847993101388e-01 2.715566077387086885e+00 1.949739330746037780e+00 2.555801084013145541e+00 1.316834689206711761e+00
1.036817933157643701e+00 2.689608812621442802e+00 1.975612146903648059e+00 2.542210754417248531e+00 1.301474706538328308e+00
1.045563757164390983e+00 2.665556783564326793e+00 1.985811275934049602e+00 2.526551939518395073e+00 1.275625187433518049e+00
1.045322999907103867e+00 2.644577633548474083e+00 2.013610128875069627e+00 2.505741282075796938e+00 1.254279106906329488e+00
1.082273800123110696e+00 2.619504227108407690e+00 2.038348960764559958e+00 2.476872196169603413e+00 1.243787888742712067e+00
1.136138982703498446e+00 2.604043915323403624e+00 2.061162338143863959e+00 2.444878884017300358e+00 1.235239783119377321e+00
1.194313931416825625e+00 2.596369168407200334e+00 2.083052512479580010e+00 2.410835326648639310e+00 1.226888453679367164e+00
1.247613888077407029e+00 2.596171552369730406e+00 2.099750868924627589e+00 2.372322470393533500e+00 1.214577144713725909e+00
1.261450810272094269e+00 2.575926200638895214e+00 2.071377792281625663e+00 2.334716305231358202e+00 1.218356113608739966e+00
1.234032852465715591e+00 2.544183360837378061e+00 2.040549958942937891e+00 2.331166488419465388e+00 1.230392781616220121e+00
1.206614894659336690e+00 2.512440521035860463e+00 2.009722125604250120e+00 2.327616671607572574e+00 1.242429449623700277e+00
