8.699999999999999956e-01 2.740000000000000213e+00 1.850000000000000089e+00 2.629999999999999893e+00 1.350000000000000089e+00
9.166007765558956688e-01 2.718407003333131566e+00 1.877259035225914419e+00 2.599297730473945744e+00 1.337586909501945920e+00
9.656123290819426108e-01 2.714118695058311825e+00 1.903851117350209066e+00 2.568183410547205892e+00 1.318917546756429804e+00
1.012149682254106065e+00 2.711870264694524302e+00 1.947790575560246706e+00 2.555375185518967029e+00 1.306873651834596473e+00
1.039372586631015505e+00 2.694343763546190651e+00 1.988245113068401793e+00 2.538408823561190797e+00 1.290666023498085124e+00
1.045383886304670940e+00 2.664253889091954708e+00 2.010921134005195565e+00 2.513588599146932889e+00 1.271063420831331614e+00
1.069248957024007352e+00 2.635426178617054749e+00 2.030786409597948872e+00 2.482568556018483807e+00 1.253463878327042869e+00
1.122331547140279051e+00 2.618074111719956854e+00 2.051401137548635845e+00 2.448593230996463532e+00 1.239376762973116719e+00
1.180749747870879718e+00 2.606488861921474776e+00 2.070589194164241587e+00 2.414109421676305267e+00 1.224441942916907777e+00
1.241388829859268128e+00 2.597689550852684714e+00 2.090166193254231253e+00 2.378194096840083205e+00 1.210888547139871596e+00
1.292545832870842570e+00 2.615497546490253011e+00 2.101376170384758435e+00 2.336203469838645130e+00 1.211427073420017653e+00
1.268043501117727345e+00 2.576419106474847176e+00 2.071911980882016113e+00 2.324882951105737838e+00 1.213570309927550106e+00
1.236668655331687905e+00 2.546328332098315439e+00 2.039675645338634880e+00 2.325231418503153513e+00 1.229005196151968571e+00
1.206614894659336690e+00 2.512440521035860463e+00 2.009722125604250120e+00 2.327616671607572574e+00 1.242429449623700277e+00
