8.699999999999999956e-01 2.740000000000000213e+00 1.850000000000000089e+00 2.629999999999999893e+00 1.350000000000000089e+00
9.054586060975102768e-01 2.732645391507441346e+00 1.870451189629368516e+00 2.599113930382052740e+00 1.360521925035412139e+00
9.353695669009843838e-01 2.718705243841187169e+00 1.880381504051993558e+00 2.560865465145903741e+00 1.354665725647979491e+00
9.613119513371694014e-01 2.732388179036439269e+00 1.911676084126504138e+00 2.542326549116195711e+00 1.343479414305446706e+00
9.778496263571639924e-01 2.759903953270907095e+00 1.943628174058108504e+00 2.550506241221054182e+00 1.341323750833723460e+00
1.006347287307762128e+00 2.763220560328089270e+00 1.982210902900946259e+00 2.553581712866432429e+00 1.332286575712719578e+00
1.032406053147501002e+00 2.736785223616513552e+00 2.007818274447725315e+00 2.546475767309819727e+00 1.320219509591367579e+00
1.049753945636915597e+00 2.701599112758710231e+00 2.021689791834237582e+00 2.533823167657590414e+00 1.308365332720905716e+00
1.061731574111772103e+00 2.694550310492594747e+00 2.049637259242508502e+00 2.524561206598808560e+00 1.284530767896244319e+00
1.065585462145278939e+00 2.692878236689561167e+00 2.051700439165582868e+00 2.504462715920520832e+00 1.253272917520515062e+00
1.072633435214481734e+00 2.665780788814587243e+00 2.045554771967934560e+00 2.494912818311665337e+00 1.227849709044043003e+00
1.093803581171621797e+00 2.638543461240867583e+00 2.064018798398354892e+00 2.482885709347691261e+00 1.209591090937004676e+00
1.127738319096561304e+00 2.629498098505913095e+00 2.078526983471782774e+00 2.456658611951710647e+00 1.190117769840187245e+00
1.179360940808996450e+00 2.619352851079072231e+00 2.085507801044906628e+00 2.432685894399629234e+00 1.178160472123719327e+00
1.232666002748416201e+00 2.612154600813155536e+00 2.094852404110013389e+00 2.409169945163256443e+00 1.167269538537578866e+00
1.282347302177878623e+00 2.597988931968312265e+00 2.101792674599904043e+00 2.381352197265499626e+00 1.162074037192330156e+00
1.291755674009041233e+00 2.569302212367733595e+00 2.119553068773826432e+00 2.372227139933728690e+00 1.181387632722850745e+00
1.295993793944174577e+00 2.569188061336728168e+00 2.112043404307903049e+00 2.364377481014733107e+00 1.215234422162880801e+00
1.295661711288075502e+00 2.559106184771332337e+00 2.109631286946265671e+00 2.358501939163816896e+00 1.248298920428300818e+00
1.268219345676527166e+00 2.538623891286681200e+00 2.078935092853774869e+00 2.349748653836871704e+00 1.259701806953088976e+00
1.237310852156527252e+00 2.525116053627495916e+00 2.044214915370534236e+00 2.338690997676331929e+00 1.251839216430633783e+00
1.206614894659336690e+00 2.512440521035860463e+00 2.009722125604250120e+00 2.327616671607572574e+00 1.242429449623700277e+00
