8.699999999999999956e-01 2.740000000000000213e+00 1.850000000000000089e+00 2.629999999999999893e+00 1.350000000000000089e+00
9.018081449274177874e-01 2.714573264323216328e+00 1.848738976340535078e+00 2.608642356513007687e+00 1.350496132543177463e+00
9.259270846403216959e-01 2.696184634393662627e+00 1.858733547374136430e+00 2.588594318589342080e+00 1.371305203872603240e+00
9.284341494078488521e-01 2.663952084251344221e+00 1.866737698572734194e+00 2.578925259186732433e+00 1.375443625757377220e+00
9.516023635858258389e-01 2.676966431509586464e+00 1.893723966657787416e+00 2.566424596129738944e+00 1.361437656733934354e+00
9.721641443893687118e-01 2.705370199080667781e+00 1.911333589107676811e+00 2.564283073773625965e+00 1.351671450205876868e+00
9.858180634228670414e-01 2.719342127832244937e+00 1.922863674322135452e+00 2.564573185734540406e+00 1.320364534933846867e+00
1.002565149509548448e+00 2.720869365023316444e+00 1.944271694439086984e+00 2.562386728555983595e+00 1.289603067126867897e+00
1.026376710667785463e+00 2.719292053886121607e+00 1.982913538932303155e+00 2.551009316776122304e+00 1.281937906510161929e+00
1.045791950102441970e+00 2.704261988529057525e+00 2.014343047425932731e+00 2.530560796664280687e+00 1.274970227393142030e+00
1.059004474278930186e+00 2.680887316712530666e+00 2.029100218337789752e+00 2.511113267332341081e+00 1.258629878979405037e+00
1.068695847384799169e+00 2.660128988694617114e+00 2.031148324324696386e+00 2.499021057056350692e+00 1.231916981937639433e+00
1.099930746492332023e+00 2.648935970263900153e+00 2.037346808082382221e+00 2.481610108262924719e+00 1.206506271239753625e+00
1.148659547508198653e+00 2.643346174784339198e+00 2.050084828752795740e+00 2.458120018445528743e+00 1.198108622372543230e+00
1.196382648933206561e+00 2.633934518061932906e+00 2.063628563153474982e+00 2.433365097708222180e+00 1.195187215076758180e+00
1.236781034668377854e+00 2.620839066231264614e+00 2.080763606960663648e+00 2.407212615332134487e+00 1.194051898846493653e+00
1.268328033131837618e+00 2.609310890797205573e+00 2.104865334208916750e+00 2.381129543132382675e+00 1.201030867510924471e+00
1.285225035068107147e+00 2.590791156502824766e+00 2.104902839953379790e+00 2.355122507199680637e+00 1.188455073478634993e+00
1.273692424814030222e+00 2.560489240403342581e+00 2.090240416258341227e+00 2.347254882723183833e+00 1.184197677731414489e+00
1.252245220633663614e+00 2.539305735293731825e+00 2.064454411849649063e+00 2.341223092790878368e+00 1.199371141720535938e+00
1.229967601120350418e+00 2.526245220941526259e+00 2.036887068055559524e+00 2.333312797008328054e+00 1.220952796625472958e+00
1.206614894659336690e+00 2.512440521035860463e+00 2.009722125604250120e+00 2.327616671607572574e+00 1.242429449623700277e+00
