8.699999999999999956e-01 2.740000000000000213e+00 1.850000000000000089e+00 2.629999999999999893e+00 1.350000000000000089e+00
9.260660348544976772e-01 2.724781084323848468e+00 1.853963622140613277e+00 2.587450231713990689e+00 1.329908964888102174e+00
9.349466142113731504e-01 2.679796661604781249e+00 1.857677139585305781e+00 2.570009566587934557e+00 1.336260917880771615e+00
9.716406305224331019e-01 2.701391702447136112e+00 1.889571067594046472e+00 2.568274904691851823e+00 1.310148604757242818e+00
1.020685586022508362e+00 2.703578746770606500e+00 1.946800926007691501e+00 2.560765114731017533e+00 1.298515362952886054e+00
1.044899480752095045e+00 2.681933205958471511e+00 1.999279762681928752e+00 2.542517547160204394e+00 1.282604233513241931e+00
1.055831279326484573e+00 2.655013939889756536e+00 2.042878872107555921e+00 2.514722160142181195e+00 1.265078252331074626e+00
1.094853820353836271e+00 2.650304973552901622e+00 2.079300156798863597e+00 2.474455748109471553e+00 1.245039495178444255e+00
1.153157185852795141e+00 2.635148751728149996e+00 2.096334911551201330e+00 2.436494011464314546e+00 1.225185675826454323e+00
1.216558398476816683e+00 2.611647712322928250e+00 2.113885647365885578e+00 2.401921128313588394e+00 1.210588008359328116e+00
1.282804065541814698e+00 2.600940589422285232e+00 2.132422881082162380e+00 2.359737395630236545e+00 1.196391905479175621e+00
1.281245914848495815e+00 2.575528625165346863e+00 2.093813590422226145e+00 2.349716376475445845e+00 1.216283303608907129e+00
1.250168014630435254e+00 2.535374869820557819e+00 2.057940899886080199e+00 2.341531605498790025e+00 1.227781880412404769e+00
1.206614894659336690e+00 2.512440521035860463e+00 2.009722125604250120e+00 2.327616671607572574e+00 1.242429449623700277e+00
