8.699999999999999956e-01 2.740000000000000213e+00 1.850000000000000089e+00 2.629999999999999893e+00 1.350000000000000089e+00
8.996139860401719535e-01 2.715168447856295408e+00 1.870239283811741204e+00 2.617009118892053010e+00 1.357968300545070450e+00
9.388659981884259764e-01 2.713217504507074995e+00 1.896654984717543568e+00 2.599013454091143149e+00 1.365836427693910782e+00
9.639337432102469405e-01 2.724675651597756154e+00 1.924920798036660941e+00 2.584672372734846402e+00 1.353740517102651530e+00
9.807586713810999557e-01 2.728530644789169735e+00 1.943259494675480203e+00 2.580195387185240108e+00 1.329531180511009492e+00
1.000179003666365585e+00 2.729678966908471338e+00 1.963961047737468046e+00 2.580131772686870661e+00 1.306007316798001305e+00
1.026072092813564485e+00 2.725933189088398656e+00 1.996156197316224956e+00 2.576973348138091868e+00 1.292755181364229289e+00
1.051315791593434357e+00 2.721272405708688336e+00 2.029814679921949416e+00 2.560114412305928067e+00 1.285639493397929378e+00
1.073538994748919784e+00 2.711157781495958652e+00 2.044965434125519899e+00 2.528799949926086033e+00 1.272249470904797786e+00
1.079750376087297070e+00 2.685598534893897327e+00 2.022646041014632523e+00 2.513134290503510559e+00 1.263880549291937161e+00
1.070857686401552877e+00 2.650575868270305335e+00 2.015357892866143530e+00 2.513211973486483508e+00 1.259436577023343329e+00
1.082380427560668545e+00 2.632565086670318077e+00 2.016115736964370075e+00 2.496459446138052485e+00 1.237099486308748997e+00
1.103588400612533826e+00 2.626586598324808453e+00 2.025622859997290526e+00 2.478081421356131742e+00 1.214864022716021896e+00
1.137664071594870929e+00 2.612138888999089748e+00 2.031014240220370137e+00 2.444455830662020546e+00 1.206989781251025518e+00
1.175214588868058740e+00 2.594815550831879314e+00 2.038912783878869650e+00 2.413034646475910705e+00 1.205228529800770554e+00
1.213002278186957383e+00 2.577409521749641996e+00 2.047217623284977250e+00 2.381970678200168834e+00 1.204154372064030643e+00
1.251164931510697187e+00 2.569896869043148069e+00 2.065514643220781821e+00 2.350511765713759971e+00 1.203938478259679146e+00
1.282113381491555515e+00 2.580421472075460798e+00 2.095754901316359664e+00 2.337686097793891804e+00 1.197880860991012542e+00
1.278566114244040319e+00 2.551086958181463693e+00 2.098423766136096713e+00 2.341430349828586444e+00 1.214937868458715764e+00
1.266562974621465720e+00 2.527539935760878098e+00 2.069189111241624079e+00 2.330193905761944517e+00 1.219471765793628482e+00
1.233693777377447898e+00 2.525752119305636256e+00 2.035447887948865109e+00 2.322207491816967284e+00 1.226103826434130850e+00
1.206614894659336690e+00 2.512440521035860463e+00 2.009722125604250120e+00 2.327616671607572574e+00 1.242429449623700277e+00
