8.699999999999999956e-01 2.740000000000000213e+00 1.850000000000000089e+00 2.629999999999999893e+00 1.350000000000000089e+00
9.152741188406413597e-01 2.722325841570265137e+00 1.859410623397867113e+00 2.600636567178918224e+00 1.349851815645298547e+00
9.524030683426136790e-01 2.715794898790609313e+00 1.878964488057179194e+00 2.578062972800969632e+00 1.330653347458081281e+00
9.757474490987226856e-01 2.706898824133876946e+00 1.909107190285123989e+00 2.553003220698157438e+00 1.343942875803719295e+00
9.979688376837836383e-01 2.686381709279324514e+00 1.941899159512545880e+00 2.538177597989286660e+00 1.336019567901645333e+00
1.022185955008843017e+00 2.671392971265402316e+00 1.978029982713767509e+00 2.533269361478068582e+00 1.322673562988490925e+00
1.045744551324098603e+00 2.667606229469891232e+00 2.003564427813371296e+00 2.544732828305717121e+00 1.300274383575187098e+00
1.051340849204918104e+00 2.662858932088801645e+00 1.993583313181163552e+00 2.552400945256031672e+00 1.269562295230416193e+00
1.067160897625353266e+00 2.669290440142484400e+00 2.013955267764103496e+00 2.544243005396986224e+00 1.241002226396481056e+00
1.086044512397012163e+00 2.669689491990820507e+00 2.037977390495204322e+00 2.525248190409787874e+00 1.217220965360936491e+00
1.099716642028370162e+00 2.646215190025087871e+00 2.056048148830216693e+00 2.491572094114312907e+00 1.217677736791012544e+00
1.124092761523711959e+00 2.626080511038907161e+00 2.075794626363880013e+00 2.460275940768167136e+00 1.225358937098255829e+00
1.170282759614142076e+00 2.621262689383973665e+00 2.089655251846766149e+00 2.425974777865021803e+00 1.232240157487715537e+00
1.220237885813602041e+00 2.622548607846263646e+00 2.095536564520420253e+00 2.391601717930223803e+00 1.239591282712852349e+00
1.267815086141909076e+00 2.617589046249664708e+00 2.102453251992726369e+00 2.354663381945903744e+00 1.241674555744685771e+00
1.293392235841396509e+00 2.606270920659674584e+00 2.118260798418054147e+00 2.324150189526844379e+00 1.223566386973723663e+00
1.296806897931384706e+00 2.621888411529154972e+00 2.110325318629440616e+00 2.319511758059368045e+00 1.195132875118479099e+00
1.293409235863451245e+00 2.600815566487801878e+00 2.084722592770818839e+00 2.315732674030016369e+00 1.175688150175901114e+00
1.286354872478184586e+00 2.568312799389854906e+00 2.064299833740461665e+00 2.316916088011787167e+00 1.177980211317117609e+00
1.268387903176273479e+00 2.542066553919561489e+00 2.044332700977663286e+00 2.322273921062205648e+00 1.194321774336233100e+00
1.239344400475500318e+00 2.524979909604786243e+00 2.025456662649799178e+00 2.325896249171232721e+00 1.217135404836975354e+00
1.206614894659336690e+00 2.512440521035860463e+00 2.009722125604250120e+00 2.327616671607572574e+00 1.242429449623700277e+00
