8.699999999999999956e-01 2.740000000000000213e+00 1.850000000000000089e+00 2.629999999999999893e+00 1.350000000000000089e+00
9.135897687782345011e-01 2.725895856392068772e+00 1.869987321572377237e+00 2.593018245994115123e+00 1.355924074305540294e+00
9.535137074639723487e-01 2.732472220126863416e+00 1.909405832385113744e+00 2.598121317613236059e+00 1.371815445510437881e+00
9.860041505940825290e-01 2.742595935124944262e+00 1.927776397317603196e+00 2.566364019373484240e+00 1.354204511911143660e+00
1.007929144512158759e+00 2.715789671215468548e+00 1.963487769439317798e+00 2.543183621962335828e+00 1.340330242850223730e+00
1.028187026258209569e+00 2.689347242682235795e+00 2.007996201067292485e+00 2.527846518625430416e+00 1.333387509850061603e+00
1.043082446407303854e+00 2.695448349547490796e+00 2.058341327598130377e+00 2.506098659124309957e+00 1.331807531062602523e+00
1.050220215664591672e+00 2.675885338642151723e+00 2.052205749047140593e+00 2.498730678127561777e+00 1.295218211703642153e+00
1.056811308437594743e+00 2.654072860267685741e+00 2.043135097699503522e+00 2.493182561968253275e+00 1.259119403045278807e+00
1.065686970841421610e+00 2.642103117694136749e+00 2.050112732829894480e+00 2.490809660975461970e+00 1.220640131083814639e+00
1.094734785414313016e+00 2.654242837229024321e+00 2.087490503402157582e+00 2.487065920589672796e+00 1.199337592847554479e+00
1.147283570439237899e+00 2.650573317394601780e+00 2.118045179833206060e+00 2.461366170876861048e+00 1.196181117274862427e+00
1.198647787432393530e+00 2.633154843354487351e+00 2.135987596092432383e+00 2.429786977023748129e+00 1.191561637154089803e+00
1.249100592227664119e+00 2.612855482221963399e+00 2.145663116102253021e+00 2.397135938145811718e+00 1.183604769438932225e+00
1.287008441363038047e+00 2.578505151473879486e+00 2.139042603579558666e+00 2.367782079357084069e+00 1.173892080146114347e+00
1.284847214256947812e+00 2.524445172059224252e+00 2.136397343978726937e+00 2.359115482896744886e+00 1.180353195078430950e+00
1.282027258575155981e+00 2.471026234152910561e+00 2.142673634335529709e+00 2.346996868746694886e+00 1.185709775637835417e+00
1.289429302983862824e+00 2.524706267426070738e+00 2.137907195814939154e+00 2.360080920460105425e+00 1.186343999477446953e+00
1.287877428923578815e+00 2.565586590079234064e+00 2.124648566567711949e+00 2.370729127312245055e+00 1.207909505698201436e+00
1.271938171880753865e+00 2.554169013828277990e+00 2.095935283877148336e+00 2.358613691451632466e+00 1.236101687152774575e+00
1.239027075412150625e+00 2.534404893464445419e+00 2.054841005429284717e+00 2.336191437949680871e+00 1.235505995085605324e+00
1.206614894659336690e+00 2.512440521035860463e+00 2.009722125604250120e+00 2.327616671607572574e+00 1.242429449623700277e+00
