8.699999999999999956e-01 2.740000000000000213e+00 1.850000000000000089e+00 2.629999999999999893e+00 1.350000000000000089e+00
9.222987295104618788e-01 2.732431450024298325e+00 1.868458241677206200e+00 2.617078496323316905e+00 1.354458224784781839e+00
9.624736799110215069e-01 2.710957442344814616e+00 1.876199401342036888e+00 2.596283316624010240e+00 1.348786637738701444e+00
9.873079546261550599e-01 2.696091601740147059e+00 1.903113441235825487e+00 2.578601442873275751e+00 1.356197114580867780e+00
9.945332693467200391e-01 2.694603293441207637e+00 1.935083323390101029e+00 2.555990705665388774e+00 1.346434233058606766e+00
1.014493668807737947e+00 2.687251349787433075e+00 1.964893752453678921e+00 2.543920369739873344e+00 1.331541489916691967e+00
1.038860193847470192e+00 2.681443213719938878e+00 1.995879071542718375e+00 2.539063274233931189e+00 1.317655874493613544e+00
1.063301415721747301e+00 2.686830220288256577e+00 2.027352089157612003e+00 2.536156506421020307e+00 1.304603179678369695e+00
1.069875987263305461e+00 2.717265658475453094e+00 2.037892030512865382e+00 2.533625065170020285e+00 1.297956614975531497e+00
1.056715473643937031e+00 2.701100330215235434e+00 2.015714587418998782e+00 2.518492692923948173e+00 1.284238605393798860e+00
1.065762943203997226e+00 2.683205496399507339e+00 2.016676357151319543e+00 2.504812470552998604e+00 1.257676178419606661e+00
1.083736251741166168e+00 2.670389960848279731e+00 2.029099283867381587e+00 2.494987739848693931e+00 1.230850655936447158e+00
1.103650924284747648e+00 2.657175103955798257e+00 2.046889852542568278e+00 2.475625724788977688e+00 1.209548558797984175e+00
1.137386955168196323e+00 2.637322518682414074e+00 2.052689013245365679e+00 2.444533558443024557e+00 1.208690088988655820e+00
1.178061996231396513e+00 2.620696076116051376e+00 2.057874662862687387e+00 2.413160663913563209e+00 1.209297735184734268e+00
1.220900996569410646e+00 2.606644130001764648e+00 2.066059190056495964e+00 2.382038903064344737e+00 1.207741160851608431e+00
1.259630220149740021e+00 2.591794816831050507e+00 2.076125775119117112e+00 2.350022709388682518e+00 1.203316444808554930e+00
1.283574356329769017e+00 2.572817535753401774e+00 2.086067800206254041e+00 2.319997040699775859e+00 1.190103475407709777e+00
1.280184316657559496e+00 2.548698522231689800e+00 2.071436568511725973e+00 2.299688930832611611e+00 1.180934026374332646e+00
1.261599967650419707e+00 2.543722298248380476e+00 2.048433354480753810e+00 2.304057375768467253e+00 1.205194697648402480e+00
1.235155342196917028e+00 2.529397368093719400e+00 2.028371059862791981e+00 2.315546593296824884e+00 1.224763359109852123e+00
1.206614894659336690e+00 2.512440521035860463e+00 2.009722125604250120e+00 2.327616671607572574e+00 1.242429449623700277e+00
