8.699999999999999956e-01 2.740000000000000213e+00 1.850000000000000089e+00 2.629999999999999893e+00 1.350000000000000089e+00
8.954047474061742617e-01 2.716644289328717932e+00 1.854225314001988645e+00 2.608900847119788757e+00 1.351468349847471329e+00
9.301812405546415752e-01 2.699928773873574883e+00 1.869418348572776223e+00 2.593250887270110550e+00 1.352304218220634180e+00
9.640346582004537535e-01 2.704940038455933227e+00 1.894092699209447561e+00 2.585694259003993967e+00 1.352231168213685164e+00
9.856589771721159243e-01 2.706219957037244939e+00 1.920735921037714400e+00 2.575532306798374638e+00 1.340214692791360074e+00
9.947265718132917156e-01 2.710200354429933345e+00 1.951832548868342121e+00 2.572042639245391893e+00 1.346922125223833921e+00
1.009640651276801249e+00 2.711462161823313899e+00 1.980861950777251579e+00 2.563142152638533844e+00 1.336276948557459043e+00
1.025554246370817602e+00 2.702446535939384109e+00 2.006463178086219212e+00 2.548773001674208949e+00 1.324572368258945865e+00
1.043522071950357066e+00 2.684902549721689624e+00 2.026917844296620252e+00 2.530418416666935233e+00 1.319721807057312013e+00
1.064484155418307765e+00 2.660023860801876694e+00 2.034988026194521460e+00 2.513312550037127835e+00 1.322340814321191216e+00
1.086330308367956521e+00 2.639057460950295031e+00 2.029091572265523613e+00 2.500877927157337144e+00 1.305927334016927510e+00
1.101289085294170800e+00 2.640835942973878581e+00 2.027732691569689383e+00 2.477439575555303808e+00 1.279078530090097976e+00
1.130793506822313610e+00 2.638826603034024387e+00 2.026535468793312589e+00 2.442255301650247734e+00 1.267286358914754052e+00
1.165148571080226958e+00 2.633480440400366884e+00 2.035446610557726022e+00 2.414943299637420715e+00 1.253293654030527282e+00
1.195152020721729658e+00 2.625830285308422773e+00 2.047274503425214665e+00 2.390257624311512785e+00 1.236962191886743723e+00
1.223284662885683938e+00 2.616889330365206767e+00 2.058900720375027138e+00 2.366530658299134338e+00 1.219393092746429597e+00
1.248664449278955590e+00 2.604077234620890025e+00 2.065831595839121793e+00 2.345344361383519427e+00 1.199110334023079538e+00
1.268404639414327129e+00 2.583576261211746328e+00 2.066041412917948961e+00 2.327851220935192256e+00 1.181239290790985441e+00
1.271855807112010073e+00 2.561903104657543562e+00 2.048415115464773617e+00 2.315172513987031611e+00 1.180885175863758851e+00
1.249274674359120541e+00 2.548153980027589416e+00 2.038732896880607992e+00 2.323132522326031957e+00 1.205134487337324201e+00
1.228395461271954536e+00 2.528645189184124398e+00 2.027809786187373398e+00 2.326929221351258459e+00 1.224906243485539559e+00
1.206614894659336690e+00 2.512440521035860463e+00 2.009722125604250120e+00 2.327616671607572574e+00 1.242429449623700277e+00
