8.699999999999999956e-01 2.740000000000000213e+00 1.850000000000000089e+00 2.629999999999999893e+00 1.350000000000000089e+00
9.099334658372386642e-01 2.724863209205167891e+00 1.846347251302238979e+00 2.599503810910444024e+00 1.352186907349286926e+00
9.285566682507315761e-01 2.711283136842652208e+00 1.845843227290641098e+00 2.583688826517746673e+00 1.323625592246449933e+00
9.472154090163633633e-01 2.692096732795660419e+00 1.880152426421049183e+00 2.590952225967157574e+00 1.330668843723916250e+00
9.658307832583850061e-01 2.697409344234764639e+00 1.924524604963991692e+00 2.593239912219154952e+00 1.338032989262696537e+00
9.880141381589067073e-01 2.703212116873145110e+00 1.964561017114415220e+00 2.586036775848469027e+00 1.322942116980607263e+00
1.014016946722514856e+00 2.703570068280733096e+00 1.996556831576217439e+00 2.573587190182065054e+00 1.301765382880579525e+00
1.036322821343977907e+00 2.696710529746367602e+00 2.019185352540528555e+00 2.552458493322260047e+00 1.278231836999763615e+00
1.045526275184579745e+00 2.684041771430807799e+00 2.027573249047978088e+00 2.527671091758880717e+00 1.251562200200427188e+00
1.056732955030804000e+00 2.662666714895671305e+00 2.034000809282255684e+00 2.515290910372326216e+00 1.228178318738738062e+00
1.083344995102066610e+00 2.635247336659586104e+00 2.046464916358956110e+00 2.502628138689353854e+00 1.230544977486750513e+00
1.124064256593831690e+00 2.622303086889978374e+00 2.062100656818160793e+00 2.474307596109214025e+00 1.229167418843075232e+00
1.165821180388465272e+00 2.610485303697290593e+00 2.076952477890639859e+00 2.445599236751515804e+00 1.226825097576949686e+00
1.208147902805851048e+00 2.599631552335867291e+00 2.091478027737727174e+00 2.416642940280762986e+00 1.224191534601605902e+00
1.254121513581900160e+00 2.600143819924462196e+00 2.104558503924879087e+00 2.387983849354823107e+00 1.216531406965922102e+00
1.280599353175702060e+00 2.614396175105179854e+00 2.128985008467883855e+00 2.376445359953810232e+00 1.196176548397903217e+00
1.281755105243828963e+00 2.599056940804403748e+00 2.131745712686748728e+00 2.350532395862023005e+00 1.170617207486467359e+00
1.272544865828950211e+00 2.577739389378205903e+00 2.126212810430577971e+00 2.316401013911828954e+00 1.166313003511282531e+00
1.259335263346184064e+00 2.564356651756276584e+00 2.091110485143263364e+00 2.312843157122337789e+00 1.185981114602850051e+00
1.246875013331466997e+00 2.554175934902232381e+00 2.050564813723955826e+00 2.324128044172100171e+00 1.199854128712780410e+00
1.227640455771473071e+00 2.533098704820099023e+00 2.029436955927349739e+00 2.328977938384145130e+00 1.220696361657361617e+00
1.206614894659336690e+00 2.512440521035860463e+00 2.009722125604250120e+00 2.327616671607572574e+00 1.242429449623700277e+00
