8.699999999999999956e-01 2.740000000000000213e+00 1.850000000000000089e+00 2.629999999999999893e+00 1.350000000000000089e+00
9.113404152663743263e-01 2.732061043787689769e+00 1.868592190373646655e+00 2.600832252371607201e+00 1.350845782803669071e+00
9.289842057145706322e-01 2.716327889890088887e+00 1.875879611382946566e+00 2.572335757960286351e+00 1.332380158542818105e+00
9.460028906884671018e-01 2.721335117193574682e+00 1.890773319991984946e+00 2.559231853774074139e+00 1.303702547189160565e+00
9.629035990472576412e-01 2.713314669734363083e+00 1.913381078093772558e+00 2.549217691589319656e+00 1.277387236004923654e+00
9.786332237879588059e-01 2.695395179720730283e+00 1.936565833598641095e+00 2.538256170201004913e+00 1.256564600515014396e+00
1.001320775423077070e+00 2.676937594930622222e+00 1.961566598018020136e+00 2.526063109431273546e+00 1.239531869458985192e+00
1.031877871972553873e+00 2.662650580333616901e+00 1.988485346504154094e+00 2.509292653241121496e+00 1.225733094832329506e+00
1.065836620463841422e+00 2.654466684474519500e+00 2.014618574765337122e+00 2.485927555025726043e+00 1.213892418773756088e+00
1.102004560755667883e+00 2.650145927363868115e+00 2.037716660620974896e+00 2.458904359392522831e+00 1.202918715345210332e+00
1.141110378054853713e+00 2.647082370240143145e+00 2.058050986733193088e+00 2.431320820431348118e+00 1.192228662206783918e+00
1.182377199190613570e+00 2.644967925229608774e+00 2.077855143724097520e+00 2.404633219282011236e+00 1.181703484868334320e+00
1.223185022351944262e+00 2.646195598594032639e+00 2.100627550259814846e+00 2.380230651305863532e+00 1.170569805553397735e+00
1.264114093066010636e+00 2.646492354597653751e+00 2.127601903899029256e+00 2.358919049798921197e+00 1.160630759748379370e+00
1.296598535660684171e+00 2.626614514292041846e+00 2.134220959531993422e+00 2.347268013092487227e+00 1.173987529236664384e+00
1.273109771478193819e+00 2.614810481492530148e+00 2.108311231745324310e+00 2.336910141434321186e+00 1.195407866362077742e+00
1.255807359584270255e+00 2.589722892657251752e+00 2.083309185362547389e+00 2.333809288796560910e+00 1.207497886766578876e+00
1.239409871275959141e+00 2.563962102116787989e+00 2.058780165443114818e+00 2.331745083066897983e+00 1.219141741052286010e+00
1.223012382967647804e+00 2.538201311576324226e+00 2.034251145523682691e+00 2.329680877337235501e+00 1.230785595337993144e+00
1.206614894659336690e+00 2.512440521035860463e+00 2.009722125604250120e+00 2.327616671607572574e+00 1.242429449623700277e+00
