8.699999999999999956e-01 2.740000000000000213e+00 1.850000000000000089e+00 2.629999999999999893e+00 1.350000000000000089e+00
9.100969758249780606e-01 2.739012036320239929e+00 1.876658732650311023e+00 2.612915365699765236e+00 1.353318737594535248e+00
9.524414511306712461e-01 2.733574312016873176e+00 1.903409242298013559e+00 2.600812517808513746e+00 1.357717200335147645e+00
9.894186423452765444e-01 2.731051168359677206e+00 1.936640388378576105e+00 2.595833042638294952e+00 1.354406720616279536e+00
1.020475145614184287e+00 2.723896758432669429e+00 1.968794315780065363e+00 2.590269627795767526e+00 1.341840150409419286e+00
1.043980859046559351e+00 2.706332627932158452e+00 1.997635012421154155e+00 2.579135334392402612e+00 1.328367885583409569e+00
1.058960789376605094e+00 2.685731691909599927e+00 2.024222295987736064e+00 2.558392620019152464e+00 1.318946967927913327e+00
1.067494918768763457e+00 2.673253625179258464e+00 2.047603816448425373e+00 2.529328658682422848e+00 1.306409948647665020e+00
1.072071563299373365e+00 2.676815077591671255e+00 2.063668719088548542e+00 2.503518563629551164e+00 1.282797823907533274e+00
1.081261559706227615e+00 2.691271818951625594e+00 2.081029014952396672e+00 2.486576154660770754e+00 1.257456772100088660e+00
1.094869982816978116e+00 2.690294653295004945e+00 2.090839460593914900e+00 2.472511790995256309e+00 1.226917080617265343e+00
1.116768748531784317e+00 2.680431508394215179e+00 2.097127817115586268e+00 2.457377955791647750e+00 1.198703980812364955e+00
1.148954026167265718e+00 2.672698041674545610e+00 2.107275178074210054e+00 2.439166706416028063e+00 1.175870059246738597e+00
1.187384777129386393e+00 2.667619758602341129e+00 2.120549552413872441e+00 2.419224050320877950e+00 1.158404717446058330e+00
1.229444960759833672e+00 2.658113552068250396e+00 2.133004639739569441e+00 2.397492967530850727e+00 1.147411915881471067e+00
1.266808373028524226e+00 2.634652143021147364e+00 2.137142279445492843e+00 2.376700557437877670e+00 1.150064836333892337e+00
1.280923660870185721e+00 2.603444353037775993e+00 2.128467448003454887e+00 2.365942732265725823e+00 1.167446158638490772e+00
1.282854508691058548e+00 2.572865146703568584e+00 2.110427011258779739e+00 2.357996023187223678e+00 1.184564903956902615e+00
1.283228340824979385e+00 2.540508806861388358e+00 2.087740487967914227e+00 2.347514810607641778e+00 1.192446502126110586e+00
1.257765835742726601e+00 2.516554198657749986e+00 2.062403651736894883e+00 2.335300191192806185e+00 1.199629334676998171e+00
1.233658671604337176e+00 2.507328676494377628e+00 2.031042590669205339e+00 2.330323425548532335e+00 1.217013068706325418e+00
1.206614894659336690e+00 2.512440521035860463e+00 2.009722125604250120e+00 2.327616671607572574e+00 1.242429449623700277e+00
