8.699999999999999956e-01 2.740000000000000213e+00 1.850000000000000089e+00 2.629999999999999893e+00 1.350000000000000089e+00
9.012193995685243708e-01 2.724106899668363280e+00 1.865731775471745957e+00 2.612504270459881095e+00 1.342157781206149592e+00
9.302853984927109687e-01 2.706721261532498257e+00 1.883146250092303742e+00 2.600310324972038956e+00 1.351648688040016477e+00
9.598073930748050042e-01 2.706519054315172923e+00 1.907291483377909991e+00 2.585203341334725735e+00 1.362251132277364274e+00
9.812111570880743816e-01 2.697271761167612691e+00 1.936495045603327414e+00 2.578265450338719234e+00 1.359695475790685171e+00
9.944905324095337784e-01 2.680478077777306289e+00 1.962499223967834050e+00 2.577026127239554487e+00 1.351154094075095458e+00
1.010900335247227222e+00 2.667178920811079212e+00 1.989656814564235043e+00 2.575381639958438384e+00 1.340712191213121907e+00
1.032023140262022132e+00 2.659614877654884690e+00 2.013705513742098052e+00 2.569098948922207803e+00 1.323004522260558202e+00
1.054769301240487067e+00 2.654988029564749663e+00 2.027516991367233956e+00 2.556035242956967046e+00 1.298249002562303245e+00
1.078690395693209014e+00 2.650084020954412978e+00 2.034438665317530592e+00 2.535216142133851935e+00 1.274483791130358368e+00
1.102842733091678795e+00 2.644134965748149657e+00 2.039372651380734869e+00 2.505948609075693501e+00 1.257245703131641967e+00
1.134935913093964022e+00 2.631406599312112959e+00 2.043848127605385478e+00 2.479214168649725547e+00 1.247586628021700283e+00
1.172827724217095469e+00 2.617360175306759906e+00 2.046243412837903453e+00 2.454456714736033440e+00 1.247404890195493721e+00
1.210059803852907345e+00 2.605878714948601793e+00 2.047088711756246404e+00 2.426864683528473510e+00 1.250237509217909659e+00
1.244840167917056428e+00 2.595871346080901532e+00 2.049910857908554540e+00 2.397258113694953785e+00 1.246011561446681570e+00
1.272733198204424765e+00 2.586013937839706678e+00 2.056076008730151727e+00 2.371397193045093221e+00 1.229957555563906846e+00
1.290877397714310870e+00 2.571273753266970719e+00 2.066333519881489611e+00 2.354572506360709472e+00 1.208703725868062406e+00
1.293582517906224805e+00 2.546887021199444323e+00 2.054360921524520656e+00 2.342304789944539500e+00 1.212748024696786997e+00
1.290510185533170873e+00 2.536541471926976321e+00 2.052348516626497865e+00 2.336207502530255997e+00 1.243628325763505016e+00
1.272268171179162799e+00 2.526504541585456565e+00 2.046240760233467793e+00 2.329782008207847976e+00 1.271879510992429019e+00
1.232215737854345461e+00 2.515591768928274075e+00 2.025505303255949574e+00 2.326241604404903462e+00 1.267802412559048131e+00
1.206614894659336690e+00 2.512440521035860463e+00 2.009722125604250120e+00 2.327616671607572574e+00 1.242429449623700277e+00
