8.699999999999999956e-01 2.740000000000000213e+00 1.850000000000000089e+00 2.629999999999999893e+00 1.350000000000000089e+00
9.071202466273837750e-01 2.739576773283946665e+00 1.868989383231332013e+00 2.599562608839711686e+00 1.351313781109891421e+00
9.338011028608061981e-01 2.721553972007517253e+00 1.868267837628589945e+00 2.574280844515153266e+00 1.339364191739044418e+00
9.397936802801745149e-01 2.698386542028341939e+00 1.890497546804531304e+00 2.567875118440198445e+00 1.327645356368913676e+00
9.508546821902322810e-01 2.687734753187863479e+00 1.912257666836356451e+00 2.552055139272829010e+00 1.309699864410597936e+00
9.665745182472849084e-01 2.686634571962595697e+00 1.933304350767147906e+00 2.540675644702422797e+00 1.289092542700496891e+00
9.824941281608026156e-01 2.685978522822108250e+00 1.954295091124130135e+00 2.529523049135343982e+00 1.268385474026994197e+00
9.984168163334830037e-01 2.685330279595267822e+00 1.975284290034521772e+00 2.518374730269765660e+00 1.247677209002935550e+00
1.014339504506163170e+00 2.684682036368427838e+00 1.996273488944913632e+00 2.507226411404186894e+00 1.226968943978876680e+00
1.030493022832664085e+00 2.683450107596180079e+00 2.017320499922584887e+00 2.495684037756073614e+00 1.206404945934192341e+00
1.053535480694598903e+00 2.667228986881871045e+00 2.034959456980067305e+00 2.475690885831441257e+00 1.194154286340836757e+00
1.107482143196467206e+00 2.668432928883517796e+00 2.044907993659257350e+00 2.454241850901121236e+00 1.191541779366650733e+00
1.152498522467128916e+00 2.665163428869662177e+00 2.061677717171210844e+00 2.429142885122685946e+00 1.187098327663166808e+00
1.196540333440216042e+00 2.658635920387044216e+00 2.078038430285295668e+00 2.403488866734116769e+00 1.183903307159676288e+00
1.238935784841250110e+00 2.648050067905193039e+00 2.092779222534126404e+00 2.377608388749868684e+00 1.181275634743305769e+00
1.272407239858040384e+00 2.630262121101296646e+00 2.104318059804589414e+00 2.350530414117566913e+00 1.179249805531420225e+00
1.289481831325582473e+00 2.601880305447958452e+00 2.111440062298548970e+00 2.332107937530531583e+00 1.177749549433039444e+00
1.292448520039909399e+00 2.570648527617756862e+00 2.099183349553544353e+00 2.334616033990216000e+00 1.179990230880903823e+00
1.281500704376179911e+00 2.555442364863051541e+00 2.068296026622683748e+00 2.339737088365877682e+00 1.191286133143175441e+00
1.253196482509832954e+00 2.545653922674979253e+00 2.046386584041984147e+00 2.335243308420199337e+00 1.208507129205157460e+00
1.228906222825801642e+00 2.528588564820752005e+00 2.028641054290037271e+00 2.330984200125193695e+00 1.225179938222019205e+00
1.206614894659336690e+00 2.512440521035860463e+00 2.009722125604250120e+00 2.327616671607572574e+00 1.242429449623700277e+00
