8.699999999999999956e-01 2.740000000000000213e+00 1.850000000000000089e+00 2.629999999999999893e+00 1.350000000000000089e+00
9.071975750722713894e-01 2.730754228159603336e+00 1.871313757640243214e+00 2.618094768543390405e+00 1.342534495645710146e+00
9.512298972955469667e-01 2.719031872147276374e+00 1.883598864544155038e+00 2.604656800554748131e+00 1.350272226250627261e+00
9.814755290124654863e-01 2.713451759832037791e+00 1.910606677182115742e+00 2.592562945827664223e+00 1.353715875879514918e+00
1.001292464481553957e+00 2.708663915577269155e+00 1.940123204774475640e+00 2.580237495026639571e+00 1.346698611875505991e+00
1.016847822633633269e+00 2.701183298448376569e+00 1.967025323984962437e+00 2.565639596140864676e+00 1.335033014547396979e+00
1.031802873577356117e+00 2.691341599465209455e+00 1.991224191645222685e+00 2.549114008820647648e+00 1.321767546103404634e+00
1.047310796398501997e+00 2.678648450917692880e+00 2.011257341035808999e+00 2.531061091526812579e+00 1.306980594481357283e+00
1.062312903530832520e+00 2.662825075287587051e+00 2.023616226418234909e+00 2.512231542242607141e+00 1.289764013557994193e+00
1.078166359591824719e+00 2.648396408391728851e+00 2.026665410254200772e+00 2.494545944381616032e+00 1.268901771119012478e+00
1.103657398155969194e+00 2.629707765151554799e+00 2.021928940538261887e+00 2.478461633940697517e+00 1.254008709714103054e+00
1.121780310101443412e+00 2.621209438846792139e+00 2.033648071997707696e+00 2.470642955270757390e+00 1.271213303321677923e+00
1.139316983473983580e+00 2.628003682162119770e+00 2.052420129944321214e+00 2.450655371750021239e+00 1.253871038406300320e+00
1.162307121980798330e+00 2.628208912523475327e+00 2.061006448109805156e+00 2.422326543984798075e+00 1.236057694867152890e+00
1.197797382301950986e+00 2.627107382581824080e+00 2.067003338708534255e+00 2.391004761165907322e+00 1.225964601272982124e+00
1.236172738771681434e+00 2.625404329677390347e+00 2.073650554759019826e+00 2.361909682561310397e+00 1.216030916456561251e+00
1.268730635858521527e+00 2.618750448292321398e+00 2.081054095982461938e+00 2.337295015034678070e+00 1.200323373969525154e+00
1.283867151501597359e+00 2.595059417165906712e+00 2.075435847561712510e+00 2.327734947963466361e+00 1.191110436264773753e+00
1.269067334954807169e+00 2.575170467410030195e+00 2.056153116550428983e+00 2.334210880265999766e+00 1.203557997627109577e+00
1.243924891395384646e+00 2.556362289785723885e+00 2.037376244744532272e+00 2.331567310910785729e+00 1.214679596253793514e+00
1.225788356525516098e+00 2.533548025945068005e+00 2.023705254060017555e+00 2.329149456551559805e+00 1.227650472437129769e+00
1.206614894659336690e+00 2.512440521035860463e+00 2.009722125604250120e+00 2.327616671607572574e+00 1.242429449623700277e+00
