8.699999999999999956e-01 2.740000000000000213e+00 1.850000000000000089e+00 2.629999999999999893e+00 1.350000000000000089e+00
9.020542242069587990e-01 2.722892044393049105e+00 1.859594920934917406e+00 2.601005527965160713e+00 1.347057403568700851e+00
9.312645154829104488e-01 2.702294229104220680e+00 1.878598653317359979e+00 2.584764748139950274e+00 1.338112001066440460e+00
9.610949648659463662e-01 2.688289774999310655e+00 1.914029860454901977e+00 2.577769353437938449e+00 1.330768203786149684e+00
9.888033046994101349e-01 2.681498621686506212e+00 1.957415283127307726e+00 2.575181753714403055e+00 1.325995402512859522e+00
1.014787352558110811e+00 2.677522592588821748e+00 2.000946067836524733e+00 2.570083766506857437e+00 1.319040771267328882e+00
1.036254304289498718e+00 2.674315726712274355e+00 2.034326625180856052e+00 2.557026471714228588e+00 1.304097602971756142e+00
1.048903881026267193e+00 2.672389029547475481e+00 2.051017243443246318e+00 2.539127653334515067e+00 1.283294397797497766e+00
1.057872593840327058e+00 2.671037892085683652e+00 2.060767860143148056e+00 2.519308237609140466e+00 1.261439935135457269e+00
1.071460577919948864e+00 2.668049210009070915e+00 2.073013531073873317e+00 2.494018790188825996e+00 1.242434838523790219e+00
1.095398098779158058e+00 2.662293697173914175e+00 2.091438500246175725e+00 2.462060108432094552e+00 1.232431417873171231e+00
1.126661341616304934e+00 2.656345979062644247e+00 2.113241348176431611e+00 2.429962290371142863e+00 1.231431043508494305e+00
1.161953344982191716e+00 2.652271466636221042e+00 2.136639630188270633e+00 2.400252547381792834e+00 1.233550860234815527e+00
1.200071823403671356e+00 2.650462976476738675e+00 2.161506293315206051e+00 2.372736383370897872e+00 1.233759925352919229e+00
1.240528196819492335e+00 2.649815009518337483e+00 2.179611732281217851e+00 2.352717732751129720e+00 1.222455801288802935e+00
1.265215127989192556e+00 2.628326434925200683e+00 2.158904449010553339e+00 2.345063560192885976e+00 1.217302129085442219e+00
1.269105132283206316e+00 2.599917420450755579e+00 2.146718075448363017e+00 2.340026914501721400e+00 1.228431893428920674e+00
1.277083099044089121e+00 2.568299819186868671e+00 2.143431604133734680e+00 2.337320254302945433e+00 1.235551458486549015e+00
1.276199977059592872e+00 2.560730465572506276e+00 2.102722672011729799e+00 2.343414673526205583e+00 1.225461288781448665e+00
1.249131165963234036e+00 2.555235458237219426e+00 2.076146639827762819e+00 2.337999857884188515e+00 1.242957183240467334e+00
1.227653717147860313e+00 2.531036184046949522e+00 2.046526150774335751e+00 2.336174315884179897e+00 1.246340889040398192e+00
1.206614894659336690e+00 2.512440521035860463e+00 2.009722125604250120e+00 2.327616671607572574e+00 1.242429449623700277e+00
