8.699999999999999956e-01 2.740000000000000213e+00 1.850000000000000089e+00 2.629999999999999893e+00 1.350000000000000089e+00
9.431287406684919494e-01 2.709228231195861536e+00 1.861795301555082105e+00 2.590174709200019798e+00 1.368744066611970123e+00
9.818124044396026040e-01 2.741393464448983686e+00 1.909281869997286885e+00 2.579887350762258613e+00 1.355478206544483921e+00
1.031397007129732035e+00 2.724771563059352975e+00 1.944686315355523831e+00 2.545667087912878657e+00 1.321758692592122086e+00
1.047819898651169090e+00 2.711278561950039467e+00 1.990767227472194367e+00 2.505004642827029837e+00 1.293997775417303542e+00
1.049057794857403358e+00 2.685315855516182459e+00 2.037573745204289022e+00 2.481704077997658686e+00 1.262101036479650773e+00
1.095036697110906010e+00 2.638576224580944984e+00 2.068578974395589576e+00 2.468338863655262116e+00 1.247509349367675213e+00
1.166577790073481502e+00 2.624760630549605178e+00 2.072225675457711969e+00 2.425043601011862116e+00 1.214048840776372762e+00
1.234052445993975677e+00 2.615096512013903585e+00 2.076632689705956825e+00 2.391650062510832786e+00 1.170575599751666473e+00
1.277018356415381417e+00 2.570101034244256510e+00 2.073100840786981092e+00 2.351249035417803501e+00 1.156834326119830614e+00
1.246807433160425971e+00 2.535006149007879461e+00 2.041071798870774057e+00 2.336101328459654347e+00 1.195867601058498764e+00
1.206614894659336690e+00 2.512440521035860463e+00 2.009722125604250120e+00 2.327616671607572574e+00 1.242429449623700277e+00
