8.699999999999999956e-01 2.740000000000000213e+00 1.850000000000000089e+00 2.629999999999999893e+00 1.350000000000000089e+00
9.289575566438535992e-01 2.751892413756030109e+00 1.882396334648300362e+00 2.597980018348270193e+00 1.343346351769110214e+00
9.659690280136274954e-01 2.772829354933058710e+00 1.931986880994770894e+00 2.582301227368618335e+00 1.339067959225747506e+00
1.001917213061427780e+00 2.753242792826952279e+00 1.965077963259602933e+00 2.570988004644751523e+00 1.314136729523996294e+00
1.036892230373140933e+00 2.711618454551214974e+00 1.983199662208496861e+00 2.561672444531189363e+00 1.293416886399631593e+00
1.050454128164743040e+00 2.673613189513615040e+00 2.008875980652312432e+00 2.534921620246326501e+00 1.274250572520018610e+00
1.045404768995535250e+00 2.639257668457294148e+00 2.035854317933927682e+00 2.498191628863649871e+00 1.259719213344855815e+00
1.102580142010616271e+00 2.633550787079054878e+00 2.041956753257942569e+00 2.461994060590440903e+00 1.238371979521690314e+00
1.161120076341894070e+00 2.629984007465844265e+00 2.068649717519863263e+00 2.431399617680008340e+00 1.220943480595717112e+00
1.219660010673171868e+00 2.626417227852633651e+00 2.095342681781783956e+00 2.400805174769575778e+00 1.203514981669743911e+00
1.275300664349024782e+00 2.617313419614596626e+00 2.121825665260799632e+00 2.371380888498179740e+00 1.184272030479164961e+00
1.290729444461631070e+00 2.574321599690347906e+00 2.127687517438666465e+00 2.353287822492218240e+00 1.170487965920023798e+00
1.273335254263758598e+00 2.551982552228872159e+00 2.093148296451405432e+00 2.335639296297720602e+00 1.197756475551627897e+00
1.241701236711376222e+00 2.535864961513171423e+00 2.052482677536833222e+00 2.326873575782975490e+00 1.222674095535980943e+00
1.206614894659336690e+00 2.512440521035860463e+00 2.009722125604250120e+00 2.327616671607572574e+00 1.242429449623700277e+00
