8.699999999999999956e-01 2.740000000000000213e+00 1.850000000000000089e+00 2.629999999999999893e+00 1.350000000000000089e+00
9.138879734268340327e-01 2.718666302657266609e+00 1.867004435265763318e+00 2.610974715253525424e+00 1.362037520763029086e+00
9.558488850024968730e-01 2.743043629295250696e+00 1.886131233797859297e+00 2.591687154726573628e+00 1.358300015837783370e+00
9.776020507930623937e-01 2.776410923327002234e+00 1.915277250940612186e+00 2.598104074591372825e+00 1.356908046236256382e+00
9.765354939435407777e-01 2.736199602529722608e+00 1.925859697574067164e+00 2.582553186706584292e+00 1.363636807184768429e+00
9.936699588886889201e-01 2.696846096305097529e+00 1.935862293602794937e+00 2.573791936080954912e+00 1.352777997901615459e+00
1.023119013661703658e+00 2.679748605865383659e+00 1.965575239745891656e+00 2.571689240459318349e+00 1.333496930249475021e+00
1.048860743132391748e+00 2.670924259692171177e+00 1.996444991949304582e+00 2.572175928981101034e+00 1.311005179478413218e+00
1.065595078106681637e+00 2.677753398928586215e+00 2.033919863968394637e+00 2.565433530148202301e+00 1.292046104136188145e+00
1.073754002788506856e+00 2.681300693079320840e+00 2.055342999989257624e+00 2.540066929780753213e+00 1.266501559867876603e+00
1.078026232804758067e+00 2.676419229256536525e+00 2.058883834537573065e+00 2.511195885248836301e+00 1.238093172108976514e+00
1.085990669049875734e+00 2.668476344474173700e+00 2.062301370098725162e+00 2.484790083941234684e+00 1.209124505322460186e+00
1.125945562801185851e+00 2.655332701815790841e+00 2.080063235860026616e+00 2.452846551219677096e+00 1.203013064164175860e+00
1.169152239601292997e+00 2.641658391308665088e+00 2.099147027087325146e+00 2.422477129963712450e+00 1.203719657889669614e+00
1.213374812271365677e+00 2.624068187938328300e+00 2.115493362575926461e+00 2.393527662813498491e+00 1.203582098111008136e+00
1.256044078491832749e+00 2.596672398540212257e+00 2.121331059743062575e+00 2.370247010448060188e+00 1.198158584419903638e+00
1.275903380348788030e+00 2.556967412589113309e+00 2.107179423457923306e+00 2.367009111250616193e+00 1.194004359056490605e+00
1.277999723434499746e+00 2.532196009870757436e+00 2.117272363979243011e+00 2.357181367639449299e+00 1.218343792809751136e+00
1.276863501422329517e+00 2.533289380238061828e+00 2.111232099261619588e+00 2.352027840316087914e+00 1.188792955935150664e+00
1.273711576263349521e+00 2.524881724506601532e+00 2.077608884282484691e+00 2.334860621062272656e+00 1.209384514056826454e+00
1.239329622042629753e+00 2.520597130831828014e+00 2.039546002312430772e+00 2.331980963580720267e+00 1.221430066981731510e+00
1.206614894659336690e+00 2.512440521035860463e+00 2.009722125604250120e+00 2.327616671607572574e+00 1.242429449623700277e+00
