8.699999999999999956e-01 2.740000000000000213e+00 1.850000000000000089e+00 2.629999999999999893e+00 1.350000000000000089e+00
9.141402509048895952e-01 2.734966111338391848e+00 1.867799504232945607e+00 2.613723191317631755e+00 1.356985959577774903e+00
9.497003153175171963e-01 2.725550317208742968e+00 1.891345241134562372e+00 2.598405669347381597e+00 1.360862784053706864e+00
9.814454573909492385e-01 2.711370004751050722e+00 1.912014572586972161e+00 2.580332536786553277e+00 1.354723129004985926e+00
1.004822234220163812e+00 2.697290322223793169e+00 1.934480733987711476e+00 2.565069945729763212e+00 1.343034022809375116e+00
1.023310006739559963e+00 2.684548171387441950e+00 1.959945584945548047e+00 2.552719782117390590e+00 1.330889173463998487e+00
1.040845757885751066e+00 2.677171915734357643e+00 1.988434407601211262e+00 2.544788444351034684e+00 1.318396266616733037e+00
1.053828678491679050e+00 2.684446807875029428e+00 2.010305186413177569e+00 2.534035352135464159e+00 1.299501025198023463e+00
1.057685579334838533e+00 2.681901631811558051e+00 2.014314919521805081e+00 2.510525869927374920e+00 1.274978215571003881e+00
1.064144352671446914e+00 2.669323311084301320e+00 2.010060453873555364e+00 2.487945755234598710e+00 1.252366128895705533e+00
1.083823574264651812e+00 2.659806238640539888e+00 2.021016843577024602e+00 2.474084495507833381e+00 1.229376709122434574e+00
1.103234224904590777e+00 2.650776947120368821e+00 2.034441158522618309e+00 2.463538163018446969e+00 1.206430235005418350e+00
1.125418044754457281e+00 2.629429533763709692e+00 2.050916419972718341e+00 2.456229176574990181e+00 1.193453029433339196e+00
1.159089164072869105e+00 2.616112562866991009e+00 2.051630998136891204e+00 2.436490485364292358e+00 1.176988737752169945e+00
1.196037023176166336e+00 2.602552899864976066e+00 2.055000709854637009e+00 2.407545883166066325e+00 1.169753272115503284e+00
1.234048254256778776e+00 2.588110362657109587e+00 2.058212168154942567e+00 2.377802729187238562e+00 1.166239674326832398e+00
1.276101239925701014e+00 2.580321133016087565e+00 2.066896000155634461e+00 2.350182970809536531e+00 1.170923393841037496e+00
1.289698478500435730e+00 2.565377964910080077e+00 2.080185028641799327e+00 2.328243202977184900e+00 1.186548339664917240e+00
1.278963290796037766e+00 2.537488988724424743e+00 2.074131420586065033e+00 2.310128270612274548e+00 1.194412514578663265e+00
1.255638649707567112e+00 2.524476202439607686e+00 2.059797412498840963e+00 2.305503023095657689e+00 1.214976663869308027e+00
1.228556045094817861e+00 2.521079699827019738e+00 2.036577996749625807e+00 2.314528116123293788e+00 1.231212356716112843e+00
1.206614894659336690e+00 2.512440521035860463e+00 2.009722125604250120e+00 2.327616671607572574e+00 1.242429449623700277e+00
