8.699999999999999956e-01 2.740000000000000213e+00 1.850000000000000089e+00 2.629999999999999893e+00 1.350000000000000089e+00
9.002934029960033557e-01 2.724902392531951101e+00 1.870817005135715139e+00 2.607989509904653946e+00 1.363138874998713890e+00
9.309577615761636116e-01 2.715284337416177252e+00 1.886870239747350686e+00 2.575776653162816565e+00 1.363688429138585789e+00
9.564380850133948897e-01 2.719840344985723135e+00 1.917411211521483194e+00 2.552070978075676067e+00 1.358874771002109183e+00
9.809529091797253297e-01 2.715375316215859147e+00 1.954047867474283606e+00 2.543070183108567583e+00 1.348670744490900075e+00
1.007005565244126988e+00 2.705886557420536853e+00 1.989549694681221226e+00 2.537248114501489127e+00 1.337801226604734550e+00
1.032897422099419149e+00 2.692705656183122187e+00 2.021703487826328249e+00 2.528627227512060038e+00 1.324452845590433858e+00
1.048733524350469626e+00 2.671498053221027291e+00 2.032832010428961222e+00 2.508437256289219874e+00 1.303572570143377352e+00
1.057814823754089861e+00 2.657126881957831976e+00 2.039596831040945801e+00 2.495091661989666587e+00 1.271831338404650458e+00
1.068304766988895871e+00 2.657267451390737723e+00 2.052592552099896217e+00 2.492787953162038495e+00 1.236794013319190144e+00
1.080356411134120176e+00 2.650000940590982790e+00 2.065479902458274175e+00 2.489359676327921100e+00 1.202577669426289075e+00
1.100488557545391322e+00 2.624949782243443330e+00 2.074463372505783276e+00 2.473280438288562699e+00 1.182795790909681566e+00
1.133897702869719692e+00 2.601109175871791912e+00 2.084112108195588675e+00 2.451450022501820314e+00 1.176897883051243987e+00
1.173735945105529144e+00 2.583054025709141222e+00 2.096624767184886995e+00 2.428576876991377365e+00 1.175255550992096332e+00
1.214360887832661051e+00 2.567262644751378886e+00 2.110513644289134572e+00 2.405006903098953597e+00 1.174717538578050169e+00
1.256304957771952502e+00 2.559547152333093045e+00 2.125616958259929579e+00 2.379368822906506420e+00 1.169334918325059869e+00
1.283150470557802514e+00 2.544592341848770367e+00 2.131165903215066937e+00 2.348000107769519396e+00 1.159277624045251587e+00
1.287160787772948733e+00 2.510161931905168231e+00 2.112372302803120938e+00 2.354444116521600794e+00 1.162228551646953711e+00
1.274647808738507360e+00 2.484300884502608664e+00 2.083940566428380770e+00 2.351425643822073752e+00 1.167371924177012632e+00
1.251561889387696302e+00 2.489616942063683780e+00 2.056739879727956133e+00 2.343531991742014320e+00 1.191660289733608602e+00
1.229088392023516496e+00 2.501028731549772122e+00 2.033231002666103127e+00 2.335574331674793669e+00 1.217044869678654440e+00
1.206614894659336690e+00 2.512440521035860463e+00 2.009722125604250120e+00 2.327616671607572574e+00 1.242429449623700277e+00
