8.699999999999999956e-01 2.740000000000000213e+00 1.850000000000000089e+00 2.629999999999999893e+00 1.350000000000000089e+00
9.021759790124349587e-01 2.724183973768175449e+00 1.854063552387953173e+00 2.599645102159642729e+00 1.351966742438831304e+00
9.325708162158746761e-01 2.713363001649884865e+00 1.855163005002060439e+00 2.571935182506223327e+00 1.337421271321781013e+00
9.607347816747451308e-01 2.699620754890709406e+00 1.873510247085791836e+00 2.572793950437072930e+00 1.324584956769862432e+00
9.708206145105282570e-01 2.699861219439894544e+00 1.892325935683423888e+00 2.574260493548534701e+00 1.302226335400130885e+00
9.857880566723860039e-01 2.696010357575326033e+00 1.922767551206392200e+00 2.572005012401247903e+00 1.297084011340986720e+00
9.999289007893150671e-01 2.683909615821145955e+00 1.950528475718408039e+00 2.561481098456461325e+00 1.299836893135432936e+00
1.018751808682908155e+00 2.669238220292188490e+00 1.972510424162184917e+00 2.541997928506769089e+00 1.295298372516232366e+00
1.042962805242578339e+00 2.658464615598532976e+00 1.986921428860484617e+00 2.522151231368567004e+00 1.278692293905907107e+00
1.066839865641247442e+00 2.652399750104617926e+00 1.997235167477657836e+00 2.507051500861978699e+00 1.256342876472122283e+00
1.086066777777160208e+00 2.647823692238523652e+00 2.011917443889654766e+00 2.491831718135961715e+00 1.234606035804879376e+00
1.106058280433620089e+00 2.640368504668340499e+00 2.033604490517694430e+00 2.479128942946949632e+00 1.218388706026320545e+00
1.135441570532397693e+00 2.632443739701324059e+00 2.053259349242574139e+00 2.459918342852524198e+00 1.207509482291606817e+00
1.168730386070189198e+00 2.627376757654217077e+00 2.060255011263693703e+00 2.426918481317168030e+00 1.197930515420547737e+00
1.203346591947857869e+00 2.614702092406848699e+00 2.063826223206982835e+00 2.397143635549492835e+00 1.190288060537941339e+00
1.239725657707116069e+00 2.604913167220785475e+00 2.066681227394810527e+00 2.365700180872024383e+00 1.183290438385682153e+00
1.277066543416992772e+00 2.604832366381575337e+00 2.067730384789116194e+00 2.330842685337185749e+00 1.184579829625092007e+00
1.288565782505519008e+00 2.591011373980825816e+00 2.072012409803460464e+00 2.311425516507933597e+00 1.205500477139897164e+00
1.278922494265010812e+00 2.563178017868525949e+00 2.068920750381094464e+00 2.313933855465390099e+00 1.216181092834815347e+00
1.258460298485720497e+00 2.539210407513426748e+00 2.054168402167448448e+00 2.323429024336993276e+00 1.220861840805644416e+00
1.231711540683506634e+00 2.523750940291253020e+00 2.033035023085858040e+00 2.329643816967833292e+00 1.230306767325234141e+00
1.206614894659336690e+00 2.512440521035860463e+00 2.009722125604250120e+00 2.327616671607572574e+00 1.242429449623700277e+00
