8.699999999999999956e-01 2.740000000000000213e+00 1.850000000000000089e+00 2.629999999999999893e+00 1.350000000000000089e+00
9.013122776073969611e-01 2.722842154944572268e+00 1.866379693442476118e+00 2.602335265633175077e+00 1.354614813695347086e+00
9.342987996979441601e-01 2.708209015532194730e+00 1.880759736181770059e+00 2.571771031473109037e+00 1.359220590407318019e+00
9.693126685980472113e-01 2.697547795428898443e+00 1.909309032488242241e+00 2.551468506539923631e+00 1.354578591335822590e+00
9.940501064029639844e-01 2.690073961208799158e+00 1.942908106845707472e+00 2.542491840848930540e+00 1.341214306754039409e+00
1.011690465761220459e+00 2.681314454228680866e+00 1.978704051835005640e+00 2.537937418652920663e+00 1.327408239913649535e+00
1.026954931396845350e+00 2.666879447969466188e+00 2.007795967120513225e+00 2.532116233646672487e+00 1.311212554269834296e+00
1.042582550222552085e+00 2.656480419345633948e+00 2.015919167856165206e+00 2.521933304544697663e+00 1.287301135733716961e+00
1.059376207153455596e+00 2.655355688635902212e+00 2.018859717804145859e+00 2.512994460680334718e+00 1.261211544627125702e+00
1.079123247841891509e+00 2.654797777571920037e+00 2.032954747029505516e+00 2.503737564104744795e+00 1.236891775860692544e+00
1.106349817635151833e+00 2.650588742481262639e+00 2.056909019650668302e+00 2.483510108043675668e+00 1.220802222539736803e+00
1.139909566424472054e+00 2.645226488221121830e+00 2.079104744975937891e+00 2.452047586309390237e+00 1.219536040774697350e+00
1.174620655702223182e+00 2.641376144859073793e+00 2.094435452238605500e+00 2.419525655054090230e+00 1.228420808969295397e+00
1.209504068996254844e+00 2.637998264343023980e+00 2.106314071010094047e+00 2.389032211628125069e+00 1.241182666881311514e+00
1.245062748305639122e+00 2.630907484601883617e+00 2.118130710747789802e+00 2.359429776084839947e+00 1.253262668748745146e+00
1.279664970950214586e+00 2.613532619173107641e+00 2.131018287756367258e+00 2.332576976999194862e+00 1.256434889031087465e+00
1.301110440191216577e+00 2.594660179042964199e+00 2.140332920266432293e+00 2.325184013532636484e+00 1.238396840972590951e+00
1.295636945516041694e+00 2.586791218937767756e+00 2.130472024799119790e+00 2.327969040633981468e+00 1.213837488855525004e+00
1.286310796032705817e+00 2.561901425689037559e+00 2.102351677573153665e+00 2.325118820560919453e+00 1.219315341895196303e+00
1.271477433952961089e+00 2.545049749317413568e+00 2.066661953368007509e+00 2.327178876756663239e+00 1.227715615364357804e+00
1.245615340065719945e+00 2.529335521212972004e+00 2.030981244393201823e+00 2.328568921844522244e+00 1.231290937475812530e+00
1.206614894659336690e+00 2.512440521035860463e+00 2.009722125604250120e+00 2.327616671607572574e+00 1.242429449623700277e+00
