8.699999999999999956e-01 2.740000000000000213e+00 1.850000000000000089e+00 2.629999999999999893e+00 1.350000000000000089e+00
9.149491953690517265e-01 2.745258970945875454e+00 1.869350770415537655e+00 2.607651591517448519e+00 1.350954305113301057e+00
9.433066932451582565e-01 2.726675530954024040e+00 1.889298195146479786e+00 2.581003072172926238e+00 1.352256768912969420e+00
9.642253979977283285e-01 2.726635941040344235e+00 1.922452999431545129e+00 2.595655617875058940e+00 1.363062374569985247e+00
9.902290880053219446e-01 2.707224431988044966e+00 1.952924251713080928e+00 2.591410849676338835e+00 1.353187491095938499e+00
1.016232778012915450e+00 2.687812922935746140e+00 1.983395503994616504e+00 2.587166081477618729e+00 1.343312607621891752e+00
1.039069690866305740e+00 2.676709068570253258e+00 2.011060538682101217e+00 2.571909616742242388e+00 1.325360249446756233e+00
1.036021218978060876e+00 2.669309574900989634e+00 2.026997075150742678e+00 2.549007149472453104e+00 1.298239388339003098e+00
1.034535030702779190e+00 2.661595858044314866e+00 2.037430387886522976e+00 2.527869974688371713e+00 1.267731900082750940e+00
1.040596447975508321e+00 2.657055145375545546e+00 2.043304756275428957e+00 2.511504305084437672e+00 1.234201829627583402e+00
1.061223280076900810e+00 2.637137604124164092e+00 2.050072496130432409e+00 2.494151044784846949e+00 1.209288381163009074e+00
1.098875730418668484e+00 2.615958008085116582e+00 2.061312504624660313e+00 2.475269569587528196e+00 1.196572335148008648e+00
1.142826727829093558e+00 2.603634572087813126e+00 2.071343563736539384e+00 2.449113727495998649e+00 1.194551826576572440e+00
1.187574962314546179e+00 2.593834184593711623e+00 2.079202074236609743e+00 2.421061928480988446e+00 1.193750210949700241e+00
1.232393114443319337e+00 2.584559842794052376e+00 2.086454561505027172e+00 2.392649727825319150e+00 1.193054039236951525e+00
1.268193232719695640e+00 2.575082324693391378e+00 2.097897973989081954e+00 2.369770553584736650e+00 1.175367642014704117e+00
1.283017058520374176e+00 2.555956686730108007e+00 2.123779991563429892e+00 2.356112728708492643e+00 1.162081738948164356e+00
1.282297930037141764e+00 2.518500553530438335e+00 2.125803638609529145e+00 2.357316825051165132e+00 1.177641775715021266e+00
1.268663592060585987e+00 2.490568918508699880e+00 2.108655277369105185e+00 2.356822816286516353e+00 1.197267130254349610e+00
1.247049539786989847e+00 2.489333489154921253e+00 2.074436617070535949e+00 2.350869361853497264e+00 1.213281350729312758e+00
1.226832217223163379e+00 2.500887005095390858e+00 2.042079371337393034e+00 2.339243016730534919e+00 1.227855400176506517e+00
1.206614894659336690e+00 2.512440521035860463e+00 2.009722125604250120e+00 2.327616671607572574e+00 1.242429449623700277e+00
