8.699999999999999956e-01 2.740000000000000213e+00 1.850000000000000089e+00 2.629999999999999893e+00 1.350000000000000089e+00
9.057901161327799322e-01 2.723102184793098068e+00 1.866085507774841057e+00 2.607443848451274970e+00 1.345005365629291072e+00
9.537564405094421938e-01 2.715797536368931731e+00 1.874292630059212872e+00 2.590845955822921987e+00 1.359707605247892914e+00
9.783285601893929595e-01 2.697675355150812582e+00 1.890545800681994404e+00 2.574678645347793005e+00 1.343654706045310121e+00
1.000348963702305527e+00 2.687092671463647164e+00 1.919654418560601483e+00 2.575139670397981195e+00 1.326648249909629929e+00
1.020601136187873959e+00 2.678184026138294982e+00 1.950596434269403545e+00 2.575760556235414445e+00 1.310082169083600423e+00
1.033190043906124789e+00 2.676219542085609415e+00 1.980785124214506698e+00 2.561464031098291017e+00 1.291675219920703555e+00
1.046178620754394384e+00 2.669339455573929598e+00 2.003617277065479207e+00 2.537993738323331083e+00 1.271932812791779499e+00
1.061934429289298709e+00 2.657554778855486521e+00 2.015740407982907989e+00 2.514137236971757616e+00 1.248932698025051247e+00
1.078526409969535305e+00 2.643981465693340915e+00 2.013221577760479164e+00 2.496656897568465538e+00 1.222325403102787034e+00
1.096778718275559950e+00 2.637399701475701352e+00 2.012814015585012939e+00 2.488375069983971954e+00 1.191036975085091765e+00
1.111739283888048879e+00 2.647435628171581623e+00 2.037387970471576271e+00 2.485052198743951557e+00 1.170412099630411706e+00
1.143214295069131303e+00 2.656043790861523757e+00 2.062745391176494358e+00 2.475889469378792285e+00 1.184459221363449055e+00
1.179041774870078108e+00 2.643914664701672912e+00 2.064290418059846033e+00 2.450310627956355347e+00 1.200774337132477942e+00
1.210530837988404329e+00 2.629697117226577063e+00 2.069725450177312798e+00 2.416075048130966074e+00 1.201713295818239713e+00
1.241322513545965345e+00 2.616280918601033623e+00 2.076932832953267472e+00 2.381235797264718013e+00 1.199711735474818353e+00
1.273196970921131488e+00 2.607056797606171816e+00 2.088783997348005350e+00 2.347186001612430406e+00 1.192896449286082516e+00
1.288027600347708912e+00 2.595156080776537699e+00 2.082956118937919765e+00 2.323037992305772459e+00 1.173386316187524869e+00
1.278593352162664454e+00 2.570349708445889725e+00 2.063103261907116348e+00 2.320776150238001545e+00 1.187589505707200122e+00
1.257006447575319097e+00 2.550668059767562834e+00 2.043415509693017995e+00 2.320105869177709224e+00 1.206047750959688081e+00
1.229687738323503865e+00 2.536101707932582272e+00 2.027845870735158762e+00 2.322471399622156429e+00 1.229391291747967241e+00
1.206614894659336690e+00 2.512440521035860463e+00 2.009722125604250120e+00 2.327616671607572574e+00 1.242429449623700277e+00
