8.699999999999999956e-01 2.740000000000000213e+00 1.850000000000000089e+00 2.629999999999999893e+00 1.350000000000000089e+00
9.229150732427182646e-01 2.771188870465278953e+00 1.876650876844202287e+00 2.604647536294662835e+00 1.357288276391058979e+00
9.835654940790951040e-01 2.739695944263451199e+00 1.883686763810424880e+00 2.575487392050095359e+00 1.366184549446814112e+00
9.875425409177869263e-01 2.702388283215727771e+00 1.928342581145071399e+00 2.582484384555070012e+00 1.347873099545688236e+00
9.966460655215538811e-01 2.701336384235681454e+00 1.950443844080343103e+00 2.573445865456050807e+00 1.333545795346493534e+00
1.003767122563294922e+00 2.699683299995389696e+00 1.958672500858683829e+00 2.566415544438567231e+00 1.322976317421252102e+00
1.053501368341350775e+00 2.687722167672693896e+00 2.012269977765142936e+00 2.515294576854434805e+00 1.248832419221027612e+00
1.054113406874860548e+00 2.671753531613156429e+00 2.029696148853132431e+00 2.464713553266821400e+00 1.237983533522218460e+00
1.054584061290484209e+00 2.636351874394514461e+00 2.047381191809261480e+00 2.450916685927460037e+00 1.258599816741008848e+00
1.083848866401459388e+00 2.604106120342619679e+00 2.051054327626272489e+00 2.427789016926374721e+00 1.260337058784062547e+00
1.124552637710729330e+00 2.572055478139913642e+00 2.039508362229511818e+00 2.394696171347078018e+00 1.255357912637639073e+00
1.206614894659336690e+00 2.512440521035860463e+00 2.009722125604250120e+00 2.327616671607572574e+00 1.242429449623700277e+00
