8.699999999999999956e-01 2.740000000000000213e+00 1.850000000000000089e+00 2.629999999999999893e+00 1.350000000000000089e+00
9.066086252358700470e-01 2.728435550988991043e+00 1.863511211280081570e+00 2.606652553200903721e+00 1.357704667016054412e+00
9.488232434709423790e-01 2.731198521266861690e+00 1.885220241898104776e+00 2.597900473689902956e+00 1.350757835526555262e+00
9.726225969032248342e-01 2.733145068096501262e+00 1.910279991654399989e+00 2.574626234523925916e+00 1.354201385208985808e+00
9.974759930472162361e-01 2.714065962343428229e+00 1.930070800990222546e+00 2.556432401908666385e+00 1.360069488571463925e+00
1.022299304913303342e+00 2.689147241635434504e+00 1.948753907889416714e+00 2.545229832504968925e+00 1.360883411823833544e+00
1.045211739011460583e+00 2.666259727489002085e+00 1.969336259491188956e+00 2.532898310079024995e+00 1.354414116549771618e+00
1.062555533798890339e+00 2.646955496165134925e+00 1.984340440542509354e+00 2.514218923802415961e+00 1.335300329045608025e+00
1.073251918729039467e+00 2.625572498375760233e+00 1.995848551004664184e+00 2.499710146400710542e+00 1.310515522827648160e+00
1.080486082548370419e+00 2.604958542214907524e+00 2.011021664847493451e+00 2.493774281943518911e+00 1.283750561914839494e+00
1.107143751667666320e+00 2.601022821501510318e+00 2.025853614682529891e+00 2.471974244333011939e+00 1.264957764953063668e+00
1.138217363675019467e+00 2.588861838915134772e+00 2.037264235324801387e+00 2.447040840739983292e+00 1.250925250056717619e+00
1.167035436409755933e+00 2.571205529732096373e+00 2.048853963181853199e+00 2.425375257754463387e+00 1.236232571761103571e+00
1.195248717214304257e+00 2.552746549824662647e+00 2.060783086038284306e+00 2.404657178158366548e+00 1.221120139303927488e+00
1.223438263966275308e+00 2.534290295377914060e+00 2.072620623443627075e+00 2.383953331572988610e+00 1.205874247376272690e+00
1.252098112775763550e+00 2.514533573107899045e+00 2.079522679331379020e+00 2.363081058950340374e+00 1.189679578878038990e+00
1.276143128471117327e+00 2.509842927157247772e+00 2.087068417501044326e+00 2.337423121874349086e+00 1.166875043899629594e+00
1.273435620031601045e+00 2.529289395652669192e+00 2.074746912452456460e+00 2.337528834051925131e+00 1.139734382477021413e+00
1.256216127509057978e+00 2.532164331223663023e+00 2.043822610736172329e+00 2.339254323609865072e+00 1.137964937734822213e+00
1.238130519865165535e+00 2.526402823431239675e+00 2.031635273113984397e+00 2.335779523074762221e+00 1.172304153372889735e+00
1.222372707262251001e+00 2.519421672233550069e+00 2.020678699359117036e+00 2.331698097341167397e+00 1.207366801498295228e+00
1.206614894659336690e+00 2.512440521035860463e+00 2.009722125604250120e+00 2.327616671607572574e+00 1.242429449623700277e+00
