8.699999999999999956e-01 2.740000000000000213e+00 1.850000000000000089e+00 2.629999999999999893e+00 1.350000000000000089e+00
9.112610984105981027e-01 2.729229931546909071e+00 1.858474767437487962e+00 2.595339780844411859e+00 1.352544144303101881e+00
9.398474171951369804e-01 2.741921074184124230e+00 1.875796538103074784e+00 2.560473080387229317e+00 1.345868100384032706e+00
9.595214582753585075e-01 2.755297092830200523e+00 1.915356953388534844e+00 2.552352293847571119e+00 1.343866095765029245e+00
9.850661877931292665e-01 2.734498899624305146e+00 1.928696869600449837e+00 2.534618450314181537e+00 1.323741186465358322e+00
1.003183841953847910e+00 2.722147476033723201e+00 1.954011985248233607e+00 2.529682168518404772e+00 1.295104903536697050e+00
1.021401483345184324e+00 2.710117902641953957e+00 1.980115971323861856e+00 2.525360689080665466e+00 1.267046530142498462e+00
1.047538450732155457e+00 2.693134351775126056e+00 2.014684784265794892e+00 2.530710546713679676e+00 1.255047297754329882e+00
1.067673004455504060e+00 2.688647939575899315e+00 2.057576221706848507e+00 2.529643202981669781e+00 1.261379532298309014e+00
1.073402694762166654e+00 2.668120093524973591e+00 2.072857578607691487e+00 2.508732471234404571e+00 1.236161364039703781e+00
1.080594915197572892e+00 2.639787887295496294e+00 2.064783997736366228e+00 2.489215463578844378e+00 1.215190966500601544e+00
1.091830445107377479e+00 2.629024716034593201e+00 2.086854486327948788e+00 2.455419185156070050e+00 1.205416386230560466e+00
1.126144711320626879e+00 2.614025866460632397e+00 2.085069145835149129e+00 2.427597252635481428e+00 1.186386958689716664e+00
1.183474831870685584e+00 2.609532271226871369e+00 2.093649827076566439e+00 2.407992084004754840e+00 1.174480989891043103e+00
1.240773875693224060e+00 2.605442072508358464e+00 2.102966390654724016e+00 2.389099418384628581e+00 1.162108589476342324e+00
1.294716801208769974e+00 2.602175771879637001e+00 2.117699006653874783e+00 2.376096884287225652e+00 1.147080327663831056e+00
1.292936937034556033e+00 2.563240689670339023e+00 2.128292037433198391e+00 2.372255496126041585e+00 1.147767493616748569e+00
1.292573034255385611e+00 2.549526704803548594e+00 2.135483665949911902e+00 2.358134007184789827e+00 1.182473084340250224e+00
1.283806942060202516e+00 2.567945421993793609e+00 2.103612742462824592e+00 2.351861762849816184e+00 1.199183924301963078e+00
1.257501339564867093e+00 2.553709352586251313e+00 2.066994928765931494e+00 2.345457717937398101e+00 1.209308960985157055e+00
1.231985042066223279e+00 2.533201371292161497e+00 2.038058742672838264e+00 2.336631784966086034e+00 1.225631752038251365e+00
1.206614894659336690e+00 2.512440521035860463e+00 2.009722125604250120e+00 2.327616671607572574e+00 1.242429449623700277e+00
