8.699999999999999956e-01 2.740000000000000213e+00 1.850000000000000089e+00 2.629999999999999893e+00 1.350000000000000089e+00
8.961104985561342273e-01 2.738823618909298929e+00 1.871969668477214022e+00 2.592063305842637888e+00 1.335458894187406376e+00
9.493151045936248922e-01 2.749081411059597357e+00 1.897118497281920835e+00 2.579277485227829292e+00 1.347532597744144356e+00
9.564171121057953862e-01 2.747016499512642262e+00 1.935379148816503081e+00 2.558271049436692035e+00 1.326927774845758634e+00
9.665166105818276954e-01 2.731882367180872961e+00 1.968632696246059632e+00 2.536619214909919151e+00 1.307223306146432229e+00
9.842116227389668959e-01 2.708526890714527902e+00 1.997571138634844923e+00 2.517865965641607140e+00 1.291789278705610666e+00
1.005840787663992986e+00 2.682687758172744630e+00 2.023801846084396949e+00 2.502438143587931041e+00 1.276438102797962992e+00
1.030029504849658162e+00 2.662455518901294393e+00 2.043371664957493561e+00 2.488487915347180390e+00 1.250650186359219429e+00
1.038897736361033886e+00 2.628371510059175353e+00 2.036652564267060761e+00 2.489682464994268596e+00 1.234207972310290780e+00
1.081232184577557875e+00 2.624322985242445672e+00 2.064958722522227674e+00 2.479802181945530481e+00 1.215782685520875983e+00
1.128409052578168037e+00 2.627360058053484604e+00 2.090395368060833370e+00 2.454946414656538511e+00 1.203050293177370555e+00
1.176676464418654922e+00 2.626446643765176781e+00 2.110877007021472185e+00 2.426117504224011512e+00 1.191100889849886713e+00
1.225313196520178227e+00 2.624181188157532318e+00 2.126760062476592772e+00 2.396228117541425284e+00 1.177303323851119021e+00
1.271959177522125728e+00 2.620776604095311324e+00 2.130212133914795469e+00 2.367459589538115416e+00 1.156612595893920625e+00
1.301452203795566032e+00 2.592240146985476112e+00 2.115636305782960136e+00 2.356364324280501688e+00 1.149947200693224758e+00
1.280954490962453285e+00 2.579985992665494443e+00 2.086532445011064496e+00 2.355683836993688995e+00 1.178632349456450346e+00
1.256045026310795176e+00 2.556792064703644396e+00 2.067535942917537284e+00 2.347669095744624901e+00 1.203802144198337754e+00
1.231329960485066044e+00 2.534616292869752208e+00 2.038629034260893924e+00 2.337642883676098737e+00 1.223115796911018904e+00
1.206614894659336690e+00 2.512440521035860463e+00 2.009722125604250120e+00 2.327616671607572574e+00 1.242429449623700277e+00
