8.699999999999999956e-01 2.740000000000000213e+00 1.850000000000000089e+00 2.629999999999999893e+00 1.350000000000000089e+00
9.081220990056811937e-01 2.713294603591842602e+00 1.859103135770170612e+00 2.603363956862967399e+00 1.352635542075236286e+00
9.589149865566432007e-01 2.710917016432769611e+00 1.867462904397922063e+00 2.579676210963899763e+00 1.334639644903184097e+00
9.724305782096059891e-01 2.704097353123357639e+00 1.906272147589203936e+00 2.573823160834262769e+00 1.313169332800866229e+00
1.007936269613385338e+00 2.694197170170176570e+00 1.943293258169440874e+00 2.564572037839372598e+00 1.324139296653792819e+00
1.038020280358119773e+00 2.683843664611304192e+00 1.979002371892426337e+00 2.548543952353972575e+00 1.309302635984857188e+00
1.055690105128346046e+00 2.668669482711227392e+00 1.999478225577943080e+00 2.527819870055168394e+00 1.283797573491043842e+00
1.062278400768568165e+00 2.651767489280453916e+00 2.006710853481495249e+00 2.509207181839935075e+00 1.253713289110448326e+00
1.071842976348880816e+00 2.643351748910917287e+00 2.011137703833464574e+00 2.508422319812964041e+00 1.218370482687828549e+00
1.102146720393663015e+00 2.619619403016779646e+00 2.019229928461356849e+00 2.481451445605237449e+00 1.201994840283529431e+00
1.137546857890023411e+00 2.599085772451192877e+00 2.034515815252356585e+00 2.452702062448196774e+00 1.188909440353862479e+00
1.181549884704027997e+00 2.579696666498259461e+00 2.045447218554632407e+00 2.427049567597637569e+00 1.175219637597291644e+00
1.226024703247498904e+00 2.560369248973410006e+00 2.056135635564942277e+00 2.401568455398299662e+00 1.161495127732079746e+00
1.272311687174063621e+00 2.566492202848429827e+00 2.082707192176500577e+00 2.377127483570797839e+00 1.157010939265564309e+00
1.277765403782489484e+00 2.599274988519993279e+00 2.104714174908177693e+00 2.376787438222137006e+00 1.168457130251335352e+00
1.275066311842567135e+00 2.634560776229634360e+00 2.126166014870525700e+00 2.369914176481953128e+00 1.172240057136399116e+00
1.283787751394483756e+00 2.604440529486204969e+00 2.114767286277432046e+00 2.369398474051980674e+00 1.179075904702443722e+00
1.291870795469183264e+00 2.582821808076026127e+00 2.103686728009296569e+00 2.398953105872239533e+00 1.200236673974931056e+00
1.280251362072566845e+00 2.550989920348854412e+00 2.079511727251057707e+00 2.400994150152629736e+00 1.188110005856970020e+00
1.265753646305263436e+00 2.530601191638604863e+00 2.047493188830649125e+00 2.376432199632326547e+00 1.196525589407736234e+00
1.238732479143957121e+00 2.512797552411719870e+00 2.031813523400392896e+00 2.352780198663936506e+00 1.218915273372747965e+00
1.206614894659336690e+00 2.512440521035860463e+00 2.009722125604250120e+00 2.327616671607572574e+00 1.242429449623700277e+00
