8.699999999999999956e-01 2.740000000000000213e+00 1.850000000000000089e+00 2.629999999999999893e+00 1.350000000000000089e+00
9.547615960445436922e-01 2.753758777719577555e+00 1.887675279264399153e+00 2.597897078823705019e+00 1.355315195411986195e+00
9.768390841916123613e-01 2.697979540485967220e+00 1.858901994491698684e+00 2.570291620587052961e+00 1.347539328067437925e+00
1.000512653475549518e+00 2.700686401896364774e+00 1.904038966507904718e+00 2.538593631466797618e+00 1.317061091642275805e+00
1.012349387172376991e+00 2.717603550027687831e+00 1.961614737594097990e+00 2.526367583339982126e+00 1.295764914647253407e+00
1.038015742453364254e+00 2.729988223342720843e+00 2.018375526452057311e+00 2.508412904206593019e+00 1.276997633860009973e+00
1.049354737546660754e+00 2.708506781819849163e+00 2.020309428360182125e+00 2.505127927736531035e+00 1.230470707829051324e+00
1.075363887230235793e+00 2.662294030343652640e+00 2.051079057802196903e+00 2.467151189381232346e+00 1.212632750108436852e+00
1.139756867325680378e+00 2.614343418843743994e+00 2.061615479020668662e+00 2.426206092244225232e+00 1.218083561239630797e+00
1.228543430173419493e+00 2.593220744990144322e+00 2.064096298824694919e+00 2.385006843290346623e+00 1.201918130465582601e+00
1.264922496345128655e+00 2.542154388689027211e+00 2.048132295860121133e+00 2.343941339736614893e+00 1.218006841202802448e+00
1.206614894659336690e+00 2.512440521035860463e+00 2.009722125604250120e+00 2.327616671607572574e+00 1.242429449623700277e+00
