8.699999999999999956e-01 2.740000000000000213e+00 1.850000000000000089e+00 2.629999999999999893e+00 1.350000000000000089e+00
9.050855575824421351e-01 2.719936613499683187e+00 1.864364693134767492e+00 2.605982476388599700e+00 1.362542110852750454e+00
9.433777056885901402e-01 2.702806711318566535e+00 1.888433250491342807e+00 2.584185792842306206e+00 1.354293013478419683e+00
9.702090122817456086e-01 2.710658591211656088e+00 1.924828061955806024e+00 2.585860131975003195e+00 1.336231975173989062e+00
9.997705648977568416e-01 2.700642137932613096e+00 1.965597947360615327e+00 2.585977848957877967e+00 1.324139321286011972e+00
1.021847058379831807e+00 2.683376749076248124e+00 1.998485787458224916e+00 2.574275792804732621e+00 1.307974420806684357e+00
1.037002634479685215e+00 2.674207684687492481e+00 2.019972353622429218e+00 2.564805087949471485e+00 1.280065667216257586e+00
1.049036750009298302e+00 2.669726548071164718e+00 2.028538393793491323e+00 2.555136034215918173e+00 1.247986747062070245e+00
1.059217650640609687e+00 2.669434479627508683e+00 2.038002596251702325e+00 2.535938173908874660e+00 1.217714477348085023e+00
1.071634631256154435e+00 2.692356837487735355e+00 2.056223456470119171e+00 2.513713357135480386e+00 1.203412196931993083e+00
1.110512680864550683e+00 2.688739723040752594e+00 2.079158671630672028e+00 2.481575930909931671e+00 1.196305780382017625e+00
1.151935010005147975e+00 2.680749934770768839e+00 2.101778563390318322e+00 2.450986587255622684e+00 1.191162047486432840e+00
1.194504797315224742e+00 2.673917272879396290e+00 2.125141380198712238e+00 2.420836817989788781e+00 1.187138650529447448e+00
1.244796766021921464e+00 2.667973786159794969e+00 2.138896747107885243e+00 2.391851566736028278e+00 1.181350309725677450e+00
1.278816808837417440e+00 2.644274809581488306e+00 2.124299344013752311e+00 2.368286963761517594e+00 1.178427466291644077e+00
1.279888170640670619e+00 2.610287956510207508e+00 2.125474209701620154e+00 2.351607238512578135e+00 1.184869004584223839e+00
1.289299501740174714e+00 2.575229997353035039e+00 2.124000712318062867e+00 2.343351572003077088e+00 1.192581608866227105e+00
1.280387944949128443e+00 2.555189987176542221e+00 2.088407696067764885e+00 2.349553464151973969e+00 1.188616310957741007e+00
1.263056953798983750e+00 2.579742333195806037e+00 2.103616185902996705e+00 2.345871569639721432e+00 1.205567341773521761e+00
1.238815478648846113e+00 2.565627387884259925e+00 2.071796872522539523e+00 2.340567032628485755e+00 1.225354911581574724e+00
1.222715186654091291e+00 2.539033954460060194e+00 2.040759499063395044e+00 2.334091852118028942e+00 1.233892180602637501e+00
1.206614894659336690e+00 2.512440521035860463e+00 2.009722125604250120e+00 2.327616671607572574e+00 1.242429449623700277e+00
