8.699999999999999956e-01 2.740000000000000213e+00 1.850000000000000089e+00 2.629999999999999893e+00 1.350000000000000089e+00
9.045130869153747977e-01 2.753296230060089389e+00 1.874534254760609198e+00 2.616565033919103556e+00 1.356185942327446492e+00
9.390918569021712292e-01 2.747757106664887150e+00 1.897843176809386412e+00 2.594191452040529811e+00 1.354248770891071985e+00
9.636572389776664194e-01 2.724132260041594478e+00 1.919429197301606660e+00 2.589679231156484462e+00 1.344584744857393765e+00
9.861074003728662607e-01 2.702531618025817206e+00 1.946636972885902761e+00 2.591929674833292285e+00 1.337932884209153350e+00
1.010388471793014276e+00 2.689002005916290461e+00 1.978901328307418162e+00 2.590384319230795818e+00 1.332372178808906682e+00
1.032838251569018428e+00 2.687542798254642040e+00 2.010112031827060441e+00 2.581357679709701536e+00 1.320294330618644318e+00
1.044756157632680038e+00 2.694052898779388805e+00 2.027522445295701914e+00 2.564076287905811213e+00 1.299198509631134701e+00
1.051140366158380690e+00 2.696176305022222941e+00 2.035117704040179554e+00 2.541704699510634935e+00 1.276077459032402439e+00
1.059594837138285062e+00 2.687918554300598117e+00 2.042642844000248203e+00 2.516788075393743274e+00 1.255114883039984086e+00
1.069453752636425836e+00 2.668729654624905301e+00 2.050632507376595637e+00 2.495233106071046869e+00 1.236945293553063818e+00
1.085592505558781617e+00 2.646909719078136547e+00 2.059904920674731965e+00 2.476919350065589054e+00 1.220195452952015147e+00
1.110552801300274783e+00 2.626653359365133333e+00 2.071320739022388668e+00 2.457566774393582953e+00 1.206358030166655659e+00
1.140022099802045608e+00 2.606839178034748628e+00 2.083498270637386796e+00 2.436056636552919041e+00 1.196521343305400054e+00
1.170210720713598551e+00 2.586431715237616835e+00 2.095297468624693238e+00 2.413465707043680464e+00 1.188864679539688884e+00
1.200932678357969907e+00 2.565887619074467274e+00 2.107014176355653579e+00 2.390550293759122091e+00 1.182327198039937244e+00
1.235204708764639614e+00 2.545810416872629212e+00 2.119073191128084677e+00 2.368234451728308265e+00 1.180455803947995541e+00
1.278245865235120515e+00 2.545596031582031848e+00 2.116456715619422724e+00 2.350776664815997563e+00 1.191076609418381338e+00
1.270359278208970100e+00 2.540654632853628137e+00 2.097500799138173999e+00 2.336631640771046570e+00 1.213399536460096906e+00
1.256263662703484663e+00 2.525472527180583349e+00 2.077379553155280334e+00 2.329444383606236624e+00 1.233165559581220982e+00
1.232237992869438914e+00 2.515467723119490184e+00 2.045324324519374848e+00 2.326068914278211608e+00 1.242276361864288248e+00
1.206614894659336690e+00 2.512440521035860463e+00 2.009722125604250120e+00 2.327616671607572574e+00 1.242429449623700277e+00
