8.699999999999999956e-01 2.740000000000000213e+00 1.850000000000000089e+00 2.629999999999999893e+00 1.350000000000000089e+00
9.069144316385532312e-01 2.741054207162089806e+00 1.882534667501124748e+00 2.622187548803169399e+00 1.352444396031327489e+00
9.468128363006224069e-01 2.727995699506614358e+00 1.895721326917437777e+00 2.595541227021874953e+00 1.357520816432646660e+00
9.673476238260491078e-01 2.736906156323864803e+00 1.920931714539324542e+00 2.564275685547205086e+00 1.356431746361762336e+00
9.947177610064136255e-01 2.726204032281143608e+00 1.952890809487158874e+00 2.549849519698548672e+00 1.360305882563736191e+00
1.023459041452950968e+00 2.702694918116780087e+00 1.976833523606628784e+00 2.545679385781773885e+00 1.364891196739264068e+00
1.056893651193912875e+00 2.680501269388411600e+00 1.983871916591379181e+00 2.552240035966790721e+00 1.347737554338779065e+00
1.067666327466782583e+00 2.658616031574841720e+00 1.991225945439650591e+00 2.536265579227394262e+00 1.324592768945369148e+00
1.074887669961627212e+00 2.636971738478282479e+00 2.002702965790223999e+00 2.512430295467481312e+00 1.305378300527199942e+00
1.085739644113798752e+00 2.627686707825386492e+00 2.022890387992012595e+00 2.500366183764756389e+00 1.317199819256491100e+00
1.087469333559597517e+00 2.608804275212361468e+00 2.017187532459639776e+00 2.491748387482210170e+00 1.288634237777425362e+00
1.098441433032687486e+00 2.598468239566094073e+00 2.019417250637692618e+00 2.478054595537157123e+00 1.257645779585141010e+00
1.125480227818500545e+00 2.590478446307789451e+00 2.030878267739328003e+00 2.457816237962809236e+00 1.232858936713125964e+00
1.159022243694443954e+00 2.581764256955334957e+00 2.043848203462912405e+00 2.435455428653698906e+00 1.212766999813883029e+00
1.193570456501257926e+00 2.571785476646703650e+00 2.055427306252281650e+00 2.412559916125966542e+00 1.193515971478573690e+00
1.227665564840105805e+00 2.562149844742618310e+00 2.066299609866821374e+00 2.388462638129947191e+00 1.174379061936879687e+00
1.259064210286513275e+00 2.559279593239603745e+00 2.077550608225011697e+00 2.359166057690957441e+00 1.155799132240908467e+00
1.283510161909296787e+00 2.542091391783296572e+00 2.096233234551482472e+00 2.333058732663469304e+00 1.155514837229299596e+00
1.276713989648948555e+00 2.520485129191970763e+00 2.065477762777087722e+00 2.329333549036729067e+00 1.162280137041852068e+00
1.256406271542615638e+00 2.522385142846421680e+00 2.035227598155850082e+00 2.329535276789779452e+00 1.182968670514719545e+00
1.230494780514952202e+00 2.519934102721474556e+00 2.022176980832682158e+00 2.330859326035075174e+00 1.212757864113248596e+00
1.206614894659336690e+00 2.512440521035860463e+00 2.009722125604250120e+00 2.327616671607572574e+00 1.242429449623700277e+00
