8.699999999999999956e-01 2.740000000000000213e+00 1.850000000000000089e+00 2.629999999999999893e+00 1.350000000000000089e+00
9.047166001981935546e-01 2.723558836050579579e+00 1.847642112944184678e+00 2.600255491439984024e+00 1.350368829788266334e+00
9.361843342537898849e-01 2.723053171953627949e+00 1.871922942394414369e+00 2.571153759136233230e+00 1.348538969962147505e+00
9.464767970852178136e-01 2.702334759535006459e+00 1.891767335909960712e+00 2.560939045480661758e+00 1.333417373431228903e+00
9.621271008743895736e-01 2.694363215342224116e+00 1.912371818005408342e+00 2.548792828699036228e+00 1.312954324253932770e+00
9.803631703692008426e-01 2.694292497574657386e+00 1.935198043372583943e+00 2.537384625548932959e+00 1.292556420207021661e+00
9.992269196458885006e-01 2.695623843282172860e+00 1.958088190144063656e+00 2.526438455998081700e+00 1.272196796444494904e+00
1.018178399986279903e+00 2.697114702575647005e+00 1.980964840119272319e+00 2.515564367133016788e+00 1.251837143831125099e+00
1.035227035055764855e+00 2.689143346946230473e+00 2.000491940475267683e+00 2.506331607990683885e+00 1.230658861163432816e+00
1.049144801934029925e+00 2.674992268187897704e+00 2.018565767195447336e+00 2.484760176407656562e+00 1.214801827970968029e+00
1.072748602682888519e+00 2.660688146551887456e+00 2.047618391810574145e+00 2.470814150977971746e+00 1.204875927575640437e+00
1.117718032215204715e+00 2.653444790091758154e+00 2.068051470320702467e+00 2.451512897202106522e+00 1.199012580431435993e+00
1.163597116819501842e+00 2.653620752399162175e+00 2.086794378592229382e+00 2.428442235060974674e+00 1.194121918421673367e+00
1.208659904852293021e+00 2.656042363276000629e+00 2.105904129579863948e+00 2.404911980628301471e+00 1.189567893060994308e+00
1.260130952740238452e+00 2.650895742069157901e+00 2.119049681912937189e+00 2.383455525813881426e+00 1.187347315968023675e+00
1.293842375167227221e+00 2.628757195172153782e+00 2.130048918885339759e+00 2.363841285914470625e+00 1.184842109643398977e+00
1.300752434357650866e+00 2.600237720986741330e+00 2.132575801789678316e+00 2.345266756241452200e+00 1.191821974180935717e+00
1.307675036015846004e+00 2.581139093066761259e+00 2.103458745859462020e+00 2.344948938495301949e+00 1.203886899872674610e+00
1.297953804147556456e+00 2.550752565786471582e+00 2.088022039436608246e+00 2.348189422286030670e+00 1.202377202324824035e+00
1.269409829778475496e+00 2.534247804878043464e+00 2.063874312990587878e+00 2.341707621081560831e+00 1.215446466277858129e+00
1.238012362218906315e+00 2.523344162956952186e+00 2.036798219297418999e+00 2.334662146344566924e+00 1.228937957950779314e+00
1.206614894659336690e+00 2.512440521035860463e+00 2.009722125604250120e+00 2.327616671607572574e+00 1.242429449623700277e+00
