8.699999999999999956e-01 2.740000000000000213e+00 1.850000000000000089e+00 2.629999999999999893e+00 1.350000000000000089e+00
9.092025529143005214e-01 2.737634527167020160e+00 1.864082725088219927e+00 2.596276277475621619e+00 1.346442386797928492e+00
9.338699750731003224e-01 2.736795772670728155e+00 1.888846131894913016e+00 2.564069857570348443e+00 1.340379036716238703e+00
9.554230334498651223e-01 2.728666163933850530e+00 1.914947516717866449e+00 2.542779154530736108e+00 1.320501623462611240e+00
9.747627919486335779e-01 2.714604247909094159e+00 1.937126554159865899e+00 2.528558489829849876e+00 1.294787444751003269e+00
9.944904981152155043e-01 2.699891365587520742e+00 1.958133734467558895e+00 2.517584224198398779e+00 1.267366626668172680e+00
1.018686619702469098e+00 2.685310792745708941e+00 1.977173405697493891e+00 2.506912380021503406e+00 1.239700297152638964e+00
1.049397111748648248e+00 2.671788714260829867e+00 1.993724537203743319e+00 2.493863684553244031e+00 1.213125489642348676e+00
1.084995425804673896e+00 2.661449254304886658e+00 2.009916918228967120e+00 2.477813312212142627e+00 1.188280560559838994e+00
1.122443288416560270e+00 2.655515113650650516e+00 2.027942729652476572e+00 2.459883086281464681e+00 1.165049889595077826e+00
1.160121877159276282e+00 2.654111661905222963e+00 2.048144239228011365e+00 2.441267620891241830e+00 1.143426782561328903e+00
1.198725122578116142e+00 2.658841034736636910e+00 2.069526315421261753e+00 2.422367598215347861e+00 1.124845907551733859e+00
1.238699738636846792e+00 2.673969029978613854e+00 2.088756114863322022e+00 2.402943887139024515e+00 1.116045750758376087e+00
1.274363791481038399e+00 2.691059039949341258e+00 2.095576897131524952e+00 2.379404726204283893e+00 1.133214053396778498e+00
1.287708643532136543e+00 2.672912679799223312e+00 2.087211153900766281e+00 2.357956266091374875e+00 1.160307613991792275e+00
1.289899787868639347e+00 2.640666608157004713e+00 2.079996540948398476e+00 2.344366765836614519e+00 1.172250737594626280e+00
1.293253084594580216e+00 2.613635074792909130e+00 2.090361423741987856e+00 2.330578445834158519e+00 1.194195449023400135e+00
1.281442826138684099e+00 2.581015670080778257e+00 2.080301968700422499e+00 2.336550005649721040e+00 1.204768552291844985e+00
1.259828018194788735e+00 2.556818891131232174e+00 2.054545530788945751e+00 2.337267504858331790e+00 1.212607321140024563e+00
1.232623055322844108e+00 2.533160900442822161e+00 2.031507602284958747e+00 2.332292386527887285e+00 1.222964074742678431e+00
1.206614894659336690e+00 2.512440521035860463e+00 2.009722125604250120e+00 2.327616671607572574e+00 1.242429449623700277e+00
