8.699999999999999956e-01 2.740000000000000213e+00 1.850000000000000089e+00 2.629999999999999893e+00 1.350000000000000089e+00
9.404376355398835763e-01 2.757991717274092647e+00 1.891619102781170625e+00 2.596044495437825006e+00 1.355116375929213524e+00
9.912793380441686786e-01 2.712751840944465087e+00 1.881472867552791417e+00 2.557092542242208832e+00 1.359424778724960037e+00
1.027234262500920758e+00 2.697446258749776504e+00 1.928910411666896474e+00 2.523764861334428122e+00 1.333791328805696619e+00
1.047760973178029964e+00 2.700792388218523854e+00 1.982963181580450263e+00 2.510022201202978032e+00 1.301232129551088246e+00
1.065665154070824405e+00 2.689849903429761824e+00 2.021016944981094188e+00 2.501108623226378391e+00 1.254070697438181892e+00
1.090685137536275828e+00 2.657379633175469991e+00 2.056302320146470297e+00 2.470093856980275060e+00 1.221119357570986441e+00
1.165240831072515082e+00 2.646676169050998340e+00 2.084960957349062838e+00 2.428421037564433949e+00 1.200990318220980679e+00
1.239193555193636387e+00 2.640655036241288833e+00 2.092913027510778790e+00 2.384964938417639679e+00 1.169179026193326365e+00
1.276049232022011815e+00 2.588190148815313840e+00 2.072976274078358383e+00 2.349107304031664789e+00 1.170741100790148481e+00
1.247709904684258131e+00 2.542708130162019131e+00 2.042370796352669604e+00 2.341473693418485436e+00 1.203330208399609802e+00
1.206614894659336690e+00 2.512440521035860463e+00 2.009722125604250120e+00 2.327616671607572574e+00 1.242429449623700277e+00
