8.699999999999999956e-01 2.740000000000000213e+00 1.850000000000000089e+00 2.629999999999999893e+00 1.350000000000000089e+00
8.998507177904665477e-01 2.743885826274591988e+00 1.867242218667090281e+00 2.598430551690219303e+00 1.347500998477512146e+00
9.454785667196039523e-01 2.729798475737943875e+00 1.885720624202715801e+00 2.598392934876028626e+00 1.344280126917261065e+00
9.712152487488633357e-01 2.702165338463907940e+00 1.891648244995565831e+00 2.588876682100914373e+00 1.350688419102961779e+00
9.890440244375208190e-01 2.689789381507329935e+00 1.924139955663875856e+00 2.580202439042447171e+00 1.344323944752605193e+00
1.005028872999678580e+00 2.678116644703501859e+00 1.957916183506799079e+00 2.572263864146568491e+00 1.337085695557957976e+00
1.019145504408458303e+00 2.662383306811476391e+00 1.989981412664345362e+00 2.564489574588786791e+00 1.330758624158216552e+00
1.032515078868697866e+00 2.645928347685161164e+00 2.020075651019091811e+00 2.551959612253758003e+00 1.323868448321519287e+00
1.046453276250816078e+00 2.644645889529132710e+00 2.037304700804088320e+00 2.534361976955592066e+00 1.301857047816714852e+00
1.055768207951533588e+00 2.646805030885246435e+00 2.040909134246727596e+00 2.525912749372881461e+00 1.272751224964133065e+00
1.062921939269864779e+00 2.646602604114356438e+00 2.041896488894772155e+00 2.523908751834595066e+00 1.242743680316180654e+00
1.075837176765886083e+00 2.647816958673534060e+00 2.053011692162864943e+00 2.501499537815229601e+00 1.220425868032139372e+00
1.100200625877167493e+00 2.635673740927071851e+00 2.065274716767032004e+00 2.474774040986770896e+00 1.206658511842187309e+00
1.133349983307808007e+00 2.619010885970698421e+00 2.077384520651894828e+00 2.453353646945560129e+00 1.197020521181384467e+00
1.169149746187639005e+00 2.601197632904566515e+00 2.089980164997695233e+00 2.432898227493550891e+00 1.191528362556479648e+00
1.205143741336242247e+00 2.583156669553843710e+00 2.101693050802818874e+00 2.411973744322490010e+00 1.186809293849171887e+00
1.240210726923216766e+00 2.564411979444942702e+00 2.110566264021017879e+00 2.390041885075715022e+00 1.181590462851104695e+00
1.267733602374404800e+00 2.542768430806169544e+00 2.109478475977407896e+00 2.366064368729995149e+00 1.176908565376157290e+00
1.266890740975645802e+00 2.522991163877947418e+00 2.085933441724548310e+00 2.345746865106260959e+00 1.181797809827828338e+00
1.246741962643270973e+00 2.517472670406237789e+00 2.058371888599886290e+00 2.338007481899293527e+00 1.199708953920815002e+00
1.226678428651303721e+00 2.514956595721049126e+00 2.034047007102067983e+00 2.332812076753433050e+00 1.221069201772257751e+00
1.206614894659336690e+00 2.512440521035860463e+00 2.009722125604250120e+00 2.327616671607572574e+00 1.242429449623700277e+00
