8.699999999999999956e-01 2.740000000000000213e+00 1.850000000000000089e+00 2.629999999999999893e+00 1.350000000000000089e+00
8.908290864861285741e-01 2.716132262193555746e+00 1.854849928655744495e+00 2.605733107403596538e+00 1.356347982856852097e+00
9.219847741940718766e-01 2.693952943421063839e+00 1.864077237625921590e+00 2.587264595166073100e+00 1.360959991998447416e+00
9.607302762866586354e-01 2.689205102044273321e+00 1.890825954658814645e+00 2.580994921697587596e+00 1.360448569832935384e+00
9.839992299005478893e-01 2.696334235940725854e+00 1.924102325840172822e+00 2.577199362244999570e+00 1.363789897768354020e+00
1.003860875327763802e+00 2.699638630766273639e+00 1.957640348078067971e+00 2.569381654937140880e+00 1.372791219736915869e+00
1.027983259382437176e+00 2.693029740233182423e+00 1.988176934691844089e+00 2.554559377863004244e+00 1.379265940454595940e+00
1.052472701149347545e+00 2.678425994597946502e+00 2.003176777176070456e+00 2.530682670158213909e+00 1.364642720924007069e+00
1.063945541246771764e+00 2.669580773611381908e+00 1.997735326016814916e+00 2.510080595903914968e+00 1.335445568104440817e+00
1.069309373320138423e+00 2.664456497042396066e+00 1.988246516546446241e+00 2.491934481645245114e+00 1.304192728922624278e+00
1.088072418211231129e+00 2.656800589335139406e+00 2.006618379328161783e+00 2.475530210575986878e+00 1.281036735845264563e+00
1.119554840886349378e+00 2.642655814502262501e+00 2.031573078077418160e+00 2.466141495126092487e+00 1.282253160737971465e+00
1.152057920394948365e+00 2.636407253336936485e+00 2.049423785868521364e+00 2.443457633073024660e+00 1.266469565343506298e+00
1.179838610547907063e+00 2.631478105218980179e+00 2.061007630130751611e+00 2.416291566967613935e+00 1.246010062433026810e+00
1.205261665275183747e+00 2.624695681489271681e+00 2.070023588156767236e+00 2.388353462495834467e+00 1.224529274384388744e+00
1.229982370382941337e+00 2.613625689331913193e+00 2.079013573729011188e+00 2.362573154387704655e+00 1.203486468443601742e+00
1.253298805552830242e+00 2.595056542085905527e+00 2.088551851858478248e+00 2.342085352332866854e+00 1.185688914846598774e+00
1.271162382776090283e+00 2.568077581971953460e+00 2.094734986183507619e+00 2.328191601836345104e+00 1.176347406778523785e+00
1.272549386749627587e+00 2.540588407446382035e+00 2.078563345888376102e+00 2.318998278112334610e+00 1.176727938035278198e+00
1.251478692040141283e+00 2.529915989162002887e+00 2.050031878201429070e+00 2.320756091133686638e+00 1.192303665492655984e+00
1.229529732859772517e+00 2.520091088929236722e+00 2.028546627786535606e+00 2.324335773271004157e+00 1.216072305233988571e+00
1.206614894659336690e+00 2.512440521035860463e+00 2.009722125604250120e+00 2.327616671607572574e+00 1.242429449623700277e+00
