8.699999999999999956e-01 2.740000000000000213e+00 1.850000000000000089e+00 2.629999999999999893e+00 1.350000000000000089e+00
9.014055226373153262e-01 2.735890874730359190e+00 1.867667687675250709e+00 2.601069677533101920e+00 1.338673821817313536e+00
9.260573032124788107e-01 2.715062744253268878e+00 1.884292729698684665e+00 2.577799661521758878e+00 1.334670614646708220e+00
9.505420913634229363e-01 2.697520425887296902e+00 1.911653280666815391e+00 2.565041803098880191e+00 1.343209033909125605e+00
9.753445981508966911e-01 2.681863185412157069e+00 1.944538991693230079e+00 2.556669564893935043e+00 1.343902759710164929e+00
1.002401315095440948e+00 2.667033087288697590e+00 1.976999834828271796e+00 2.551322239637309419e+00 1.338453034214022841e+00
1.027165206153233479e+00 2.660716405334543122e+00 2.009492266705265706e+00 2.549083375989392053e+00 1.323396634705174435e+00
1.040156519880071517e+00 2.661762681735310387e+00 2.029524709196424581e+00 2.548146519017304712e+00 1.296536787883363573e+00
1.047831469715600372e+00 2.655569990901867961e+00 2.034839736616524064e+00 2.541245764758831349e+00 1.266523462263851707e+00
1.057022608325016266e+00 2.642804375316953447e+00 2.035538989136588484e+00 2.524870563086401898e+00 1.240291449056923678e+00
1.075253837162322368e+00 2.632119552409720065e+00 2.043017176182557293e+00 2.499742287848913946e+00 1.219125183524568445e+00
1.107797394100204169e+00 2.629926940925191747e+00 2.060309155363270417e+00 2.471712872360871671e+00 1.207635134358360895e+00
1.148584814671682164e+00 2.633268009762841810e+00 2.078729201001986215e+00 2.445818748382680319e+00 1.203452956519577954e+00
1.192158929054602634e+00 2.634991059458278606e+00 2.094587186290820302e+00 2.420033057919656727e+00 1.199312139374991926e+00
1.232976196717112671e+00 2.628787435313631349e+00 2.108900742361853098e+00 2.394177790435362496e+00 1.191383764320916638e+00
1.262263888312922022e+00 2.611004881318772508e+00 2.121170009153969360e+00 2.372128787537530314e+00 1.179612422143397676e+00
1.277820753201455606e+00 2.582567508162006309e+00 2.129210384891926378e+00 2.358079374575271725e+00 1.172672888022656901e+00
1.272524576711246080e+00 2.554563236002756810e+00 2.115108197101561505e+00 2.361710446480948633e+00 1.165943484920013651e+00
1.253207101303670079e+00 2.549756476557273999e+00 2.084238344528902331e+00 2.342117436376663253e+00 1.178663283047035160e+00
1.237685237601164445e+00 2.534509337540711726e+00 2.060933434738862147e+00 2.335489819610282680e+00 1.199035753637737178e+00
1.222147052298159231e+00 2.523365454486279358e+00 2.035378978439930542e+00 2.331498091546260198e+00 1.220708612428655249e+00
1.206614894659336690e+00 2.512440521035860463e+00 2.009722125604250120e+00 2.327616671607572574e+00 1.242429449623700277e+00
