8.699999999999999956e-01 2.740000000000000213e+00 1.850000000000000089e+00 2.629999999999999893e+00 1.350000000000000089e+00
9.120190799892852196e-01 2.721308970278267125e+00 1.874146717014935959e+00 2.607862091887771072e+00 1.351880979458281118e+00
9.319356843692936376e-01 2.692160711612732626e+00 1.884336046279285304e+00 2.590712384195289708e+00 1.367722678178677986e+00
9.535041733945553988e-01 2.700807071624588662e+00 1.916590240909082699e+00 2.588414061640357478e+00 1.353378849197472311e+00
9.595264278539813452e-01 2.720725237850567968e+00 1.919613773147317737e+00 2.585615999599758297e+00 1.326691745302310599e+00
9.601117145881662429e-01 2.724408257667664479e+00 1.919069735902872331e+00 2.580433834229715728e+00 1.296271884318091594e+00
9.746488521334260025e-01 2.725488786392031404e+00 1.959931767461779994e+00 2.564785579002935911e+00 1.287452765117486964e+00
9.929393286160018706e-01 2.719657073042334172e+00 2.000383158576493958e+00 2.545201452802625663e+00 1.290886636987214064e+00
1.027849307618761809e+00 2.698147715403675040e+00 2.030413163233862228e+00 2.535213712480295811e+00 1.285037256925823490e+00
1.052303685329569749e+00 2.718476257823642772e+00 2.065375147115989574e+00 2.534812813956231370e+00 1.290208192877843940e+00
1.061195253854191556e+00 2.705668773984633013e+00 2.053517430916365072e+00 2.521673150912354888e+00 1.266837686702958932e+00
1.057286555831498776e+00 2.681945346187131207e+00 2.036488186487461327e+00 2.506603305116831493e+00 1.246143396427413563e+00
1.062668087457541155e+00 2.665785944538502150e+00 2.021945481667055233e+00 2.483386682023833281e+00 1.224276284429805850e+00
1.109345029327716281e+00 2.648484610999545907e+00 2.033913532625731158e+00 2.454685021068164996e+00 1.219807391326340529e+00
1.151863855441007001e+00 2.624442956131763260e+00 2.050117799811340902e+00 2.431999510814001120e+00 1.222118022091834844e+00
1.191953299075103168e+00 2.598291764581030616e+00 2.066260402830152554e+00 2.410886669501995705e+00 1.225514417323015692e+00
1.231630296063951135e+00 2.571759392801221011e+00 2.082292152882818659e+00 2.390084566509672381e+00 1.229131964665751475e+00
1.272301757638852227e+00 2.549311970272466255e+00 2.098030264044830950e+00 2.362926511076016034e+00 1.229062634203474280e+00
1.289662706349648191e+00 2.539694052491728637e+00 2.099731339693829746e+00 2.326665059518217227e+00 1.210942801931498725e+00
1.272167289618532315e+00 2.505559218602894767e+00 2.078504569733289120e+00 2.326418183668001571e+00 1.215305829612765898e+00
1.243664331007880319e+00 2.501737762882045857e+00 2.042383391612886623e+00 2.325233659028613786e+00 1.229755867934938518e+00
1.206614894659336690e+00 2.512440521035860463e+00 2.009722125604250120e+00 2.327616671607572574e+00 1.242429449623700277e+00
