8.699999999999999956e-01 2.740000000000000213e+00 1.850000000000000089e+00 2.629999999999999893e+00 1.350000000000000089e+00
8.952629500914761618e-01 2.718337716406476368e+00 1.859579234510057910e+00 2.610641715356230907e+00 1.349480312427909334e+00
9.149024239147759419e-01 2.696235950048543994e+00 1.856097306538244451e+00 2.591235063398983129e+00 1.339583540431406927e+00
9.434325913415996245e-01 2.677177086521850935e+00 1.872862139040201157e+00 2.578257835279563537e+00 1.330599754846211180e+00
9.732081556535430167e-01 2.674001700617074206e+00 1.908567473677517556e+00 2.574800966323773199e+00 1.325645896150190461e+00
9.961003719517702581e-01 2.680982769178871017e+00 1.946153206498943744e+00 2.574838510800832481e+00 1.318944377065131679e+00
1.016393925051272129e+00 2.687748531664577278e+00 1.980965231504338897e+00 2.571921701734206867e+00 1.305458853400842445e+00
1.034967869978393074e+00 2.689030877807137010e+00 2.008191880971409216e+00 2.561947702584891129e+00 1.284648984083562206e+00
1.051308884546764855e+00 2.684989431537102345e+00 2.027092408817608771e+00 2.544246046747909773e+00 1.262038889337940395e+00
1.069610531682839705e+00 2.678370075260973149e+00 2.044207908470857316e+00 2.521101707884067622e+00 1.243005837969675342e+00
1.094176860816975738e+00 2.670730482688642216e+00 2.062691697579436045e+00 2.496334467478824592e+00 1.229266297174133049e+00
1.125284017876690967e+00 2.662562514299629424e+00 2.081511757142321617e+00 2.472860015310998971e+00 1.219588805945911902e+00
1.160710871689071277e+00 2.653988114635217332e+00 2.099271326190013998e+00 2.451069281342173056e+00 1.211867261383615002e+00
1.197629325860786853e+00 2.644712228392106734e+00 2.114645985876117074e+00 2.428704633092421350e+00 1.205821632493931927e+00
1.231471722222410969e+00 2.633449408159223903e+00 2.126578364191968884e+00 2.402900247448725768e+00 1.202711656530111473e+00
1.256680633394162250e+00 2.617788140737840052e+00 2.134753141032599721e+00 2.374652326556440318e+00 1.201286260303512377e+00
1.272400469032152648e+00 2.597917664389280290e+00 2.139576337845197962e+00 2.349848972236729505e+00 1.191914390447665228e+00
1.261738963978735084e+00 2.582588214547440586e+00 2.111223807381279460e+00 2.334719300221563820e+00 1.183727985722867526e+00
1.249924332074910938e+00 2.564849521494495743e+00 2.079273751295735551e+00 2.328147042836394398e+00 1.190974615541213977e+00
1.236078326854318510e+00 2.547056701268355816e+00 2.050540468811718586e+00 2.328256022761356459e+00 1.203555842088605665e+00
1.221346610756827600e+00 2.529748611152108140e+00 2.030131297207984353e+00 2.327936347184464516e+00 1.222992645856152860e+00
1.206614894659336690e+00 2.512440521035860463e+00 2.009722125604250120e+00 2.327616671607572574e+00 1.242429449623700277e+00
