8.699999999999999956e-01 2.740000000000000213e+00 1.850000000000000089e+00 2.629999999999999893e+00 1.350000000000000089e+00
9.087704094376969355e-01 2.733976007986389956e+00 1.870851663804553366e+00 2.609793196029223328e+00 1.342146272743176549e+00
9.284227669283994233e-01 2.719645847631353863e+00 1.872525449499912842e+00 2.588920009195947891e+00 1.324750880287703048e+00
9.562350802357847401e-01 2.708836393494822747e+00 1.896556708489106846e+00 2.564451653964666455e+00 1.323900535308384363e+00
9.812799010773887165e-01 2.702967864226284433e+00 1.924909492403947819e+00 2.549801201813877594e+00 1.310452124801444906e+00
1.000959699938974712e+00 2.697330179069048928e+00 1.947957127025081725e+00 2.536428642671224587e+00 1.291663465746826001e+00
1.018315307961151328e+00 2.691510808774068675e+00 1.968545090697247923e+00 2.522601180217908912e+00 1.271541303908326759e+00
1.033649728760019926e+00 2.684963517508501596e+00 1.986988554152229192e+00 2.508599900702606078e+00 1.250549908222104101e+00
1.045593872049012329e+00 2.674235659204814208e+00 2.003557436065996900e+00 2.494426009964898050e+00 1.229934319288002786e+00
1.062398891341443496e+00 2.660923221025119911e+00 2.021690870009379193e+00 2.479881868558508451e+00 1.211951136725881062e+00
1.091087807765323436e+00 2.650164898734505670e+00 2.043485917719394251e+00 2.463226631371706610e+00 1.198784854277888279e+00
1.128463079934073354e+00 2.644685831668343479e+00 2.066860301331352456e+00 2.443793612035352503e+00 1.191551826931328772e+00
1.168187610708961932e+00 2.642678439486826125e+00 2.089864724855412970e+00 2.422202278900472017e+00 1.188674299982641180e+00
1.208596217470408352e+00 2.642874530692755464e+00 2.111247961454218114e+00 2.399127599860811255e+00 1.188150700972222529e+00
1.253923181973319867e+00 2.646045593429983356e+00 2.121791707453465126e+00 2.374649390780526392e+00 1.189034252197066932e+00
1.295989139615165264e+00 2.637960025032672906e+00 2.103881185921378627e+00 2.356460857666625053e+00 1.189310944642872236e+00
1.299601923239679824e+00 2.614372413086227809e+00 2.112082113553677587e+00 2.349447225786222226e+00 1.179121075676319741e+00
1.288003819673200878e+00 2.592944465073578009e+00 2.090978907483127092e+00 2.342387389884235560e+00 1.191884481625150149e+00
1.278657587919445948e+00 2.570913077900147670e+00 2.068916895938044398e+00 2.335237779919377754e+00 1.203523197677002887e+00
1.260217307174389401e+00 2.549854718218210969e+00 2.048377101654796029e+00 2.330290716278780039e+00 1.215887109066530414e+00
1.234756126037884316e+00 2.530667399104193915e+00 2.028815708895144176e+00 2.328288696247122758e+00 1.229025805408852534e+00
1.206614894659336690e+00 2.512440521035860463e+00 2.009722125604250120e+00 2.327616671607572574e+00 1.242429449623700277e+00
