8.699999999999999956e-01 2.740000000000000213e+00 1.850000000000000089e+00 2.629999999999999893e+00 1.350000000000000089e+00
9.090423070373692127e-01 2.732218410294593891e+00 1.874551084461165917e+00 2.574901873032217292e+00 1.334300322752601797e+00
9.685241330870605347e-01 2.739316098838497915e+00 1.923681626394203370e+00 2.569226613909721735e+00 1.322008420331610035e+00
1.025425322828022345e+00 2.707206965110863450e+00 1.959252019416439783e+00 2.562213532947766215e+00 1.311558235108417847e+00
1.047468024076669169e+00 2.686319448631829587e+00 1.999612061682232600e+00 2.531565708162526906e+00 1.290995294275088412e+00
1.050692494207058125e+00 2.656595100961687717e+00 2.029026074825908132e+00 2.502508987165241283e+00 1.267084161509784979e+00
1.083530580771038032e+00 2.625791478338494578e+00 2.045077360628148710e+00 2.473756131705401984e+00 1.244231770714649077e+00
1.156855941780452701e+00 2.637472837430836492e+00 2.071950419849371450e+00 2.434399370893718828e+00 1.249192378899584011e+00
1.232210084459383737e+00 2.641882856001016577e+00 2.101913657184238282e+00 2.396250341308402643e+00 1.246961379303571427e+00
1.302009284360713393e+00 2.639578375556517642e+00 2.127660003440215775e+00 2.355790315803525825e+00 1.237482315654880871e+00
1.302437578770888837e+00 2.611035478247249131e+00 2.118423005052449515e+00 2.334631026284966993e+00 1.206664368820625777e+00
1.280853800864920400e+00 2.564834935697796414e+00 2.087204346793345433e+00 2.344242149831353039e+00 1.199654745114573373e+00
1.244689284342216817e+00 2.534536416507268797e+00 2.048734383621484412e+00 2.339291271275375728e+00 1.219384674890530373e+00
1.206614894659336690e+00 2.512440521035860463e+00 2.009722125604250120e+00 2.327616671607572574e+00 1.242429449623700277e+00
