8.699999999999999956e-01 2.740000000000000213e+00 1.850000000000000089e+00 2.629999999999999893e+00 1.350000000000000089e+00
9.135797521669793975e-01 2.730310128637244205e+00 1.868625272420893824e+00 2.605143353931858474e+00 1.348741216034713419e+00
9.461998638399523598e-01 2.716474889311736529e+00 1.889140658563381425e+00 2.582776557735765977e+00 1.363060070249606515e+00
9.577463542786740502e-01 2.691115059355420058e+00 1.881649424837620543e+00 2.574375856825399822e+00 1.347343514519374397e+00
9.737168265478344242e-01 2.694417596389925507e+00 1.920912969519044999e+00 2.583982668110854419e+00 1.354246603125965454e+00
9.950670518181008450e-01 2.685786282523881408e+00 1.957519328205461484e+00 2.585670037283358091e+00 1.341553601533033602e+00
1.016584068054247725e+00 2.677072820239333240e+00 1.994024541797069450e+00 2.586732680672559681e+00 1.328798581455644001e+00
1.043052744532686260e+00 2.666388299750038993e+00 2.022056085758441313e+00 2.566319929378394704e+00 1.314836992834710339e+00
1.058636585067836533e+00 2.662247620690566308e+00 2.004062482658612865e+00 2.530000607473692043e+00 1.301048060858311484e+00
1.075349451678615509e+00 2.661060178346306149e+00 1.994804659749433551e+00 2.537234700134015419e+00 1.264150035307117781e+00
1.075375512314931115e+00 2.658143496602399569e+00 1.991205982135254127e+00 2.528014751706249008e+00 1.226391807230769793e+00
1.109527020435757461e+00 2.642810869506091453e+00 1.998392223190081030e+00 2.497855616757030717e+00 1.221228991171417810e+00
1.133471814602406535e+00 2.639846499303838190e+00 2.017866750322444780e+00 2.474662890459200959e+00 1.196270964756161126e+00
1.164873048900586516e+00 2.635154714122178721e+00 2.041790652978114906e+00 2.450014841133920207e+00 1.180444806283152959e+00
1.196220633971305070e+00 2.630181353818970447e+00 2.065555414611917051e+00 2.425244311933572927e+00 1.164627688245902792e+00
1.228055056233873010e+00 2.623865693642631225e+00 2.087775402902826372e+00 2.399537506062610071e+00 1.149105745401792111e+00
1.260529104815296897e+00 2.610212385055326934e+00 2.102079466042336087e+00 2.371032400063644463e+00 1.137904591079040406e+00
1.279456876174157820e+00 2.583445438980075615e+00 2.098687447390246597e+00 2.350674833209653869e+00 1.149683424933639841e+00
1.271864634403458316e+00 2.562665336517323755e+00 2.082272455160075086e+00 2.347302052496117675e+00 1.177236045678905718e+00
1.259185383212844345e+00 2.544973266507426946e+00 2.058108635288983024e+00 2.337688805401689329e+00 1.200629576560541922e+00
1.233969846102168422e+00 2.526004398298010045e+00 2.033685612178330882e+00 2.329938723800010880e+00 1.218621952816143272e+00
1.206614894659336690e+00 2.512440521035860463e+00 2.009722125604250120e+00 2.327616671607572574e+00 1.242429449623700277e+00
