8.699999999999999956e-01 2.740000000000000213e+00 1.850000000000000089e+00 2.629999999999999893e+00 1.350000000000000089e+00
9.083288694080127179e-01 2.755711892998315093e+00 1.871438546793670721e+00 2.617869532017454759e+00 1.359813769880315881e+00
9.455485088970235763e-01 2.751839686581337929e+00 1.896154852857060424e+00 2.611809117327020591e+00 1.345423033069848229e+00
9.664393548498371178e-01 2.744137340345075948e+00 1.915575483682125046e+00 2.586789387070214552e+00 1.363934438590456155e+00
9.909524155396962630e-01 2.714537496848901110e+00 1.931820012891900307e+00 2.569916807243130652e+00 1.367567791671870259e+00
1.024491133403672372e+00 2.695533267788753573e+00 1.956578264991900795e+00 2.560790541440697954e+00 1.366082607161405393e+00
1.048286579612896841e+00 2.667658375743602317e+00 1.977490069286316210e+00 2.551275000948052707e+00 1.358804832550417840e+00
1.062792914956694146e+00 2.637458055889690289e+00 1.990887633061950934e+00 2.540655178399788827e+00 1.340531395811716653e+00
1.074257385847918300e+00 2.613227009571386983e+00 2.002842884958452974e+00 2.516363311672862313e+00 1.322154112775923984e+00
1.081874674530503677e+00 2.614897895512473980e+00 2.016469039234365823e+00 2.498884307456102682e+00 1.291586137620921892e+00
1.101824984507210559e+00 2.614224514404297928e+00 2.031467539020950674e+00 2.480640338398331313e+00 1.262499451376909665e+00
1.130929784100307867e+00 2.603086486320425941e+00 2.044617435719657816e+00 2.457828583456599603e+00 1.240387857410232941e+00
1.161980124601972086e+00 2.590056939180879425e+00 2.055873629640404765e+00 2.434053597126745849e+00 1.219829679884782747e+00
1.193320712732664601e+00 2.576699230095167437e+00 2.066158906500376702e+00 2.409995684313337883e+00 1.199298905056332964e+00
1.223845027255928697e+00 2.564064830863640676e+00 2.075507195282180639e+00 2.386224570088435915e+00 1.177231392526722820e+00
1.252586244646616720e+00 2.557498883446294613e+00 2.084277261239181112e+00 2.364576350433964080e+00 1.150762914702240014e+00
1.288970705586830912e+00 2.559204533185669206e+00 2.095773116983079554e+00 2.346308764136554537e+00 1.129168399660525068e+00
1.290991453396345356e+00 2.522301117040257612e+00 2.087340239147853271e+00 2.336069013350857926e+00 1.142479181159101076e+00
1.282420983015142957e+00 2.504487549876820207e+00 2.064681064623852702e+00 2.324846563589400006e+00 1.163424017383311027e+00
1.259653316029141434e+00 2.523237370938212987e+00 2.041941802882567991e+00 2.322539763756374942e+00 1.183006403068555201e+00
1.231380260641877555e+00 2.520005752704652657e+00 2.024110936931124982e+00 2.321429861198370581e+00 1.211620217543426081e+00
1.206614894659336690e+00 2.512440521035860463e+00 2.009722125604250120e+00 2.327616671607572574e+00 1.242429449623700277e+00
