8.699999999999999956e-01 2.740000000000000213e+00 1.850000000000000089e+00 2.629999999999999893e+00 1.350000000000000089e+00
9.084111521146571722e-01 2.725593521091814075e+00 1.867058339401902467e+00 2.610664061323801022e+00 1.360467716617765443e+00
9.287278676334232985e-01 2.697253220968630405e+00 1.865150804544299712e+00 2.595004068326613123e+00 1.369123674810753366e+00
9.506292078556569658e-01 2.677918533676403534e+00 1.889749338604694406e+00 2.575642754676205737e+00 1.367075413616206880e+00
9.682831867087281497e-01 2.672297052127718064e+00 1.925657041765902022e+00 2.566946069889734172e+00 1.358973049882294504e+00
9.862427954862191815e-01 2.666723970695539681e+00 1.962749682232129533e+00 2.565675707694158536e+00 1.351729772723857748e+00
1.009383795545031104e+00 2.661416126772353508e+00 1.998108328028818104e+00 2.563193755204895119e+00 1.343117359561158519e+00
1.040259921756317985e+00 2.658901578045356207e+00 2.025228762742437461e+00 2.551117911855063536e+00 1.328673323181220667e+00
1.070394088424946100e+00 2.657850602866774992e+00 2.037249892382319683e+00 2.530673868168987983e+00 1.308010300476761811e+00
1.089287734005104813e+00 2.657888519533870397e+00 2.037405332893683862e+00 2.509825380514446813e+00 1.283092705441838843e+00
1.106224451163325906e+00 2.660038464768652133e+00 2.034037332709879298e+00 2.492374695826256925e+00 1.256931761278476722e+00
1.135418726601743256e+00 2.658337325826041209e+00 2.033997750356975942e+00 2.472126303672621539e+00 1.234065540957198781e+00
1.173000118010445902e+00 2.649058046453621973e+00 2.038052135137871979e+00 2.446115757833922544e+00 1.218938059093143567e+00
1.212897763170012633e+00 2.639385809331064259e+00 2.045578804984178323e+00 2.415509614360207280e+00 1.210199792843137834e+00
1.253160600674064762e+00 2.640246386858063676e+00 2.061034594586101498e+00 2.384164481130459201e+00 1.210449316885714666e+00
1.282890892461438392e+00 2.641471615215069235e+00 2.086604924489351198e+00 2.361151633609652745e+00 1.221278422172467515e+00
1.285895646582185137e+00 2.611351832529420047e+00 2.075660455785190095e+00 2.354483686318177060e+00 1.216328018814677892e+00
1.289457775753785507e+00 2.585805871598948258e+00 2.049496760196567013e+00 2.349261888047831093e+00 1.215518945106851989e+00
1.292978614749390687e+00 2.559981126410654007e+00 2.032224735324376308e+00 2.343651048596663511e+00 1.228914104241498606e+00
1.269208570373935974e+00 2.546423736535348592e+00 2.054923815164618084e+00 2.324806380053626498e+00 1.226628368189996099e+00
1.234933609880314087e+00 2.523279004286663518e+00 2.035384971116274144e+00 2.320822208301168033e+00 1.226671170992779336e+00
1.206614894659336690e+00 2.512440521035860463e+00 2.009722125604250120e+00 2.327616671607572574e+00 1.242429449623700277e+00
