8.699999999999999956e-01 2.740000000000000213e+00 1.850000000000000089e+00 2.629999999999999893e+00 1.350000000000000089e+00
9.451004344070520480e-01 2.761622771695227740e+00 1.868056779461679140e+00 2.601754791456797555e+00 1.357500365267619857e+00
9.807705741062413551e-01 2.696808498244526398e+00 1.876791352301993010e+00 2.579187268124929933e+00 1.359141391888655459e+00
9.984470630731603347e-01 2.695968660728409017e+00 1.931734122153433653e+00 2.574774008343291065e+00 1.352895550974705152e+00
1.014354830740607838e+00 2.709453222093349822e+00 1.978888131911501258e+00 2.554473504465159639e+00 1.333084898332885793e+00
1.032794837320028414e+00 2.705668983958166240e+00 2.007919632262655352e+00 2.521764970130689676e+00 1.299443225229410803e+00
1.050930264408835413e+00 2.695840433755281929e+00 2.021332941168511255e+00 2.497398115530041096e+00 1.258159357775382237e+00
1.062479705728715196e+00 2.647040790145730682e+00 2.011481027181466263e+00 2.452323252494357231e+00 1.238732865692836027e+00
1.098606353175654693e+00 2.594423093282934190e+00 2.026697674470277377e+00 2.418780011901650706e+00 1.255031911344030693e+00
1.154120772405712758e+00 2.551112833717480655e+00 2.025194644556830070e+00 2.373582089266334183e+00 1.250451994795422017e+00
1.206614894659336690e+00 2.512440521035860463e+00 2.009722125604250120e+00 2.327616671607572574e+00 1.242429449623700277e+00
