8.699999999999999956e-01 2.740000000000000213e+00 1.850000000000000089e+00 2.629999999999999893e+00 1.350000000000000089e+00
9.097064241079181324e-01 2.719533198033641241e+00 1.860248083439419720e+00 2.605273233975272884e+00 1.343160687367572770e+00
9.418611283482495322e-01 2.694442426287397385e+00 1.873339987818806618e+00 2.585540384124386470e+00 1.334697676807613753e+00
9.761864827395951849e-01 2.687331678378863664e+00 1.917699270357878349e+00 2.578912020406095795e+00 1.333152164345239310e+00
1.006877660319648760e+00 2.686199611290169820e+00 1.964463550418771520e+00 2.582340200545286457e+00 1.325932131249963231e+00
1.034994107954771092e+00 2.683177565228961114e+00 2.011537880137487022e+00 2.583017077743466672e+00 1.317358176637272837e+00
1.056596771338848439e+00 2.681716094654751803e+00 2.046607162804270796e+00 2.566330812558794694e+00 1.300976987092383519e+00
1.065534185062854799e+00 2.683782156261410368e+00 2.052646583871361674e+00 2.540978954649300903e+00 1.278463051445767107e+00
1.066411851268411759e+00 2.681645354325079555e+00 2.045177415715378366e+00 2.509610673960067651e+00 1.257657740370373700e+00
1.076531621773645364e+00 2.651832498295894958e+00 2.050655443265370970e+00 2.506006049634564192e+00 1.252936704722318328e+00
1.085472125806725696e+00 2.647569496997701499e+00 2.066487129587578409e+00 2.475499600841295944e+00 1.234259165341789366e+00
1.112965035440189432e+00 2.638147517752976068e+00 2.088339314583969042e+00 2.437369570388510986e+00 1.234327977897804463e+00
1.151576343513287748e+00 2.622437355639374967e+00 2.106521915148737989e+00 2.410494591787573082e+00 1.226194814618017714e+00
1.190725093631838982e+00 2.607006477246534892e+00 2.122841131372630308e+00 2.386637958016581074e+00 1.214819860579822164e+00
1.233828178889398108e+00 2.594770706312250486e+00 2.141584063444448294e+00 2.363722892548488996e+00 1.203982395088014634e+00
1.282664698327970809e+00 2.607271681677652886e+00 2.162789469508890949e+00 2.350966036105073709e+00 1.213895473882021347e+00
1.282269921755935016e+00 2.635212060586391569e+00 2.148395044232501494e+00 2.339508253248980818e+00 1.223806352592235802e+00
1.276919548991150455e+00 2.618802817904752001e+00 2.115472194140992190e+00 2.340944321132068406e+00 1.241409268815539368e+00
1.270341704177466724e+00 2.586691272819452436e+00 2.103011749565013577e+00 2.340978938411229837e+00 1.252984007587556459e+00
1.254753237153450440e+00 2.553864081692887034e+00 2.084065707188954342e+00 2.339597242396504129e+00 1.256755905963819586e+00
1.232423043126528839e+00 2.530193301913500115e+00 2.048251785864219077e+00 2.339741381861771163e+00 1.250127030528717986e+00
1.206614894659336690e+00 2.512440521035860463e+00 2.009722125604250120e+00 2.327616671607572574e+00 1.242429449623700277e+00
