8.699999999999999956e-01 2.740000000000000213e+00 1.850000000000000089e+00 2.629999999999999893e+00 1.350000000000000089e+00
9.002576537910187415e-01 2.731679064727490669e+00 1.856914706254600089e+00 2.611246989321107215e+00 1.326144171253686777e+00
9.392283476190420588e-01 2.712589170397591509e+00 1.845469217889306179e+00 2.587098757794799031e+00 1.326316309410440653e+00
9.598031821918073803e-01 2.697790575636425103e+00 1.839172849995852177e+00 2.577212606045309773e+00 1.352144134881444693e+00
9.806750251301463717e-01 2.698965163395646627e+00 1.872994508846218098e+00 2.582235114292369182e+00 1.367352199189431960e+00
9.922457607861401296e-01 2.708575039839706378e+00 1.912382266388800600e+00 2.585858205248208641e+00 1.366928948888732398e+00
1.006372277764396639e+00 2.713027742677119214e+00 1.951103772700623074e+00 2.579021120657794874e+00 1.358839634991213074e+00
1.023471711779364135e+00 2.711099083788374831e+00 1.985947877300167974e+00 2.564834845367303995e+00 1.346235575077604274e+00
1.041368430190607208e+00 2.706090915866312674e+00 2.011591509503094066e+00 2.545094755936090802e+00 1.326746703148474094e+00
1.052974069140041324e+00 2.696296240121859533e+00 2.025130986360981211e+00 2.533270085880158451e+00 1.299400726821375862e+00
1.064357406976775611e+00 2.684394049196631826e+00 2.033103803080295702e+00 2.525666082478434493e+00 1.270811324646715867e+00
1.080488168724561993e+00 2.671987076179633824e+00 2.035442891284934497e+00 2.514041579589836761e+00 1.242976018489948320e+00
1.100228092192407470e+00 2.657126114568421293e+00 2.021475672060237372e+00 2.497817976455715794e+00 1.220389293624167593e+00
1.124913550058572076e+00 2.644243151866564556e+00 2.024214728415966835e+00 2.459506200182737690e+00 1.211093012212573372e+00
1.156881501147049462e+00 2.635237178170358519e+00 2.040809654746623902e+00 2.424451743293801975e+00 1.206318484287591586e+00
1.199505502542707491e+00 2.626575109118022944e+00 2.050172445284188516e+00 2.392143062836051826e+00 1.201817937995299346e+00
1.242963501371425084e+00 2.617137991122885587e+00 2.060570455982849492e+00 2.360701332627788585e+00 1.200549257725184615e+00
1.276130213159032190e+00 2.597280126395955069e+00 2.070518292185551168e+00 2.331765065785538660e+00 1.200763089996029986e+00
1.280959432213335303e+00 2.565308723943367841e+00 2.069299266156659822e+00 2.314698546710293847e+00 1.199464907506376798e+00
1.253791059450013679e+00 2.540987782875388845e+00 2.047758274043235183e+00 2.324268566796312996e+00 1.197568740745738047e+00
1.229574721719171926e+00 2.526558147343759497e+00 2.027568914062555461e+00 2.325967563869797861e+00 1.219160261557020952e+00
1.206614894659336690e+00 2.512440521035860463e+00 2.009722125604250120e+00 2.327616671607572574e+00 1.242429449623700277e+00
