8.699999999999999956e-01 2.740000000000000213e+00 1.850000000000000089e+00 2.629999999999999893e+00 1.350000000000000089e+00
9.382329709704524401e-01 2.721861579840641809e+00 1.856900245489557122e+00 2.583155074048593569e+00 1.336290416130480718e+00
9.784729369974715096e-01 2.704280179624071412e+00 1.909385913626706621e+00 2.559715819737559794e+00 1.326505255174969200e+00
1.011020742245004822e+00 2.687553830838295355e+00 1.967851886033909592e+00 2.540326828159948036e+00 1.323615966432961200e+00
1.032055691775114026e+00 2.661881270904359997e+00 1.999417520634309664e+00 2.505574689165766422e+00 1.297419394465703757e+00
1.041241694071106894e+00 2.631779704700495159e+00 2.021747285748703771e+00 2.482600033852709664e+00 1.263342931435085026e+00
1.099091382998282018e+00 2.613880707322096875e+00 2.048261435146968346e+00 2.459598760153580699e+00 1.234906166479077472e+00
1.167167158007841987e+00 2.605000441736360361e+00 2.072905054435221217e+00 2.420731052316982268e+00 1.215356220343867699e+00
1.228531229113627887e+00 2.590447405781008072e+00 2.096997300015870813e+00 2.380600808854560491e+00 1.194573991370797783e+00
1.291917337074863559e+00 2.596965439999937342e+00 2.101780768879063732e+00 2.336230173192917370e+00 1.169346667992286593e+00
1.277139296977860106e+00 2.547555058322431343e+00 2.092672995937111757e+00 2.329168942658712549e+00 1.180346340535561644e+00
1.242399055208804670e+00 2.526834118531085860e+00 2.051485572486670073e+00 2.328183149454950751e+00 1.210359733996718701e+00
1.206614894659336690e+00 2.512440521035860463e+00 2.009722125604250120e+00 2.327616671607572574e+00 1.242429449623700277e+00
