8.699999999999999956e-01 2.740000000000000213e+00 1.850000000000000089e+00 2.629999999999999893e+00 1.350000000000000089e+00
9.177033007615695848e-01 2.726986237571451976e+00 1.848347205227324874e+00 2.601670557057122579e+00 1.360955937432233531e+00
9.609880865318609633e-01 2.709723042455173037e+00 1.871099357035542088e+00 2.589091628882197682e+00 1.363538476891008377e+00
9.822248733167852075e-01 2.718541084224393778e+00 1.908739837507850368e+00 2.580716417002747232e+00 1.367722850057763173e+00
1.001023570568329912e+00 2.718276355941219968e+00 1.947923815419392968e+00 2.564942431284829460e+00 1.369467134959240218e+00
1.020847967915159860e+00 2.711222940733332365e+00 1.985103361081269835e+00 2.547603216582258412e+00 1.364219379779344710e+00
1.038033935102282257e+00 2.704470246896329755e+00 2.015236237905738026e+00 2.536807268417316852e+00 1.342798960242892470e+00
1.053145795971607290e+00 2.687454700227922544e+00 2.022400037788115945e+00 2.524439060062363627e+00 1.314471844864695926e+00
1.070151580117094214e+00 2.664498636446083868e+00 2.004044671725636384e+00 2.497853636430373392e+00 1.308874717483826666e+00
1.098530023063107208e+00 2.651916496091164532e+00 1.975993806303264488e+00 2.474175760517699274e+00 1.299057820982937539e+00
1.113047550904914029e+00 2.643469410971394318e+00 1.983237844199685407e+00 2.462788461996732625e+00 1.267739899155033489e+00
1.114645306488404541e+00 2.633154139519011228e+00 2.011360825570146726e+00 2.443079812549577845e+00 1.245851389118064478e+00
1.136452645388306815e+00 2.622280507071152122e+00 2.034559215119179143e+00 2.416492371885549773e+00 1.226798398486883768e+00
1.170936224006018822e+00 2.606899683215766039e+00 2.052825252698111225e+00 2.394282941590816005e+00 1.210332163136241368e+00
1.211306042235406499e+00 2.592095743663119567e+00 2.070482508999679894e+00 2.374078786145722209e+00 1.195691009207684896e+00
1.255891913529580739e+00 2.596556305007830634e+00 2.091492617178744684e+00 2.349981002780259676e+00 1.185628029327589150e+00
1.284767406088618280e+00 2.603915061149502552e+00 2.104860592467388880e+00 2.325131228103888059e+00 1.168385299257054033e+00
1.281054549026645839e+00 2.569906290283487937e+00 2.095860629075445125e+00 2.321203393188744357e+00 1.161137780467265790e+00
1.269437612782636560e+00 2.538417143606602089e+00 2.081270976859133093e+00 2.315147927269689099e+00 1.170217044335082335e+00
1.251628973998607730e+00 2.517877932937671037e+00 2.063187556719502602e+00 2.309754223275619189e+00 1.193409385197935491e+00
1.229843223269734054e+00 2.512482564564245457e+00 2.037523746609520181e+00 2.313832396820445059e+00 1.219415957804859563e+00
1.206614894659336690e+00 2.512440521035860463e+00 2.009722125604250120e+00 2.327616671607572574e+00 1.242429449623700277e+00
