8.699999999999999956e-01 2.740000000000000213e+00 1.850000000000000089e+00 2.629999999999999893e+00 1.350000000000000089e+00
9.146274958090595542e-01 2.731501156854389212e+00 1.869910968830086118e+00 2.591019091084890480e+00 1.329192131724641568e+00
9.652776056735007382e-01 2.713576434575101892e+00 1.906659228543503781e+00 2.567376307879610575e+00 1.317316265350105375e+00
1.023157766271086011e+00 2.704358583792174642e+00 1.952895705428597140e+00 2.558854778323587542e+00 1.312920753002539076e+00
1.059089712763727542e+00 2.684286332992639412e+00 1.994803256449717122e+00 2.533402760220295757e+00 1.301979404954416886e+00
1.053893295596004087e+00 2.666728479475897640e+00 2.020737483022868819e+00 2.503631044262447869e+00 1.276686358548249078e+00
1.066552496122457505e+00 2.637744906651759091e+00 2.047525075096902292e+00 2.476356129123611360e+00 1.257436770128295356e+00
1.110560551517260741e+00 2.613434294819484638e+00 2.070072402762562103e+00 2.439799679986442982e+00 1.245001519427014758e+00
1.165089854121112545e+00 2.598282103667469922e+00 2.088052565628255586e+00 2.397008581166644614e+00 1.233175208199314143e+00
1.223087216257003451e+00 2.587577211364215923e+00 2.107481514738390516e+00 2.359685036066105912e+00 1.217583526108120040e+00
1.282573681350970940e+00 2.567479283423555358e+00 2.085968116265410899e+00 2.329786538787793404e+00 1.215829286266994380e+00
1.245490736215818295e+00 2.542744172956670656e+00 2.045999373713881297e+00 2.328982031534795993e+00 1.230898707559184846e+00
1.206614894659336690e+00 2.512440521035860463e+00 2.009722125604250120e+00 2.327616671607572574e+00 1.242429449623700277e+00
