8.699999999999999956e-01 2.740000000000000213e+00 1.850000000000000089e+00 2.629999999999999893e+00 1.350000000000000089e+00
9.245274880241490800e-01 2.748218046929023384e+00 1.898815206918509357e+00 2.606202947639242318e+00 1.351071218459544809e+00
9.859985681651572964e-01 2.741732159176076600e+00 1.938448997737261426e+00 2.571993747451132961e+00 1.348261548104568996e+00
1.009888002863027712e+00 2.706010972112795621e+00 1.915197174888508158e+00 2.550673698329211092e+00 1.322868853578105908e+00
1.048685577428903004e+00 2.687291871505135266e+00 1.966704591330975305e+00 2.537805946211850294e+00 1.309989527782517094e+00
1.053363931994257818e+00 2.670550346780514950e+00 2.004070276960664199e+00 2.540732084592091766e+00 1.274125542956049406e+00
1.047189493776019553e+00 2.620310877663463156e+00 2.006254733531426915e+00 2.524049614292811050e+00 1.254340431723665938e+00
1.044415960165016921e+00 2.640048218385753653e+00 2.036168607575393530e+00 2.505152368366148963e+00 1.219204891481488140e+00
1.106185330042714465e+00 2.639150819351602451e+00 2.059896605045484552e+00 2.465887124950174591e+00 1.198848062229409983e+00
1.173764479260896554e+00 2.631870997229154074e+00 2.077893434875198064e+00 2.420464233474442839e+00 1.188383801363581682e+00
1.241293451123410829e+00 2.624075837604188610e+00 2.095808972768336442e+00 2.374929747742737352e+00 1.178247158315738785e+00
1.297807807271367242e+00 2.591075002360609947e+00 2.119092857482153480e+00 2.344235300016445311e+00 1.169387566444970439e+00
1.270476178809054613e+00 2.546103571277550159e+00 2.091669314029921622e+00 2.349754484056009840e+00 1.183704189818938435e+00
1.238480192556640214e+00 2.531416564145970494e+00 2.050716522526200958e+00 2.335889198722197690e+00 1.213422237731344611e+00
1.206614894659336690e+00 2.512440521035860463e+00 2.009722125604250120e+00 2.327616671607572574e+00 1.242429449623700277e+00
