8.699999999999999956e-01 2.740000000000000213e+00 1.850000000000000089e+00 2.629999999999999893e+00 1.350000000000000089e+00
8.959040666634029426e-01 2.733561298123450722e+00 1.862742604076748076e+00 2.594655326625990188e+00 1.347728065731648828e+00
9.191429159909061397e-01 2.739561693855928848e+00 1.887233390057141191e+00 2.565300306153762921e+00 1.345401127363833771e+00
9.512386350005311852e-01 2.738067084464266276e+00 1.907927057658802994e+00 2.538732823622449786e+00 1.337823338928866290e+00
9.735086869120344044e-01 2.723941766909044659e+00 1.941305117397408742e+00 2.535382104109445756e+00 1.332624163334459322e+00
9.992212076333411019e-01 2.707248564791133294e+00 1.971949682612869958e+00 2.534160843430274923e+00 1.326005243527525135e+00
1.027796433103769447e+00 2.694165424615321491e+00 2.003345715847045128e+00 2.529505780818236182e+00 1.319161265460292443e+00
1.046356568069489956e+00 2.680581148542360292e+00 2.034929186012464974e+00 2.521084973218300274e+00 1.308692033551368983e+00
1.055833787982157101e+00 2.668368098922546672e+00 2.055367185802360108e+00 2.508354414312683911e+00 1.289308385572997651e+00
1.060261386063343192e+00 2.659842625666816840e+00 2.062039636504652496e+00 2.494115071506076919e+00 1.265229909242736372e+00
1.070554602080078688e+00 2.653290502367402048e+00 2.066314174516835855e+00 2.479459430711813628e+00 1.240867197992575832e+00
1.095853678097712836e+00 2.648015594753728497e+00 2.075441638029368541e+00 2.463170303694568020e+00 1.219965561295221823e+00
1.133240094020101285e+00 2.644678757491668808e+00 2.087118699231095498e+00 2.444311741306429031e+00 1.204700619238075587e+00
1.175452988287794209e+00 2.642885149305387760e+00 2.098058188201223473e+00 2.423018171150875588e+00 1.193241928265301954e+00
1.218076910358028231e+00 2.641271630676365501e+00 2.108332339739606986e+00 2.399603545691280093e+00 1.183535839795579747e+00
1.258561481916396829e+00 2.637413945956567307e+00 2.111190882076056319e+00 2.370850706278434750e+00 1.176887866803494331e+00
1.281132412500609385e+00 2.621265230482305419e+00 2.123303461345142917e+00 2.347036636885594607e+00 1.173386609913602552e+00
1.265147356569453319e+00 2.598864710754619001e+00 2.102438837781455572e+00 2.342640882392972301e+00 1.187509266488590676e+00
1.250514241091924106e+00 2.577258663324929255e+00 2.079259659737154209e+00 2.338884829696622702e+00 1.201239312272368132e+00
1.235881125614394893e+00 2.555652615895239954e+00 2.056080481692852846e+00 2.335128777000272660e+00 1.214969358056145587e+00
1.221248010136865902e+00 2.534046568465550209e+00 2.032901303648551483e+00 2.331372724303922617e+00 1.228699403839922821e+00
1.206614894659336690e+00 2.512440521035860463e+00 2.009722125604250120e+00 2.327616671607572574e+00 1.242429449623700277e+00
