8.699999999999999956e-01 2.740000000000000213e+00 1.850000000000000089e+00 2.629999999999999893e+00 1.350000000000000089e+00
9.090370769548635765e-01 2.718899159360760542e+00 1.874650989030533843e+00 2.613599402382912551e+00 1.354145782891550187e+00
9.553778292018294538e-01 2.697754015857475096e+00 1.891188209165313383e+00 2.596055275823155206e+00 1.353339666030100030e+00
9.805948167115116076e-01 2.691862761697805695e+00 1.911597991060004498e+00 2.588268699490233082e+00 1.327864481190416335e+00
1.000497352828087605e+00 2.689912479355920816e+00 1.948479929776591790e+00 2.578639558473540205e+00 1.309254626667835542e+00
1.027525230077126039e+00 2.688166493073993468e+00 1.983945263279244919e+00 2.560001871395108264e+00 1.295046933933769351e+00
1.046387007537442182e+00 2.697592776933084302e+00 2.010671474726438923e+00 2.558505752684307133e+00 1.270734898747097885e+00
1.061077104240423230e+00 2.683263750538892545e+00 2.022387168830173110e+00 2.547024230400591005e+00 1.244086322905509245e+00
1.074703545466352939e+00 2.664884994588340383e+00 2.031223276656971777e+00 2.533735617776187610e+00 1.218312048506058565e+00
1.072012130495744842e+00 2.632719832798750659e+00 2.034199786186035475e+00 2.511997671907375107e+00 1.212268376053966312e+00
1.097425868665528936e+00 2.622943082979501295e+00 2.020166264766046105e+00 2.471463200207189459e+00 1.211369591675781399e+00
1.143794946813342150e+00 2.608096235449068878e+00 2.028962735782597004e+00 2.450156685164554204e+00 1.199050160047296254e+00
1.190878279257938432e+00 2.591675392258935506e+00 2.041901425559378147e+00 2.433429280764469738e+00 1.185872980540814137e+00
1.240231558338552365e+00 2.580743306673078941e+00 2.059951984046501483e+00 2.415792219237293814e+00 1.173645209676117407e+00
1.278544468566659820e+00 2.593938078453867035e+00 2.089547547354433377e+00 2.397341414280876659e+00 1.169951266401503931e+00
1.288323639451162794e+00 2.617614095633002957e+00 2.115694020801092368e+00 2.376325524829987046e+00 1.180718050904465022e+00
1.280069395937518228e+00 2.620240490110001375e+00 2.089979985141328545e+00 2.361266818700162418e+00 1.202281868810332943e+00
1.280992145340865473e+00 2.583731811977704851e+00 2.084605430477158183e+00 2.374478014913782520e+00 1.201474592584210299e+00
1.277401985905587845e+00 2.547263979371696241e+00 2.081541376351581984e+00 2.386182442616330501e+00 1.198945908804740057e+00
1.260879132157004090e+00 2.518336948309235712e+00 2.057134852611437026e+00 2.382441711662798944e+00 1.209377377258513242e+00
1.235946945626474225e+00 2.508798685810195384e+00 2.031313513652309499e+00 2.358701267337613316e+00 1.227205741013420504e+00
1.206614894659336690e+00 2.512440521035860463e+00 2.009722125604250120e+00 2.327616671607572574e+00 1.242429449623700277e+00
