8.699999999999999956e-01 2.740000000000000213e+00 1.850000000000000089e+00 2.629999999999999893e+00 1.350000000000000089e+00
9.260515403551305980e-01 2.726214257460696011e+00 1.869715452843679682e+00 2.597898460234708828e+00 1.349288882570032877e+00
9.468372576911242566e-01 2.728205498016162966e+00 1.887542905986985931e+00 2.553114788719645922e+00 1.327720203394178178e+00
9.788109705055876297e-01 2.716749103108841545e+00 1.927572433159210563e+00 2.538378918778444238e+00 1.307561347435346022e+00
1.011852236996804155e+00 2.695789723564819163e+00 1.964780505809424538e+00 2.535421471284830641e+00 1.288993066227320350e+00
1.036756492061269741e+00 2.667354888367233556e+00 1.992324108349992295e+00 2.526706342910049141e+00 1.267796390690769659e+00
1.049474185055070841e+00 2.640370658489823885e+00 2.013501199355618887e+00 2.505868433626935676e+00 1.242145020934710242e+00
1.071858672103668031e+00 2.617510112671966649e+00 2.051404534366173760e+00 2.483394062522076062e+00 1.235930197061318125e+00
1.125248409665877913e+00 2.606995602009615887e+00 2.077964331374498208e+00 2.453739747996583453e+00 1.239344537451060990e+00
1.182617527411020442e+00 2.600062887394318345e+00 2.095499550740962391e+00 2.418052312744173094e+00 1.237538855286558714e+00
1.236389900886779580e+00 2.588714395695652648e+00 2.111179319879341154e+00 2.382307458734367334e+00 1.228708946577076189e+00
1.276613586077529394e+00 2.570895217972421598e+00 2.126130975723958816e+00 2.357349401121464627e+00 1.203225130412491017e+00
1.291572900232893506e+00 2.587232518793264102e+00 2.123848974007677359e+00 2.356796672588388653e+00 1.164947254263579923e+00
1.291855866735691194e+00 2.602340295034743178e+00 2.100162461179827300e+00 2.362046208140465620e+00 1.131586316348718757e+00
1.287748377220985230e+00 2.566749335235297913e+00 2.096826868239848540e+00 2.349935743498251295e+00 1.154596421156381725e+00
1.267848571657228751e+00 2.552179716239711293e+00 2.072610791653969109e+00 2.342400805069119407e+00 1.190790936757848417e+00
1.241961066064512842e+00 2.530447516918958417e+00 2.039399698735159472e+00 2.334577261485467403e+00 1.215256376982992714e+00
1.206614894659336690e+00 2.512440521035860463e+00 2.009722125604250120e+00 2.327616671607572574e+00 1.242429449623700277e+00
