8.699999999999999956e-01 2.740000000000000213e+00 1.850000000000000089e+00 2.629999999999999893e+00 1.350000000000000089e+00
9.164360826799237136e-01 2.753329663078769141e+00 1.879481542956155993e+00 2.625818147978594475e+00 1.356034308552289902e+00
9.573934277912751201e-01 2.728216576012915340e+00 1.893950113585171735e+00 2.614295436330912104e+00 1.369995995523484833e+00
9.540514181401681393e-01 2.688538086706382835e+00 1.885083699235350352e+00 2.601996287913696193e+00 1.367342792645160676e+00
9.709382790481796421e-01 2.664237336065043316e+00 1.908164773281520787e+00 2.586518093524410755e+00 1.345259712667690621e+00
1.000602962397459050e+00 2.645000175422775435e+00 1.940508960254641480e+00 2.575502452313631174e+00 1.333287007093228782e+00
1.031538985610510828e+00 2.627313319883921139e+00 1.974202903175076074e+00 2.565133647127535443e+00 1.322626459253581466e+00
1.053453191408018075e+00 2.643311057980444634e+00 2.012920166445216541e+00 2.562215249474236956e+00 1.314962689591603562e+00
1.060910651106585112e+00 2.649332878544043979e+00 2.027944554089986529e+00 2.544458588327140891e+00 1.276602306301341860e+00
1.066492560906466824e+00 2.656783028843406225e+00 2.047448009449201578e+00 2.519255926281351421e+00 1.244476919557329309e+00
1.089975809171997767e+00 2.657205438588652324e+00 2.059066712839738411e+00 2.498798708500942656e+00 1.209057181826144634e+00
1.126369207904193148e+00 2.645661072014921622e+00 2.075215916836218533e+00 2.468020487965891352e+00 1.195700186511334584e+00
1.167173083358123753e+00 2.627906839245651049e+00 2.087420696370366091e+00 2.439854604730114840e+00 1.187989915116963280e+00
1.211026588462180031e+00 2.610729689114039687e+00 2.098367223891574707e+00 2.413946671190417614e+00 1.178288805058379740e+00
1.255431545193818721e+00 2.610332678164836828e+00 2.109158288084569843e+00 2.388482939353556933e+00 1.157760437785192220e+00
1.282681878235560236e+00 2.603899747554078381e+00 2.105287697533430258e+00 2.374703829223610896e+00 1.121450898399391383e+00
1.288160845910986341e+00 2.566930361520146420e+00 2.109983386004420147e+00 2.370708607235287868e+00 1.142075536377115563e+00
1.288090761244749416e+00 2.547812644699376516e+00 2.127013891060417272e+00 2.361556376624575293e+00 1.177947553781167001e+00
1.286655187654548671e+00 2.529386212339533202e+00 2.126834463984787593e+00 2.361305866552164012e+00 1.218626313001414552e+00
1.258556159097245164e+00 2.513230602383224266e+00 2.093086829846709129e+00 2.345927800828254028e+00 1.227367712409784817e+00
1.231732207639866905e+00 2.513746277969017839e+00 2.051105186366513955e+00 2.335777203237366706e+00 1.230941057352612500e+00
1.206614894659336690e+00 2.512440521035860463e+00 2.009722125604250120e+00 2.327616671607572574e+00 1.242429449623700277e+00
