8.699999999999999956e-01 2.740000000000000213e+00 1.850000000000000089e+00 2.629999999999999893e+00 1.350000000000000089e+00
8.995074933069178158e-01 2.717261073010933448e+00 1.863455819593629714e+00 2.611313470714749840e+00 1.361349034821895509e+00
9.199742478220837016e-01 2.687723060661923125e+00 1.867539210545005046e+00 2.591999761397163482e+00 1.365948215831184864e+00
9.500443792913517704e-01 2.701007937277988269e+00 1.898135833720958177e+00 2.575551129025215769e+00 1.368324286419460023e+00
9.670912905472246468e-01 2.723508101583720364e+00 1.916764995844813857e+00 2.562464170261393726e+00 1.350095727628286335e+00
9.799191369354082193e-01 2.716654276683720060e+00 1.922267773590007556e+00 2.550302570576987282e+00 1.319427481209239694e+00
9.992514818954595368e-01 2.705908201766325405e+00 1.949290262076469826e+00 2.540593612898951026e+00 1.297289038665695449e+00
1.025553743249519645e+00 2.693658524011173228e+00 1.984434474114474378e+00 2.526071685911011055e+00 1.291552397051243473e+00
1.046046433750241755e+00 2.675370106949500393e+00 2.007040235717466814e+00 2.511254896879370424e+00 1.273806856364352091e+00
1.064738926660018237e+00 2.666089309429024556e+00 2.017991265462669048e+00 2.499022514832953235e+00 1.245625999028641129e+00
1.093024874252407130e+00 2.656868896690308013e+00 2.027783579238874534e+00 2.480255672231429731e+00 1.221900678983727673e+00
1.128269792543358019e+00 2.642672765692700487e+00 2.040073405003428597e+00 2.455779791458256422e+00 1.209857343455992051e+00
1.164665811163264619e+00 2.626092589560109491e+00 2.053575245254976700e+00 2.430252503851272561e+00 1.205214345790698305e+00
1.203459200952693653e+00 2.608460051838004112e+00 2.065487402448952015e+00 2.406147438874505884e+00 1.204729250015701858e+00
1.246336041749104284e+00 2.590610139450368887e+00 2.075449287577586066e+00 2.385506160731244663e+00 1.202409676224685864e+00
1.280672777505926341e+00 2.581456355608340747e+00 2.096975818116189938e+00 2.369687846287386712e+00 1.185990131444385032e+00
1.285266623327351532e+00 2.581135730277443585e+00 2.136948603187785345e+00 2.362598308661119528e+00 1.191407653837128100e+00
1.281721767850111160e+00 2.557657959324168839e+00 2.124031118866962053e+00 2.361571002310067779e+00 1.215141849585672285e+00
1.278587613725586047e+00 2.527286336050253102e+00 2.111312188492855402e+00 2.362766262577420395e+00 1.230682868301248067e+00
1.259943458905005365e+00 2.503219456880040994e+00 2.084861974944322238e+00 2.361956285531268573e+00 1.242387324447280283e+00
1.231487467080936815e+00 2.506759643507358248e+00 2.046130997689270092e+00 2.348027833463410374e+00 1.244679551594903177e+00
1.206614894659336690e+00 2.512440521035860463e+00 2.009722125604250120e+00 2.327616671607572574e+00 1.242429449623700277e+00
