8.699999999999999956e-01 2.740000000000000213e+00 1.850000000000000089e+00 2.629999999999999893e+00 1.350000000000000089e+00
9.203481504726839235e-01 2.730444079272023483e+00 1.876912236138501555e+00 2.617134407496009008e+00 1.354511353526942852e+00
9.642428118797282677e-01 2.711982592772275602e+00 1.895638939607398932e+00 2.592534289319507579e+00 1.356263850286920647e+00
9.809738011596049745e-01 2.686060132153887281e+00 1.911659565002275185e+00 2.561479121478171805e+00 1.362708228623356277e+00
1.002925985854389301e+00 2.665866684706003742e+00 1.942173078499328520e+00 2.543412185281796578e+00 1.369164346407176991e+00
1.029410721273261275e+00 2.658198213668250709e+00 1.981001277853751130e+00 2.534543512678526511e+00 1.370103961769264966e+00
1.064781447472277653e+00 2.665922587944087763e+00 1.998854194297374542e+00 2.506218825592774646e+00 1.350058031089750976e+00
1.078847946477390574e+00 2.683744687825746045e+00 1.993207938390442857e+00 2.480189886669276422e+00 1.318731179680982857e+00
1.093912936793807189e+00 2.691700129998271684e+00 2.007170519432284639e+00 2.487793007263875200e+00 1.279609729426846920e+00
1.119418830967618295e+00 2.664924687658419611e+00 2.024735119296429353e+00 2.509067478001188345e+00 1.271524345670335343e+00
1.133660118281655249e+00 2.629927195338589652e+00 2.034801158800071619e+00 2.517722876074698135e+00 1.281136624106879340e+00
1.148884597346469416e+00 2.614143520097822915e+00 2.050357137783497929e+00 2.490763679757865390e+00 1.253043696306571420e+00
1.178119487160976586e+00 2.605852952499131625e+00 2.062272612540461569e+00 2.453232252487413945e+00 1.231190834156657532e+00
1.211690943340259174e+00 2.600618226542187550e+00 2.072981648395217924e+00 2.413314044256551494e+00 1.212714468777481347e+00
1.246132846598604571e+00 2.601708389795572618e+00 2.083413161984294160e+00 2.371401917167924367e+00 1.197068518833057871e+00
1.275299527066785510e+00 2.613571253573791164e+00 2.090771971181340838e+00 2.326260101124572710e+00 1.193378111119160812e+00
1.277049408508861283e+00 2.584246499770391114e+00 2.092927182540103459e+00 2.319073491732296155e+00 1.177536210310672571e+00
1.273247873309894640e+00 2.584784771008156401e+00 2.085720875765336046e+00 2.316956372352273252e+00 1.139573082150403094e+00
1.274039436218384447e+00 2.554869189971138876e+00 2.060901094576935932e+00 2.325977141820884331e+00 1.147036342293865863e+00
1.265405215906928227e+00 2.528627576712307867e+00 2.041999307711839684e+00 2.329433680494229719e+00 1.172483048971389330e+00
1.241999302715335318e+00 2.513263172246895216e+00 2.023979843584238658e+00 2.330026211685044757e+00 1.206165638093076309e+00
1.206614894659336690e+00 2.512440521035860463e+00 2.009722125604250120e+00 2.327616671607572574e+00 1.242429449623700277e+00
