8.699999999999999956e-01 2.740000000000000213e+00 1.850000000000000089e+00 2.629999999999999893e+00 1.350000000000000089e+00
8.932251124641317208e-01 2.732977991276142937e+00 1.857972920715881715e+00 2.592791165941711107e+00 1.327874900351407206e+00
9.396794130841404913e-01 2.731928678095667973e+00 1.894051576143948701e+00 2.580638823241677482e+00 1.314728048185634268e+00
9.786439488075859838e-01 2.713172400454508360e+00 1.922970356661559244e+00 2.565217813199658359e+00 1.299975491198169797e+00
1.013047013198158153e+00 2.688888292936330249e+00 1.947919681614600940e+00 2.547775314406852232e+00 1.286375973193715438e+00
1.035409415635173191e+00 2.666268454690110090e+00 1.976073686128639650e+00 2.530920393969362081e+00 1.268414943107756265e+00
1.044107506778878092e+00 2.646389382932251788e+00 2.002373425367756088e+00 2.514710402965081304e+00 1.245009041761379942e+00
1.044685963684850449e+00 2.630719285186711609e+00 2.039754603169308123e+00 2.495408262960352452e+00 1.227053919589492725e+00
1.048855154233863107e+00 2.641718274417283130e+00 2.072578060929679555e+00 2.485097074932931083e+00 1.245994447164234131e+00
1.099383825337661991e+00 2.651199942345968008e+00 2.092066558114948904e+00 2.461052630346205916e+00 1.259687107127700934e+00
1.144210722719319007e+00 2.635473888811024512e+00 2.099502946947353621e+00 2.437517223972801350e+00 1.239930511485811904e+00
1.182389638487651773e+00 2.617405372888871540e+00 2.104416411931847364e+00 2.416956044035648343e+00 1.217106842897312635e+00
1.220114963502174410e+00 2.598716396031504505e+00 2.108762682601729832e+00 2.396781433623910385e+00 1.194291926745912225e+00
1.255758040123607699e+00 2.573227845707414474e+00 2.107057198798975239e+00 2.380024657373627672e+00 1.174473523850817047e+00
1.284333150279587166e+00 2.552254252090814024e+00 2.113104539241777324e+00 2.345325009842750497e+00 1.180916950567897361e+00
1.262160719484604954e+00 2.543744389450472543e+00 2.082378533340708771e+00 2.342953079647190684e+00 1.207435562273150076e+00
1.238005349573084057e+00 2.524858682659729237e+00 2.050245510137488125e+00 2.338763439311935421e+00 1.228287462027379151e+00
1.206614894659336690e+00 2.512440521035860463e+00 2.009722125604250120e+00 2.327616671607572574e+00 1.242429449623700277e+00
