8.699999999999999956e-01 2.740000000000000213e+00 1.850000000000000089e+00 2.629999999999999893e+00 1.350000000000000089e+00
9.258364867514986551e-01 2.727182435379821079e+00 1.868188232480882505e+00 2.576871760809276601e+00 1.343831208981473235e+00
9.636795884999520556e-01 2.767603174370913965e+00 1.911028689854194385e+00 2.576841523213578178e+00 1.349049773291846277e+00
9.994287240893762192e-01 2.754432820269181903e+00 1.967972731253013974e+00 2.576564306382340241e+00 1.333349633859664651e+00
1.033255753231281604e+00 2.720143297808975014e+00 2.012551849074425192e+00 2.566992384224276336e+00 1.314577510697279461e+00
1.053052616828971555e+00 2.683737858050549985e+00 2.038959071964836500e+00 2.533170757923290495e+00 1.289684218262777682e+00
1.066792153894729811e+00 2.651792436163406208e+00 2.054037833585917738e+00 2.491526804982876708e+00 1.261275316304243832e+00
1.098842564430424940e+00 2.614133728008621205e+00 2.071621304659109875e+00 2.449143805015118414e+00 1.243530349769643495e+00
1.156408733342900508e+00 2.600809178615139050e+00 2.091382635529431155e+00 2.412353461808990129e+00 1.219017483535489443e+00
1.217886165272681787e+00 2.592866490338891161e+00 2.111199435146206671e+00 2.377336131908434513e+00 1.193272293520078797e+00
1.278064624741144906e+00 2.577258406085736198e+00 2.077706053235104378e+00 2.350676952056049096e+00 1.185936432110066496e+00
1.245078842280400888e+00 2.546614764193589231e+00 2.043588166107957349e+00 2.342092542062006899e+00 1.216563146382519500e+00
1.206614894659336690e+00 2.512440521035860463e+00 2.009722125604250120e+00 2.327616671607572574e+00 1.242429449623700277e+00
