8.699999999999999956e-01 2.740000000000000213e+00 1.850000000000000089e+00 2.629999999999999893e+00 1.350000000000000089e+00
9.209514453726963534e-01 2.742363340018628026e+00 1.852887597399774933e+00 2.609089781950460818e+00 1.324348589813055366e+00
9.479750305488849893e-01 2.710694673577883851e+00 1.870742763981970258e+00 2.572339836723763984e+00 1.312545538361526543e+00
9.693233009375793463e-01 2.707924147300381890e+00 1.913090668497528624e+00 2.550474548902665006e+00 1.310794593034801725e+00
9.947851688312113749e-01 2.718220582590491929e+00 1.945435582386033868e+00 2.549165313906217811e+00 1.311566336389516252e+00
1.046780183269352626e+00 2.706385445045080829e+00 1.988782383812192744e+00 2.545361886369097437e+00 1.300690993303327492e+00
1.045797072916816006e+00 2.644792618101549309e+00 2.018567960762657876e+00 2.504920140995682054e+00 1.272011310395108064e+00
1.049399648145675323e+00 2.618325266651275740e+00 2.042014448976714913e+00 2.481168267430219565e+00 1.268793753869179142e+00
1.077755523867845788e+00 2.611224563766410878e+00 2.055537464019702387e+00 2.457695606519828324e+00 1.259905216515528892e+00
1.103124762272091663e+00 2.607831991002246497e+00 2.062176256127769669e+00 2.443355611511208281e+00 1.255514367647267315e+00
1.265927494048390223e+00 2.582993802291964958e+00 2.098408349984077770e+00 2.361040300804115866e+00 1.233904588747879005e+00
1.276728595128751476e+00 2.561369140032072167e+00 2.084064595230945560e+00 2.341695871269421136e+00 1.213888593912265446e+00
1.258927292655357411e+00 2.552506636112117366e+00 2.067768419398439583e+00 2.337288310473650821e+00 1.221009848811821952e+00
1.206614894659336690e+00 2.512440521035860463e+00 2.009722125604250120e+00 2.327616671607572574e+00 1.242429449623700277e+00
