8.699999999999999956e-01 2.740000000000000213e+00 1.850000000000000089e+00 2.629999999999999893e+00 1.350000000000000089e+00
8.959037370982462223e-01 2.741866848942493107e+00 1.877596763380342315e+00 2.583289287620905483e+00 1.343246523456154140e+00
9.352365826510991020e-01 2.752174492906906522e+00 1.922997347874681795e+00 2.584972013304403404e+00 1.334560318349470753e+00
9.652208565224922321e-01 2.739666992363707809e+00 1.950617357730579204e+00 2.588562319865076677e+00 1.321916559221313348e+00
9.739467974258262384e-01 2.733257662898092910e+00 1.957678634540102491e+00 2.587865031988301645e+00 1.317436026523608028e+00
1.010766449955981860e+00 2.677529308680461462e+00 1.979767304087820756e+00 2.547189606755173141e+00 1.282952305353592726e+00
1.021165043829721952e+00 2.660568006485378501e+00 1.985857070444267070e+00 2.533918508405801795e+00 1.272398764053808362e+00
1.032693994836626716e+00 2.640110078879127631e+00 1.994889351834981284e+00 2.514012595567133523e+00 1.256461502806103248e+00
1.037610319767364508e+00 2.631022731099026402e+00 2.000089073151653185e+00 2.503190853098731683e+00 1.247508884720409439e+00
1.048351597857763773e+00 2.627186394094535693e+00 2.013377486317185383e+00 2.481935211584429979e+00 1.225141836821241004e+00
1.161375366155334099e+00 2.609704679444986297e+00 2.065362215563888437e+00 2.419862633147867648e+00 1.185348093345916620e+00
1.219792762331641800e+00 2.604459750296216125e+00 2.090420621056076733e+00 2.391895472672008527e+00 1.173210749574465472e+00
1.291708441695041287e+00 2.575558648758212499e+00 2.113114623100820211e+00 2.363330448201704126e+00 1.178315427200955501e+00
1.282069798620140588e+00 2.539660477942834671e+00 2.083453427169211558e+00 2.357397760529420516e+00 1.196069043823974942e+00
1.252271818464013364e+00 2.539147317859181463e+00 2.062043753119233269e+00 2.346161774589061721e+00 1.230839415923032476e+00
1.206614894659336690e+00 2.512440521035860463e+00 2.009722125604250120e+00 2.327616671607572574e+00 1.242429449623700277e+00
