8.699999999999999956e-01 2.740000000000000213e+00 1.850000000000000089e+00 2.629999999999999893e+00 1.350000000000000089e+00
9.093992058196622708e-01 2.731933736201673124e+00 1.872717066761486082e+00 2.607902045030621174e+00 1.352406734808071942e+00
9.434479298072417919e-01 2.730182447339257745e+00 1.904255573570218685e+00 2.590149042971348514e+00 1.352006495612068759e+00
9.742511054946516591e-01 2.730720250906571778e+00 1.938291161776170890e+00 2.577166037821235545e+00 1.346627051163247879e+00
1.004271033554700487e+00 2.729597663440050059e+00 1.969873109704754377e+00 2.569545211262628026e+00 1.335367776342906154e+00
1.028758865747749551e+00 2.727927291215577199e+00 1.997094764223403596e+00 2.568091975431839646e+00 1.318335465624346448e+00
1.043124527651534628e+00 2.726023887655901312e+00 2.018960183584775692e+00 2.568717547663968315e+00 1.296924510889992055e+00
1.049179534885553933e+00 2.720565334602484509e+00 2.034414012482060663e+00 2.563711644173562121e+00 1.273425152937715854e+00
1.052393831723981155e+00 2.708646715223367529e+00 2.043016229702044662e+00 2.548551828812413600e+00 1.251388640131261498e+00
1.057960952638392849e+00 2.690813721688265492e+00 2.047919888462236493e+00 2.523751882258769008e+00 1.234656683439816494e+00
1.070954844810113160e+00 2.676659366067351442e+00 2.058804526386079914e+00 2.489542816534749292e+00 1.223752446175576880e+00
1.086230473881303116e+00 2.666635872097496307e+00 2.069786783452130408e+00 2.464576183420997602e+00 1.205638672823465374e+00
1.114649287686527490e+00 2.650204776062503154e+00 2.083050555234210233e+00 2.444931838821498893e+00 1.192462876872407707e+00
1.149988155530783152e+00 2.630604482675006572e+00 2.098113303215540792e+00 2.425977699030857693e+00 1.188710498601240007e+00
1.185873157780302778e+00 2.610669867634717978e+00 2.113526312522624462e+00 2.407039337125954859e+00 1.187928876991328098e+00
1.221019696037709101e+00 2.590662714947330691e+00 2.126366876949145723e+00 2.385454404613815527e+00 1.186465153959240348e+00
1.252288435946896650e+00 2.570009359227327206e+00 2.128803101448408341e+00 2.358323372309931720e+00 1.184016547318137880e+00
1.272681937561376486e+00 2.547600023337010633e+00 2.115922809744998911e+00 2.331376935530483419e+00 1.186886068776059844e+00
1.268388469557000686e+00 2.527154878609005451e+00 2.103289266983729089e+00 2.329242663207062858e+00 1.204102761693075285e+00
1.235095271349516910e+00 2.533482267017560297e+00 2.073439823202094079e+00 2.336816841186509119e+00 1.213813740174582101e+00
1.220855083004426911e+00 2.522961394026710380e+00 2.041580974403172100e+00 2.332216756397040847e+00 1.228121594899141078e+00
1.206614894659336690e+00 2.512440521035860463e+00 2.009722125604250120e+00 2.327616671607572574e+00 1.242429449623700277e+00
