8.699999999999999956e-01 2.740000000000000213e+00 1.850000000000000089e+00 2.629999999999999893e+00 1.350000000000000089e+00
9.064338968687551956e-01 2.727799037963941409e+00 1.867478090000201041e+00 2.611503276362481252e+00 1.352602604165515254e+00
9.264449287416006706e-01 2.702668669379253874e+00 1.866809970022885068e+00 2.596453033950264278e+00 1.358539611484166798e+00
9.526586772351679500e-01 2.686855626383054751e+00 1.889261347846782790e+00 2.582365112972154098e+00 1.353119934132111624e+00
9.732637220634250408e-01 2.683027766155140270e+00 1.919546966649839037e+00 2.577086606914251732e+00 1.340121760850430110e+00
9.930596832272355901e-01 2.684689270049274157e+00 1.950214711398059020e+00 2.574049076473036379e+00 1.326287115763769453e+00
1.011806575952474363e+00 2.683430344463715311e+00 1.979960849736523976e+00 2.562307315648701955e+00 1.313358087315803280e+00
1.028900152959539183e+00 2.676565613387889009e+00 2.002116368844565564e+00 2.545396917493382372e+00 1.296632611867613472e+00
1.043781419335153782e+00 2.666823489647495382e+00 2.013716354269478703e+00 2.529883489337824809e+00 1.274927042473952055e+00
1.059445700877475582e+00 2.654707120521358377e+00 2.019844370039300951e+00 2.517136776207408388e+00 1.252194531865438609e+00
1.080170044193079715e+00 2.638710010097625958e+00 2.025563607163151758e+00 2.504106676293042177e+00 1.232921165358191962e+00
1.106649397026022275e+00 2.619824674458106184e+00 2.032382253210768042e+00 2.488500387209925613e+00 1.220020773093159372e+00
1.136779835704625707e+00 2.600638316379819681e+00 2.040152185624763970e+00 2.470121090980313294e+00 1.212809212371328327e+00
1.168605141978488859e+00 2.582819679785327338e+00 2.049168147358795267e+00 2.449665636241230349e+00 1.208179700342077334e+00
1.201413640436053809e+00 2.568033513221345210e+00 2.061204527032811207e+00 2.427792334348317649e+00 1.203031493645605465e+00
1.238100859454649427e+00 2.562550379582611448e+00 2.077621464420987607e+00 2.404973683586937305e+00 1.198521884625590950e+00
1.270706056419229624e+00 2.578355370484332720e+00 2.089509816966891531e+00 2.389366422966807235e+00 1.203502550548247507e+00
1.270738829910563528e+00 2.589813380926729636e+00 2.062064785983094062e+00 2.391445704122519889e+00 1.199337240820347095e+00
1.263776709442204105e+00 2.563067601283441022e+00 2.048155168833652340e+00 2.385658763938009130e+00 1.206084224122458304e+00
1.251343529786030029e+00 2.540028013748870883e+00 2.035498657213549834e+00 2.372900262091802048e+00 1.217727594036913663e+00
1.231881274012974981e+00 2.522509747440004002e+00 2.022312742822246712e+00 2.353135166028408776e+00 1.230189598322902089e+00
1.206614894659336690e+00 2.512440521035860463e+00 2.009722125604250120e+00 2.327616671607572574e+00 1.242429449623700277e+00
