8.699999999999999956e-01 2.740000000000000213e+00 1.850000000000000089e+00 2.629999999999999893e+00 1.350000000000000089e+00
8.980179494399240792e-01 2.739495448042470471e+00 1.865960517922742978e+00 2.591967027877818630e+00 1.340973651647130227e+00
9.190668266761485850e-01 2.735898738746680880e+00 1.872846450193279111e+00 2.551654066296057621e+00 1.328863428948048320e+00
9.288289725472816949e-01 2.731003937854155961e+00 1.871030975101301452e+00 2.544966652434828891e+00 1.299954687716194490e+00
9.385005979944809340e-01 2.744459600990834414e+00 1.885181816865924453e+00 2.549888326019547957e+00 1.273339320804502295e+00
9.387987700869881991e-01 2.738595166367892908e+00 1.907661455358925284e+00 2.534724749683254785e+00 1.294556610898143667e+00
9.621692683826489345e-01 2.720208190490768896e+00 1.919186482407323258e+00 2.526357005838184122e+00 1.315260267778575631e+00
1.003248362855666320e+00 2.705657019856319234e+00 1.952052900643129973e+00 2.521167735392201070e+00 1.309593194579020903e+00
1.033648476739265076e+00 2.696236297757212963e+00 1.983735911620830183e+00 2.515106117470760516e+00 1.292672932224038007e+00
1.054448035536995620e+00 2.687678828854229707e+00 2.012789812399049083e+00 2.503629970554866802e+00 1.272388092655627911e+00
1.064051404547901925e+00 2.675091272278583787e+00 2.035703734186871117e+00 2.487962415944021899e+00 1.249855642138639755e+00
1.069243329994720826e+00 2.654118958151243657e+00 2.047487639644835156e+00 2.477497622314962289e+00 1.225754247104704264e+00
1.085506303279742957e+00 2.635481573739334671e+00 2.048101250368310922e+00 2.468119848047324094e+00 1.200793008031135978e+00
1.127021358138921681e+00 2.628071103246564011e+00 2.057464708103152962e+00 2.437773461686287835e+00 1.188303021124782921e+00
1.170112288155069624e+00 2.623470680518273923e+00 2.068697827331659855e+00 2.405306299505855172e+00 1.179398334200322696e+00
1.214093118536000659e+00 2.625097682805742405e+00 2.082134240518469959e+00 2.371894457905424414e+00 1.174146677437591491e+00
1.256565737353271928e+00 2.638594554453773000e+00 2.105828843540760609e+00 2.347634772214054699e+00 1.178243145941288983e+00
1.284775517648404364e+00 2.619872961015483170e+00 2.121488593906454501e+00 2.338080908002727831e+00 1.194290868508938175e+00
1.259482029101959499e+00 2.596867016057946120e+00 2.089940853131555532e+00 2.334684251036734715e+00 1.205160080874866368e+00
1.242367541761072669e+00 2.568986143448979131e+00 2.062915644784232061e+00 2.330107186508240780e+00 1.217571673268149413e+00
1.224491218210204568e+00 2.540713332242419575e+00 2.036318885194241091e+00 2.328861929057906455e+00 1.230000561445924845e+00
1.206614894659336690e+00 2.512440521035860463e+00 2.009722125604250120e+00 2.327616671607572574e+00 1.242429449623700277e+00
