8.699999999999999956e-01 2.740000000000000213e+00 1.850000000000000089e+00 2.629999999999999893e+00 1.350000000000000089e+00
9.161514274161641769e-01 2.729348485911823108e+00 1.866439355604050609e+00 2.607812868229411940e+00 1.356133201374896569e+00
9.411314396689518524e-01 2.702464805030629691e+00 1.880159760591889162e+00 2.592405141407462033e+00 1.364833472587950736e+00
9.582103811274310656e-01 2.714323981960598431e+00 1.912348287007425540e+00 2.576512356265931558e+00 1.352902824235988621e+00
9.812600734222070020e-01 2.710632574417729757e+00 1.951590601566725702e+00 2.569795542005727462e+00 1.341074359613787292e+00
1.005454216054390892e+00 2.698238864238794221e+00 1.988621794812461596e+00 2.564767415152060526e+00 1.331644872235983712e+00
1.032138358281343482e+00 2.680539495257094451e+00 2.019243729019922995e+00 2.560173283809289657e+00 1.318997468715416677e+00
1.045433854187988398e+00 2.663555191186081750e+00 2.033425238923327161e+00 2.560091589969168524e+00 1.288346236646313869e+00
1.049736916870924297e+00 2.661711752729540859e+00 2.047607936467754630e+00 2.542933234131325548e+00 1.254343233079671327e+00
1.064115944147607129e+00 2.665234152863288131e+00 2.061097090172198776e+00 2.511815070789053195e+00 1.230728262410905050e+00
1.088943167601455819e+00 2.676017901287836676e+00 2.080829753195794218e+00 2.479670031865659041e+00 1.224314744294655366e+00
1.122427316227141647e+00 2.672411447472655244e+00 2.099584025316961977e+00 2.457210505130748679e+00 1.202693627351985262e+00
1.159131324544564023e+00 2.664967293173662100e+00 2.113474257127028189e+00 2.437443607065163942e+00 1.179560047603557926e+00
1.199004374447610877e+00 2.656741003975846560e+00 2.125680017322353788e+00 2.417383748157091894e+00 1.158307492972048491e+00
1.241514220054017903e+00 2.645461868295362340e+00 2.137088567492064328e+00 2.396102019271338701e+00 1.142383060060401689e+00
1.277765690200467930e+00 2.621937991144889679e+00 2.141909501585840037e+00 2.377279637235787391e+00 1.146089276127089773e+00
1.287587806984205496e+00 2.592680556761486788e+00 2.134937536689647253e+00 2.368052051345179265e+00 1.164219094381345521e+00
1.284081079454570506e+00 2.562437146524315423e+00 2.121415044790243343e+00 2.357037347632725766e+00 1.177148514523550293e+00
1.284017169182684048e+00 2.534434131462981910e+00 2.103101199982329472e+00 2.342395350970546630e+00 1.184912390415887362e+00
1.267911566060230699e+00 2.532676060815398866e+00 2.076396922876128759e+00 2.331174069727221188e+00 1.213128185296640016e+00
1.236006047549251585e+00 2.525482590015576623e+00 2.043387878920015499e+00 2.330225179457886764e+00 1.229902120787316422e+00
1.206614894659336690e+00 2.512440521035860463e+00 2.009722125604250120e+00 2.327616671607572574e+00 1.242429449623700277e+00
