8.699999999999999956e-01 2.740000000000000213e+00 1.850000000000000089e+00 2.629999999999999893e+00 1.350000000000000089e+00
9.201938953734961624e-01 2.725080596788355347e+00 1.878335477345786764e+00 2.603249233093315684e+00 1.354181416398571036e+00
9.530417557963664077e-01 2.707857196312415837e+00 1.880392851100718188e+00 2.564413976987727661e+00 1.332608396268819551e+00
9.935433952726592244e-01 2.693259697144280818e+00 1.915930365689816339e+00 2.543055316131367150e+00 1.321266692085953265e+00
1.025703327008623544e+00 2.679031214355814150e+00 1.958037644889574436e+00 2.531760523284305897e+00 1.307857760431425653e+00
1.037473420411970659e+00 2.661327345822112722e+00 1.997594022542101833e+00 2.521528804959137560e+00 1.285183401963667649e+00
1.051383629545909137e+00 2.644487144567644332e+00 2.031353530172665067e+00 2.507556686609283769e+00 1.256868157408336684e+00
1.086705202647126001e+00 2.632212261708341217e+00 2.058750257387985005e+00 2.485543684316802171e+00 1.230151284170001524e+00
1.135560414212671621e+00 2.623616947329651339e+00 2.080383035903409006e+00 2.457060663094341457e+00 1.209416993142739871e+00
1.187795746940015773e+00 2.613930704090176249e+00 2.098169653836744253e+00 2.424537046590991451e+00 1.193754751277880777e+00
1.239387514024555603e+00 2.600906203585788834e+00 2.109959221094785953e+00 2.389666309124328869e+00 1.179455175150634139e+00
1.281652806822566326e+00 2.585435119182756480e+00 2.095626438685429527e+00 2.350002872710270641e+00 1.176759217941344859e+00
1.262306829971643785e+00 2.557711155650674861e+00 2.080340234098270180e+00 2.345090024960799990e+00 1.207924262232191737e+00
1.235795723508612554e+00 2.533016726405385555e+00 2.049094593751862980e+00 2.337033307397059723e+00 1.229279517589968007e+00
1.206614894659336690e+00 2.512440521035860463e+00 2.009722125604250120e+00 2.327616671607572574e+00 1.242429449623700277e+00
