8.699999999999999956e-01 2.740000000000000213e+00 1.850000000000000089e+00 2.629999999999999893e+00 1.350000000000000089e+00
9.031482666879147025e-01 2.719739048160181305e+00 1.874938357149963375e+00 2.620497897651905106e+00 1.355891623707869975e+00
9.433934503635649227e-01 2.721794087587545263e+00 1.904796751022264090e+00 2.601525180430893869e+00 1.357150080957007621e+00
9.725046189908392869e-01 2.714413068530338258e+00 1.933961860724474624e+00 2.584798937540870423e+00 1.344097411226448768e+00
9.991353727920238015e-01 2.707711793781422127e+00 1.968064357695677113e+00 2.576207853379078205e+00 1.330820849472535095e+00
1.024622422345142780e+00 2.706400251134263968e+00 2.006180719488503517e+00 2.567793081536745348e+00 1.320417889284474455e+00
1.044066968177057131e+00 2.694965303148173064e+00 2.021776506381678828e+00 2.549592510981971927e+00 1.300347804129618590e+00
1.056462089175925989e+00 2.677386034220987643e+00 2.022849062931899589e+00 2.533849222810543367e+00 1.278622098445743260e+00
1.065981594369275420e+00 2.663224506266157476e+00 2.027536416339146275e+00 2.521058989723996557e+00 1.254273359999551030e+00
1.074248077858782846e+00 2.663860243720850285e+00 2.041167560707135120e+00 2.506950999344462971e+00 1.228709557264105579e+00
1.100038994667863701e+00 2.665778722215862651e+00 2.060459683947885257e+00 2.485372844500927769e+00 1.209969593123102038e+00
1.138516264805680356e+00 2.661355164058944567e+00 2.078904587882460575e+00 2.460562377562747649e+00 1.198708586798292286e+00
1.179974640855418366e+00 2.654839476148797672e+00 2.096483547422696159e+00 2.435145881897088582e+00 1.190426557108720029e+00
1.222323307300931639e+00 2.649685842226771282e+00 2.114419862261745386e+00 2.407964465564842893e+00 1.185849756901030450e+00
1.260610476914405531e+00 2.651001336554058785e+00 2.131768912255586734e+00 2.378689263773754892e+00 1.192660935946025624e+00
1.294709747862374583e+00 2.630262142664020697e+00 2.146651275652405211e+00 2.362786157846410884e+00 1.196802329948448929e+00
1.293502111239228869e+00 2.606501807542021432e+00 2.132629516647306822e+00 2.360198616569689545e+00 1.179228416313209626e+00
1.285516437289158986e+00 2.577597967898554110e+00 2.120446093161002743e+00 2.346643563763193274e+00 1.187301836763193119e+00
1.271162325772073443e+00 2.559314898966785545e+00 2.108835299191557322e+00 2.334061714154765266e+00 1.207716008671551045e+00
1.253359063130150108e+00 2.542039482909189463e+00 2.076861533769650769e+00 2.330618285074613105e+00 1.220028187063439740e+00
1.230606591856505005e+00 2.527534728887828042e+00 2.043781867740207758e+00 2.328680172420715344e+00 1.232317351150955975e+00
1.206614894659336690e+00 2.512440521035860463e+00 2.009722125604250120e+00 2.327616671607572574e+00 1.242429449623700277e+00
