8.699999999999999956e-01 2.740000000000000213e+00 1.850000000000000089e+00 2.629999999999999893e+00 1.350000000000000089e+00
9.127707160431297595e-01 2.738624787225476087e+00 1.876800087904054726e+00 2.614563874692658274e+00 1.356525619064480326e+00
9.525703508250371598e-01 2.725416668006194421e+00 1.883501567603826254e+00 2.581762310352797130e+00 1.353496258446187372e+00
9.764875081543565871e-01 2.711172256391103375e+00 1.903288096432319110e+00 2.547903349061325429e+00 1.355876677139014497e+00
1.004634216147424874e+00 2.693763341982472692e+00 1.929104664730764140e+00 2.525552720397582274e+00 1.358074189992560354e+00
1.033225489062045366e+00 2.674758012204170754e+00 1.957694601259108103e+00 2.511173706289393959e+00 1.358331283439603077e+00
1.050129796361269241e+00 2.643441722289931572e+00 1.975805384824316668e+00 2.508481798102959459e+00 1.352046947914653519e+00
1.061137106255492846e+00 2.628833179294340461e+00 1.996761699510573029e+00 2.505628569394475758e+00 1.330864896341322767e+00
1.073327876661977376e+00 2.616529121910119215e+00 2.013505465529441985e+00 2.502357412719158791e+00 1.306349823952614786e+00
1.087362527538978663e+00 2.618532473192960008e+00 2.028552291437424326e+00 2.503789859639811599e+00 1.280046756138856878e+00
1.092366620934278609e+00 2.626486244989522323e+00 2.027502647152677362e+00 2.510657717774826381e+00 1.252077666057098471e+00
1.092579526023821579e+00 2.635276442217529436e+00 2.024116324620016005e+00 2.511697180492087789e+00 1.223591393359110935e+00
1.101548480355054815e+00 2.639488015861248815e+00 2.034111859636218433e+00 2.494605891837070377e+00 1.198330072573666971e+00
1.123291081742729070e+00 2.617010349813402303e+00 2.035767401725851133e+00 2.465750700290247455e+00 1.195648726622000835e+00
1.154928068982450373e+00 2.593703519694598114e+00 2.043100647368172318e+00 2.436635254694880626e+00 1.193712742370405255e+00
1.188515945538478391e+00 2.572480041118173411e+00 2.053267359969280115e+00 2.407828790102731542e+00 1.189807649131672029e+00
1.222278618661130967e+00 2.551502532539081436e+00 2.063735254897065108e+00 2.379061107245141748e+00 1.185676066992029210e+00
1.254779586100165378e+00 2.531891376062836319e+00 2.080723722420429134e+00 2.352113773794263452e+00 1.182313048765080143e+00
1.278685131974227618e+00 2.524396743441269297e+00 2.084928116905346851e+00 2.317570908383205897e+00 1.192851223454777232e+00
1.269110128459598030e+00 2.506992960913631663e+00 2.056854973175613388e+00 2.326373430735265035e+00 1.208401723519288762e+00
1.244716266270547766e+00 2.498647409662339225e+00 2.031533365799330415e+00 2.328891976785823381e+00 1.227642243073754358e+00
1.206614894659336690e+00 2.512440521035860463e+00 2.009722125604250120e+00 2.327616671607572574e+00 1.242429449623700277e+00
