8.699999999999999956e-01 2.740000000000000213e+00 1.850000000000000089e+00 2.629999999999999893e+00 1.350000000000000089e+00
9.038212966939663806e-01 2.725703639494111652e+00 1.871708140690849564e+00 2.604813243250351906e+00 1.353288964848087028e+00
9.459238449703353258e-01 2.714326025645903417e+00 1.892470168335246061e+00 2.588252082824245015e+00 1.344383238727774765e+00
9.702091968770056862e-01 2.701498486909519325e+00 1.919707948928602859e+00 2.560515515645069407e+00 1.342061013344961307e+00
9.863558913985794874e-01 2.687681980903157353e+00 1.944359478055454282e+00 2.538222889627449241e+00 1.328414851999652813e+00
1.003391383898224021e+00 2.675321504037447617e+00 1.966029234573873463e+00 2.523282302826007406e+00 1.309718638877270136e+00
1.027381265967949320e+00 2.668447239738390042e+00 1.984857477910971335e+00 2.516059375736686476e+00 1.288140928474549529e+00
1.051654018609133656e+00 2.666043032865304419e+00 1.998141957177896444e+00 2.511687534740304706e+00 1.264411148047331235e+00
1.072264592995507915e+00 2.661653516735539959e+00 2.011483986300569793e+00 2.505255849733281526e+00 1.240380444911602709e+00
1.090922973061411616e+00 2.648508383408212374e+00 2.030089834116560077e+00 2.490826126014932917e+00 1.221300696951312714e+00
1.112078408170275923e+00 2.629348772835399028e+00 2.048520153872859240e+00 2.465147415408885045e+00 1.214240626456434491e+00
1.140294896875218678e+00 2.613081291826827357e+00 2.062893417784437133e+00 2.433956883495754120e+00 1.214974692909160492e+00
1.175834991461988999e+00 2.601733365058642278e+00 2.076665908242215419e+00 2.402209991383892795e+00 1.217035325440845916e+00
1.215476681088272892e+00 2.594702905674929561e+00 2.092365065721252471e+00 2.371483413506754179e+00 1.219390731089376345e+00
1.255024399965025239e+00 2.594912988888551375e+00 2.112826969786657738e+00 2.343200820538886564e+00 1.225006658512955982e+00
1.290333221078226345e+00 2.596222309280331153e+00 2.147619110083965666e+00 2.327207407600031974e+00 1.228369022312189029e+00
1.298272588842511732e+00 2.581090413968898822e+00 2.124179822882487301e+00 2.330759702344648243e+00 1.212532988150225588e+00
1.291685960796964405e+00 2.590614957796064655e+00 2.090520219055310935e+00 2.337266592614568150e+00 1.196224297034712114e+00
1.274192438513151782e+00 2.576065261403361006e+00 2.050806974216816680e+00 2.331798938233846652e+00 1.195756343927691923e+00
1.251858010234682350e+00 2.553850664780034307e+00 2.028362506079025351e+00 2.326362440578392921e+00 1.206877978074993640e+00
1.229141883467548269e+00 2.532946547140868976e+00 2.018162854773289272e+00 2.326607829142440131e+00 1.224320013364180504e+00
1.206614894659336690e+00 2.512440521035860463e+00 2.009722125604250120e+00 2.327616671607572574e+00 1.242429449623700277e+00
