8.699999999999999956e-01 2.740000000000000213e+00 1.850000000000000089e+00 2.629999999999999893e+00 1.350000000000000089e+00
9.005054725531170812e-01 2.734170828090507044e+00 1.870576974007527982e+00 2.609924631415780016e+00 1.367302521927970416e+00
9.247995438632238274e-01 2.713208371152931786e+00 1.884721315218863325e+00 2.584138805828379848e+00 1.373377895131793425e+00
9.469180147864526553e-01 2.694954848338263709e+00 1.886124546692593329e+00 2.569305249342497710e+00 1.349985990464671159e+00
9.649420429986550474e-01 2.696979145101456865e+00 1.900145353833223805e+00 2.563110432580394171e+00 1.320219851965525937e+00
9.870220296860072740e-01 2.704884192191646886e+00 1.931264790650756069e+00 2.558504921195958293e+00 1.304145807047731642e+00
1.011679918945314505e+00 2.706120962639812610e+00 1.967363309714489805e+00 2.550180785754515345e+00 1.299847595542475309e+00
1.036201297127565812e+00 2.696960614855746563e+00 1.997263239866623685e+00 2.535952421874172913e+00 1.287714338151837001e+00
1.054740206942915259e+00 2.685880438903919476e+00 2.013111509217188733e+00 2.521042301796254659e+00 1.262773011210687635e+00
1.070132416382635121e+00 2.677449442909340060e+00 2.019652901751600282e+00 2.506677664643527148e+00 1.233323984640257498e+00
1.089624954795958445e+00 2.664429688522054196e+00 2.022537776040304269e+00 2.486585604702891139e+00 1.208076552477278742e+00
1.116419472326561246e+00 2.646767641612977950e+00 2.027557233517196966e+00 2.461884128436264252e+00 1.191950285023868572e+00
1.148536320450467052e+00 2.628556508411234116e+00 2.036888753618956827e+00 2.436697920320319621e+00 1.182531629130453066e+00
1.183005817584646957e+00 2.611524905394555507e+00 2.050481191906884160e+00 2.412442256305152632e+00 1.176357896335879394e+00
1.218182708874559594e+00 2.597692926781645539e+00 2.069729138229473353e+00 2.389115380927536503e+00 1.173814236788397469e+00
1.254143664318819296e+00 2.593029741935874544e+00 2.093253395422807195e+00 2.368858930054443590e+00 1.182376546706972897e+00
1.282731393482051008e+00 2.568346693709768314e+00 2.105424222116689670e+00 2.352450573436514425e+00 1.187427584786612922e+00
1.282773045481101271e+00 2.535815938770049183e+00 2.104156037757289877e+00 2.341275432529515754e+00 1.193664073142443716e+00
1.274379327759358915e+00 2.554678187996557437e+00 2.086834060801831203e+00 2.362592231813415378e+00 1.211432751812710373e+00
1.249718998716200735e+00 2.555451003317689818e+00 2.052232553733461806e+00 2.362439470988858758e+00 1.222421568945291082e+00
1.227055240724070240e+00 2.535099593020329944e+00 2.029091026749663129e+00 2.346438212809562884e+00 1.232571022103463587e+00
1.206614894659336690e+00 2.512440521035860463e+00 2.009722125604250120e+00 2.327616671607572574e+00 1.242429449623700277e+00
