8.699999999999999956e-01 2.740000000000000213e+00 1.850000000000000089e+00 2.629999999999999893e+00 1.350000000000000089e+00
9.096854091600954373e-01 2.728489694011989375e+00 1.861613009212663927e+00 2.611960947694134116e+00 1.359827985057532107e+00
9.487680291632319962e-01 2.713920659239307032e+00 1.877656379787491892e+00 2.597818953884648785e+00 1.357010780828499241e+00
9.728882567117064228e-01 2.699534815081565675e+00 1.904424212722397147e+00 2.591236275597960770e+00 1.351908906980010983e+00
9.862922783451500974e-01 2.685193490337832500e+00 1.934195965666811512e+00 2.586438087909506134e+00 1.346420769519820926e+00
9.953591107642600910e-01 2.670419409230338825e+00 1.964337657455434094e+00 2.581023532106330620e+00 1.341234165197688677e+00
1.006217316052799848e+00 2.658171637927683406e+00 1.994515606475327552e+00 2.572561353100108139e+00 1.333679169162637512e+00
1.022588096352898379e+00 2.654855767799273902e+00 2.020067412119616268e+00 2.558127141441866037e+00 1.317735549031517461e+00
1.039008316497712192e+00 2.662720233834220629e+00 2.031362262039892563e+00 2.540778119734362406e+00 1.294527645566737828e+00
1.052176345769350707e+00 2.673105498732610386e+00 2.032099040287259850e+00 2.523193259051357273e+00 1.269475541832716381e+00
1.070243135116871969e+00 2.680903294019533867e+00 2.029709048996812815e+00 2.503809219189864876e+00 1.245146206910900943e+00
1.099373096867315436e+00 2.680621337503041435e+00 2.029525996574464308e+00 2.482474808215360262e+00 1.223834825249084268e+00
1.133265297557723095e+00 2.669145412732086164e+00 2.033714905364980563e+00 2.461981293397902171e+00 1.208256986332542082e+00
1.164465321585027358e+00 2.651098959953553713e+00 2.040153901941182735e+00 2.442879100748509558e+00 1.197017025636775145e+00
1.193029998905415390e+00 2.631248995288941295e+00 2.047767854192163117e+00 2.423771968074916572e+00 1.187173940573111430e+00
1.220439851920552377e+00 2.610840760390674475e+00 2.057323377227034289e+00 2.404844908169203599e+00 1.178653351180630970e+00
1.247133137578358975e+00 2.589265507776190578e+00 2.068798948880685273e+00 2.386048976766481644e+00 1.176644887509410209e+00
1.270697706778876945e+00 2.577016541748923917e+00 2.082053633368522227e+00 2.363400892803862785e+00 1.190679093689943624e+00
1.269462726589260182e+00 2.558382177195319240e+00 2.062457246570344349e+00 2.345054322080367015e+00 1.198083830473044786e+00
1.257064756183768894e+00 2.533481698749605826e+00 2.043467898078901612e+00 2.343225049591865616e+00 1.204153158746272823e+00
1.234534540730503283e+00 2.516905801622588257e+00 2.024505314974209380e+00 2.336984670503506667e+00 1.220032559033194630e+00
1.206614894659336690e+00 2.512440521035860463e+00 2.009722125604250120e+00 2.327616671607572574e+00 1.242429449623700277e+00
