8.699999999999999956e-01 2.740000000000000213e+00 1.850000000000000089e+00 2.629999999999999893e+00 1.350000000000000089e+00
9.073967048071449604e-01 2.743005452043126180e+00 1.871047408400891232e+00 2.599693548055048264e+00 1.350546898843578925e+00
9.310754906883473847e-01 2.732789242747742708e+00 1.871345647776659016e+00 2.568478332227503103e+00 1.328460185569419139e+00
9.521203753831967154e-01 2.701750917280951736e+00 1.871500381331415941e+00 2.566934417543945024e+00 1.313702650579782638e+00
9.757296317735585367e-01 2.688738669281347082e+00 1.904646875356970748e+00 2.558793421008436209e+00 1.302813708407329463e+00
9.953267404551426889e-01 2.687054793294104460e+00 1.936306899256607927e+00 2.545543703762592092e+00 1.282856494212692544e+00
1.014413156538744420e+00 2.685129911482566190e+00 1.966705761074730496e+00 2.531423167598660928e+00 1.261367501308188865e+00
1.033825536791430189e+00 2.681185604221982377e+00 1.993861091814620234e+00 2.515851288490682069e+00 1.237531590685119642e+00
1.062456543322934044e+00 2.679760205720253641e+00 2.016973034345309390e+00 2.499511578671310907e+00 1.213432797691663678e+00
1.101718638648866433e+00 2.676681858237522693e+00 2.033969171436931678e+00 2.478869708817145856e+00 1.193126120008489943e+00
1.146576628477163240e+00 2.677471562907319136e+00 2.048153775190789894e+00 2.454537537852424567e+00 1.178270413433168740e+00
1.192179541887049776e+00 2.678863295945688616e+00 2.061698565627855029e+00 2.428603301452330054e+00 1.165534018735351340e+00
1.234620005558451972e+00 2.673844807242060639e+00 2.076249378326266992e+00 2.402763521570832506e+00 1.151315024189761171e+00
1.270006452984193679e+00 2.661514731488689112e+00 2.094668674688595633e+00 2.375726325085159463e+00 1.142045402394315623e+00
1.291146716765706026e+00 2.642249360286375914e+00 2.098738355543532830e+00 2.347249498607746343e+00 1.155965330883401254e+00
1.297411173142443142e+00 2.611834180640153935e+00 2.092381782657241729e+00 2.335188575156106339e+00 1.172362403901328953e+00
1.291605400083139177e+00 2.591591144740089447e+00 2.100489229006622605e+00 2.341414749664421979e+00 1.201022153104130075e+00
1.272690884687916579e+00 2.558376488970240725e+00 2.096673088459909184e+00 2.342897973866436168e+00 1.193158263851194834e+00
1.248534364425033072e+00 2.534282862398206326e+00 2.071936831181847793e+00 2.339116859002609683e+00 1.203474894828029607e+00
1.226933844987238453e+00 2.521683026956162088e+00 2.041177526013787435e+00 2.333523579358591338e+00 1.222129861031123310e+00
1.206614894659336690e+00 2.512440521035860463e+00 2.009722125604250120e+00 2.327616671607572574e+00 1.242429449623700277e+00
