8.699999999999999956e-01 2.740000000000000213e+00 1.850000000000000089e+00 2.629999999999999893e+00 1.350000000000000089e+00
9.038064193452703954e-01 2.747937511463824478e+00 1.875820510597740354e+00 2.598970818949375872e+00 1.352213376679522128e+00
9.294736776064149719e-01 2.729820761602916424e+00 1.873984926025814790e+00 2.560777930893424426e+00 1.351100568733837548e+00
9.576547254317231417e-01 2.733827567923325930e+00 1.911747542925800181e+00 2.550616281734625179e+00 1.349786686867622709e+00
9.780173569823565893e-01 2.746243093590331696e+00 1.952460711694339990e+00 2.548851774849191898e+00 1.343730359548917397e+00
1.007121293719940747e+00 2.726410955148276472e+00 1.973768641035934746e+00 2.548172005951851560e+00 1.327295042616967180e+00
1.040425229208475022e+00 2.706880872726559417e+00 1.992511699721460916e+00 2.543258392214974073e+00 1.308252490053116057e+00
1.056740599967302741e+00 2.690969172558739686e+00 2.024405519437095791e+00 2.521786539892906909e+00 1.301003044476914061e+00
1.068695326354906161e+00 2.691669532452189539e+00 2.056691910433465331e+00 2.513010811312027304e+00 1.281405067020265909e+00
1.077994046444883836e+00 2.697355485265915398e+00 2.076401589958488003e+00 2.503723653172619024e+00 1.254189870539733853e+00
1.076792533510314787e+00 2.678210481035237400e+00 2.075952310484651786e+00 2.479975161080439250e+00 1.233044611333337759e+00
1.078165393485418733e+00 2.653863956072075148e+00 2.070084568172152473e+00 2.468569083690485222e+00 1.209264374567669886e+00
1.113421342380531920e+00 2.637277414354995297e+00 2.085267193846240374e+00 2.450259364301580423e+00 1.192005016057699818e+00
1.162406315168806881e+00 2.613645903579980612e+00 2.096268715348221789e+00 2.435474834399289801e+00 1.192553479973622155e+00
1.211107677233047575e+00 2.588427760208929396e+00 2.104593276753329967e+00 2.422559943072863486e+00 1.196570124966184423e+00
1.258914109318771013e+00 2.563664753394877316e+00 2.114958527679407840e+00 2.407555770138280593e+00 1.195046021947690384e+00
1.286972031069778533e+00 2.558641765477180918e+00 2.124237870261951322e+00 2.384161199428567190e+00 1.173996003563235302e+00
1.289576285110298093e+00 2.586950517169197106e+00 2.110907486084370621e+00 2.364987347693373820e+00 1.176347667455653889e+00
1.276084697832742698e+00 2.564418832848164520e+00 2.102732759639897253e+00 2.347071837282587836e+00 1.197262305138534044e+00
1.255091628204262566e+00 2.542752156273950792e+00 2.073491876435982206e+00 2.337962056846474290e+00 1.210711956385174703e+00
1.230853261431799739e+00 2.527596338654905850e+00 2.041607001020116385e+00 2.332789364227023654e+00 1.226570703004437490e+00
1.206614894659336690e+00 2.512440521035860463e+00 2.009722125604250120e+00 2.327616671607572574e+00 1.242429449623700277e+00
