8.699999999999999956e-01 2.740000000000000213e+00 1.850000000000000089e+00 2.629999999999999893e+00 1.350000000000000089e+00
9.031147446453224870e-01 2.719829204562165259e+00 1.873114828234797580e+00 2.603412176851693793e+00 1.332043204739071562e+00
9.447703399385369849e-01 2.703707712679412012e+00 1.889717435203213780e+00 2.573771745677118528e+00 1.313473714968570238e+00
9.811533496328384008e-01 2.683634163087631475e+00 1.917266263601396181e+00 2.553613949829133034e+00 1.296778258779407444e+00
1.015159691540841624e+00 2.663661037256212616e+00 1.942991379815123487e+00 2.539465496594096372e+00 1.274873844644274223e+00
1.037546466886826613e+00 2.656389683474379648e+00 1.979560283291584177e+00 2.527862111448006210e+00 1.252031688763238559e+00
1.040081857609136406e+00 2.642538600185107889e+00 2.016332815495862185e+00 2.508434894589369968e+00 1.231635233155971454e+00
1.060274193894983785e+00 2.611033639913160620e+00 2.036333879302025363e+00 2.482461548086464909e+00 1.221133013649345234e+00
1.102990984121405615e+00 2.585159160209503426e+00 2.054812447994425195e+00 2.459594409784969571e+00 1.209195584921664457e+00
1.153999947357841949e+00 2.565995401495117179e+00 2.072394380098599331e+00 2.439602571743598070e+00 1.193046373995344966e+00
1.207337013991280683e+00 2.549641936539874365e+00 2.088456659913170199e+00 2.420528546434182804e+00 1.174981593567968385e+00
1.258362898138496444e+00 2.534204655126924610e+00 2.101723611689743532e+00 2.392432901923684518e+00 1.159273362930267171e+00
1.288653225201486840e+00 2.543787167500785706e+00 2.109668809414101620e+00 2.344290415788633286e+00 1.156526702094705650e+00
1.278508200152515428e+00 2.575444699570506479e+00 2.103721070412054139e+00 2.350755648431503531e+00 1.180195431661396954e+00
1.252913640059006184e+00 2.563629962650737504e+00 2.068773235739456595e+00 2.345106207606038495e+00 1.203515284726307311e+00
1.229764267359171548e+00 2.538035241843298984e+00 2.039247680671853580e+00 2.336361439606805757e+00 1.222972367175003683e+00
1.206614894659336690e+00 2.512440521035860463e+00 2.009722125604250120e+00 2.327616671607572574e+00 1.242429449623700277e+00
