8.699999999999999956e-01 2.740000000000000213e+00 1.850000000000000089e+00 2.629999999999999893e+00 1.350000000000000089e+00
9.058517389118820873e-01 2.740390280346275631e+00 1.874825583739769597e+00 2.616513295056988486e+00 1.373807388104217431e+00
9.442942297662894058e-01 2.732856757308827600e+00 1.905692724834808560e+00 2.597399647055686156e+00 1.373276087481978713e+00
9.720989244978976984e-01 2.709951627987387646e+00 1.921030063403629917e+00 2.590322902809074623e+00 1.353827092865983461e+00
9.974763886247794975e-01 2.695755577809087811e+00 1.957770347927507260e+00 2.585763362699860402e+00 1.343307127568366788e+00
1.022094761651552774e+00 2.682560033395414045e+00 1.996020089416333354e+00 2.580839286175128144e+00 1.333237860812493070e+00
1.046775893364819687e+00 2.672897645408489176e+00 2.025114287580449979e+00 2.570679955226931490e+00 1.309152149549446920e+00
1.051252219230064400e+00 2.666930934799552233e+00 2.038104812880435102e+00 2.560843438255918869e+00 1.272015109734464744e+00
1.055053759505638844e+00 2.652393242586152944e+00 2.037423206834569012e+00 2.539589009004914466e+00 1.240765794751733653e+00
1.069761733873286769e+00 2.638795867531823713e+00 2.035710002545866981e+00 2.507073108366865366e+00 1.219504989358615843e+00
1.086821779313490444e+00 2.641517293883145712e+00 2.056132850203649554e+00 2.478319970925530136e+00 1.197021674579361372e+00
1.125624134054812764e+00 2.645354740493183421e+00 2.087876293161541330e+00 2.461680452807610830e+00 1.189838697216076824e+00
1.170521964383532731e+00 2.640831311336986786e+00 2.106303151733226464e+00 2.439654147444079157e+00 1.176488989703079246e+00
1.214443887141422262e+00 2.633939779707883400e+00 2.120423929629148940e+00 2.414839426019352420e+00 1.162602636244051357e+00
1.257601549805529739e+00 2.631841932805317530e+00 2.136780736073899511e+00 2.389303006358860504e+00 1.148497367491673637e+00
1.288096473966604538e+00 2.636540308942378452e+00 2.119068070152757777e+00 2.361081774541151646e+00 1.149329032715372234e+00
1.292871779699139800e+00 2.604682306935677261e+00 2.109300581448582790e+00 2.351005893652646783e+00 1.157591770402357056e+00
1.292444189124557719e+00 2.571684465758491189e+00 2.110466678383744910e+00 2.343920819562706370e+00 1.166793889800665118e+00
1.281706158653935113e+00 2.541566510086179509e+00 2.108466569016040904e+00 2.338941574897419162e+00 1.183850004315859517e+00
1.256389068543535270e+00 2.522450998314024417e+00 2.085465353102732511e+00 2.336816046580918016e+00 1.206146751666204775e+00
1.231411253435283459e+00 2.516225132374021456e+00 2.047879901732140517e+00 2.332242730139086451e+00 1.224199100179828026e+00
1.206614894659336690e+00 2.512440521035860463e+00 2.009722125604250120e+00 2.327616671607572574e+00 1.242429449623700277e+00
