8.699999999999999956e-01 2.740000000000000213e+00 1.850000000000000089e+00 2.629999999999999893e+00 1.350000000000000089e+00
9.088378467218480861e-01 2.719782744463238533e+00 1.882298997388760275e+00 2.614567278322796895e+00 1.359131731469573001e+00
9.283112543687733753e-01 2.682658535672203914e+00 1.886577071948436046e+00 2.596005586791176878e+00 1.367267297378045976e+00
9.296872767670401050e-01 2.645599854765501302e+00 1.871596257157370546e+00 2.580134199496951553e+00 1.378750050937575633e+00
9.489514203334036280e-01 2.668246469169469837e+00 1.884557839276906233e+00 2.575427573104587697e+00 1.362033048114702494e+00
9.521757983180521023e-01 2.673933418694455000e+00 1.889632310724076225e+00 2.570284404092845865e+00 1.325110523637593518e+00
9.594636200418731331e-01 2.691724617823907373e+00 1.905221038597525451e+00 2.573044355842978970e+00 1.293820189844210544e+00
9.806987522731254181e-01 2.722437992603279788e+00 1.937906233153023905e+00 2.576878138012443475e+00 1.287320410498899781e+00
1.008305127345360042e+00 2.743681789060604892e+00 1.977583123481572391e+00 2.569943452921957139e+00 1.295832630565417753e+00
1.036479883251947065e+00 2.740975026833595063e+00 2.019802162729498640e+00 2.551029211837192445e+00 1.304635196940799879e+00
1.053677901572111830e+00 2.705244269233641141e+00 2.039687166597022649e+00 2.535465549436084487e+00 1.300162536916853906e+00
1.060440950380963088e+00 2.676278914922026519e+00 2.041343272644977169e+00 2.517791031077213137e+00 1.275357549697695436e+00
1.060532830473923660e+00 2.653725324402547159e+00 2.035886144923644725e+00 2.505269815125587662e+00 1.244511943358395545e+00
1.079354599489079192e+00 2.654268577754967939e+00 2.025225778008640898e+00 2.481472805870049037e+00 1.218307155118584451e+00
1.126556959627461385e+00 2.637122988923505051e+00 2.035903754844996083e+00 2.455565733265627770e+00 1.231894786287772270e+00
1.178954403089310432e+00 2.624029250425924165e+00 2.054547147685871877e+00 2.428400447861312816e+00 1.233417327621848081e+00
1.230392281636601748e+00 2.614377219214026216e+00 2.075613799217422617e+00 2.400665748026335589e+00 1.228273958937414090e+00
1.275086065709179373e+00 2.604829745234883642e+00 2.100999151413536659e+00 2.372461092230619961e+00 1.218882903254921990e+00
1.286779520803186472e+00 2.578245326310756536e+00 2.115113621304606006e+00 2.342933187479645518e+00 1.214403389358811758e+00
1.274180898594956757e+00 2.555047980368566840e+00 2.079507338051374443e+00 2.343559615183228306e+00 1.233175802233713592e+00
1.240422395156753232e+00 2.530398493849862263e+00 2.050033606431359789e+00 2.338255964365102635e+00 1.247700649571117815e+00
1.206614894659336690e+00 2.512440521035860463e+00 2.009722125604250120e+00 2.327616671607572574e+00 1.242429449623700277e+00
