8.699999999999999956e-01 2.740000000000000213e+00 1.850000000000000089e+00 2.629999999999999893e+00 1.350000000000000089e+00
9.024580404995192762e-01 2.724058280178707658e+00 1.851471641114053490e+00 2.606872188138997348e+00 1.333450653183749113e+00
9.472068045623828203e-01 2.720644087759039209e+00 1.877701408941055972e+00 2.588810298231212226e+00 1.325436255148385811e+00
9.743528386316470113e-01 2.713807877992028494e+00 1.920872789903353750e+00 2.582208932502854104e+00 1.318471175398898021e+00
9.928266641254430702e-01 2.689119211003711651e+00 1.945406386664592313e+00 2.562057221601462764e+00 1.313956694281375848e+00
1.016891652168132154e+00 2.673898221636603623e+00 1.970853910634121853e+00 2.541008257247312052e+00 1.299499445828248501e+00
1.041453351204946642e+00 2.663427778654820166e+00 1.999736936686553390e+00 2.529498760690765291e+00 1.280376027298987918e+00
1.056804562169520789e+00 2.655276246363147852e+00 2.021548744487115190e+00 2.512751646561440122e+00 1.257012100326174719e+00
1.071109297804967664e+00 2.652476781806869521e+00 2.036747183915069481e+00 2.489940043597372199e+00 1.233018714851395581e+00
1.100037070120440719e+00 2.652134880536757056e+00 2.053450550683481257e+00 2.471066134356684429e+00 1.210990995471868947e+00
1.139074004581003940e+00 2.652383190015863423e+00 2.071384657276816643e+00 2.453676162201513300e+00 1.192779655728936961e+00
1.179808154970745981e+00 2.653501732220608034e+00 2.089515802152394741e+00 2.431302701710148728e+00 1.178382764367865265e+00
1.219423878422362106e+00 2.656153860038093839e+00 2.109895107381880131e+00 2.404779033368734442e+00 1.168279987320401059e+00
1.255315402765615262e+00 2.659982014776006931e+00 2.134431248378055646e+00 2.374731224977537636e+00 1.167567916789032267e+00
1.269690287120609273e+00 2.656280745354919759e+00 2.150407774801328387e+00 2.352953183966582262e+00 1.190320938375854398e+00
1.268137203608478814e+00 2.640732056717766341e+00 2.142114857885436763e+00 2.351912383915503391e+00 1.217640488383971542e+00
1.279041130178719676e+00 2.612162838464714198e+00 2.150822664285978458e+00 2.348024153748439868e+00 1.234579343363971793e+00
1.281358190650206952e+00 2.581892393477327019e+00 2.156336724191608933e+00 2.346135543250515099e+00 1.218683283977050946e+00
1.275648033162289474e+00 2.557242379120225007e+00 2.123751199563684633e+00 2.335796394603484316e+00 1.226520019123576777e+00
1.250776470395694950e+00 2.557828386035882140e+00 2.079032257344983758e+00 2.332915495166965503e+00 1.235025188728170686e+00
1.226817049572482166e+00 2.536967953460162573e+00 2.041736634924191218e+00 2.331633126643852361e+00 1.235657920363330442e+00
1.206614894659336690e+00 2.512440521035860463e+00 2.009722125604250120e+00 2.327616671607572574e+00 1.242429449623700277e+00
