8.699999999999999956e-01 2.740000000000000213e+00 1.850000000000000089e+00 2.629999999999999893e+00 1.350000000000000089e+00
9.049205558358024426e-01 2.723408481466857989e+00 1.878267949796318392e+00 2.593819977106420094e+00 1.353095009486473987e+00
9.316562816601813291e-01 2.710392483307029643e+00 1.911600439648568850e+00 2.584443497667218370e+00 1.327319624694113243e+00
9.522751836667789904e-01 2.714825933398431701e+00 1.932512664252715284e+00 2.575952982036552985e+00 1.291015223466372763e+00
9.864869669714319000e-01 2.709963491121767820e+00 1.959327593346500862e+00 2.563417624981358500e+00 1.260969119446647690e+00
1.021677813589169093e+00 2.694229497210274715e+00 1.984370107859775079e+00 2.552586901768846506e+00 1.233472269787492914e+00
1.043690086180186105e+00 2.661777469985828315e+00 2.007039964854029801e+00 2.532040734911510604e+00 1.225919359820556442e+00
1.054477064950364973e+00 2.635347036008163446e+00 2.036048381498062110e+00 2.507868301344052586e+00 1.209934328740687626e+00
1.097568734625183895e+00 2.626573847435350384e+00 2.046620615257591869e+00 2.463759106254050479e+00 1.216494867215356601e+00
1.158660808215193683e+00 2.615210580358680037e+00 2.061381482105147267e+00 2.433353950540456001e+00 1.214130030973212815e+00
1.216656402130061876e+00 2.602261822620095089e+00 2.077565851764749727e+00 2.404165487709934101e+00 1.204330802505386711e+00
1.267820392989461586e+00 2.586927661139685419e+00 2.097810311474212153e+00 2.376230935765238250e+00 1.190837165330062453e+00
1.281900289467699849e+00 2.559979853187054122e+00 2.113215642533244676e+00 2.356317236443973506e+00 1.173122114496222279e+00
1.264428446276008255e+00 2.541249018621041689e+00 2.084822230079673488e+00 2.351165671294179749e+00 1.202204023371704844e+00
1.235321088348846352e+00 2.523177712843823972e+00 2.049008764795844151e+00 2.337924989613225257e+00 1.221288164904945184e+00
1.206614894659336690e+00 2.512440521035860463e+00 2.009722125604250120e+00 2.327616671607572574e+00 1.242429449623700277e+00
