8.699999999999999956e-01 2.740000000000000213e+00 1.850000000000000089e+00 2.629999999999999893e+00 1.350000000000000089e+00
9.113988806571555745e-01 2.722304736588462504e+00 1.853029035133206603e+00 2.611371379518492741e+00 1.335846216207856596e+00
9.504939841679906909e-01 2.704796310184488739e+00 1.870882464206895079e+00 2.594898399693829738e+00 1.344882672446259031e+00
9.715343526601288859e-01 2.697177009079889665e+00 1.905172987897879144e+00 2.576570601911049696e+00 1.338935804848438771e+00
9.902534352556879860e-01 2.691061065004580755e+00 1.944870248963965320e+00 2.572418887199571458e+00 1.336641875001797208e+00
1.011969781476966812e+00 2.680804413668963271e+00 1.978563125937681022e+00 2.572433006286111823e+00 1.322115991410446556e+00
1.035697405749298472e+00 2.670537870995398855e+00 2.003657040410914636e+00 2.568878971844622328e+00 1.299051350451821296e+00
1.058724450653457438e+00 2.663225211582174623e+00 2.008387628695682103e+00 2.557021534767200510e+00 1.268606880857040986e+00
1.080591334173462315e+00 2.657689674855456374e+00 1.995688427116508290e+00 2.532459170755143596e+00 1.244129203819073659e+00
1.072078649025962394e+00 2.642408089328331933e+00 1.986350238739192253e+00 2.499024518624728408e+00 1.229705741965996912e+00
1.098230813296753539e+00 2.645019443520120639e+00 2.020571899830441165e+00 2.482336655905463818e+00 1.233166013533858463e+00
1.130270139701782917e+00 2.655446173267964394e+00 2.038976601512379361e+00 2.460371098482815544e+00 1.215507877086572597e+00
1.168043928337112458e+00 2.659353417083180737e+00 2.054212695997458926e+00 2.434810398990855607e+00 1.199314632049093721e+00
1.207159140611542725e+00 2.658482082591210549e+00 2.070935243169539142e+00 2.410576697941659852e+00 1.183416452605027036e+00
1.245256163815580797e+00 2.655977436043727380e+00 2.087671873082036278e+00 2.386895483162496223e+00 1.166534200874289162e+00
1.277494369098088667e+00 2.643302963955677320e+00 2.102193256868119864e+00 2.363481876637700818e+00 1.150910913894920728e+00
1.283446522727953454e+00 2.609691157158605002e+00 2.104464622854846478e+00 2.354122151871870905e+00 1.152665392277391732e+00
1.282651872278777194e+00 2.580584032338516298e+00 2.100968588049910490e+00 2.352293947116502082e+00 1.171096880497746406e+00
1.269428291486427662e+00 2.568484931563890683e+00 2.083968922621417974e+00 2.353043133888443883e+00 1.200395821712990196e+00
1.244499918584224041e+00 2.555417772657071040e+00 2.061957199614711467e+00 2.354966101601713380e+00 1.223758250155202232e+00
1.225231082565203744e+00 2.534084112635399233e+00 2.035837454619002784e+00 2.341570750599946127e+00 1.233502017065935652e+00
1.206614894659336690e+00 2.512440521035860463e+00 2.009722125604250120e+00 2.327616671607572574e+00 1.242429449623700277e+00
