8.699999999999999956e-01 2.740000000000000213e+00 1.850000000000000089e+00 2.629999999999999893e+00 1.350000000000000089e+00
8.947628448194824280e-01 2.713202331321916017e+00 1.858577317572615906e+00 2.597436574498093176e+00 1.347417680002799711e+00
9.109711572458875084e-01 2.691741277555386169e+00 1.861247056078944695e+00 2.576999295070669049e+00 1.325612448061514126e+00
9.549538057644832989e-01 2.697882115136633008e+00 1.899831013464434282e+00 2.574615362455221934e+00 1.322027667219364266e+00
9.918812668678118616e-01 2.695876531506123719e+00 1.945453677934342762e+00 2.574884588309718225e+00 1.316327897035925787e+00
1.024994278343248633e+00 2.694269942249836625e+00 1.992948050830367857e+00 2.572822501112601579e+00 1.311416024561412152e+00
1.049647140915863641e+00 2.689733995716700132e+00 2.031078669229945177e+00 2.559382392369567327e+00 1.294519443019705118e+00
1.060489805533920915e+00 2.681520135906695135e+00 2.048341797288701027e+00 2.539700516850994294e+00 1.268901001757801517e+00
1.064556717058893653e+00 2.674066206041802563e+00 2.056589308988851172e+00 2.507555209478802283e+00 1.245618585320863447e+00
1.080526991892301725e+00 2.668468321929688081e+00 2.084847390034151093e+00 2.468745552831963064e+00 1.242145025245258383e+00
1.120001758780167833e+00 2.666973429700468579e+00 2.111292639931080295e+00 2.437689664540809265e+00 1.232373252199131297e+00
1.165189089468129824e+00 2.667423807195326901e+00 2.129751370568668811e+00 2.412383184592456153e+00 1.216192204345735606e+00
1.214169421126378268e+00 2.657720165871085172e+00 2.146177021171381760e+00 2.386457618124024016e+00 1.204271750925415940e+00
1.251099607445358197e+00 2.628567384229762993e+00 2.151470886369488689e+00 2.368385921770027824e+00 1.205524460349541194e+00
1.269494728074946677e+00 2.594362299081371059e+00 2.140799966236312635e+00 2.358482081489853499e+00 1.214851655333855085e+00
1.277318704330292265e+00 2.575303088537725049e+00 2.131039240559198245e+00 2.343734766209243592e+00 1.239124000301387696e+00
1.282449462847656374e+00 2.584815663260397134e+00 2.126760728308167536e+00 2.339160626123129028e+00 1.265020073097055997e+00
1.279182709479560476e+00 2.595524943079261959e+00 2.127413786031245646e+00 2.344634111077632976e+00 1.235192594199630012e+00
1.267901139581118830e+00 2.580997451447347935e+00 2.113396932724913135e+00 2.344332302183725680e+00 1.209935864893691759e+00
1.251975413832555839e+00 2.550627457316471336e+00 2.083989526254692137e+00 2.338305973676913840e+00 1.216020838294249229e+00
1.232239480158304090e+00 2.529153971551836744e+00 2.049977219181747579e+00 2.332589278815227818e+00 1.230823366637945115e+00
1.206614894659336690e+00 2.512440521035860463e+00 2.009722125604250120e+00 2.327616671607572574e+00 1.242429449623700277e+00
