8.699999999999999956e-01 2.740000000000000213e+00 1.850000000000000089e+00 2.629999999999999893e+00 1.350000000000000089e+00
9.095895872596442278e-01 2.742458827960725376e+00 1.871614704232186899e+00 2.605451154048145757e+00 1.347577587744748895e+00
9.461075164087695555e-01 2.732837209860680350e+00 1.896422056306836801e+00 2.586955117938178894e+00 1.354309208724877145e+00
9.726421889233148876e-01 2.719245960554744102e+00 1.926574222576946438e+00 2.571491653179702297e+00 1.358352994211518672e+00
9.932051941949906482e-01 2.705136177239304551e+00 1.959278895602581505e+00 2.557039803670434708e+00 1.359375965897109628e+00
1.014711677694941194e+00 2.689259461268785678e+00 1.990609420853411304e+00 2.543079604380110936e+00 1.361404138286143040e+00
1.051764124926127142e+00 2.677608544669316970e+00 2.005047592456929983e+00 2.521994943620003315e+00 1.348628760094114032e+00
1.073370123300055878e+00 2.666516398557827294e+00 2.003621666211252261e+00 2.506349891547645647e+00 1.321366348111716382e+00
1.083089824065847973e+00 2.649910794158385929e+00 2.007558251409936378e+00 2.497469797547919423e+00 1.293121509672074065e+00
1.097591228618516990e+00 2.628312336989377052e+00 2.031811173505000845e+00 2.495820377473083607e+00 1.279317475063558307e+00
1.146746391153965483e+00 2.636278820700622916e+00 2.050398466583507773e+00 2.485226350926716954e+00 1.274207694438409977e+00
1.181304550235432460e+00 2.628768536257141797e+00 2.062990267701848790e+00 2.458914200285269747e+00 1.259437731845537645e+00
1.208688333633345380e+00 2.617870943162017294e+00 2.073881228196733151e+00 2.430783057535539360e+00 1.243275555107485220e+00
1.234921216635707752e+00 2.607323534259652575e+00 2.084692390326977840e+00 2.402418372487313825e+00 1.226548431610554157e+00
1.259788103844712293e+00 2.602216925654595059e+00 2.098929147567509368e+00 2.375929680665204380e+00 1.206830384553591928e+00
1.275003552344295299e+00 2.606008525415383303e+00 2.119394789490333331e+00 2.361742324718159480e+00 1.180926007518972698e+00
1.281299972898255479e+00 2.582794608886427756e+00 2.120188128000251471e+00 2.352646797504974518e+00 1.158489942130936479e+00
1.286399808683906576e+00 2.553011355425680584e+00 2.102058343061786072e+00 2.343697829384435050e+00 1.161560013381720324e+00
1.282009683457021154e+00 2.527512209575589530e+00 2.081272560779503955e+00 2.334159456385892284e+00 1.173648870414779610e+00
1.245605101212808208e+00 2.522351195893765219e+00 2.057433576759501115e+00 2.331949889156601508e+00 1.192192156464461084e+00
1.225751281024707762e+00 2.517341872624888843e+00 2.031549717756613305e+00 2.330285693192467811e+00 1.215970854778874344e+00
1.206614894659336690e+00 2.512440521035860463e+00 2.009722125604250120e+00 2.327616671607572574e+00 1.242429449623700277e+00
