8.699999999999999956e-01 2.740000000000000213e+00 1.850000000000000089e+00 2.629999999999999893e+00 1.350000000000000089e+00
8.997053507015292384e-01 2.739000187508195516e+00 1.884014345463352225e+00 2.587630667206558321e+00 1.359194165290521505e+00
9.340662724067153588e-01 2.718958434197388474e+00 1.896002582316910656e+00 2.565721833548584740e+00 1.331255954341675984e+00
9.561388985945904473e-01 2.704241392997942306e+00 1.933181541254289426e+00 2.567398029380005831e+00 1.303762078709011396e+00
9.803390622133060228e-01 2.697643832853664048e+00 1.953150721669973500e+00 2.558394088713180192e+00 1.267025320617307882e+00
1.005989598279635189e+00 2.687810592673279597e+00 1.971715783151440693e+00 2.544531203905081806e+00 1.231413322351097905e+00
1.032133049051519480e+00 2.659046520707563754e+00 2.003367688671343849e+00 2.525752007639011421e+00 1.219625786937882150e+00
1.044616929076175982e+00 2.627371834680419571e+00 2.035815597656555731e+00 2.503680739290893964e+00 1.228636680389825431e+00
1.063095770752605640e+00 2.633573751101541571e+00 2.070252334981495412e+00 2.473396650881265479e+00 1.207458249634118630e+00
1.126860743802966525e+00 2.644939625317974219e+00 2.097102324480491831e+00 2.455820106369655864e+00 1.198595525414073659e+00
1.185835397425676341e+00 2.632945810002243814e+00 2.107643845121327075e+00 2.420935346255958631e+00 1.187808706034859441e+00
1.237660641266501882e+00 2.611145400157222962e+00 2.112557400740865177e+00 2.387409874388076059e+00 1.176769588686022550e+00
1.269660195515117662e+00 2.574825299852612215e+00 2.107405309584111208e+00 2.364166588719698314e+00 1.176732017909157380e+00
1.259382869451639131e+00 2.552994481415060246e+00 2.092252832495495873e+00 2.350797914058650573e+00 1.210244704968123530e+00
1.235115525182247431e+00 2.526942873711345072e+00 2.056555853754873375e+00 2.340189143146173656e+00 1.228530868304297696e+00
1.206614894659336690e+00 2.512440521035860463e+00 2.009722125604250120e+00 2.327616671607572574e+00 1.242429449623700277e+00
