8.699999999999999956e-01 2.740000000000000213e+00 1.850000000000000089e+00 2.629999999999999893e+00 1.350000000000000089e+00
8.977062010007959003e-01 2.723623649971838034e+00 1.862954966287925673e+00 2.611509152782309773e+00 1.359070408094613436e+00
9.297435752712138735e-01 2.717492257865026684e+00 1.885861277942500802e+00 2.599808460452389891e+00 1.367329387635885185e+00
9.601745265810412988e-01 2.706067935628702514e+00 1.910445777554981017e+00 2.593037625538536783e+00 1.367626769542882537e+00
9.851992789774670634e-01 2.694503374870238943e+00 1.937069952806812267e+00 2.590427829281071403e+00 1.363455937510453797e+00
1.006016369500374985e+00 2.686977859788855838e+00 1.966222735454164816e+00 2.589661649668024257e+00 1.357450342443333957e+00
1.024461667746155769e+00 2.680773010085998109e+00 1.995472241510023448e+00 2.587504943356510712e+00 1.349116275801217180e+00
1.042417895953611451e+00 2.670972715000984987e+00 2.020035958703991330e+00 2.579573255765540196e+00 1.336095177861921668e+00
1.060036484187484751e+00 2.659846811421346047e+00 2.033717003630619580e+00 2.563683944854565411e+00 1.317544836156532950e+00
1.077173871177228293e+00 2.654120149317088728e+00 2.037149044465192294e+00 2.543306669670839071e+00 1.295779780646402868e+00
1.094497198179425812e+00 2.654124647313066632e+00 2.036988033252402630e+00 2.522254841324561347e+00 1.273429856109574709e+00
1.114635501894281067e+00 2.654608827577730867e+00 2.039615419598598045e+00 2.499392326121635310e+00 1.252684081014887596e+00
1.140107394948415287e+00 2.650388197264311074e+00 2.048215495027597921e+00 2.472139301014310675e+00 1.238808191856051621e+00
1.168235692689786998e+00 2.641468307852221642e+00 2.060035030885652318e+00 2.443178598275506097e+00 1.235972758828856488e+00
1.196943487496476832e+00 2.630975361972883064e+00 2.070892315211390500e+00 2.414881288590394970e+00 1.239724073653227343e+00
1.227938732164730817e+00 2.619646953583381510e+00 2.078512847633486871e+00 2.386572197101185289e+00 1.242547444273564450e+00
1.260542616795351289e+00 2.606877700602765024e+00 2.078894398639320240e+00 2.360601744919252898e+00 1.235776024926340089e+00
1.285339455516590235e+00 2.589776168385004240e+00 2.069408265882041853e+00 2.344795013797678074e+00 1.222112263343334559e+00
1.286406584417540966e+00 2.561096863771278542e+00 2.065466836772411163e+00 2.341268602515981456e+00 1.219946709208444169e+00
1.248981928173463540e+00 2.553466747307398421e+00 2.044037390904056561e+00 2.346773202872690867e+00 1.227169307315638891e+00
1.228436784805244208e+00 2.533069846269850434e+00 2.026609777203454588e+00 2.338570786063959517e+00 1.235928716969587171e+00
1.206614894659336690e+00 2.512440521035860463e+00 2.009722125604250120e+00 2.327616671607572574e+00 1.242429449623700277e+00
