8.699999999999999956e-01 2.740000000000000213e+00 1.850000000000000089e+00 2.629999999999999893e+00 1.350000000000000089e+00
9.412258013788536992e-01 2.768992748930099612e+00 1.878434409260123061e+00 2.602226174309074214e+00 1.363072114268320867e+00
9.815684528168385770e-01 2.712124239911049450e+00 1.874199593358347293e+00 2.573150192627756017e+00 1.358560458702897433e+00
1.003016666181399286e+00 2.693189936752392377e+00 1.924017551718647967e+00 2.573112466687048627e+00 1.342031420579480994e+00
1.015323454612764520e+00 2.701806291729256682e+00 1.963521920292601530e+00 2.556542935061149713e+00 1.308914690107865875e+00
1.027578894965202938e+00 2.702740347361657580e+00 1.991297120335224102e+00 2.531055568857805138e+00 1.269113569570060607e+00
1.051698290437460104e+00 2.706510607171149552e+00 2.014794415599204580e+00 2.492932180920683027e+00 1.232383340111085968e+00
1.088579821219112898e+00 2.673568330812076788e+00 2.051490816937360684e+00 2.451918158182793128e+00 1.230633405041110517e+00
1.156868018774703577e+00 2.644397649851662813e+00 2.064991986849585182e+00 2.412241871490425904e+00 1.210461115338522742e+00
1.229305776430716701e+00 2.622766348777426426e+00 2.054994873017557566e+00 2.362478291440779365e+00 1.202526364905901923e+00
1.240287977653227180e+00 2.566482025889209595e+00 2.031558356504962859e+00 2.332093462681424700e+00 1.218266559450831954e+00
1.206614894659336690e+00 2.512440521035860463e+00 2.009722125604250120e+00 2.327616671607572574e+00 1.242429449623700277e+00
