8.699999999999999956e-01 2.740000000000000213e+00 1.850000000000000089e+00 2.629999999999999893e+00 1.350000000000000089e+00
9.139650425277134893e-01 2.740173607148932877e+00 1.856525514104646168e+00 2.593125406188220516e+00 1.357914169156124284e+00
9.448549927630277567e-01 2.733584155104602509e+00 1.884094916574706513e+00 2.564442631869433775e+00 1.361071356802358912e+00
9.782706833513833411e-01 2.736402250465465702e+00 1.919039813388538684e+00 2.558559705129587858e+00 1.365485712163999166e+00
9.978534309999733676e-01 2.717876985176050475e+00 1.951705680810171817e+00 2.545788810684096681e+00 1.365621146694367294e+00
1.017893568235260116e+00 2.698774080203409476e+00 1.982869352797254070e+00 2.529969498075375967e+00 1.360283801977342666e+00
1.038186944259980482e+00 2.678781940398092587e+00 2.003260977256348330e+00 2.511663519074310180e+00 1.341710601300758032e+00
1.059445514370604524e+00 2.652342972129050569e+00 2.015125478884698396e+00 2.503730428341092829e+00 1.320803329791911285e+00
1.079254928025206839e+00 2.638046021733623459e+00 2.027390205844446847e+00 2.504575940394233591e+00 1.291754841635028850e+00
1.110571084805110020e+00 2.640372439614171896e+00 2.045638048746109661e+00 2.492788652832944596e+00 1.266741203015325112e+00
1.146640835197894059e+00 2.642344956381130761e+00 2.064516959432581178e+00 2.468050590301165581e+00 1.248470881093331597e+00
1.179476655985994826e+00 2.636749774185882522e+00 2.077624487620360227e+00 2.435847841620753407e+00 1.230829102128642605e+00
1.209413303553782848e+00 2.628009460457866098e+00 2.086536952128558386e+00 2.401752804949825126e+00 1.212281950824243504e+00
1.238105772667896343e+00 2.624260218302887804e+00 2.091759808888984384e+00 2.369631094985712672e+00 1.189837081683356779e+00
1.262985382804435730e+00 2.641075263671012863e+00 2.091811555302832026e+00 2.348174347104563520e+00 1.165945550070709880e+00
1.276763400318141617e+00 2.665880419059516004e+00 2.100494136240307341e+00 2.343340815637180885e+00 1.176798814921529601e+00
1.282468527549562420e+00 2.629201674238233366e+00 2.104386590307503635e+00 2.327514920808509302e+00 1.183688558288269022e+00
1.282692218631106940e+00 2.591558907975072046e+00 2.093083730722815616e+00 2.317489003809135362e+00 1.182589844869677664e+00
1.276762671394495507e+00 2.558248182390974179e+00 2.070959031693332175e+00 2.312552629337211840e+00 1.183622438005579758e+00
1.259729063307952313e+00 2.532717727817609621e+00 2.042348503561318029e+00 2.313794142702700007e+00 1.190932910094348207e+00
1.231879394279077777e+00 2.518349679618514081e+00 2.018066640487551133e+00 2.320600520250851950e+00 1.211323645528790793e+00
1.206614894659336690e+00 2.512440521035860463e+00 2.009722125604250120e+00 2.327616671607572574e+00 1.242429449623700277e+00
