8.699999999999999956e-01 2.740000000000000213e+00 1.850000000000000089e+00 2.629999999999999893e+00 1.350000000000000089e+00
8.959389198366275453e-01 2.728269583838917711e+00 1.872847745161043687e+00 2.618356739332892147e+00 1.358258019969953434e+00
9.242670085594608675e-01 2.717817211948071243e+00 1.895438178787171912e+00 2.603659076983717124e+00 1.362184224090069673e+00
9.465537364737677262e-01 2.706996077115235710e+00 1.919063127711123640e+00 2.594277181615177064e+00 1.350059018904324892e+00
9.688459097489275917e-01 2.699971975050325934e+00 1.941777150814001596e+00 2.590871413801378864e+00 1.332430738453044494e+00
9.974496553820663136e-01 2.694582203948716170e+00 1.965764633688927177e+00 2.588198954872602986e+00 1.318809719880676967e+00
1.025863059642507791e+00 2.688909872030007975e+00 1.988345653862398255e+00 2.578105467295056297e+00 1.305560620248329418e+00
1.046759597428480015e+00 2.682892578679396234e+00 2.006715265538890236e+00 2.561029811076589002e+00 1.288139656539775579e+00
1.061485146675900548e+00 2.675815376526062384e+00 2.021264183258535851e+00 2.540962230665893884e+00 1.268438785022894200e+00
1.077713311324230094e+00 2.667161333667902756e+00 2.034088866977746157e+00 2.518640550073777629e+00 1.250533110899306521e+00
1.100734152864119908e+00 2.658104408181191758e+00 2.045848582093768186e+00 2.494035137399789548e+00 1.237295903417688470e+00
1.130615022210647691e+00 2.650326727968605578e+00 2.056532984568788969e+00 2.468530590929788993e+00 1.228851691012885272e+00
1.164781162011438109e+00 2.644226738121669751e+00 2.066674520617537425e+00 2.443555097073798255e+00 1.222857657235073781e+00
1.200514178751441507e+00 2.638601265023122977e+00 2.076889035693109342e+00 2.419734096823168201e+00 1.216340726412222351e+00
1.234458185728835034e+00 2.630043961437351641e+00 2.087313432674971381e+00 2.397543981492367138e+00 1.207441341187650785e+00
1.259941934488345572e+00 2.613879064251205531e+00 2.096219954190503554e+00 2.376796262986052177e+00 1.198245558800485666e+00
1.275062608041785506e+00 2.598057692927810525e+00 2.102121279875901472e+00 2.349437332890156327e+00 1.204246104017019370e+00
1.271786410986774030e+00 2.590009414019684986e+00 2.094081119749461983e+00 2.355732570704006879e+00 1.232089652806648505e+00
1.257947981265795878e+00 2.570311625223688168e+00 2.075228650735163161e+00 2.352616497756153446e+00 1.244203190490468680e+00
1.241007678198417397e+00 2.550781661813740886e+00 2.053485173439029587e+00 2.344748504422536683e+00 1.244945805536981531e+00
1.223811286428877043e+00 2.531611091424800453e+00 2.031603649521639632e+00 2.336182588015054407e+00 1.243687627580341015e+00
1.206614894659336690e+00 2.512440521035860463e+00 2.009722125604250120e+00 2.327616671607572574e+00 1.242429449623700277e+00
