8.699999999999999956e-01 2.740000000000000213e+00 1.850000000000000089e+00 2.629999999999999893e+00 1.350000000000000089e+00
9.021586619359289738e-01 2.727100309197449057e+00 1.859954551921857657e+00 2.591011951491995369e+00 1.339924515148498196e+00
9.384111460375634817e-01 2.720820589413829094e+00 1.894820164546374697e+00 2.563960369793957916e+00 1.334849910903690873e+00
9.623072723325487576e-01 2.741175547113021249e+00 1.913350097074224987e+00 2.563110875178423509e+00 1.308004119914955909e+00
9.909436531258687397e-01 2.748753306887957937e+00 1.926151925937537257e+00 2.557584545246888386e+00 1.274636139289051506e+00
1.014540448246445958e+00 2.731152455923156808e+00 1.953732257178488974e+00 2.542811578830092234e+00 1.252142048101025695e+00
1.031310378625055479e+00 2.705757697595214228e+00 1.979834061544839097e+00 2.526327147895725656e+00 1.234806627909703192e+00
1.038836894624926455e+00 2.673393122427895285e+00 2.002037460289835202e+00 2.511581872129618809e+00 1.224364646371164822e+00
1.070903021687766410e+00 2.661629642259341288e+00 2.012707234626381236e+00 2.483769175191769651e+00 1.201490359549449716e+00
1.117844998144571278e+00 2.664150422801740525e+00 2.039144821569717436e+00 2.460026300319862358e+00 1.188142236906491123e+00
1.163234562507603709e+00 2.666443415474650358e+00 2.069546841693995276e+00 2.437242746619531886e+00 1.176626387947691477e+00
1.209095215114477373e+00 2.669182886667903265e+00 2.099514702812539824e+00 2.413615349558288603e+00 1.166201625043918444e+00
1.256460341569258343e+00 2.675464734989994486e+00 2.127351550795424373e+00 2.388492521117135947e+00 1.158593592371528480e+00
1.286724623873628515e+00 2.679194954920655736e+00 2.160524470963045118e+00 2.363767605136291472e+00 1.154618172111921748e+00
1.293494565791852180e+00 2.652706438272264045e+00 2.143891847917314131e+00 2.357593145854596006e+00 1.179966797345322504e+00
1.297640502546200114e+00 2.622693040512420914e+00 2.113971368304891296e+00 2.349695738383953625e+00 1.191534148637986457e+00
1.289907082189700072e+00 2.598528490521469170e+00 2.072362665697704998e+00 2.347455299617670299e+00 1.196540090167397041e+00
1.265765686623804287e+00 2.570913399879131145e+00 2.043923128312134629e+00 2.344091333385644571e+00 1.210342393621971935e+00
1.236190290641570488e+00 2.541676960457496026e+00 2.026822626958192153e+00 2.335854002496608572e+00 1.226385921622836106e+00
1.206614894659336690e+00 2.512440521035860463e+00 2.009722125604250120e+00 2.327616671607572574e+00 1.242429449623700277e+00
