8.699999999999999956e-01 2.740000000000000213e+00 1.850000000000000089e+00 2.629999999999999893e+00 1.350000000000000089e+00
9.022339047308479687e-01 2.734750202740090952e+00 1.875131708348908521e+00 2.617339700173597627e+00 1.357729535885799921e+00
9.299246821715567712e-01 2.717993487747132342e+00 1.892378217775610771e+00 2.601263046873404594e+00 1.366121802996509649e+00
9.557955752539735172e-01 2.697679031217128376e+00 1.908392951178408348e+00 2.586863698791507460e+00 1.361383058898566034e+00
9.788167595846253288e-01 2.685390187098218195e+00 1.933699733390227271e+00 2.580957540984095910e+00 1.349977039239673049e+00
9.987648926716631292e-01 2.677026982001811994e+00 1.964075946580238874e+00 2.578255548048351109e+00 1.342103725255103797e+00
1.021544715982674489e+00 2.668204429311158421e+00 1.992202486055759447e+00 2.570479371797750101e+00 1.332700158956084291e+00
1.047681229597971830e+00 2.662205763123926872e+00 2.010441571019449203e+00 2.556128424124098686e+00 1.314598701451580753e+00
1.071091966557946140e+00 2.661205950492807393e+00 2.017899356260004495e+00 2.539997058048185430e+00 1.290660585864543464e+00
1.089645127471311703e+00 2.661084244921194220e+00 2.020535199083674627e+00 2.522731344068873227e+00 1.265191105924639015e+00
1.100201651663879732e+00 2.655811436205120835e+00 2.020804468744369586e+00 2.499981845037086536e+00 1.241333880791287037e+00
1.118643639866039763e+00 2.653583734254739479e+00 2.024897528889266773e+00 2.472896443995268978e+00 1.221264698066292009e+00
1.157487401523915160e+00 2.660492697054831268e+00 2.037381347025728928e+00 2.453208549866219723e+00 1.210445079459099293e+00
1.191940959153739321e+00 2.654462026672399944e+00 2.049324219248315426e+00 2.427028106508887895e+00 1.201979973399411872e+00
1.225154149162564821e+00 2.645834606497349473e+00 2.060405920541224400e+00 2.400035935266508602e+00 1.194278180278502521e+00
1.259306175464560251e+00 2.635057753211819342e+00 2.070329065424911352e+00 2.372884088374474842e+00 1.190686974819458621e+00
1.280544187726403438e+00 2.614604950051399701e+00 2.069383595148973853e+00 2.352138046208907873e+00 1.200931185474456431e+00
1.289261747136336789e+00 2.588281937990259518e+00 2.060033902632926406e+00 2.338110537698631308e+00 1.206644620305520776e+00
1.291201989950461204e+00 2.559331476303837505e+00 2.055313839303087864e+00 2.339473171158986009e+00 1.214425439432913700e+00
1.244020841036023839e+00 2.547671997564019186e+00 2.056219279881366990e+00 2.344183860644180495e+00 1.224146752461368504e+00
1.224745666042093672e+00 2.530175331700956320e+00 2.033096548783020374e+00 2.335553276659831479e+00 1.233258548914001107e+00
1.206614894659336690e+00 2.512440521035860463e+00 2.009722125604250120e+00 2.327616671607572574e+00 1.242429449623700277e+00
