8.699999999999999956e-01 2.740000000000000213e+00 1.850000000000000089e+00 2.629999999999999893e+00 1.350000000000000089e+00
8.991884322922347739e-01 2.729317983651709856e+00 1.858484482553887762e+00 2.607954696075235113e+00 1.312767241230708315e+00
9.259314017651696371e-01 2.733318555171337927e+00 1.881406389761279385e+00 2.565955120000783296e+00 1.295150230862000207e+00
9.452844355104925711e-01 2.711945072352837549e+00 1.904275958191673501e+00 2.543245038176881412e+00 1.266350699210397668e+00
9.679398162331172006e-01 2.684098212010406215e+00 1.932272118790144821e+00 2.529995921614865306e+00 1.243026681566083091e+00
9.984172219847675667e-01 2.660327026520211025e+00 1.971664390261369082e+00 2.519005337638540176e+00 1.231499163359489835e+00
1.042602620255178580e+00 2.646664083408508894e+00 2.007098139478628696e+00 2.501568033309164552e+00 1.217746058415756893e+00
1.098729976377956774e+00 2.641108918462668154e+00 2.017101979415704349e+00 2.472922801060644105e+00 1.196608390011275391e+00
1.150745953871423755e+00 2.626245492925079805e+00 2.024408292554746414e+00 2.443019793760198954e+00 1.176873998042758718e+00
1.198996032681942880e+00 2.609537841263990021e+00 2.043955979642705145e+00 2.415327814047081301e+00 1.158875889181677721e+00
1.244495000139038687e+00 2.595819581225592643e+00 2.069722933012533517e+00 2.387176843283523198e+00 1.141965632259156704e+00
1.280786222966275423e+00 2.594989555781418655e+00 2.106651563067249100e+00 2.358306038702605800e+00 1.131712467818075663e+00
1.281393663026782370e+00 2.637775989939965537e+00 2.128517658329736939e+00 2.353419712100145667e+00 1.131086280883068174e+00
1.280582245024997068e+00 2.680693967590435101e+00 2.137859031186652548e+00 2.351185249261940058e+00 1.147601525673063838e+00
1.264083061117208917e+00 2.644995276700496056e+00 2.112114714959001827e+00 2.356114968160702094e+00 1.155768922622465000e+00
1.247794916320736469e+00 2.609476161489231671e+00 2.082894423621030278e+00 2.345306546190833341e+00 1.167304651348375133e+00
1.233436259347156172e+00 2.577150588838640122e+00 2.057377399461697287e+00 2.338711896422679182e+00 1.191357717032823560e+00
1.220025577003246431e+00 2.544795554937250071e+00 2.033549762532973926e+00 2.333164284015126100e+00 1.216893583328261919e+00
1.206614894659336690e+00 2.512440521035860463e+00 2.009722125604250120e+00 2.327616671607572574e+00 1.242429449623700277e+00
