8.699999999999999956e-01 2.740000000000000213e+00 1.850000000000000089e+00 2.629999999999999893e+00 1.350000000000000089e+00
9.186173427079787901e-01 2.717986222225027948e+00 1.863438407800125818e+00 2.618458770899070309e+00 1.353864775989633396e+00
9.476698890537986752e-01 2.691912103954881452e+00 1.885650783777654826e+00 2.601149452403161977e+00 1.348174236713465257e+00
9.687941439339214922e-01 2.670297936359431024e+00 1.919848334028954495e+00 2.587528301472455272e+00 1.340334477657957324e+00
9.913864422192720793e-01 2.660801348513476494e+00 1.964751250526764581e+00 2.580931853702844059e+00 1.336683722093653603e+00
1.020463715525420589e+00 2.665499571308493909e+00 2.007811206652866609e+00 2.572194694393767467e+00 1.329930221904248144e+00
1.051588309500165241e+00 2.674032141509170124e+00 2.031173676924905802e+00 2.552426024379296443e+00 1.307532034278425126e+00
1.073739760448315428e+00 2.671517334529630805e+00 2.027747311025944743e+00 2.525581425826993964e+00 1.278429305952561990e+00
1.097424339771542190e+00 2.655277059962190211e+00 2.019597215130946033e+00 2.499693973849958173e+00 1.254455037167139908e+00
1.129283149327859226e+00 2.632336184006359492e+00 2.019666885962926095e+00 2.478350081465698906e+00 1.236437542841987369e+00
1.166447209908131333e+00 2.609289861137651823e+00 2.027805705214745569e+00 2.459189122485127221e+00 1.221739020173991941e+00
1.206081772165479071e+00 2.590166587732676273e+00 2.042085577509923588e+00 2.437115189676296811e+00 1.208789143612035488e+00
1.245808401774717744e+00 2.584102815812864051e+00 2.063629500803000560e+00 2.408851099091949610e+00 1.196806474823612687e+00
1.273288947568222529e+00 2.601626234502454782e+00 2.088097562358769199e+00 2.382798624902981999e+00 1.186260089531628648e+00
1.284413808066829032e+00 2.628291572388691488e+00 2.111296661526433027e+00 2.362385680263714871e+00 1.174336485204277913e+00
1.288362095258906992e+00 2.626420599947413503e+00 2.136227586164403114e+00 2.337079252970490462e+00 1.151260393450975306e+00
1.287733015016717442e+00 2.589593437232560635e+00 2.128679822322337323e+00 2.339157223502790206e+00 1.144569917885833954e+00
1.288107213300520248e+00 2.556060960128005100e+00 2.113149049603720631e+00 2.349016920233905736e+00 1.155488633968278389e+00
1.273891257990007464e+00 2.532892676911464580e+00 2.090524058928442841e+00 2.336497588025508332e+00 1.176928815058815081e+00
1.257806329666466993e+00 2.515341484021603069e+00 2.048686964507471675e+00 2.337971542529658109e+00 1.184434681183157867e+00
1.233397129101807321e+00 2.505952875371419974e+00 2.016671871343846512e+00 2.336635149260533506e+00 1.208754511149584543e+00
1.206614894659336690e+00 2.512440521035860463e+00 2.009722125604250120e+00 2.327616671607572574e+00 1.242429449623700277e+00
