8.699999999999999956e-01 2.740000000000000213e+00 1.850000000000000089e+00 2.629999999999999893e+00 1.350000000000000089e+00
9.004447652808027502e-01 2.721453816400058567e+00 1.859621607508730623e+00 2.582448998946242469e+00 1.350572355861709539e+00
9.299203332549326184e-01 2.729296374349326815e+00 1.890396753598445834e+00 2.560736289418236833e+00 1.328431884873824798e+00
9.511052917679058138e-01 2.726072485577583748e+00 1.921388431619940107e+00 2.578044155895658385e+00 1.302603236912607931e+00
9.960690274652994614e-01 2.707861714677343379e+00 1.961861010650803427e+00 2.575337358547527433e+00 1.294406856442066989e+00
1.029660934559069041e+00 2.693262429387074608e+00 1.999859599410259259e+00 2.556527750690543055e+00 1.278408599875657359e+00
1.042377727788389219e+00 2.673313907585518567e+00 2.028751903346159402e+00 2.530110812099955364e+00 1.258488939808527274e+00
1.041215757898684480e+00 2.636546845729569100e+00 2.024659164203470141e+00 2.512127785304416161e+00 1.243216713675928453e+00
1.044263886182628998e+00 2.626617003156015873e+00 2.044580433028088340e+00 2.481986708992128587e+00 1.218196012568501851e+00
1.097713308309867575e+00 2.601201910452404231e+00 2.058870478275009575e+00 2.458301220755959360e+00 1.212574880990068049e+00
1.159182919794335742e+00 2.587883110114366225e+00 2.072257796307786393e+00 2.431871878034387091e+00 1.201825111839737614e+00
1.218965949523985737e+00 2.579131025180697812e+00 2.086987986830373565e+00 2.404151807319924838e+00 1.188658165834943770e+00
1.266489033048518564e+00 2.558590916173195229e+00 2.114944993354616720e+00 2.376061850574750167e+00 1.190927337313061996e+00
1.266398084065174068e+00 2.546750575968255603e+00 2.077260137331197409e+00 2.337572578897707309e+00 1.199354306441652751e+00
1.235533329859253460e+00 2.530989519362019990e+00 2.040785777120243782e+00 2.331880750565702431e+00 1.219842520866627256e+00
1.206614894659336690e+00 2.512440521035860463e+00 2.009722125604250120e+00 2.327616671607572574e+00 1.242429449623700277e+00
