8.699999999999999956e-01 2.740000000000000213e+00 1.850000000000000089e+00 2.629999999999999893e+00 1.350000000000000089e+00
9.044599089689724369e-01 2.736172535083974733e+00 1.874511489237747242e+00 2.591666121025686831e+00 1.346990775830861686e+00
9.303046841551453339e-01 2.731841760671154251e+00 1.886964538768768573e+00 2.552586437526719543e+00 1.326099356105292504e+00
9.577622345203797849e-01 2.713038125846892079e+00 1.924753261979717411e+00 2.548538177727247778e+00 1.326979243796448493e+00
9.850313759124995627e-01 2.692587673985822327e+00 1.960516578177554647e+00 2.544374990435261719e+00 1.317421891057943384e+00
1.003991016876403242e+00 2.678011124508134611e+00 1.994357690083689461e+00 2.528855328860531770e+00 1.297475631284126685e+00
1.013434677454701616e+00 2.668078395836845029e+00 2.022772883916276854e+00 2.511236452324779655e+00 1.269190250030191480e+00
1.016924636347556143e+00 2.647584469508995397e+00 2.035697015022448930e+00 2.516570628423349110e+00 1.236436818347591782e+00
1.034283742374609183e+00 2.623233330790912365e+00 2.034637722948438476e+00 2.489669232886441819e+00 1.217123277256321634e+00
1.069926289313807954e+00 2.630373019837016990e+00 2.045530805896465854e+00 2.453724114071428986e+00 1.197894914010347422e+00
1.115086636409593712e+00 2.641777825497329424e+00 2.063361143175556300e+00 2.424392110101928566e+00 1.184864032538986534e+00
1.164255880659310183e+00 2.648684275291144807e+00 2.082627446097288892e+00 2.394892927708238251e+00 1.174802431071845454e+00
1.215312484434108775e+00 2.653396914977675269e+00 2.100451579796295043e+00 2.365939405514519311e+00 1.163955524795992291e+00
1.266666814514989969e+00 2.650102389803588032e+00 2.107168537576016298e+00 2.342300795867273688e+00 1.147596416873694070e+00
1.280334632277407625e+00 2.616097077414004435e+00 2.096252026573693250e+00 2.351563320299786319e+00 1.162019173116350945e+00
1.270597178456435383e+00 2.583125718265752546e+00 2.075367695323115491e+00 2.352367881486477241e+00 1.174472735608298235e+00
1.252417784288248459e+00 2.555175061008906123e+00 2.049812708092118019e+00 2.347117785065493845e+00 1.190231593138603827e+00
1.230073068387878443e+00 2.532921024276558075e+00 2.028875786735679032e+00 2.337854953466814045e+00 1.215316474250458745e+00
1.206614894659336690e+00 2.512440521035860463e+00 2.009722125604250120e+00 2.327616671607572574e+00 1.242429449623700277e+00
