8.699999999999999956e-01 2.740000000000000213e+00 1.850000000000000089e+00 2.629999999999999893e+00 1.350000000000000089e+00
9.013255540939558719e-01 2.734502360054477776e+00 1.872633978857767278e+00 2.608373048459905252e+00 1.355108981834809878e+00
9.307219995705350302e-01 2.727663926109375581e+00 1.895575865507048929e+00 2.586857397364061839e+00 1.361240532139200710e+00
9.674347445176832982e-01 2.735131872534185771e+00 1.909515044591269639e+00 2.571505154837621987e+00 1.347832012013133296e+00
9.917693440594030907e-01 2.728363285701291385e+00 1.924469674162622823e+00 2.553693090465761983e+00 1.329628688561116823e+00
1.016098043747328816e+00 2.714035202281557702e+00 1.949825349594828117e+00 2.540071006224332351e+00 1.323049267149117414e+00
1.039231181482143329e+00 2.696816767347060217e+00 1.974507074176279353e+00 2.531518288692435448e+00 1.315059210191299677e+00
1.062860106854507380e+00 2.674860820347798818e+00 1.995444774097817398e+00 2.521748841156043142e+00 1.308833210817643700e+00
1.077530232758545869e+00 2.641950565719454413e+00 1.992631924705333457e+00 2.511150200102951757e+00 1.311348726800096065e+00
1.085534336693995128e+00 2.611931382768605481e+00 2.001565967937240398e+00 2.502894642214282594e+00 1.300717979406035063e+00
1.094975828629899173e+00 2.600625232835485079e+00 2.024102833117787270e+00 2.495200477623134017e+00 1.282461373215844969e+00
1.113947759186874942e+00 2.591895689668267888e+00 2.043824284351661635e+00 2.481135071398982817e+00 1.264772368283459514e+00
1.143897084345536497e+00 2.578359042078746999e+00 2.051924985378257293e+00 2.458626710296150097e+00 1.250625961321613522e+00
1.171937289781267211e+00 2.568560358846135649e+00 2.055899417727251599e+00 2.433926166461491736e+00 1.234216595200224420e+00
1.198869575888535266e+00 2.560100324394870341e+00 2.059578926598705007e+00 2.409363857191419100e+00 1.216835602827259111e+00
1.225704754836214327e+00 2.552535339763287947e+00 2.063593284762950120e+00 2.383997949531262872e+00 1.199647799797727954e+00
1.252133280397814241e+00 2.546619051253353749e+00 2.068867473056998474e+00 2.356299751864765479e+00 1.183499135129895352e+00
1.276447440446031312e+00 2.538513754416491963e+00 2.076519989860862392e+00 2.323353723365448875e+00 1.174486714633752760e+00
1.276369160823276339e+00 2.520672553917807424e+00 2.069749268393908270e+00 2.311600102614430163e+00 1.196321065043117082e+00
1.266916837153260200e+00 2.508686087187112612e+00 2.054515917924720103e+00 2.315466640495341455e+00 1.218656663962232489e+00
1.237456382456862070e+00 2.504976987586213788e+00 2.037406689209279698e+00 2.320506277024612096e+00 1.237387268865357326e+00
1.206614894659336690e+00 2.512440521035860463e+00 2.009722125604250120e+00 2.327616671607572574e+00 1.242429449623700277e+00
