8.699999999999999956e-01 2.740000000000000213e+00 1.850000000000000089e+00 2.629999999999999893e+00 1.350000000000000089e+00
9.126627920893158885e-01 2.739080618971184933e+00 1.885232358434409283e+00 2.594207778020328536e+00 1.344050078611285004e+00
9.495538120879969401e-01 2.726172061095320398e+00 1.927135705819235545e+00 2.569706722872123983e+00 1.333930560310055080e+00
9.781773698641366144e-01 2.712429474574853394e+00 1.975056719146575324e+00 2.553993013780962773e+00 1.321541680826106457e+00
1.007889567759199023e+00 2.697825631483724340e+00 2.017884089864832031e+00 2.536951201858744120e+00 1.301997567868931061e+00
1.035490275309002950e+00 2.672351356170888703e+00 2.034743064531379098e+00 2.516230289366045536e+00 1.274229122086387944e+00
1.041241890804950998e+00 2.652042721809704684e+00 2.028377713647329994e+00 2.492437769626052901e+00 1.236129688421888195e+00
1.049992217802595551e+00 2.639677097036700726e+00 2.030685738489255154e+00 2.476264116107338431e+00 1.191140122822597958e+00
1.100269844115131956e+00 2.668340992158003022e+00 2.045638517671825252e+00 2.458939832580828266e+00 1.194551846374750204e+00
1.148160225869025108e+00 2.677478788795758735e+00 2.073890946095451771e+00 2.426404219512296123e+00 1.180128608146405078e+00
1.196057447719942601e+00 2.676722340649219323e+00 2.103110067885369805e+00 2.392008376253417445e+00 1.166271998759680795e+00
1.243954738841039687e+00 2.675865692737663615e+00 2.132338979452098382e+00 2.357593694302753118e+00 1.152421127666077405e+00
1.282355200725906919e+00 2.666806180116700897e+00 2.140758526066939282e+00 2.344261795257346126e+00 1.112963986407068617e+00
1.282742326038008862e+00 2.681993705257027738e+00 2.133788726349701292e+00 2.354235482567576643e+00 1.155590729314991627e+00
1.269181973764965221e+00 2.657691359534412268e+00 2.105938441850145004e+00 2.345784792684015407e+00 1.186930552315229814e+00
1.255004685758616567e+00 2.621701981839996254e+00 2.082161302831698535e+00 2.339044396419904359e+00 1.202206414801794798e+00
1.239291680063951517e+00 2.585318090286897519e+00 2.058102732403626511e+00 2.334672605932291756e+00 1.215919352101028750e+00
1.222953287361643993e+00 2.548879305661378769e+00 2.033912429003938094e+00 2.331144638769932165e+00 1.229174400862364624e+00
1.206614894659336690e+00 2.512440521035860463e+00 2.009722125604250120e+00 2.327616671607572574e+00 1.242429449623700277e+00
