8.699999999999999956e-01 2.740000000000000213e+00 1.850000000000000089e+00 2.629999999999999893e+00 1.350000000000000089e+00
9.143023283290748759e-01 2.729517976977682281e+00 1.851307939602072627e+00 2.595370136716376841e+00 1.339364634519668584e+00
9.352256808588179648e-01 2.713505985441778456e+00 1.857386497616662080e+00 2.569171761986710489e+00 1.319698411216767120e+00
9.360443619976289709e-01 2.682038769927603372e+00 1.859021036139469008e+00 2.552952962208838272e+00 1.307911247832657331e+00
9.579457515850616778e-01 2.676008078537668755e+00 1.890643814277338519e+00 2.543318759464949341e+00 1.306247295253191831e+00
9.851684813562123777e-01 2.680648090329135869e+00 1.922896365488822923e+00 2.540632056712857967e+00 1.313177728313002390e+00
9.952797530387240688e-01 2.676424659782977944e+00 1.952246280094460662e+00 2.536792595347254764e+00 1.329454705739893772e+00
1.001928070083333955e+00 2.669004256612864001e+00 1.982722048892591182e+00 2.537410543977458577e+00 1.332953490251825412e+00
1.025644563159276101e+00 2.671712017468501621e+00 1.994435158161665056e+00 2.541499842927619213e+00 1.307909392165407469e+00
1.042076308435928578e+00 2.683126535504339216e+00 2.009761703851509651e+00 2.528395186291843899e+00 1.285646100494151289e+00
1.058546307542074238e+00 2.674193141291875353e+00 2.020165821964137187e+00 2.513632827550184690e+00 1.260779864425393360e+00
1.074807075651849075e+00 2.663987612578549768e+00 2.030100578974797898e+00 2.498947344603524634e+00 1.236056027704962812e+00
1.095943846064377558e+00 2.641940832787971427e+00 2.046259577217632852e+00 2.483758147100357139e+00 1.220551269564363661e+00
1.099925914090216894e+00 2.624415308694141302e+00 2.032809919141798094e+00 2.483857723447854937e+00 1.203203634868943217e+00
1.148259670030792989e+00 2.618969588484824751e+00 2.046131407612792330e+00 2.454874070972211442e+00 1.194732116312756665e+00
1.195652055765658694e+00 2.612790831859174823e+00 2.051025658141104380e+00 2.415655597126832976e+00 1.193769552382952348e+00
1.240106852439684104e+00 2.605174849192925191e+00 2.056366550662678261e+00 2.375175724364213092e+00 1.194890658683818829e+00
1.274770904658611537e+00 2.594267243051783911e+00 2.060917067198484887e+00 2.332020505692254719e+00 1.200945900215025119e+00
1.277163197600131195e+00 2.565539747007259397e+00 2.064206183756706281e+00 2.300009674985436181e+00 1.198495985908733408e+00
1.249531900722421707e+00 2.536653271151310562e+00 2.050172661737103663e+00 2.309705850379407455e+00 1.202827857449231042e+00
1.227425515858086680e+00 2.522688859501910130e+00 2.030078077537906811e+00 2.319075051941232868e+00 1.221842930968071839e+00
1.206614894659336690e+00 2.512440521035860463e+00 2.009722125604250120e+00 2.327616671607572574e+00 1.242429449623700277e+00
