8.699999999999999956e-01 2.740000000000000213e+00 1.850000000000000089e+00 2.629999999999999893e+00 1.350000000000000089e+00
8.912626382839335948e-01 2.721150509008822382e+00 1.856878709058376042e+00 2.584937346180098849e+00 1.350065061886125406e+00
9.298041606737214027e-01 2.724422655598460086e+00 1.878198933281460814e+00 2.547577417586339266e+00 1.345262207218273387e+00
9.397346054258242098e-01 2.746448453742107887e+00 1.880117214827726535e+00 2.550901349842572774e+00 1.319365126543797340e+00
9.341294003284996705e-01 2.761597584726241728e+00 1.881211998038324396e+00 2.554030245250150877e+00 1.289395948260880997e+00
9.270019104867385229e-01 2.776044548370379061e+00 1.889072914446452645e+00 2.555917927633142295e+00 1.259692019492241855e+00
9.287891936003715987e-01 2.753507445980177604e+00 1.897832707742351799e+00 2.539443308622907569e+00 1.278440836452623852e+00
9.431683266631019080e-01 2.728042461599132551e+00 1.915586454026649177e+00 2.521499103007914577e+00 1.298318021585970206e+00
9.795127145754825015e-01 2.714313762193043544e+00 1.954104791965896926e+00 2.508373189735771724e+00 1.295106321389757342e+00
1.017843354486251517e+00 2.705562461957805365e+00 1.990051127777227924e+00 2.499221820220163703e+00 1.282699598182422296e+00
1.049358389964057059e+00 2.686388863329147725e+00 2.020521565030235944e+00 2.488063921375007759e+00 1.267354389296681427e+00
1.064036400526829684e+00 2.666339709624569565e+00 2.044012176587394869e+00 2.477484100395551003e+00 1.244445085795909289e+00
1.084734497484117544e+00 2.655067014167229900e+00 2.064659014293455996e+00 2.468450614589489334e+00 1.218690339586624427e+00
1.135104200002432950e+00 2.654236923685502347e+00 2.082146858145781820e+00 2.444858320403137331e+00 1.203998843767378091e+00
1.189232330004527327e+00 2.655874615965851060e+00 2.093311888422383582e+00 2.413335535221439176e+00 1.196227219225342475e+00
1.240255446669787487e+00 2.663862718592542755e+00 2.103344257670179296e+00 2.381119426708857123e+00 1.186952483068226760e+00
1.290105383612581758e+00 2.681399666878519827e+00 2.114546158502970563e+00 2.351762745595125992e+00 1.179822463501706942e+00
1.290612918472316073e+00 2.640077702021748074e+00 2.103235350853066343e+00 2.341992456862282079e+00 1.185271569745099285e+00
1.272084146638986724e+00 2.610341154867474867e+00 2.084180420921604604e+00 2.323192465412501129e+00 1.200955545451510620e+00
1.250335733802939275e+00 2.578044512627981177e+00 2.059172418276856042e+00 2.324466571392910463e+00 1.215035492185793764e+00
1.228475314231137983e+00 2.545242516831920820e+00 2.034447271940552859e+00 2.326041621500241519e+00 1.228732470904746910e+00
1.206614894659336690e+00 2.512440521035860463e+00 2.009722125604250120e+00 2.327616671607572574e+00 1.242429449623700277e+00
