8.699999999999999956e-01 2.740000000000000213e+00 1.850000000000000089e+00 2.629999999999999893e+00 1.350000000000000089e+00
9.012452938398064495e-01 2.727563671487061026e+00 1.864299258991205965e+00 2.592076106719000350e+00 1.350445158528147394e+00
9.309524094156232943e-01 2.706600786036680972e+00 1.875226852760227825e+00 2.576332295453730659e+00 1.327953175466000779e+00
9.626756433211809405e-01 2.694752266837694421e+00 1.891761544561912256e+00 2.550741232382256918e+00 1.307336376662286082e+00
9.889478983672723711e-01 2.680939862464528645e+00 1.914823220185153829e+00 2.531957352288946250e+00 1.286003551046274618e+00
1.010002925945521657e+00 2.664399414447959025e+00 1.940098966464203434e+00 2.521172947610252901e+00 1.263476503211899526e+00
1.031054123368536635e+00 2.654992461395714098e+00 1.968988324782116495e+00 2.508567233110666095e+00 1.240685623060376663e+00
1.053702014199556780e+00 2.660264149187818283e+00 1.995100733373252000e+00 2.494717622039051896e+00 1.215207713016718927e+00
1.082127056682877786e+00 2.674249241650720421e+00 2.016695235078735049e+00 2.480996352491753321e+00 1.191544194074004581e+00
1.118921841720730503e+00 2.690353758569759002e+00 2.038079521480163248e+00 2.464643360453205201e+00 1.175103519772694671e+00
1.160428424960518345e+00 2.705701307475747885e+00 2.059987073275801883e+00 2.444983861545331205e+00 1.165928547307687024e+00
1.203783659051441690e+00 2.717586167680090981e+00 2.081479156509884465e+00 2.421512752134836965e+00 1.158898058771588913e+00
1.246434168485494265e+00 2.718604614157454691e+00 2.099483792023021600e+00 2.391514867307534153e+00 1.149135253835219084e+00
1.274412780534482259e+00 2.699891061371700207e+00 2.105435442461895068e+00 2.359322250482856820e+00 1.135980743226485901e+00
1.295534027491257234e+00 2.671699427914329572e+00 2.101928698454803346e+00 2.331893782921443226e+00 1.137838877439847129e+00
1.301258955013940177e+00 2.646570277244891578e+00 2.100939712195184050e+00 2.340355809159505807e+00 1.165810015640216690e+00
1.295089947295746224e+00 2.611050630642143933e+00 2.097810060229674090e+00 2.340366812664490759e+00 1.175421716417131224e+00
1.264128999526222596e+00 2.592707193043937153e+00 2.071057574686248959e+00 2.330622669193905150e+00 1.190084733399066064e+00
1.244133257857057639e+00 2.568736096921094170e+00 2.048367328967900747e+00 2.330114649504633206e+00 1.209417883797917703e+00
1.225374076258197054e+00 2.540588308978477539e+00 2.029044727286075656e+00 2.328865660556102668e+00 1.225923666710809101e+00
1.206614894659336690e+00 2.512440521035860463e+00 2.009722125604250120e+00 2.327616671607572574e+00 1.242429449623700277e+00
