8.699999999999999956e-01 2.740000000000000213e+00 1.850000000000000089e+00 2.629999999999999893e+00 1.350000000000000089e+00
9.113656934564147161e-01 2.741332659901343671e+00 1.875226383796112506e+00 2.609020051599531875e+00 1.350924037957433210e+00
9.435970370566378884e-01 2.728294159014235998e+00 1.897154313328143438e+00 2.593145236186648273e+00 1.338035547329013530e+00
9.623171137503158112e-01 2.707277409205777197e+00 1.926338872305506822e+00 2.589033931038443370e+00 1.327466928267341473e+00
9.891196524562488879e-01 2.691721564108604081e+00 1.960464607027397221e+00 2.584496397344319352e+00 1.321686817560672189e+00
1.021465910820218204e+00 2.683062411412993065e+00 1.995040417008993039e+00 2.576244623185040883e+00 1.316200851945460659e+00
1.047653289651556907e+00 2.688151558180922329e+00 2.022373192147952192e+00 2.562847402189183832e+00 1.300754955244185052e+00
1.056994358016287716e+00 2.692134717665473076e+00 2.036349401965888539e+00 2.545609466361226758e+00 1.277949407918103297e+00
1.062576729770699835e+00 2.687635862049695401e+00 2.048753239659305780e+00 2.524520672543252520e+00 1.255805879715360840e+00
1.067985090345454413e+00 2.676131585871338814e+00 2.058459144777133432e+00 2.502621475450357735e+00 1.234853340071877748e+00
1.076033175434449429e+00 2.656228678227205986e+00 2.063420469775453459e+00 2.482860333672808562e+00 1.216199349114866823e+00
1.091975235281906764e+00 2.632187540183996699e+00 2.066580344140627190e+00 2.463369539212324266e+00 1.201257313581862940e+00
1.119336851196901073e+00 2.609373442876183891e+00 2.072223231896362705e+00 2.441354405517967674e+00 1.190848526095382498e+00
1.154604373996780176e+00 2.589780133231571302e+00 2.081020428816756418e+00 2.417728755644864780e+00 1.184413897376374925e+00
1.192950384246205253e+00 2.572127976179392039e+00 2.091471810505651341e+00 2.393821686643489599e+00 1.179797897794115480e+00
1.233774069091091885e+00 2.556905255057770887e+00 2.103800890056456208e+00 2.370312505252490709e+00 1.175588239813611713e+00
1.278140125718409070e+00 2.555650094101124203e+00 2.128472897876572567e+00 2.356392491826230007e+00 1.177766118799106199e+00
1.277319547935516830e+00 2.555460919403176767e+00 2.133196082796057436e+00 2.351636830127068478e+00 1.204473861020284087e+00
1.268521026890039760e+00 2.544807276982609334e+00 2.118094607486417758e+00 2.345852232280467131e+00 1.228109289364581524e+00
1.248341773631039597e+00 2.526699048639263534e+00 2.090751377738654604e+00 2.335185149936884308e+00 1.240729436354917947e+00
1.226162525510478885e+00 2.515045515795478082e+00 2.052095290080723888e+00 2.327455366574695095e+00 1.239935311786733774e+00
1.206614894659336690e+00 2.512440521035860463e+00 2.009722125604250120e+00 2.327616671607572574e+00 1.242429449623700277e+00
