8.699999999999999956e-01 2.740000000000000213e+00 1.850000000000000089e+00 2.629999999999999893e+00 1.350000000000000089e+00
9.107764955605689439e-01 2.737632885754594625e+00 1.869440112020799072e+00 2.615693872369043493e+00 1.331143722283610220e+00
9.516213165483419223e-01 2.730226147081244559e+00 1.887939666310075593e+00 2.588247942549037894e+00 1.333580112280271734e+00
9.553551125806304389e-01 2.715453584375138618e+00 1.904938419646650116e+00 2.567559346426970812e+00 1.356191487755010749e+00
9.881253484046255142e-01 2.701996415899516446e+00 1.926896712468888273e+00 2.548754612629745342e+00 1.345498128549139194e+00
1.016154086304317250e+00 2.691571245178775218e+00 1.960606800533081007e+00 2.547274070219535780e+00 1.357079083813518050e+00
1.044833317121673488e+00 2.689770481917800105e+00 1.996496156788672094e+00 2.553674922044142370e+00 1.367538158962118944e+00
1.066509495209476466e+00 2.667543155776280983e+00 2.008477367657194979e+00 2.551055422737017686e+00 1.348173754342216757e+00
1.080015016167483077e+00 2.649812205541100418e+00 2.013678914367781569e+00 2.534579785500084892e+00 1.322375295592164157e+00
1.087161713977867539e+00 2.631569980519376184e+00 2.015147417153699827e+00 2.514908082391164701e+00 1.297233211128476116e+00
1.084043037385490571e+00 2.616176550500862508e+00 1.998887589384157337e+00 2.507060881453368584e+00 1.270228774312911924e+00
1.106906355986916779e+00 2.605592452053917985e+00 2.011066152606618918e+00 2.479660585090642133e+00 1.249833451736838574e+00
1.140638573513725884e+00 2.600320280827028263e+00 2.025304691223895670e+00 2.450205118578414609e+00 1.234455903083525374e+00
1.175526751764852440e+00 2.595288535488937676e+00 2.035721280769248409e+00 2.421324095984096036e+00 1.217259084422113169e+00
1.210452572122953097e+00 2.590217978967012780e+00 2.045958117222993700e+00 2.392493985833323400e+00 1.199990683584155615e+00
1.244477205826661104e+00 2.582974139224062604e+00 2.059208782032436957e+00 2.363672877520485827e+00 1.184337848158903528e+00
1.272870254582139538e+00 2.567596758003214408e+00 2.080800144037048494e+00 2.340374365711504812e+00 1.172809253389479611e+00
1.285845350238892681e+00 2.547148572225877317e+00 2.105365063874807152e+00 2.348958909183191057e+00 1.158267404784357524e+00
1.273337221620333359e+00 2.522032376833607703e+00 2.084755962458810341e+00 2.336000168823936907e+00 1.168082525210472067e+00
1.253254235829793561e+00 2.514919672666751094e+00 2.054850256967421185e+00 2.332025416271062301e+00 1.189108989663646199e+00
1.230336954581003672e+00 2.513345870768200374e+00 2.032462720032467640e+00 2.329736625004472206e+00 1.215947769082045049e+00
1.206614894659336690e+00 2.512440521035860463e+00 2.009722125604250120e+00 2.327616671607572574e+00 1.242429449623700277e+00
