8.699999999999999956e-01 2.740000000000000213e+00 1.850000000000000089e+00 2.629999999999999893e+00 1.350000000000000089e+00
8.941563547157761471e-01 2.727467510238882564e+00 1.858665616819984656e+00 2.603741594976985763e+00 1.331708338705250849e+00
9.219802188437022927e-01 2.709814376716079387e+00 1.868365955015533375e+00 2.570817845929504131e+00 1.325474572525782824e+00
9.468902579489902882e-01 2.694938679622524091e+00 1.873508340470910971e+00 2.549919183433037695e+00 1.344586952363652443e+00
9.671244718573980270e-01 2.674975201720934059e+00 1.876759856664339976e+00 2.544320167426974422e+00 1.324969630510786978e+00
9.823808877921886840e-01 2.665148988733051283e+00 1.911084729435008178e+00 2.537022928747928674e+00 1.317469968969602778e+00
1.001705207459342217e+00 2.664754622379762239e+00 1.948292100378795633e+00 2.536998484067567006e+00 1.324579156372153177e+00
1.020651330301540094e+00 2.666870635036923343e+00 1.986149678647301187e+00 2.534256845678996672e+00 1.325885966716671360e+00
1.041973327422370588e+00 2.668380498837710224e+00 2.015943103981034934e+00 2.530301811367794862e+00 1.310776595954162849e+00
1.058715765670725784e+00 2.661627509835517102e+00 2.022678395985186839e+00 2.524473126337699380e+00 1.284222474421842008e+00
1.070703625901771261e+00 2.651172946227001503e+00 2.019063716209201775e+00 2.517677730901964228e+00 1.257676023052167746e+00
1.079972071305755010e+00 2.644213376638254953e+00 2.016366568729100361e+00 2.510350809817752271e+00 1.230222148307494878e+00
1.086349966600639316e+00 2.641246535144645691e+00 2.026504127641312270e+00 2.498152635942020972e+00 1.204003750673979134e+00
1.109928790011586619e+00 2.644444757804166546e+00 2.058696972181511597e+00 2.477496029860680071e+00 1.200991159479088077e+00
1.140724483039623482e+00 2.625089344126497970e+00 2.069707906543094111e+00 2.449091415190574050e+00 1.208009796129053459e+00
1.177865598715194917e+00 2.613094267975430540e+00 2.076995507479248104e+00 2.416298212094980524e+00 1.216666816752318470e+00
1.219943969925391558e+00 2.601343024390923464e+00 2.080700187990078831e+00 2.382887973488641897e+00 1.220437492325093798e+00
1.263421809477496938e+00 2.588958042857442798e+00 2.082916012222816970e+00 2.350143965509969401e+00 1.221733662176096358e+00
1.289357773841068200e+00 2.577846579386519288e+00 2.065627057324379567e+00 2.317637502744450462e+00 1.215866955318009701e+00
1.268950954471812498e+00 2.553238960928125856e+00 2.040931709458110532e+00 2.320038144630077515e+00 1.213759607282610231e+00
1.242009527133993707e+00 2.528768143302762450e+00 2.026020456463469621e+00 2.327926819938507030e+00 1.225664663381563768e+00
1.206614894659336690e+00 2.512440521035860463e+00 2.009722125604250120e+00 2.327616671607572574e+00 1.242429449623700277e+00
