8.699999999999999956e-01 2.740000000000000213e+00 1.850000000000000089e+00 2.629999999999999893e+00 1.350000000000000089e+00
8.987099626250140139e-01 2.736357712259627206e+00 1.853480277643149376e+00 2.593921559092752460e+00 1.363662258547136519e+00
9.234543907316545841e-01 2.708303490597279595e+00 1.860982472923039532e+00 2.563942348307086228e+00 1.366310108970975268e+00
9.419902975445469950e-01 2.733999003000259886e+00 1.893070807230717634e+00 2.567983013293896555e+00 1.358649515133322661e+00
9.529138737795153080e-01 2.766728468694241716e+00 1.920562291355115914e+00 2.574953702717162507e+00 1.352914735780072597e+00
9.706674906583325768e-01 2.747999460193257804e+00 1.953397996335403120e+00 2.554745471994963602e+00 1.344072953803139958e+00
1.001083609380559292e+00 2.722586585714632079e+00 1.984540054423421740e+00 2.553121835859590405e+00 1.336771892791646099e+00
1.035326508446817062e+00 2.703469688457678100e+00 2.017404397527311488e+00 2.558140229249107112e+00 1.327956705161817741e+00
1.063182232731999077e+00 2.680915682014016532e+00 2.044337427512645800e+00 2.558887999427688964e+00 1.312184909681952227e+00
1.067313823563044384e+00 2.664787454923108978e+00 2.052240993046761997e+00 2.552234316634511835e+00 1.283316657449066422e+00
1.061943975893491210e+00 2.660716816046975630e+00 2.041264781756575886e+00 2.527144601942912683e+00 1.257805906325561551e+00
1.070846813513921081e+00 2.664470542516585105e+00 2.044267667899136942e+00 2.505653420313858071e+00 1.230414891960108559e+00
1.072714495876622154e+00 2.642697479409226613e+00 2.044729718557793952e+00 2.489447756018692282e+00 1.205122725997495259e+00
1.101396065319324880e+00 2.618093181089925281e+00 2.059574941139185711e+00 2.464091271572964370e+00 1.195178197965073519e+00
1.144605835594060039e+00 2.604259029578801066e+00 2.085182697039194899e+00 2.444074392496073056e+00 1.193808498833623055e+00
1.187929767099973333e+00 2.588438134574519989e+00 2.106201224808868400e+00 2.422503391789317728e+00 1.188144415578397339e+00
1.231050041520741711e+00 2.572375809786410450e+00 2.125513121479446710e+00 2.399848095668904335e+00 1.181908117611394138e+00
1.274851167740635338e+00 2.562584937823714881e+00 2.142624739716638693e+00 2.374488211009093686e+00 1.189225108233278316e+00
1.273606351537881487e+00 2.557550896983273869e+00 2.126577920067377558e+00 2.359884722816142588e+00 1.216640527171805930e+00
1.249764647057736822e+00 2.540363059566482562e+00 2.090484888692015986e+00 2.348427580005546300e+00 1.227366757482810433e+00
1.226596967844973296e+00 2.528132877848159321e+00 2.049984072415943270e+00 2.336022773308608080e+00 1.233764762138323423e+00
1.206614894659336690e+00 2.512440521035860463e+00 2.009722125604250120e+00 2.327616671607572574e+00 1.242429449623700277e+00
