8.699999999999999956e-01 2.740000000000000213e+00 1.850000000000000089e+00 2.629999999999999893e+00 1.350000000000000089e+00
8.969092532580527077e-01 2.737198120054625150e+00 1.868957302833637257e+00 2.594581431701518337e+00 1.345934414722572914e+00
9.286402950069363449e-01 2.719468929886344810e+00 1.875705726130994622e+00 2.565163229449879179e+00 1.344947362364828258e+00
9.458269538474805005e-01 2.709475227892123250e+00 1.883170887537986671e+00 2.536794629305912263e+00 1.328103071171068184e+00
9.638335937515341012e-01 2.691228344344498868e+00 1.904871557310595653e+00 2.522553338105093523e+00 1.313032293197562428e+00
9.875052855285907372e-01 2.684455524620521505e+00 1.939805446197644390e+00 2.513194558040698912e+00 1.299691524437162071e+00
1.013689879403259164e+00 2.685061665995502445e+00 1.977822761124378603e+00 2.507572642195534218e+00 1.287942012593150887e+00
1.038524993964881071e+00 2.689613631374159652e+00 2.017568986659038721e+00 2.502665053840552378e+00 1.277854929965172914e+00
1.037034461898886484e+00 2.662906052886528485e+00 2.038460124809945206e+00 2.495018470770237862e+00 1.270714876811790850e+00
1.043694741476309140e+00 2.651778455225209719e+00 2.048297836529024973e+00 2.490152464558010426e+00 1.246438324938150766e+00
1.059684095770163648e+00 2.644608933522924588e+00 2.059712752297858884e+00 2.477345255838955040e+00 1.223375205584121606e+00
1.090962258145486086e+00 2.642149352357943126e+00 2.076205691761689565e+00 2.453595456174089584e+00 1.207915909543977540e+00
1.131077354329748985e+00 2.644131272240037411e+00 2.097589636880772712e+00 2.428485176253497357e+00 1.201347820997799021e+00
1.173149191049762008e+00 2.647352954340354891e+00 2.121581511261472208e+00 2.405982064779877305e+00 1.197179562143817710e+00
1.215326617171742951e+00 2.649563092766185957e+00 2.144198668022250676e+00 2.382517796275822608e+00 1.192435993193330601e+00
1.258994175576130914e+00 2.646597830800123674e+00 2.156868173279267165e+00 2.356683191944483280e+00 1.184945967093540942e+00
1.281393919652383362e+00 2.629671208100289537e+00 2.122871391691261156e+00 2.346732633428978865e+00 1.180412677448968717e+00
1.268242359964556920e+00 2.612139346701711773e+00 2.089901977601131389e+00 2.343831376620859164e+00 1.192989915514736321e+00
1.252159979065727180e+00 2.588630808430178565e+00 2.065947315395699313e+00 2.338844234083976570e+00 1.204779775247239559e+00
1.236419615258697480e+00 2.563489154031701744e+00 2.046702595272618108e+00 2.334879380645470182e+00 1.217270252756374793e+00
1.221517254959017196e+00 2.537964837533781104e+00 2.028212360438434114e+00 2.331248026126521378e+00 1.229849851190037535e+00
1.206614894659336690e+00 2.512440521035860463e+00 2.009722125604250120e+00 2.327616671607572574e+00 1.242429449623700277e+00
