8.699999999999999956e-01 2.740000000000000213e+00 1.850000000000000089e+00 2.629999999999999893e+00 1.350000000000000089e+00
9.107281232484850664e-01 2.742935164922637448e+00 1.876609073795552307e+00 2.618363854577724581e+00 1.366371354549634098e+00
9.367276811889364563e-01 2.714897333339346908e+00 1.881479362457070037e+00 2.601412754893303259e+00 1.369011493616601793e+00
9.548230803539964340e-01 2.691692125099667265e+00 1.905945815451398850e+00 2.590146990528085613e+00 1.354895116035424563e+00
9.779226647554805085e-01 2.682173145040127604e+00 1.941569145928664142e+00 2.584776755927447045e+00 1.337961345243395161e+00
1.003101258167448773e+00 2.680520622013035759e+00 1.979253979933248031e+00 2.581911389509383703e+00 1.321483133855754222e+00
1.025946704099732321e+00 2.685062435703353234e+00 2.011410806962306452e+00 2.577834133658386762e+00 1.298203191674103252e+00
1.041452483246114724e+00 2.675169274879831693e+00 2.025202766042604630e+00 2.562253086803539581e+00 1.267432170938997738e+00
1.052636622818520662e+00 2.669012923624827671e+00 2.031785717154653170e+00 2.543778692646691653e+00 1.233727499854198495e+00
1.060638876384318641e+00 2.680758079354500278e+00 2.048122951024432759e+00 2.519006335747405956e+00 1.207147440136904448e+00
1.095217743081065453e+00 2.683029593833457849e+00 2.065028326922872637e+00 2.493115674143552951e+00 1.187354209657574211e+00
1.141732997274762518e+00 2.669129091568890999e+00 2.077767320247107641e+00 2.472331320843644153e+00 1.182531307544550492e+00
1.183538188110149880e+00 2.655925985147487012e+00 2.094031106828217137e+00 2.447039881186777954e+00 1.185331988192739550e+00
1.224226380326334462e+00 2.646340029485060086e+00 2.112206438567150180e+00 2.419684127008916885e+00 1.191167633137318882e+00
1.263272037076818677e+00 2.631897206031160064e+00 2.120758278659744978e+00 2.390071406057681092e+00 1.196258905913687887e+00
1.279537625940867951e+00 2.606229961514852977e+00 2.118502963236224002e+00 2.363980997885311020e+00 1.187684042920172933e+00
1.269094217130541491e+00 2.586094051231733637e+00 2.119696123267247767e+00 2.329019639813643128e+00 1.197232170855550004e+00
1.262916298218576872e+00 2.569116448221734572e+00 2.084479133839184151e+00 2.318474878677792450e+00 1.185965551794190498e+00
1.268751471134196951e+00 2.543941049646197605e+00 2.068180360763645087e+00 2.320345569893902393e+00 1.166237555652694713e+00
1.267973627882336141e+00 2.527404055475722888e+00 2.045504457540681997e+00 2.339953914659936185e+00 1.189307541203337593e+00
1.243434146353911363e+00 2.520357623482317511e+00 2.027139944466530785e+00 2.343909830662408211e+00 1.219924878660915590e+00
1.206614894659336690e+00 2.512440521035860463e+00 2.009722125604250120e+00 2.327616671607572574e+00 1.242429449623700277e+00
