8.699999999999999956e-01 2.740000000000000213e+00 1.850000000000000089e+00 2.629999999999999893e+00 1.350000000000000089e+00
9.107682515058753703e-01 2.728171764870223281e+00 1.868726915478012618e+00 2.608567401158192745e+00 1.352187826337998722e+00
9.452366074390875506e-01 2.720216057064690496e+00 1.890575412311382042e+00 2.582207426966415476e+00 1.354391337179621901e+00
9.791090078940047903e-01 2.711813575052465008e+00 1.913913637191888339e+00 2.557938453913759957e+00 1.352252424734887937e+00
1.012514646455999312e+00 2.700929793588449090e+00 1.937636330829407783e+00 2.538122878422581330e+00 1.346587971390354133e+00
1.043437244694893185e+00 2.686211076897323746e+00 1.961180124459054541e+00 2.523057934663120783e+00 1.339038977888558524e+00
1.068762282781497097e+00 2.666598458533835370e+00 1.983388376326246760e+00 2.513882811548841190e+00 1.329701661904235666e+00
1.085706039152855684e+00 2.645090926531897146e+00 2.005278992459543996e+00 2.511088515220925466e+00 1.317875154527752724e+00
1.090991490218969684e+00 2.633636999361638864e+00 2.029070294467670621e+00 2.509336347613906781e+00 1.299042599772452844e+00
1.090891939938089639e+00 2.624919727263060665e+00 2.034931306051350308e+00 2.506719478533935064e+00 1.272726351467377892e+00
1.088920989826379859e+00 2.616155509708866234e+00 2.029041950253214655e+00 2.499840302187871455e+00 1.246347216354093179e+00
1.090854984766276292e+00 2.614082478676206467e+00 2.024917515369993204e+00 2.493093254760778255e+00 1.271107104931861409e+00
1.120540357726773184e+00 2.598290162896624178e+00 2.032542350068709869e+00 2.463798646229782729e+00 1.278277343014965872e+00
1.149728644632265651e+00 2.583092149904905099e+00 2.043006425582399643e+00 2.438004203022316574e+00 1.265881706521611694e+00
1.177780347838537134e+00 2.568538575189171613e+00 2.053543339904116305e+00 2.413701563671252437e+00 1.250777019194948769e+00
1.205765608966694158e+00 2.554021667329027245e+00 2.064075382783799206e+00 2.389476869006223581e+00 1.235574341988115110e+00
1.234609175141604620e+00 2.542878818008382780e+00 2.074979778788680118e+00 2.364960541449447895e+00 1.219158576242612702e+00
1.262378800545706392e+00 2.540942770760367786e+00 2.078020615569418972e+00 2.341775245643473724e+00 1.198364238693917505e+00
1.277724904916255788e+00 2.542341975840055834e+00 2.054701123029905485e+00 2.318078330486661010e+00 1.184407131726531670e+00
1.252758462517508109e+00 2.545981682091581266e+00 2.039359306389992632e+00 2.322995801054950071e+00 1.204782218657861170e+00
1.229251400551888640e+00 2.530490827184960878e+00 2.021645093590567210e+00 2.327939219435532170e+00 1.222865367570660444e+00
1.206614894659336690e+00 2.512440521035860463e+00 2.009722125604250120e+00 2.327616671607572574e+00 1.242429449623700277e+00
